2 0.9859375 0.625 0.025 0.03203125
2 0.4984375 0.94453125 0.01953125 0.01484375
2 0.7171875 0.74765625 0.02265625 0.01953125
2 0.77890625 0.86640625 0.01484375 0.01953125
2 0.64375 0.9765625 0.03046875 0.02578125
2 0.603125 0.54765625 0.01484375 0.03125
2 0.75 0.20546875 0.0390625 0.04609375
14 0.4203125 0.42890625 0.490625 0.39296875
2 0.8921875 0.19765625 0.01953125 0.02734375
2 0.3546875 0.1421875 0.01953125 0.02734375
9 0.8515625 0.621875 0.10859375 0.02578125
2 0.35234375 0.17734375 0.025 0.03046875
9 0.984375 0.46640625 0.03046875 0.11015625
2 0.6984375 0.725 0.025 0.028125
2 0.515625 0.6453125 0.02421875 0.03515625
2 0.5515625 0.23671875 0.021875 0.01953125
2 0.8640625 0.78203125 0.021875 0.01953125
2 0.8046875 0.08984375 0.01953125 0.03359375
2 0.97578125 0.29453125 0.02421875 0.02734375