3 0.5296875 0.1328125 0.221875 0.26328125
5 0.5640625 0.23515625 0.05234375 0.06953125
5 0.8109375 0.671875 0.06328125 0.078125
2 0.409375 0.07578125 0.0375 0.065625
5 0.3484375 0.90859375 0.03203125 0.040625
5 0.6828125 0.70546875 0.05625 0.08671875
5 0.8734375 0.8703125 0.0765625 0.05703125
5 0.9515625 0.33359375 0.0578125 0.071875
2 0.3421875 0.2171875 0.09921875 0.1625
2 0.515625 0.65703125 0.059375 0.075
2 0.89453125 0.159375 0.0234375 0.03671875
2 0.7171875 0.96484375 0.0296875 0.04921875
2 0.6328125 0.828125 0.03828125 0.04609375
2 0.871875 0.446875 0.11796875 0.11171875
2 0.86953125 0.346875 0.1203125 0.09375
2 0.7625 0.53359375 0.03671875 0.09140625
2 0.86328125 0.79375 0.08984375 0.06328125
2 0.7796875 0.9421875 0.059375 0.06484375
5 0.9671875 0.609375 0.02421875 0.03671875
2 0.84609375 0.215625 0.03125 0.04453125
2 0.503125 0.49296875 0.05546875 0.04921875
2 0.490625 0.04765625 0.06640625 0.084375
2 0.80703125 0.22890625 0.04765625 0.06875
2 0.521875 0.39921875 0.0515625 0.040625
2 0.3203125 0.62109375 0.0265625 0.05
5 0.1765625 0.1859375 0.03359375 0.05
2 0.00859375 0.0203125 0.0171875 0.0375
2 0.89453125 0.1546875 0.025 0.0375
2 0.98203125 0.1671875 0.0359375 0.11484375
5 0.5703125 0.621875 0.05234375 0.07109375
2 0.71640625 0.87265625 0.025 0.065625
2 0.609375 0.9625 0.12109375 0.06796875
2 0.2265625 0.19609375 0.04765625 0.078125
14 0.134375 0.44921875 0.26875 0.8984375
2 0.821875 0.97421875 0.025 0.05
2 0.79921875 0.028125 0.03203125 0.03203125
2 0.453125 0.45625 0.03046875 0.03125
2 0.3453125 0.0484375 0.0671875 0.096875
2 0.39140625 0.77265625 0.071875 0.096875
2 0.3515625 0.61796875 0.03125 0.03203125
2 0.22890625 0.6109375 0.05625 0.03828125
2 0.4015625 0.87265625 0.034375 0.078125
2 0.43984375 0.96484375 0.0671875 0.065625
2 0.5109375 0.94921875 0.06484375 0.059375
2 0.5609375 0.78515625 0.0828125 0.06875
2 0.66796875 0.909375 0.0578125 0.0875
2 0.659375 0.48359375 0.04296875 0.05625
2 0.875 0.0765625 0.08203125 0.14453125
2 0.72578125 0.11640625 0.0703125 0.13359375
2 0.8109375 0.75703125 0.0484375 0.03828125
2 0.9375 0.05078125 0.0390625 0.04765625
14 0.5296875 0.30625 0.51015625 0.61015625
2 0.590625 0.43515625 0.059375 0.04453125
2 0.01875 0.16171875 0.0375 0.16484375
2 0.059375 0.16015625 0.04140625 0.06875
2 0.01875 0.35 0.0375 0.04453125
2 0.1859375 0.07890625 0.0828125 0.15625
2 0.55 0.91640625 0.04921875 0.04140625
2 0.69609375 0.52265625 0.0453125 0.04765625
2 0.509375 0.86328125 0.0546875 0.125
2 0.65 0.61875 0.0375 0.03359375
2 0.65 0.56328125 0.0265625 0.02734375
2 0.57109375 0.52109375 0.03359375 0.0375
2 0.9203125 0.51171875 0.103125 0.12890625
2 0.9859375 0.4234375 0.028125 0.17734375
2 0.6734375 0.08125 0.09609375 0.10625
2 0.86640625 0.9328125 0.04140625 0.04609375
2 0.6921875 0.20859375 0.053125 0.07890625
2 0.753125 0.70390625 0.06171875 0.07734375
2 0.4421875 0.24140625 0.09921875 0.121875
2 0.98359375 0.9796875 0.0328125 0.040625
2 0.55 0.5765625 0.08046875 0.06171875
2 0.19375 0.9875 0.034375 0.025
2 0.9578125 0.0921875 0.0546875 0.07734375
2 0.9921875 0.63828125 0.01484375 0.021875
5 0.0671875 0.4625 0.0484375 0.059375
5 0.1296875 0.60078125 0.03828125 0.059375
5 0.7625 0.86015625 0.05625 0.075
5 0.45078125 0.85234375 0.06015625 0.07890625
3 0.65 0.76171875 0.1359375 0.11875
2 0.109375 0.68359375 0.021875 0.04453125
5 0.6 0.35234375 0.06484375 0.028125
5 0.784375 0.61484375 0.03515625 0.04140625
5 0.6296875 0.14609375 0.04609375 0.05234375
2 0.0484375 0.68828125 0.096875 0.09609375
2 0.20390625 0.409375 0.04140625 0.06328125
5 0.0796875 0.39921875 0.04921875 0.04296875
5 0.78828125 0.47421875 0.0203125 0.04296875
2 0.0046875 0.98515625 0.009375 0.0234375
5 0.71171875 0.39609375 0.0359375 0.04765625
5 0.2953125 0.49296875 0.1515625 0.09140625
2 0.015625 0.740625 0.03046875 0.04765625
2 0.1625 0.753125 0.06640625 0.09765625
2 0.11171875 0.33984375 0.090625 0.15625
2 0.740625 0.8140625 0.03828125 0.046875
5 0.296875 0.221875 0.0203125 0.02890625
2 0.209375 0.93984375 0.03828125 0.05625
2 0.1734375 0.87265625 0.028125 0.02734375
2 0.0171875 0.90546875 0.02421875 0.0375
2 0.69609375 0.63828125 0.05546875 0.07265625
5 0.1828125 0.93984375 0.01171875 0.040625
2 0.684375 0.84140625 0.0453125 0.05390625
2 0.87734375 0.71640625 0.0875 0.10234375
2 0.06484375 0.59140625 0.03125 0.06796875
2 0.1390625 0.95 0.07578125 0.09140625
2 0.0578125 0.98125 0.021875 0.03203125
2 0.00546875 0.53203125 0.0109375 0.04609375
2 0.1609375 0.83359375 0.03203125 0.04453125
5 0.2875 0.86171875 0.07578125 0.10234375
5 0.3140625 0.115625 0.03125 0.04609375
5 0.5140625 0.21328125 0.04453125 0.059375
5 0.9015625 0.234375 0.06171875 0.0875
5 0.903125 0.509375 0.02734375 0.03515625
2 0.0296875 0.58046875 0.040625 0.05078125
5 0.2453125 0.78671875 0.0578125 0.075
5 0.184375 0.67109375 0.0546875 0.06796875
2 0.365625 0.9609375 0.09140625 0.05078125
2 0.31875 0.93984375 0.01796875 0.02578125
5 0.11796875 0.09921875 0.06640625 0.08828125
5 0.3265625 0.13515625 0.02734375 0.03359375
5 0.97578125 0.89609375 0.0484375 0.06796875
5 0.6625 0.275 0.0625 0.028125
2 0.0140625 0.80078125 0.028125 0.071875
2 0.2671875 0.92578125 0.07734375 0.14296875
2 0.0734375 0.93828125 0.04140625 0.06328125
2 0.0140625 0.3984375 0.02734375 0.03359375
2 0.8875 0.6328125 0.03828125 0.059375
2 0.6125 0.47421875 0.03359375 0.05390625
2 0.5796875 0.29453125 0.11640625 0.08203125
2 0.6546875 0.43125 0.0625 0.04609375
2 0.946875 0.75546875 0.065625 0.165625
2 0.26796875 0.56953125 0.06015625 0.05078125
3 0.2015625 0.55625 0.33359375 0.58828125
2 0.38671875 0.4859375 0.0578125 0.05703125
2 0.6234375 0.20546875 0.08515625 0.08671875
2 0.97578125 0.253125 0.0484375 0.07890625
2 0.7921875 0.12109375 0.0453125 0.06796875
2 0.81640625 0.57421875 0.1046875 0.11640625
2 0.3625 0.36875 0.1703125 0.14921875
2 0.5828125 0.67890625 0.071875 0.04296875
2 0.36796875 0.66171875 0.04609375 0.06328125
2 0.5984375 0.8953125 0.06953125 0.05625
2 0.7109375 0.32578125 0.05078125 0.0375
2 0.12890625 0.55390625 0.03828125 0.05390625
2 0.28125 0.71953125 0.1390625 0.18828125
2 0.825 0.0625 0.0546875 0.03125
2 0.7671875 0.38671875 0.0625 0.08671875
2 0.81875 0.18203125 0.028125 0.05859375
2 0.496875 0.75703125 0.05859375 0.14140625
2 0.39921875 0.55546875 0.05078125 0.05390625
2 0.071875 0.04765625 0.05546875 0.06015625
2 0.1609375 0.47421875 0.05625 0.09375
2 0.71640625 0.73984375 0.0453125 0.05546875
2 0.1796875 0.3015625 0.0765625 0.15703125
2 0.46875 0.58359375 0.07734375 0.1375
2 0.4203125 0.71015625 0.0734375 0.09296875
2 0.93046875 0.97890625 0.0625 0.03671875