2 0.3125 0.7359375 0.0859375 0.06328125
2 0.85234375 0.87265625 0.2953125 0.24921875
2 0.6890625 0.14453125 0.03203125 0.05
2 0.6625 0.9578125 0.06875 0.084375
2 0.2921875 0.08828125 0.1703125 0.16796875
2 0.7328125 0.51953125 0.0515625 0.10078125
2 0.60625 0.38671875 0.0890625 0.11484375
2 0.109375 0.840625 0.07421875 0.084375
2 0.684375 0.23203125 0.07578125 0.0875
2 0.2953125 0.87734375 0.2078125 0.23671875
2 0.88359375 0.596875 0.2328125 0.30390625
2 0.7453125 0.13125 0.03125 0.03359375
2 0.921875 0.3234375 0.0859375 0.10625
5 0.2625 0.63203125 0.115625 0.15390625
2 0.09375 0.56953125 0.1390625 0.175
2 0.4546875 0.68359375 0.19765625 0.328125
2 0.92109375 0.1375 0.1578125 0.2625
2 0.60703125 0.2875 0.04609375 0.09140625
2 0.7203125 0.36015625 0.0703125 0.18046875
5 0.8671875 0.45078125 0.11015625 0.14921875
5 0.8125 0.36796875 0.125 0.17890625
2 0.696875 0.60234375 0.13828125 0.1625
2 0.06875 0.953125 0.05625 0.08671875
2 0.1546875 0.9390625 0.115625 0.121875
2 0.48203125 0.09609375 0.0359375 0.08203125
5 0.08046875 0.29375 0.1609375 0.35078125
2 0.103125 0.05703125 0.20625 0.1109375
2 0.3234375 0.3703125 0.29140625 0.41015625
14 0.52421875 0.49765625 0.22578125 0.99375
5 0.74453125 0.79453125 0.06953125 0.09375
2 0.61171875 0.51640625 0.06484375 0.11953125
2 0.55078125 0.21640625 0.0375 0.06484375
2 0.53984375 0.94296875 0.0859375 0.109375