14 0.5078125 0.5 0.6828125 0.76875
2 0.64609375 0.47265625 0.03828125 0.04765625
2 0.18046875 0.42265625 0.03828125 0.028125
5 0.02109375 0.95859375 0.0421875 0.07109375
2 0.0796875 0.77890625 0.03515625 0.06875
0 0.4671875 0.67890625 0.165625 0.09921875
0 0.8203125 0.44453125 0.06171875 0.090625
2 0.8421875 0.071875 0.01484375 0.03984375
2 0.9546875 0.51640625 0.04140625 0.059375
2 0.9828125 0.37578125 0.0234375 0.05390625
2 0.68359375 0.60390625 0.021875 0.03671875
2 0.1171875 0.834375 0.0390625 0.05390625
2 0.46328125 0.16171875 0.0296875 0.06484375
2 0.0640625 0.98359375 0.0484375 0.01875
2 0.9078125 0.27421875 0.02421875 0.059375
2 0.946875 0.62265625 0.021875 0.028125
2 0.21875 0.68359375 0.0234375 0.03359375
2 0.809375 0.4984375 0.025 0.03515625
2 0.6765625 0.66640625 0.01796875 0.021875
2 0.68125 0.56015625 0.04296875 0.06328125
5 0.6328125 0.63515625 0.04765625 0.05546875
2 0.0578125 0.703125 0.05859375 0.03515625
2 0.9203125 0.6828125 0.028125 0.04296875
2 0.9265625 0.42109375 0.03359375 0.06171875
2 0.8953125 0.13515625 0.040625 0.046875
0 0.1546875 0.73203125 0.05078125 0.06171875
2 0.559375 0.27265625 0.0171875 0.01875
2 0.8640625 0.50390625 0.028125 0.075
2 0.78984375 0.653125 0.053125 0.05625
0 0.8265625 0.8875 0.06484375 0.07734375
2 0.4859375 0.0625 0.03515625 0.05546875
2 0.9515625 0.36484375 0.04765625 0.03828125
2 0.41328125 0.1546875 0.06875 0.09140625
2 0.3109375 0.68046875 0.0453125 0.04453125
2 0.3171875 0.1296875 0.03828125 0.05546875
2 0.63828125 0.52109375 0.04609375 0.05625
2 0.259375 0.34453125 0.07890625 0.078125
2 0.83203125 0.25234375 0.0796875 0.13203125
2 0.7171875 0.88046875 0.03203125 0.06796875
2 0.87109375 0.8390625 0.0421875 0.0875
2 0.03125 0.47890625 0.0625 0.0640625
2 0.55625 0.08828125 0.040625 0.065625
2 0.2703125 0.62421875 0.03515625 0.03359375
2 0.36328125 0.59140625 0.04140625 0.059375
2 0.3921875 0.9453125 0.03515625 0.06015625
2 0.90625 0.87265625 0.03203125 0.04296875
2 0.56640625 0.5875 0.04453125 0.06484375
2 0.2625 0.84609375 0.05234375 0.06015625
2 0.81796875 0.96171875 0.071875 0.07109375
2 0.640625 0.11171875 0.0515625 0.05546875
2 0.4375 0.74140625 0.04765625 0.05
2 0.3609375 0.028125 0.08359375 0.05390625
2 0.9828125 0.7984375 0.0265625 0.02734375
2 0.32421875 0.97734375 0.059375 0.03515625
2 0.0453125 0.3328125 0.090625 0.14375
2 0.97421875 0.9421875 0.0515625 0.1125
2 0.5125 0.51328125 0.03203125 0.040625
2 0.8125 0.04609375 0.04296875 0.09140625
2 0.859375 0.68515625 0.059375 0.1125
2 0.22109375 0.91953125 0.071875 0.07421875
2 0.19375 0.45703125 0.05078125 0.04609375
2 0.8984375 0.753125 0.04296875 0.084375
2 0.659375 0.74140625 0.0453125 0.11953125
2 0.93671875 0.978125 0.0484375 0.04375
5 0.74375 0.1875 0.0375 0.07109375
5 0.5984375 0.259375 0.04765625 0.078125
2 0.7625 0.10390625 0.0484375 0.06328125
2 0.965625 0.03671875 0.06875 0.06953125
2 0.86875 0.04140625 0.0375 0.05703125
2 0.14921875 0.90078125 0.05234375 0.15390625
2 0.1390625 0.31328125 0.01484375 0.02265625
2 0.61875 0.15859375 0.07578125 0.09140625
2 0.85 0.365625 0.0578125 0.04765625
2 0.54375 0.903125 0.0390625 0.08671875
2 0.66171875 0.85 0.04921875 0.04453125
2 0.3203125 0.7734375 0.0515625 0.05
2 0.3859375 0.528125 0.02890625 0.03203125
2 0.2515625 0.4171875 0.03671875 0.05
2 0.72421875 0.43046875 0.07734375 0.10078125
2 0.6046875 0.96015625 0.040625 0.05703125
2 0.5359375 0.81640625 0.08984375 0.11640625
2 0.6015625 0.5484375 0.0265625 0.05625
2 0.8453125 0.76953125 0.0421875 0.05546875
2 0.60390625 0.04609375 0.0828125 0.06796875
2 0.7046875 0.03515625 0.09609375 0.06171875
2 0.5703125 0.5171875 0.03515625 0.04609375
2 0.9046875 0.4953125 0.01796875 0.03359375
2 0.95 0.24765625 0.05234375 0.078125
2 0.28125 0.209375 0.040625 0.040625
2 0.096875 0.50234375 0.075 0.12265625
2 0.3484375 0.359375 0.034375 0.05
2 0.98359375 0.309375 0.0328125 0.05
2 0.959375 0.121875 0.08046875 0.11640625
2 0.18515625 0.97265625 0.0375 0.05390625
2 0.059375 0.653125 0.04296875 0.04765625
2 0.0140625 0.609375 0.028125 0.03359375
2 0.384375 0.7703125 0.08984375 0.12109375
2 0.09921875 0.11328125 0.1984375 0.225
2 0.4234375 0.06484375 0.03359375 0.04453125
2 0.9734375 0.69765625 0.05234375 0.040625
2 0.69140625 0.25703125 0.05234375 0.06953125