2 0.9703125 0.6546875 0.0546875 0.08046875
2 0.765625 0.846875 0.0171875 0.03515625
2 0.9921875 0.50703125 0.01484375 0.06953125
2 0.15703125 0.43828125 0.07265625 0.14296875
5 0.62734375 0.72890625 0.14453125 0.20390625
2 0.9390625 0.23515625 0.12109375 0.18828125
2 0.203125 0.9265625 0.10078125 0.121875
2 0.05859375 0.09296875 0.1171875 0.17421875
2 0.1328125 0.240625 0.18984375 0.10234375
18 0.50078125 0.5 0.99609375 0.99765625
2 0.89375 0.06171875 0.03515625 0.05625
2 0.178125 0.07421875 0.09765625 0.14765625
2 0.1015625 0.546875 0.0765625 0.08125