4 0.503125 0.49765625 0.45859375 0.99375
2 0.31640625 0.82421875 0.04453125 0.05546875
2 0.01796875 0.93828125 0.0359375 0.090625
2 0.0078125 0.315625 0.015625 0.028125
2 0.1984375 0.99296875 0.04453125 0.01328125
2 0.6703125 0.72734375 0.04609375 0.05546875
2 0.2578125 0.87421875 0.03515625 0.02265625
3 0.6515625 0.440625 0.584375 0.47109375
2 0.559375 0.66484375 0.03046875 0.0375
2 0.8625 0.55234375 0.08046875 0.10234375
2 0.49375 0.05078125 0.04296875 0.06171875
2 0.16484375 0.30625 0.0234375 0.05625
2 0.9703125 0.43046875 0.04453125 0.05546875
2 0.63515625 0.80078125 0.02421875 0.05703125
2 0.21875 0.4015625 0.0375 0.059375
2 0.959375 0.59453125 0.08046875 0.12578125
2 0.2421875 0.35 0.0484375 0.03828125
3 0.3078125 0.4984375 0.35546875 0.52890625
2 0.134375 0.32265625 0.028125 0.03203125
2 0.10390625 0.41796875 0.028125 0.02734375
2 0.4671875 0.17578125 0.0484375 0.05703125
2 0.3671875 0.94140625 0.0765625 0.05546875
2 0.2234375 0.04921875 0.06171875 0.096875
2 0.95859375 0.09921875 0.0828125 0.0875
2 0.3421875 0.22734375 0.13671875 0.15078125
2 0.59765625 0.72734375 0.0703125 0.06484375
2 0.0640625 0.02734375 0.04375 0.05078125
2 0.0625 0.8359375 0.05859375 0.11015625
2 0.375 0.89296875 0.01796875 0.028125
2 0.1546875 0.13359375 0.028125 0.03828125
2 0.4171875 0.78515625 0.028125 0.04296875
2 0.428125 0.0484375 0.09140625 0.08359375
2 0.79375 0.575 0.03125 0.03515625
2 0.2171875 0.1625 0.09609375 0.08671875
2 0.2015625 0.6046875 0.03203125 0.059375
2 0.0140625 0.8265625 0.028125 0.025
2 0.23046875 0.94453125 0.03125 0.0375
2 0.74765625 0.9640625 0.0390625 0.04140625
2 0.1828125 0.5078125 0.0234375 0.02890625
2 0.7203125 0.75234375 0.0265625 0.040625
3 0.82109375 0.12421875 0.0640625 0.2484375
2 0.5578125 0.97421875 0.05234375 0.04296875
2 0.796875 0.5328125 0.03515625 0.03359375
2 0.98046875 0.31875 0.0390625 0.06484375
2 0.0765625 0.25703125 0.0234375 0.02265625
2 0.9796875 0.20546875 0.040625 0.09921875
2 0.0140625 0.51171875 0.0234375 0.03359375
2 0.95078125 0.8234375 0.0984375 0.146875
2 0.44375 0.89609375 0.05625 0.06953125
2 0.11171875 0.84453125 0.05625 0.06015625
2 0.37578125 0.06015625 0.01640625 0.03359375
5 0.70546875 0.209375 0.08046875 0.11015625
2 0.071875 0.48125 0.03515625 0.03515625
2 0.04375 0.70234375 0.040625 0.05
2 0.4203125 0.97265625 0.06171875 0.046875
2 0.9640625 0.025 0.071875 0.05
2 0.890625 0.70859375 0.03046875 0.0375
2 0.0140625 0.1640625 0.028125 0.0375
2 0.65625 0.0921875 0.071875 0.13046875
2 0.52109375 0.26015625 0.07265625 0.0875
2 0.8140625 0.76484375 0.03203125 0.03203125
5 0.7765625 0.04609375 0.05078125 0.046875
2 0.09375 0.16015625 0.1015625 0.09296875
2 0.109375 0.61796875 0.04140625 0.05625
5 0.19375 0.90703125 0.02421875 0.028125
2 0.25546875 0.83125 0.0375 0.03359375
2 0.9078125 0.96484375 0.184375 0.06171875
2 0.896875 0.0140625 0.06015625 0.028125
2 0.6328125 0.93984375 0.0484375 0.0375
2 0.1484375 0.3609375 0.03359375 0.03125
2 0.678125 0.97890625 0.034375 0.03828125
2 0.13515625 0.94921875 0.07421875 0.05546875
2 0.1078125 0.36875 0.02109375 0.02578125
2 0.2921875 0.721875 0.03515625 0.04609375
2 0.94609375 0.1671875 0.02734375 0.05234375
2 0.4234375 0.128125 0.06484375 0.05703125
2 0.5 0.87265625 0.03359375 0.06328125
2 0.53125 0.09765625 0.0515625 0.04453125
2 0.6296875 0.88203125 0.01796875 0.01953125