2 0.90625 0.8515625 0.025 0.03359375
2 0.203125 0.7484375 0.03671875 0.03203125
2 0.090625 0.98203125 0.0203125 0.02421875
2 0.3328125 0.88671875 0.02734375 0.03984375
2 0.74375 0.7578125 0.05078125 0.05078125
5 0.471875 0.87265625 0.13046875 0.1625
2 0.1625 0.85234375 0.040625 0.040625
0 0.8359375 0.10234375 0.11328125 0.190625
2 0.378125 0.953125 0.0625 0.08828125
2 0.34765625 0.375 0.31640625 0.403125
0 0.66953125 0.19375 0.23984375 0.18515625
2 0.134375 0.71796875 0.096875 0.153125
2 0.03515625 0.48125 0.0703125 0.153125
2 0.009375 0.98046875 0.01796875 0.03359375
3 0.640625 0.81640625 0.1109375 0.36484375
2 0.85546875 0.8546875 0.2890625 0.2875
2 0.9109375 0.17578125 0.17734375 0.31875
2 0.953125 0.44296875 0.090625 0.07734375
14 0.125 0.128125 0.25 0.25390625
2 0.3453125 0.65703125 0.1484375 0.165625
0 0.45 0.0875 0.13828125 0.171875
2 0.55625 0.71953125 0.02421875 0.03515625
14 0.72578125 0.578125 0.5484375 0.2875
0 0.6796875 0.359375 0.1703125 0.21875
0 0.5640625 0.08984375 0.115625 0.17578125
14 0.7203125 0.34921875 0.55859375 0.61171875
2 0.1078125 0.37890625 0.21484375 0.26015625
2 0.0640625 0.6859375 0.128125 0.178125