2 0.525 0.44296875 0.03046875 0.04453125
4 0.58359375 0.49609375 0.17109375 0.69921875
2 0.2671875 0.42890625 0.065625 0.06953125
2 0.45625 0.51796875 0.03125 0.090625
2 0.14765625 0.69921875 0.08359375 0.10546875
2 0.1359375 0.5546875 0.01015625 0.01640625
2 0.62890625 0.196875 0.0484375 0.08203125
2 0.1078125 0.53984375 0.01015625 0.01171875
2 0.9484375 0.39375 0.0375 0.05078125
2 0.81640625 0.68828125 0.03046875 0.02578125
2 0.36328125 0.68125 0.01953125 0.02890625
2 0.4296875 0.86171875 0.02890625 0.03203125
2 0.31875 0.7171875 0.02890625 0.034375
2 0.2140625 0.68046875 0.01015625 0.01171875
2 0.9265625 0.76015625 0.03359375 0.04140625
2 0.209375 0.715625 0.0265625 0.034375
2 0.334375 0.64921875 0.0375 0.04765625
2 0.95625 0.6421875 0.0140625 0.02734375
2 0.921875 0.5625 0.034375 0.03125
2 0.8734375 0.49375 0.0296875 0.06015625
2 0.725 0.6015625 0.0234375 0.03828125
2 0.696875 0.54609375 0.025 0.02890625
2 0.99296875 0.965625 0.0140625 0.059375
2 0.184375 0.61875 0.03828125 0.05546875
2 0.4296875 0.07734375 0.08984375 0.09765625
2 0.43046875 0.54375 0.05078125 0.06328125
2 0.2640625 0.6640625 0.04921875 0.05078125
2 0.1546875 0.8328125 0.04375 0.071875
2 0.2578125 0.54453125 0.01015625 0.01328125
3 0.65078125 0.828125 0.1203125 0.18515625
0 0.5765625 0.246875 0.040625 0.05
0 0.84453125 0.2046875 0.3109375 0.3125
0 0.02265625 0.93515625 0.0453125 0.06484375
2 0.04375 0.06484375 0.0375 0.03671875
0 0.35625 0.89140625 0.07734375 0.10234375
2 0.1375 0.19296875 0.071875 0.05546875
3 0.76015625 0.90390625 0.0765625 0.184375
2 0.19921875 0.20625 0.01484375 0.04453125
2 0.86015625 0.58046875 0.03359375 0.04296875
2 0.3703125 0.13125 0.08515625 0.07890625
2 0.025 0.85 0.0234375 0.02578125
2 0.4890625 0.94375 0.01953125 0.034375
2 0.05625 0.29921875 0.0234375 0.05546875
2 0.4 0.56796875 0.04140625 0.03203125
2 0.3671875 0.3203125 0.02265625 0.046875
2 0.46484375 0.8390625 0.03203125 0.03125
2 0.73828125 0.71328125 0.0390625 0.03203125
0 0.28125 0.48671875 0.47265625 0.878125
2 0.021875 0.25078125 0.04296875 0.04921875
2 0.82890625 0.8203125 0.0375 0.046875
2 0.98984375 0.44453125 0.0203125 0.0265625
0 0.6484375 0.2921875 0.0484375 0.11953125
2 0.35 0.3328125 0.01328125 0.015625
2 0.37734375 0.37578125 0.02890625 0.03828125
2 0.221875 0.98984375 0.03359375 0.01953125
2 0.71484375 0.91484375 0.0390625 0.03203125
2 0.0140625 0.70546875 0.02734375 0.06484375
2 0.459375 0.7484375 0.053125 0.06484375
2 0.4828125 0.49453125 0.0265625 0.03828125
2 0.66015625 0.56953125 0.01484375 0.01953125
0 0.684375 0.0796875 0.13125 0.146875
0 0.121875 0.8953125 0.065625 0.20703125