2 0.7140625 0.69140625 0.025 0.034375
2 0.1296875 0.84609375 0.0109375 0.015625
0 0.2 0.05546875 0.11484375 0.10703125
2 0.896875 0.04609375 0.04453125 0.05
2 0.83984375 0.23203125 0.021875 0.03125
2 0.678125 0.88828125 0.04140625 0.03515625
2 0.28359375 0.62265625 0.0375 0.04296875
2 0.765625 0.27734375 0.01796875 0.028125
2 0.58828125 0.92421875 0.03125 0.03984375
2 0.790625 0.05625 0.04765625 0.05625
2 0.2671875 0.97578125 0.03359375 0.03828125
2 0.3890625 0.7953125 0.0125 0.01953125
2 0.3046875 0.85859375 0.0421875 0.04453125
2 0.63515625 0.20390625 0.0765625 0.115625
2 0.93203125 0.24375 0.0234375 0.02265625
3 0.36640625 0.29375 0.40390625 0.57890625
4 0.5 0.57421875 1 0.73984375
2 0.85078125 0.14765625 0.03203125 0.040625
2 0.103125 0.528125 0.05234375 0.06953125
2 0.8140625 0.17265625 0.0421875 0.03671875
2 0.38125 0.76015625 0.0171875 0.01640625
2 0.41953125 0.73984375 0.03125 0.02578125
2 0.41875 0.63359375 0.0875 0.10625
2 0.5953125 0.040625 0.05625 0.075
2 0.9765625 0.4125 0.0375 0.04765625
2 0.8265625 0.975 0.03359375 0.04453125
2 0.09453125 0.83671875 0.03671875 0.03671875
2 0.77578125 0.18984375 0.03515625 0.03203125
2 0.0328125 0.40546875 0.03203125 0.04140625
2 0.4546875 0.84609375 0.04453125 0.06015625
2 0.6046875 0.8859375 0.0546875 0.05703125
2 0.41640625 0.0609375 0.0203125 0.02265625
2 0.3890625 0.72421875 0.01484375 0.02578125
2 0.9828125 0.5765625 0.02890625 0.04609375
2 0.60625 0.52421875 0.03984375 0.06171875
2 0.0625 0.89453125 0.01640625 0.01640625
2 0.2625 0.93828125 0.01953125 0.03203125
2 0.68125 0.73984375 0.021875 0.0375
2 0.03125 0.59140625 0.02421875 0.03984375
2 0.17890625 0.95625 0.08671875 0.0875
2 0.25 0.30390625 0.1078125 0.16015625
2 0.47421875 0.77578125 0.021875 0.01953125
2 0.0140625 0.66015625 0.02734375 0.04296875
2 0.8796875 0.89609375 0.1140625 0.125
2 0.078125 0.71640625 0.03203125 0.04296875