3 0.41640625 0.08359375 0.0828125 0.04453125
2 0.159375 0.5203125 0.028125 0.0375
0 0.409375 0.95859375 0.01640625 0.02421875
0 0.4515625 0.87109375 0.0234375 0.03203125
0 0.7765625 0.77890625 0.0296875 0.04453125
3 0.92734375 0.09453125 0.1453125 0.1765625
2 0.209375 0.45390625 0.03046875 0.03203125
3 0.6125 0.8265625 0.06953125 0.22109375
2 0.796875 0.196875 0.04453125 0.046875
2 0.0625 0.4609375 0.0453125 0.0375
0 0.52734375 0.86171875 0.06640625 0.07421875
3 0.7359375 0.83046875 0.0359375 0.33359375
2 0.40078125 0.71796875 0.0234375 0.028125
2 0.4421875 0.38046875 0.0140625 0.02734375
0 0.46875 0.990625 0.0265625 0.01015625
3 0.5640625 0.44140625 0.0484375 0.04453125
0 0.4703125 0.821875 0.0265625 0.028125
0 0.55859375 0.796875 0.0203125 0.02421875
0 0.89375 0.97890625 0.0390625 0.040625
3 0.028125 0.0953125 0.05625 0.175
2 0.52578125 0.2390625 0.06953125 0.08359375
0 0.51328125 0.803125 0.028125 0.04140625
0 0.69140625 0.87578125 0.35078125 0.24375
2 0.6265625 0.65078125 0.03125 0.05078125
2 0.95859375 0.70625 0.03046875 0.02265625
6 0.0734375 0.78984375 0.01953125 0.028125
0 0.4921875 0.9765625 0.0171875 0.028125
2 0.39921875 0.578125 0.01171875 0.01875
2 0.64375 0.30234375 0.021875 0.025
4 0.453125 0.58046875 0.90625 0.59765625
3 0.6390625 0.18515625 0.1484375 0.10703125
3 0.72265625 0.4265625 0.18359375 0.10625
2 0.16875 0.64375 0.0265625 0.0375
2 0.534375 0.16015625 0.009375 0.01953125
0 0.5171875 0.93671875 0.03828125 0.040625
2 0.35390625 0.76171875 0.021875 0.03203125
2 0.18125 0.01328125 0.021875 0.01875
2 0.51171875 0.5171875 0.03359375 0.021875
2 0.15234375 0.73359375 0.0203125 0.02421875
3 0.9640625 0.2515625 0.071875 0.12578125
3 0.1 0.15859375 0.12578125 0.22578125
2 0.66875 0.4390625 0.01015625 0.01796875
0 0.9828125 0.9890625 0.02734375 0.015625
2 0.3453125 0.38828125 0.05078125 0.08359375
0 0.4125 0.91015625 0.01796875 0.04921875
0 0.49375 0.36015625 0.0171875 0.02734375
2 0.4984375 0.57734375 0.0078125 0.01171875
2 0.446875 0.35 0.01796875 0.02265625
2 0.5359375 0.3640625 0.01171875 0.015625
2 0.95390625 0.63515625 0.02734375 0.03828125
2 0.93046875 0.75546875 0.0140625 0.02265625
2 0.4203125 0.57890625 0.01875 0.021875
2 0.528125 0.10078125 0.01328125 0.01796875
2 0.440625 0.0578125 0.0140625 0.01875
2 0.096875 0.2734375 0.0390625 0.05
2 0.4171875 0.27265625 0.01953125 0.04296875
3 0.9109375 0.16875 0.10078125 0.19296875
3 0.0140625 0.31796875 0.02734375 0.08203125