2 0.61171875 0.91484375 0.00703125 0.0125
2 0.3109375 0.3125 0.0125 0.025
2 0.5640625 0.67421875 0.06875 0.06796875
2 0.4484375 0.31171875 0.0234375 0.02421875
2 0.60625 0.4140625 0.028125 0.06640625
2 0.7765625 0.49609375 0.028125 0.02734375
2 0.434375 0.39453125 0.046875 0.04375
2 0.3125 0.678125 0.0515625 0.06328125
2 0.5921875 0.33828125 0.04453125 0.05078125
2 0.86796875 0.48515625 0.00859375 0.01015625
2 0.2625 0.30234375 0.0125 0.04453125
2 0.43828125 0.25859375 0.02265625 0.02890625
2 0.325 0.16640625 0.134375 0.07890625
2 0.55234375 0.26328125 0.02109375 0.021875
2 0.11796875 0.92578125 0.05078125 0.09375
2 0.009375 0.3109375 0.01796875 0.04375
2 0.8328125 0.61796875 0.0234375 0.028125
2 0.4671875 0.9640625 0.01015625 0.01953125
2 0.5625 0.56640625 0.04453125 0.05546875
2 0.146875 0.43203125 0.0203125 0.04375
2 0.4203125 0.0609375 0.08984375 0.11953125
2 0.909375 0.975 0.11796875 0.04453125
2 0.0765625 0.1625 0.05078125 0.04296875
2 0.5328125 0.43828125 0.03046875 0.03203125
2 0.0390625 0.95234375 0.028125 0.03515625
2 0.7359375 0.12734375 0.06328125 0.07421875
3 0.11875 0.64765625 0.2375 0.5078125
2 0.2078125 0.27109375 0.028125 0.01953125
2 0.6875 0.16328125 0.03359375 0.06328125
2 0.13515625 0.56015625 0.04453125 0.05234375
2 0.19453125 0.18359375 0.07421875 0.05390625
2 0.69765625 0.93984375 0.02421875 0.02734375
2 0.5640625 0.91875 0.01640625 0.021875
2 0.61875 0.55703125 0.05390625 0.08046875
2 0.8828125 0.5671875 0.01875 0.03125
2 0.940625 0.48203125 0.034375 0.02890625
2 0.6828125 0.115625 0.03984375 0.03046875
2 0.8828125 0.46484375 0.01953125 0.02421875
2 0.87109375 0.87578125 0.0046875 0.009375
2 0.93828125 0.73203125 0.05078125 0.040625
2 0.76484375 0.21328125 0.0421875 0.04609375
2 0.6109375 0.8953125 0.02734375 0.025
0 0.8765625 0.36796875 0.24609375 0.22890625
2 0.0828125 0.5359375 0.03125 0.034375
2 0.01875 0.571875 0.0375 0.06875
2 0.00859375 0.02421875 0.0171875 0.02265625
2 0.37109375 0.52265625 0.04609375 0.0375
2 0.54140625 0.77265625 0.01796875 0.02734375
2 0.4484375 0.54140625 0.0203125 0.01875
2 0.1375 0.38125 0.02265625 0.03359375
2 0.3171875 0.590625 0.07734375 0.13359375
2 0.09375 0.08125 0.04296875 0.04140625
2 0.8734375 0.50546875 0.0109375 0.0125
2 0.228125 0.09296875 0.0140625 0.01953125
2 0.015625 0.734375 0.03125 0.06328125
2 0.7265625 0.21171875 0.0109375 0.01796875
2 0.246875 0.97109375 0.0421875 0.05
2 0.14375 0.13828125 0.01796875 0.02734375
2 0.7296875 0.79140625 0.01953125 0.02265625
2 0.0375 0.0109375 0.0359375 0.021875
2 0.71875 0.24296875 0.02421875 0.028125
2 0.48828125 0.5265625 0.084375 0.05546875
2 0.96640625 0.875 0.0671875 0.1125
2 0.01796875 0.27109375 0.021875 0.03125
2 0.953125 0.64375 0.034375 0.03203125
14 0.6359375 0.61328125 0.728125 0.76796875
2 0.2421875 0.4296875 0.0140625 0.02109375
2 0.05234375 0.23046875 0.040625 0.07109375
2 0.7515625 0.253125 0.01328125 0.01015625
2 0.41953125 0.5484375 0.05 0.04921875
2 0.89453125 0.4078125 0.03828125 0.046875
2 0.515625 0.93515625 0.02109375 0.03203125
2 0.4921875 0.94921875 0.01328125 0.009375
2 0.034375 0.32265625 0.01484375 0.021875
2 0.7765625 0.97734375 0.14296875 0.0375
2 0.284375 0.0765625 0.0234375 0.05
2 0.440625 0.78671875 0.02890625 0.04140625
2 0.35078125 0.03984375 0.03203125 0.03359375
2 0.13046875 0.50546875 0.01640625 0.02265625
2 0.925 0.68203125 0.01640625 0.02265625
2 0.3265625 0.09765625 0.03203125 0.04765625
2 0.6328125 0.43671875 0.01953125 0.03046875
2 0.678125 0.28046875 0.02109375 0.05078125
2 0.89375 0.90234375 0.03515625 0.13828125
2 0.0109375 0.12890625 0.0140625 0.01796875
2 0.8078125 0.47578125 0.028125 0.03203125
2 0.1703125 0.12109375 0.04375 0.03203125
2 0.2203125 0.06171875 0.02109375 0.01796875
2 0.3453125 0.3421875 0.0125 0.015625
2 0.66875 0.54140625 0.04921875 0.06796875
2 0.6296875 0.39609375 0.015625 0.01328125
2 0.74453125 0.90546875 0.053125 0.09296875
2 0.49375 0.47265625 0.01328125 0.01328125
2 0.74140625 0.83203125 0.0453125 0.05546875
2 0.2546875 0.59296875 0.05625 0.06484375
2 0.671875 0.43515625 0.05078125 0.078125
2 0.621875 0.49296875 0.05390625 0.06328125
2 0.509375 0.38671875 0.0375 0.07890625
2 0.4375 0.5875 0.01796875 0.021875
2 0.6234375 0.91484375 0.00859375 0.00859375
2 0.85625 0.70859375 0.00546875 0.009375
2 0.8765625 0.04921875 0.025 0.040625
2 0.8359375 0.8609375 0.01484375 0.01953125
2 0.1390625 0.98203125 0.02890625 0.03203125
2 0.78828125 0.0703125 0.0765625 0.06328125
2 0.1609375 0.24765625 0.053125 0.059375
2 0.0890625 0.58515625 0.03125 0.03125
2 0.703125 0.39921875 0.009375 0.025
2 0.20234375 0.24765625 0.028125 0.03046875
3 0.93203125 0.653125 0.12578125 0.13125
2 0.87421875 0.80859375 0.009375 0.0125
2 0.065625 0.1078125 0.0359375 0.040625
2 0.7375 0.74765625 0.025 0.065625
2 0.8109375 0.24453125 0.01796875 0.021875
2 0.13203125 0.80390625 0.04453125 0.153125
2 0.1109375 0.23046875 0.0453125 0.07109375
2 0.0984375 0.29765625 0.0375 0.04609375
2 0.27109375 0.7890625 0.07421875 0.12578125
2 0.11328125 0.48984375 0.0140625 0.02890625
2 0.0296875 0.21328125 0.03359375 0.046875
2 0.1 0.4375 0.0171875 0.01953125
2 0.43359375 0.43046875 0.0265625 0.03359375
2 0.9828125 0.515625 0.003125 0.01796875
2 0.1109375 0.1265625 0.0421875 0.03515625
2 0.540625 0.73515625 0.04140625 0.040625
2 0.05625 0.63671875 0.0171875 0.01953125
2 0.584375 0.87734375 0.0203125 0.03046875
2 0.39453125 0.32734375 0.03515625 0.03671875
2 0.65859375 0.83828125 0.04765625 0.08359375
2 0.4671875 0.6390625 0.06953125 0.07890625
0 0.4765625 0.07890625 0.12578125 0.15703125
2 0.3890625 0.66484375 0.08359375 0.18984375
2 0.29375 0.25703125 0.0234375 0.02890625
2 0.359375 0.10703125 0.02421875 0.04140625
2 0.24375 0.54609375 0.01953125 0.02421875
2 0.7734375 0.5734375 0.0171875 0.02265625
2 0.64765625 0.92421875 0.0375 0.03359375
2 0.83203125 0.54921875 0.02734375 0.02265625
2 0.19375 0.35390625 0.03828125 0.0375
2 0.41171875 0.35703125 0.02109375 0.01953125
2 0.43984375 0.9046875 0.04296875 0.06953125
2 0.44765625 0.8453125 0.02421875 0.02734375
2 0.690625 0.3625 0.03203125 0.025
2 0.865625 0.74296875 0.0171875 0.02578125
2 0.859375 0.94375 0.0125 0.01328125
2 0.1734375 0.6796875 0.06484375 0.03359375
2 0.95703125 0.79375 0.02734375 0.04140625
2 0.6953125 0.065625 0.034375 0.05390625
2 0.08984375 0.61640625 0.03046875 0.028125
2 0.09921875 0.55703125 0.01328125 0.01875
2 0.1953125 0.9 0.0828125 0.07734375
0 0.6171875 0.03515625 0.0765625 0.06953125
2 0.028125 0.36328125 0.009375 0.02421875
0 0.75625 0.034375 0.17734375 0.06875
2 0.015625 0.37734375 0.01328125 0.03203125
2 0.3828125 0.48125 0.06328125 0.04609375
2 0.1875 0.0890625 0.0203125 0.01796875
2 0.24609375 0.1359375 0.0765625 0.05390625
2 0.8484375 0.08828125 0.0390625 0.05234375
2 0.6359375 0.61015625 0.025 0.02890625
2 0.6859375 0.4890625 0.07734375 0.05078125
2 0.6484375 0.36328125 0.02265625 0.04296875
2 0.03046875 0.12421875 0.01328125 0.02109375
2 0.51875 0.31328125 0.0890625 0.06953125
2 0.97734375 0.97421875 0.02265625 0.03359375
2 0.0796875 0.85 0.075 0.05234375
2 0.9359375 0.43671875 0.03359375 0.03046875
2 0.365625 0.76953125 0.03046875 0.07421875
2 0.675 0.2125 0.03671875 0.04296875
2 0.71875 0.278125 0.021875 0.02734375
2 0.865625 0.19609375 0.0453125 0.059375
2 0.90859375 0.44609375 0.03046875 0.06640625
2 0.8140625 0.74921875 0.00625 0.009375
2 0.3484375 0.31015625 0.0140625 0.02421875
2 0.421875 0.86875 0.01796875 0.03125
2 0.01171875 0.6609375 0.02109375 0.02265625
2 0.89453125 0.78359375 0.0390625 0.04296875
2 0.12890625 0.47265625 0.01640625 0.02578125
2 0.184375 0.73515625 0.06796875 0.075
2 0.55703125 0.08984375 0.04765625 0.12578125
2 0.9953125 0.77109375 0.00859375 0.015625
2 0.10625 0.1875 0.03203125 0.028125
2 0.615625 0.19453125 0.10390625 0.096875
2 0.2109375 0.31796875 0.0390625 0.07421875
2 0.32421875 0.88515625 0.06171875 0.06328125
2 0.3953125 0.40859375 0.0390625 0.04609375
2 0.2328125 0.19140625 0.015625 0.02890625
2 0.25703125 0.35 0.05078125 0.05234375
2 0.61171875 0.8421875 0.0390625 0.04765625
2 0.63828125 0.2796875 0.01640625 0.015625
2 0.3046875 0.453125 0.0765625 0.10703125
2 0.70390625 0.53515625 0.01796875 0.01953125
2 0.6109375 0.29921875 0.0109375 0.015625
2 0.8140625 0.690625 0.0078125 0.01015625
0 0.98359375 0.2296875 0.0328125 0.096875
2 0.50625 0.45390625 0.02890625 0.03046875
2 0.8671875 0.82265625 0.00859375 0.01015625
2 0.3640625 0.3359375 0.01953125 0.01953125
2 0.79375 0.5421875 0.03046875 0.03828125
2 0.01328125 0.24375 0.00859375 0.009375
2 0.7203125 0.1765625 0.02734375 0.03046875
2 0.5765625 0.94921875 0.00859375 0.01171875
2 0.81640625 0.16796875 0.08046875 0.07265625
2 0.6453125 0.259375 0.01171875 0.01171875
2 0.56328125 0.475 0.03046875 0.07890625
2 0.6171875 0.1046875 0.02265625 0.0375
2 0.3671875 0.84296875 0.065625 0.05625
2 0.6484375 0.66640625 0.090625 0.071875
2 0.16015625 0.10390625 0.0140625 0.03125
2 0.23125 0.24609375 0.0265625 0.04375
2 0.0234375 0.15546875 0.00859375 0.00859375
2 0.075 0.378125 0.0140625 0.02734375
2 0.77109375 0.63984375 0.02421875 0.02421875
2 0.784375 0.771875 0.01640625 0.025
2 0.32578125 0.92578125 0.0140625 0.01953125
2 0.5375 0.93046875 0.0171875 0.040625
2 0.184375 0.82265625 0.06875 0.08828125
2 0.2515625 0.90078125 0.03828125 0.07890625
2 0.12890625 0.33359375 0.02890625 0.03203125
2 0.1828125 0.63828125 0.0203125 0.04453125
2 0.090625 0.334375 0.03515625 0.040625
2 0.45546875 0.203125 0.06484375 0.059375
2 0.16484375 0.03125 0.02265625 0.02265625
2 0.978125 0.60703125 0.02109375 0.02734375
2 0.0453125 0.17890625 0.0265625 0.02734375
2 0.240625 0.684375 0.06484375 0.10703125
2 0.3890625 0.11875 0.0171875 0.02578125
2 0.14609375 0.1671875 0.0265625 0.01796875
2 0.45 0.44609375 0.02421875 0.0375
2 0.890625 0.43984375 0.01015625 0.02109375
2 0.121875 0.046875 0.02890625 0.02890625
2 0.13125 0.071875 0.009375 0.01640625
2 0.459375 0.346875 0.021875 0.01875
2 0.05 0.36796875 0.021875 0.03203125
2 0.6734375 0.78984375 0.03125 0.03125
5 0.1875 0.51484375 0.05625 0.08125
2 0.571875 0.39296875 0.03828125 0.02421875
2 0.01015625 0.98125 0.0203125 0.03671875
2 0.3015625 0.95625 0.03046875 0.03671875
2 0.5171875 0.20390625 0.025 0.05625
2 0.871875 0.67578125 0.01640625 0.01796875
2 0.35078125 0.3578125 0.0078125 0.015625
0 0.9375 0.11015625 0.125 0.2203125
2 0.05 0.90234375 0.0265625 0.040625
2 0.1921875 0.04609375 0.0203125 0.03671875
2 0.6859375 0.58671875 0.02265625 0.03515625
2 0.15703125 0.35234375 0.02421875 0.05703125
2 0.10625 0.3984375 0.04609375 0.05546875
2 0.3125 0.02734375 0.0390625 0.046875
2 0.70546875 0.43671875 0.02109375 0.03359375
2 0.03828125 0.4578125 0.0765625 0.13828125
2 0.87890625 0.6625 0.00703125 0.00625
2 0.559375 0.88828125 0.04296875 0.03203125
2 0.8546875 0.503125 0.0234375 0.028125
2 0.85546875 0.43984375 0.03125 0.04765625
2 0.6328125 0.97578125 0.01328125 0.015625
2 0.4984375 0.16953125 0.01875 0.02109375
2 0.90625 0.5234375 0.03359375 0.03828125
2 0.5078125 0.10625 0.06484375 0.10234375
2 0.36875 0.24765625 0.103125 0.09609375
2 0.19296875 0.96328125 0.04140625 0.05390625
2 0.0578125 0.32734375 0.02265625 0.03671875
2 0.77578125 0.70546875 0.01640625 0.01796875
2 0.709375 0.87578125 0.0078125 0.009375