2 0.10625 0.43671875 0.05078125 0.03203125
2 0.865625 0.08984375 0.03828125 0.11640625
2 0.15 0.41328125 0.03046875 0.03671875
2 0.59375 0.95390625 0.034375 0.04453125
2 0.6109375 0.45859375 0.04609375 0.04296875
2 0.828125 0.58046875 0.1203125 0.1375
2 0.0515625 0.25 0.103125 0.20234375
2 0.88671875 0.38671875 0.06328125 0.06796875
2 0.2234375 0.753125 0.0375 0.04453125
2 0.07421875 0.696875 0.03359375 0.03984375
2 0.40234375 0.53984375 0.0484375 0.05625
2 0.7515625 0.45 0.07421875 0.12421875
2 0.15625 0.74296875 0.059375 0.07890625
2 0.4140625 0.89140625 0.03359375 0.06953125
2 0.553125 0.51171875 0.0171875 0.03203125
2 0.0734375 0.49140625 0.021875 0.03125
2 0.5078125 0.26796875 0.0375 0.05625
2 0.1484375 0.45859375 0.02265625 0.021875
2 0.3109375 0.90546875 0.0140625 0.02421875
2 0.390625 0.64609375 0.01640625 0.03203125
2 0.51796875 0.890625 0.0265625 0.02578125
2 0.78359375 0.83046875 0.03515625 0.05078125
2 0.2890625 0.734375 0.0421875 0.05
2 0.73515625 0.93828125 0.01953125 0.02421875
2 0.6671875 0.24765625 0.0203125 0.03203125
2 0.975 0.5734375 0.04921875 0.03125
2 0.7203125 0.57890625 0.0921875 0.134375
2 0.221875 0.9375 0.04765625 0.103125
3 0.053125 0.80234375 0.10546875 0.39296875
2 0.5859375 0.41171875 0.0421875 0.075
2 0.809375 0.05859375 0.05078125 0.07890625
2 0.559375 0.565625 0.0515625 0.075
2 0.8640625 0.27734375 0.0390625 0.06953125
2 0.6859375 0.3734375 0.05625 0.09921875
2 0.33515625 0.86328125 0.01328125 0.01875
2 0.7578125 0.75 0.0484375 0.12578125
2 0.971875 0.6796875 0.04921875 0.05234375
2 0.7953125 0.12265625 0.053125 0.06796875
2 0.6703125 0.15234375 0.034375 0.04296875
2 0.8578125 0.7109375 0.04921875 0.06796875
2 0.29375 0.83046875 0.0484375 0.0375
2 0.375 0.39140625 0.04921875 0.09140625
2 0.440625 0.18046875 0.03359375 0.03203125
2 0.6640625 0.65390625 0.08515625 0.09609375
2 0.98359375 0.3375 0.0328125 0.075
2 0.2953125 0.45390625 0.0234375 0.02421875
8 0.4828125 0.63203125 0.14296875 0.18125
2 0.840625 0.471875 0.08984375 0.1125
2 0.434375 0.80234375 0.1015625 0.11875
2 0.6578125 0.29140625 0.13125 0.15078125
2 0.56875 0.8890625 0.0390625 0.03125
2 0.45 0.98046875 0.034375 0.03671875
2 0.32265625 0.58984375 0.03203125 0.0375
2 0.303125 0.21953125 0.128125 0.12265625