0 0.4375 0.06953125 0.0609375 0.084375
14 0.69453125 0.4984375 0.3734375 0.996875
2 0.3625 0.32421875 0.0234375 0.03359375
0 0.965625 0.68046875 0.05546875 0.06796875
0 0.72265625 0.8796875 0.0421875 0.05703125
2 0.028125 0.13515625 0.028125 0.04140625
2 0.871875 0.35390625 0.0375 0.04921875
2 0.31484375 0.34140625 0.0390625 0.04609375
0 0.98203125 0.98046875 0.0359375 0.03125
0 0.6609375 0.3984375 0.03203125 0.05
0 0.2703125 0.665625 0.540625 0.6625
2 0.7859375 0.690625 0.03671875 0.05625
0 0.70625 0.14609375 0.2578125 0.28984375
2 0.95078125 0.7890625 0.08671875 0.08046875
0 0.965625 0.03046875 0.06875 0.06015625
0 0.73203125 0.53046875 0.084375 0.17734375
2 0.43203125 0.44609375 0.0390625 0.09140625
2 0.1390625 0.15390625 0.05390625 0.09609375
2 0.721875 0.37890625 0.04921875 0.06484375
2 0.890625 0.23671875 0.03359375 0.04453125
2 0.90234375 0.3015625 0.0421875 0.04453125
2 0.0953125 0.33828125 0.0703125 0.05390625
2 0.31796875 0.4328125 0.04765625 0.06171875
2 0.6328125 0.559375 0.03125 0.04296875
2 0.228125 0.23828125 0.0421875 0.06953125
0 0.896875 0.1015625 0.040625 0.10625
2 0.5296875 0.39609375 0.13125 0.14921875