2 0.0453125 0.9546875 0.06796875 0.0875
14 0.66484375 0.6015625 0.321875 0.73515625
2 0.0734375 0.79140625 0.10390625 0.11953125
2 0.0140625 0.89140625 0.028125 0.075
2 0.0171875 0.365625 0.03359375 0.1375
2 0.2953125 0.14765625 0.03125 0.02890625
2 0.2484375 0.11875 0.07265625 0.04140625
2 0.084375 0.33359375 0.10546875 0.25078125
2 0.18359375 0.38515625 0.1171875 0.2
2 0.2640625 0.76640625 0.37109375 0.3875
2 0.05078125 0.59296875 0.1015625 0.12890625
2 0.0234375 0.53203125 0.03671875 0.03828125
2 0.15390625 0.990625 0.0203125 0.01875
2 0.17890625 0.20859375 0.17265625 0.16015625
2 0.66015625 0.07421875 0.24609375 0.14453125
2 0.4296875 0.4984375 0.10703125 0.09375
2 0.34765625 0.29453125 0.103125 0.125
2 0.13671875 0.08203125 0.1078125 0.06484375
2 0.909375 0.48125 0.14609375 0.21484375
2 0.2453125 0.03828125 0.02734375 0.065625
2 0.49609375 0.70390625 0.0890625 0.15703125
0 0.88828125 0.1296875 0.2234375 0.259375
2 0.3265625 0.52890625 0.08203125 0.11640625
0 0.88203125 0.86015625 0.2359375 0.2765625
2 0.903125 0.97265625 0.11015625 0.05234375
2 0.19921875 0.58203125 0.07734375 0.12421875
2 0.0109375 0.06328125 0.021875 0.04140625
2 0.88828125 0.7015625 0.10703125 0.18203125
2 0.48203125 0.22578125 0.20546875 0.43359375
2 0.8984375 0.17890625 0.13671875 0.17109375
2 0.11875 0.5703125 0.07734375 0.14921875