2 0.92265625 0.8859375 0.0375 0.04296875
2 0.36015625 0.39375 0.04140625 0.0375
0 0.646875 0.68359375 0.03125 0.059375
2 0.1625 0.08515625 0.06796875 0.10234375
9 0.9671875 0.35390625 0.065625 0.17734375
2 0.28359375 0.37109375 0.03125 0.040625
9 0.64453125 0.3703125 0.0734375 0.128125
0 0.4203125 0.86015625 0.840625 0.27734375
2 0.13359375 0.54296875 0.06328125 0.05625
2 0.215625 0.15078125 0.0234375 0.03515625
2 0.234375 0.78671875 0.034375 0.04296875
2 0.8625 0.7703125 0.04765625 0.08046875
2 0.753125 0.503125 0.01796875 0.03828125
2 0.953125 0.565625 0.04453125 0.05390625
9 0.0453125 0.03359375 0.0578125 0.06484375
2 0.78828125 0.740625 0.0203125 0.02890625
9 0.11796875 0.4421875 0.1671875 0.33828125
14 0.5 0.46640625 0.28125 0.53203125
2 0.075 0.4859375 0.025 0.02265625
9 0.7984375 0.2625 0.403125 0.15703125
2 0.590625 0.9421875 0.025 0.04296875
9 0.44921875 0.69453125 0.23515625 0.41953125
2 0.696875 0.62890625 0.0234375 0.03515625
9 0.4734375 0.29921875 0.15625 0.18671875
2 0.12734375 0.11875 0.02890625 0.03671875
9 0.746875 0.384375 0.17421875 0.10234375
9 0.703125 0.12578125 0.05859375 0.25
2 0.0734375 0.065625 0.0203125 0.02734375
9 0.6046875 0.0859375 0.20078125 0.16953125
2 0.4328125 0.0421875 0.03125 0.03828125
2 0.7828125 0.6109375 0.0390625 0.046875
9 0.2828125 0.0546875 0.01953125 0.065625
2 0.55625 0.7984375 0.03203125 0.040625
2 0.978125 0.12734375 0.04296875 0.04921875
9 0.7046875 0.06640625 0.33359375 0.08984375
9 0.75390625 0.02734375 0.290625 0.05234375