14 0.30703125 0.5015625 0.1171875 0.996875
0 0.98203125 0.96015625 0.0359375 0.0734375
0 0.10078125 0.80234375 0.14296875 0.19375
0 0.1875 0.98203125 0.08046875 0.03515625
0 0.9875 0.68125 0.02421875 0.17734375
0 0.5921875 0.27265625 0.25234375 0.54296875
14 0.51796875 0.49921875 0.375 0.99375
14 0.665625 0.26796875 0.2671875 0.53359375
0 0.303125 0.89375 0.0484375 0.20390625
0 0.559375 0.859375 0.18046875 0.278125
0 0.234375 0.83515625 0.0765625 0.11875
0 0.378125 0.63828125 0.0984375 0.71640625
0 0.18125 0.35234375 0.25625 0.7046875