2 0.9484375 0.73671875 0.02890625 0.040625
2 0.725 0.79609375 0.04609375 0.06875
2 0.0859375 0.37734375 0.0203125 0.05234375
2 0.825 0.2078125 0.01484375 0.01953125
2 0.3625 0.65546875 0.07265625 0.06953125
2 0.9015625 0.9359375 0.196875 0.121875
2 0.325 0.40703125 0.12109375 0.15703125
2 0.47890625 0.44609375 0.0828125 0.15625
2 0.36796875 0.30859375 0.021875 0.02265625
2 0.22109375 0.72109375 0.0234375 0.028125
2 0.74765625 0.05390625 0.07734375 0.10703125
2 0.31640625 0.22734375 0.0265625 0.04609375
2 0.6546875 0.37421875 0.24921875 0.24375
2 0.9890625 0.46953125 0.021875 0.11015625
5 0.75 0.49921875 0.03359375 0.03671875
2 0.4921875 0.13359375 0.02421875 0.03359375
2 0.17578125 0.80078125 0.01328125 0.021875
2 0.871875 0.33828125 0.07578125 0.05
2 0.4921875 0.5625 0.07421875 0.11171875
2 0.434375 0.63515625 0.0390625 0.05234375
2 0.8 0.57421875 0.028125 0.04765625
2 0.1671875 0.45390625 0.10859375 0.15078125
8 0.54375 0.46796875 0.0546875 0.11015625
2 0.5921875 0.37265625 0.04140625 0.05859375
2 0.5765625 0.86875 0.025 0.03984375
2 0.71015625 0.53671875 0.10390625 0.08203125
2 0.6578125 0.95625 0.03359375 0.06875
8 0.53828125 0.753125 0.20546875 0.240625
2 0.7546875 0.9390625 0.10625 0.103125
2 0.33203125 0.90078125 0.12421875 0.19609375
2 0.021875 0.90703125 0.04296875 0.04765625
2 0.86875 0.54140625 0.07265625 0.06953125
2 0.3640625 0.0109375 0.03046875 0.01875
2 0.43125 0.3265625 0.0875 0.09375
2 0.403125 0.2671875 0.03359375 0.02734375
2 0.76171875 0.31484375 0.0453125 0.05
2 0.8546875 0.1828125 0.02421875 0.05625
2 0.675 0.67421875 0.02421875 0.05234375
2 0.6828125 0.11328125 0.034375 0.05546875
2 0.609375 0.14453125 0.02265625 0.028125
2 0.934375 0.6515625 0.059375 0.059375
2 0.8125 0.71953125 0.06875 0.12265625
2 0.33046875 0.56171875 0.04609375 0.06171875
2 0.66796875 0.78671875 0.02109375 0.02578125
2 0.078125 0.190625 0.125 0.1125
2 0.6609375 0.2171875 0.0875 0.11640625
2 0.4078125 0.0625 0.04140625 0.06015625
2 0.109375 0.06484375 0.0796875 0.09140625
2 0.9421875 0.55078125 0.0671875 0.07265625
2 0.253125 0.27265625 0.0625 0.0375
2 0.1390625 0.30859375 0.0265625 0.03125
2 0.9375 0.17890625 0.125 0.240625
2 0.21875 0.6015625 0.03203125 0.09765625
2 0.6796875 0.88046875 0.01328125 0.01796875
2 0.946875 0.321875 0.10546875 0.05546875
2 0.775 0.23828125 0.03203125 0.06328125
2 0.35 0.23828125 0.028125 0.02734375
2 0.9828125 0.7734375 0.0265625 0.03359375
2 0.75859375 0.646875 0.065625 0.10625
2 0.0140625 0.24296875 0.02734375 0.12890625
2 0.28515625 0.18984375 0.05078125 0.065625
2 0.9578125 0.46953125 0.0375 0.04296875
2 0.7546875 0.26015625 0.03515625 0.04140625
2 0.246875 0.31640625 0.03359375 0.04453125
2 0.10234375 0.82109375 0.03515625 0.04921875
2 0.2515625 0.66015625 0.03828125 0.03671875
2 0.0421875 0.71953125 0.084375 0.2375
2 0.8421875 0.28828125 0.0890625 0.10078125
2 0.65234375 0.70859375 0.021875 0.02578125
2 0.7671875 0.77109375 0.02109375 0.02734375
2 0.13125 0.62421875 0.04453125 0.03359375
2 0.49375 0.2015625 0.09140625 0.10546875
2 0.909375 0.7296875 0.04453125 0.059375
16 0.6078125 0.01640625 0.240625 0.0328125
2 0.8015625 0.51484375 0.04140625 0.0375
2 0.3671875 0.4640625 0.0625 0.10625
2 0.14921875 0.71796875 0.06875 0.11484375
2 0.4265625 0.17421875 0.04453125 0.06796875
2 0.45 0.025 0.02265625 0.046875
2 0.85703125 0.4171875 0.0359375 0.03359375
2 0.246875 0.0421875 0.03125 0.046875
2 0.8828125 0.7796875 0.0484375 0.08359375
2 0.9375 0.81640625 0.0765625 0.10078125
2 0.2359375 0.134375 0.059375 0.1
2 0.2203125 0.00703125 0.02109375 0.01015625
2 0.4984375 0.3015625 0.04609375 0.0875
2 0.140625 0.5671875 0.034375 0.05625
2 0.98046875 0.625 0.0234375 0.04296875
2 0.5625 0.16796875 0.03359375 0.04296875
2 0.9359375 0.40703125 0.0578125 0.10234375
2 0.28125 0.06015625 0.03515625 0.06328125
2 0.5953125 0.91953125 0.09296875 0.109375
2 0.6375 0.13046875 0.0171875 0.021875
2 0.3578125 0.74296875 0.02734375 0.040625
2 0.6796875 0.60625 0.03671875 0.04609375
2 0.1109375 0.35078125 0.02890625 0.02890625
2 0.40625 0.20546875 0.02109375 0.03828125
2 0.6015625 0.21015625 0.02890625 0.06171875
2 0.7984375 0.16796875 0.03046875 0.0375
2 0.9078125 0.02734375 0.059375 0.0546875
8 0.6421875 0.47265625 0.06171875 0.078125
2 0.609375 0.56171875 0.0265625 0.03515625
2 0.165625 0.25234375 0.06171875 0.06796875
2 0.08671875 0.5625 0.0765625 0.065625
2 0.9859375 0.02265625 0.028125 0.04296875
2 0.8296875 0.0765625 0.0984375 0.15078125
2 0.234375 0.51328125 0.03125 0.04609375
2 0.309375 0.3328125 0.07734375 0.06875