2 0.409375 0.77421875 0.38203125 0.23671875
2 0.371875 0.1203125 0.25078125 0.23828125
2 0.16875 0.10234375 0.0421875 0.06328125
2 0.1640625 0.78203125 0.0859375 0.121875
2 0.140625 0.50703125 0.05078125 0.04609375
2 0.8765625 0.23359375 0.0296875 0.04453125
2 0.825 0.21953125 0.034375 0.03203125
2 0.03125 0.57421875 0.06171875 0.09140625
2 0.50703125 0.9296875 0.0828125 0.08984375
2 0.8609375 0.93984375 0.13203125 0.103125
2 0.84609375 0.33359375 0.04765625 0.04609375
2 0.98671875 0.43515625 0.0265625 0.08359375
2 0.03828125 0.16875 0.0765625 0.10078125
2 0.97265625 0.69453125 0.02421875 0.03359375
2 0.5828125 0.3671875 0.09375 0.1125
2 0.20078125 0.91015625 0.090625 0.11640625
2 0.99375 0.89453125 0.01171875 0.04140625
2 0.0265625 0.865625 0.053125 0.265625
2 0.084375 0.62890625 0.0234375 0.02734375
2 0.72421875 0.62734375 0.08359375 0.03515625
2 0.70546875 0.88046875 0.0203125 0.05546875
2 0.20078125 0.63828125 0.06640625 0.121875
2 0.1078125 0.86640625 0.07578125 0.05
2 0.721875 0.56953125 0.02421875 0.02421875
2 0.571875 0.19765625 0.03828125 0.06953125
2 0.084375 0.73125 0.08203125 0.1
2 0.9390625 0.10859375 0.121875 0.215625
2 0.64609375 0.334375 0.04609375 0.07265625
2 0.18125 0.39140625 0.04765625 0.059375
2 0.1078125 0.63046875 0.025 0.02890625
8 0.4390625 0.45078125 0.39921875 0.41796875
2 0.31484375 0.9578125 0.0671875 0.06875
2 0.9359375 0.5328125 0.09609375 0.13046875
2 0.61875 0.89765625 0.08359375 0.19609375
2 0.0640625 0.4046875 0.128125 0.15078125
2 0.146875 0.63515625 0.025 0.03125
2 0.346875 0.82421875 0.121875 0.11875
2 0.7453125 0.7359375 0.04140625 0.05546875
2 0.9390625 0.35078125 0.0375 0.04609375
2 0.990625 0.30546875 0.01484375 0.028125
2 0.88125 0.54140625 0.0421875 0.08125
2 0.73125 0.31015625 0.0546875 0.05
2 0.88125 0.625 0.22265625 0.07265625
2 0.4046875 0.94375 0.11484375 0.10234375
2 0.621875 0.6328125 0.1234375 0.08046875
2 0.184375 0.2171875 0.08984375 0.140625
2 0.80390625 0.47109375 0.04296875 0.07109375
2 0.1078125 0.55234375 0.01796875 0.021875
2 0.70078125 0.528125 0.05078125 0.13984375
2 0.6234375 0.7484375 0.06875 0.096875