2 0.3875 0.628125 0.075 0.14140625
2 0.8984375 0.834375 0.04140625 0.05390625
2 0.03828125 0.04140625 0.06015625 0.07734375
2 0.071875 0.5109375 0.034375 0.05625
2 0.840625 0.38984375 0.02421875 0.03515625
2 0.8171875 0.33828125 0.0453125 0.08125
2 0.0578125 0.315625 0.115625 0.05625
2 0.7546875 0.3078125 0.02265625 0.04296875
2 0.13203125 0.27265625 0.04609375 0.04765625
2 0.07265625 0.1765625 0.1453125 0.13359375
2 0.21328125 0.39140625 0.03359375 0.05859375
2 0.6609375 0.31015625 0.02109375 0.02734375
2 0.30546875 0.44453125 0.04453125 0.065625
2 0.7671875 0.6796875 0.2453125 0.28359375
2 0.025 0.92109375 0.02109375 0.01953125
2 0.2640625 0.23828125 0.04453125 0.07890625
2 0.94140625 0.64609375 0.075 0.059375
2 0.215625 0.2921875 0.04296875 0.04453125
2 0.59765625 0.38671875 0.05859375 0.08671875
2 0.28515625 0.17421875 0.03828125 0.04453125
2 0.39375 0.47421875 0.03828125 0.05546875
2 0.7890625 0.45546875 0.0453125 0.065625
2 0.15859375 0.821875 0.1078125 0.146875
2 0.73125 0.89375 0.05234375 0.04296875
2 0.7921875 0.575 0.03046875 0.03203125
10 0.4796875 0.4984375 0.31796875 0.996875
2 0.99375 0.46015625 0.01171875 0.05859375
2 0.8015625 0.14765625 0.11875 0.18125
2 0.7015625 0.37578125 0.05546875 0.09609375
2 0.159375 0.48203125 0.0421875 0.06875
2 0.0296875 0.440625 0.05859375 0.13125
2 0.01953125 0.76796875 0.0390625 0.06953125
2 0.6578125 0.50078125 0.03671875 0.05390625
2 0.190625 0.065625 0.0828125 0.12890625