2 0.9875 0.81015625 0.02421875 0.01796875
0 0.55703125 0.2828125 0.01484375 0.02578125
0 0.9765625 0.31015625 0.02265625 0.02734375
0 0.4328125 0.35390625 0.059375 0.09375
0 0.93828125 0.36953125 0.1234375 0.0984375
2 0.5140625 0.22890625 0.02734375 0.02578125
0 0.60078125 0.89765625 0.096875 0.153125
0 0.14375 0.49140625 0.0421875 0.059375
2 0.0796875 0.84609375 0.0171875 0.028125
2 0.7203125 0.79921875 0.03046875 0.028125
0 0.6640625 0.9796875 0.06015625 0.03203125
2 0.1234375 0.25078125 0.021875 0.02578125
3 0.2328125 0.471875 0.46484375 0.33828125
0 0.5484375 0.36171875 0.07265625 0.103125
2 0.80625 0.53203125 0.02109375 0.02578125
0 0.328125 0.98203125 0.02109375 0.03359375
0 0.1171875 0.57421875 0.040625 0.028125
0 0.209375 0.95390625 0.01484375 0.03203125
2 0.65625 0.54375 0.01796875 0.01953125
2 0.3046875 0.74765625 0.03828125 0.07734375
0 0.171875 0.90859375 0.02109375 0.02734375
3 0.1390625 0.98359375 0.06875 0.02734375
0 0.76015625 0.95546875 0.12890625 0.08671875
2 0.97734375 0.5921875 0.01953125 0.02265625
0 0.03125 0.29140625 0.0375 0.021875
2 0.11953125 0.96953125 0.0515625 0.04296875
2 0.853125 0.7796875 0.01796875 0.03046875
0 0.1921875 0.4421875 0.0546875 0.05390625
0 0.159375 0.7453125 0.02734375 0.028125
0 0.0296875 0.3640625 0.040625 0.0375
2 0.95078125 0.43125 0.01796875 0.021875
2 0.275 0.07421875 0.03828125 0.03828125
0 0.1296875 0.6859375 0.01640625 0.01953125
0 0.64140625 0.25078125 0.03359375 0.03359375
0 0.359375 0.284375 0.034375 0.03359375
2 0.97109375 0.06328125 0.0578125 0.06953125
2 0.25390625 0.60703125 0.103125 0.12578125
3 0.7359375 0.26171875 0.05234375 0.23203125
2 0.878125 0.22109375 0.03046875 0.05546875
2 0.6828125 0.88671875 0.01640625 0.021875
0 0.0765625 0.29609375 0.01640625 0.03125
0 0.5109375 0.921875 0.14296875 0.14765625
2 0.0078125 0.5109375 0.01484375 0.02421875
0 0.9859375 0.45625 0.02734375 0.09765625
0 0.828125 0.35859375 0.09921875 0.06953125
2 0.95 0.1984375 0.01640625 0.02578125
2 0.11484375 0.14453125 0.02421875 0.03359375
0 0.65 0.14921875 0.01796875 0.02734375
2 0.946875 0.315625 0.03125 0.04765625
2 0.1171875 0.30625 0.02890625 0.05625
0 0.34765625 0.81484375 0.215625 0.30390625
0 0.959375 0.940625 0.08046875 0.115625
2 0.246875 0.10625 0.0109375 0.03203125
2 0.75 0.0171875 0.02890625 0.03203125
2 0.00625 0.790625 0.0125 0.01875
2 0.4796875 0.6453125 0.0171875 0.02421875
0 0.6375 0.34453125 0.08515625 0.12109375
0 0.4828125 0.34609375 0.06328125 0.09765625
2 0.7125 0.90234375 0.01953125 0.02890625
2 0.4875 0.58828125 0.028125 0.02265625
3 0.0421875 0.40078125 0.084375 0.03046875
3 0.95546875 0.19140625 0.05625 0.18671875
0 0.4421875 0.96953125 0.02734375 0.05390625
0 0.30546875 0.27578125 0.0140625 0.01953125
2 0.2359375 0.74140625 0.03203125 0.04609375
0 0.7796875 0.2875 0.06640625 0.15859375
2 0.8203125 0.33515625 0.02890625 0.046875
3 0.44921875 0.18984375 0.02734375 0.09609375
0 0.1078125 0.89609375 0.01953125 0.03203125
3 0.60078125 0.62578125 0.1671875 0.109375
0 0.85 0.21484375 0.02421875 0.04921875
0 0.1390625 0.85703125 0.0203125 0.02265625
0 0.2765625 0.725 0.0234375 0.028125
2 0.94765625 0.09453125 0.01796875 0.021875
0 0.159375 0.6328125 0.0375 0.05625
2 0.05625 0.0078125 0.01484375 0.01328125
0 0.08046875 0.50234375 0.03046875 0.028125
0 0.6890625 0.215625 0.0375 0.03125
2 0.00625 0.66875 0.01171875 0.02265625
2 0.321875 0.13828125 0.01796875 0.01953125
0 0.85390625 0.9796875 0.11875 0.0375
16 0.57109375 0.10859375 0.3234375 0.2171875
3 0.225 0.89140625 0.09765625 0.21484375
0 0.22109375 0.89296875 0.01953125 0.03125
2 0.846875 0.67578125 0.04765625 0.08359375
4 0.771875 0.54453125 0.45546875 0.35546875
0 0.1984375 0.71171875 0.0265625 0.065625
2 0.99140625 0.19375 0.0171875 0.021875
0 0.703125 0.32265625 0.04765625 0.12890625
0 0.6078125 0.984375 0.0375 0.028125
2 0.9671875 0.23203125 0.021875 0.021875
2 0.4046875 0.26796875 0.01171875 0.01953125
8 0.53125 0.51953125 0.05390625 0.06015625
0 0.39296875 0.33046875 0.02421875 0.03359375
2 0.025 0.840625 0.021875 0.03125
2 0.60078125 0.878125 0.040625 0.09609375
0 0.290625 0.49921875 0.2421875 0.18984375
2 0.9546875 0.97421875 0.01484375 0.021875
2 0.91875 0.45546875 0.01796875 0.02734375
2 0.7828125 0.48203125 0.0234375 0.03125
2 0.6109375 0.64609375 0.02109375 0.028125