2 0.225 0.84296875 0.1015625 0.06796875
2 0.209375 0.75078125 0.0484375 0.04609375
4 0.5953125 0.946875 0.1078125 0.10078125
2 0.9578125 0.03359375 0.06875 0.0671875
2 0.05703125 0.7078125 0.1140625 0.128125
0 0.240625 0.440625 0.37421875 0.496875
2 0.521875 0.08828125 0.15625 0.14296875
4 0.74453125 0.4328125 0.5109375 0.653125
2 0.63046875 0.5828125 0.0453125 0.03671875
2 0.25625 0.9359375 0.06015625 0.05546875
2 0.16171875 0.29375 0.121875 0.296875
2 0.9015625 0.71171875 0.034375 0.04453125
2 0.21171875 0.9078125 0.034375 0.05703125
2 0.37578125 0.0421875 0.0546875 0.084375
0 0.76171875 0.11796875 0.25703125 0.234375
5 0.4453125 0.171875 0.03828125 0.05390625
9 0.553125 0.7078125 0.05078125 0.146875
2 0.9921875 0.51640625 0.01484375 0.07265625
2 0.41015625 0.93828125 0.04609375 0.06171875
14 0.5 0.471875 1 0.940625
5 0.88671875 0.4 0.071875 0.11484375
0 0.83125 0.81953125 0.14765625 0.09296875
2 0.1828125 0.0765625 0.13203125 0.1375
2 0.3703125 0.1375 0.21953125 0.27265625
0 0.65 0.6109375 0.21484375 0.40546875
2 0.3546875 0.79296875 0.059375 0.06484375
9 0.484375 0.3453125 0.0484375 0.39765625
2 0.8046875 0.6546875 0.11640625 0.12421875
4 0.1328125 0.97421875 0.265625 0.0453125
2 0.98046875 0.26640625 0.0390625 0.12109375
2 0.06875 0.79140625 0.05078125 0.03203125
2 0.3265625 0.36328125 0.23046875 0.21875
2 0.80625 0.50859375 0.290625 0.16796875
2 0.5203125 0.25390625 0.08046875 0.10703125