2 0.74296875 0.55625 0.02421875 0.02421875
2 0.9640625 0.44765625 0.0296875 0.034375
2 0.4390625 0.2015625 0.028125 0.03203125
2 0.0640625 0.409375 0.05234375 0.046875
0 0.8109375 0.75546875 0.06484375 0.1375
2 0.08125 0.81796875 0.02109375 0.02890625
2 0.08125 0.0625 0.0171875 0.02265625
2 0.29296875 0.41640625 0.0421875 0.0375
2 0.990625 0.85078125 0.01875 0.021875
2 0.99375 0.01484375 0.01171875 0.02578125
2 0.72734375 0.31640625 0.0328125 0.03125
2 0.8765625 0.90078125 0.0109375 0.01796875
2 0.740625 0.26796875 0.0265625 0.05234375
2 0.94375 0.8125 0.0234375 0.03671875
2 0.4484375 0.83203125 0.0609375 0.040625
2 0.82890625 0.29375 0.00859375 0.009375
2 0.0125 0.17734375 0.025 0.040625
2 0.78515625 0.34609375 0.025 0.02109375
2 0.0265625 0.69921875 0.053125 0.03515625
2 0.4578125 0.76015625 0.015625 0.01796875
2 0.8875 0.21484375 0.02109375 0.02421875
2 0.5859375 0.96796875 0.009375 0.01015625
2 0.671875 0.96796875 0.0265625 0.02734375
2 0.01875 0.58515625 0.028125 0.03515625
2 0.6359375 0.4015625 0.01328125 0.03046875
2 0.54140625 0.0921875 0.02734375 0.075
2 0.20859375 0.7171875 0.0484375 0.046875
2 0.12734375 0.596875 0.01953125 0.01484375
2 0.94921875 0.40703125 0.0140625 0.015625
2 0.14375 0.28984375 0.0171875 0.02421875
2 0.5375 0.72265625 0.01640625 0.01796875
2 0.51015625 0.09296875 0.0234375 0.03046875
2 0.9234375 0.35234375 0.01953125 0.02578125
2 0.9171875 0.065625 0.01015625 0.01484375
2 0.08125 0.6109375 0.03046875 0.03359375
2 0.121875 0.44296875 0.025 0.03671875
2 0.89609375 0.84375 0.02265625 0.01875
2 0.584375 0.7078125 0.01796875 0.01796875
2 0.984375 0.3625 0.01875 0.03125
2 0.8734375 0.11640625 0.03125 0.028125
2 0.946875 0.3390625 0.02734375 0.02578125
2 0.1671875 0.72734375 0.01953125 0.02109375
2 0.1671875 0.15625 0.0234375 0.025
2 0.45546875 0.6703125 0.03671875 0.021875
2 0.9375 0.46640625 0.0140625 0.021875
2 0.70859375 0.78671875 0.0265625 0.02734375
2 0.984375 0.9640625 0.021875 0.02109375
2 0.4484375 0.025 0.0359375 0.04375
2 0.8625 0.396875 0.0421875 0.04453125
2 0.6546875 0.7 0.01640625 0.01875
2 0.915625 0.77265625 0.02734375 0.03984375
2 0.8578125 0.88671875 0.02109375 0.02265625
2 0.2375 0.465625 0.0546875 0.07421875
2 0.9265625 0.59375 0.0328125 0.02578125
2 0.3921875 0.58515625 0.0296875 0.02578125
2 0.528125 0.60625 0.034375 0.04609375
2 0.253125 0.00703125 0.03125 0.0140625
2 0.98515625 0.9328125 0.0296875 0.03125
14 0.4703125 0.36171875 0.6046875 0.68828125
2 0.66171875 0.21171875 0.05859375 0.084375
2 0.45546875 0.93828125 0.05078125 0.05625
2 0.09375 0.10625 0.0484375 0.046875
2 0.68125 0.75703125 0.02890625 0.025
2 0.20390625 0.19140625 0.03125 0.05
2 0.0671875 0.22421875 0.03046875 0.028125
2 0.24453125 0.31640625 0.18828125 0.146875
2 0.0578125 0.1546875 0.028125 0.075
2 0.3078125 0.48125 0.06484375 0.03203125
2 0.74453125 0.84765625 0.0171875 0.025
2 0.88828125 0.38828125 0.01328125 0.025
2 0.3015625 0.03203125 0.02578125 0.021875
2 0.2984375 0.9375 0.03046875 0.02578125
2 0.828125 0.88828125 0.01796875 0.02421875
2 0.134375 0.48203125 0.02890625 0.021875
2 0.3484375 0.55078125 0.04375 0.06171875
2 0.9140625 0.50703125 0.009375 0.01796875
2 0.81796875 0.153125 0.06953125 0.06171875
2 0.7421875 0.47734375 0.01328125 0.0125
2 0.8671875 0.03515625 0.0375 0.02421875
2 0.36875 0.22109375 0.05703125 0.07109375
2 0.6078125 0.11875 0.04140625 0.05546875
2 0.8 0.959375 0.01640625 0.02734375
2 0.9203125 0.73984375 0.02109375 0.028125
2 0.6265625 0.72734375 0.028125 0.03203125
2 0.13984375 0.13828125 0.034375 0.034375
2 0.809375 0.35546875 0.015625 0.01953125
2 0.9140625 0.128125 0.02265625 0.028125
0 0.1015625 0.72421875 0.09609375 0.125
2 0.978125 0.9953125 0.0125 0.009375
2 0.99375 0.25703125 0.0125 0.00703125
2 0.51875 0.71171875 0.025 0.01875
2 0.4796875 0.50234375 0.02109375 0.02734375
2 0.928125 0.86953125 0.028125 0.0375
2 0.58515625 0.22265625 0.034375 0.03125
2 0.3453125 0.696875 0.03203125 0.05
2 0.8078125 0.28046875 0.01953125 0.025
2 0.4453125 0.62109375 0.025 0.03125
2 0.653125 0.15078125 0.025 0.04375
2 0.009375 0.20703125 0.01875 0.0265625
2 0.5015625 0.78828125 0.01640625 0.01875
2 0.5765625 0.8203125 0.0359375 0.03984375
2 0.75625 0.60546875 0.02421875 0.03671875
2 0.5421875 0.83515625 0.0328125 0.05234375
2 0.89140625 0.3390625 0.0203125 0.02421875
2 0.98359375 0.1125 0.0328125 0.04375
2 0.1234375 0.6421875 0.0234375 0.02734375
2 0.2296875 0.625 0.03828125 0.01953125
2 0.2890625 0.15078125 0.05390625 0.05390625
2 0.9796875 0.609375 0.03984375 0.03828125
2 0.6546875 0.4953125 0.02734375 0.03828125
2 0.965625 0.80234375 0.0296875 0.04140625
2 0.2875 0.578125 0.0203125 0.01484375
2 0.78671875 0.290625 0.02109375 0.03515625
2 0.9578125 0.1640625 0.04765625 0.04609375
2 0.83515625 0.978125 0.01328125 0.02421875
2 0.115625 0.56171875 0.01640625 0.01953125
2 0.96015625 0.66953125 0.071875 0.06328125
2 0.8296875 0.540625 0.0203125 0.02421875
2 0.0078125 0.2375 0.01484375 0.01328125
2 0.7078125 0.63828125 0.03515625 0.03359375
2 0.98359375 0.3078125 0.02265625 0.02578125
0 0.1859375 0.83515625 0.05546875 0.05078125
2 0.2234375 0.80703125 0.1296875 0.09296875
2 0.5578125 0.43125 0.1296875 0.10546875
2 0.30625 0.7828125 0.03203125 0.04140625
2 0.65078125 0.265625 0.0375 0.03125
2 0.8171875 0.59453125 0.09296875 0.07109375
2 0.9515625 0.37265625 0.01484375 0.02265625
2 0.584375 0.61640625 0.03046875 0.03203125
2 0.784375 0.4109375 0.03046875 0.028125
2 0.4046875 0.62421875 0.01796875 0.01875
2 0.74921875 0.96484375 0.0171875 0.03671875
2 0.1078125 0.821875 0.01640625 0.01875
2 0.8015625 0.44296875 0.0109375 0.02265625
2 0.62578125 0.8609375 0.02265625 0.025
2 0.7859375 0.459375 0.0109375 0.015625
2 0.75859375 0.70625 0.021875 0.0375
2 0.8484375 0.64453125 0.01875 0.02421875
2 0.8140625 0.2375 0.0203125 0.03046875
2 0.6890625 0.81328125 0.0234375 0.02265625
2 0.1671875 0.6625 0.025 0.03515625
2 0.28984375 0.67109375 0.05 0.06953125
2 0.43125 0.66484375 0.01953125 0.01953125
2 0.803125 0.5171875 0.02109375 0.01953125
2 0.52578125 0.98203125 0.04140625 0.03515625
2 0.92890625 0.48828125 0.01640625 0.01328125
2 0.58125 0.853125 0.01953125 0.02265625
2 0.7375 0.71484375 0.0234375 0.02109375
2 0.50625 0.34609375 0.0234375 0.021875
2 0.60625 0.85234375 0.01640625 0.01796875
2 0.9046875 0.81484375 0.0203125 0.028125
2 0.9140625 0.19921875 0.028125 0.03359375
2 0.421875 0.50703125 0.05078125 0.04140625
2 0.54375 0.33359375 0.02734375 0.04375
9 0.171875 0.55390625 0.34296875 0.16328125
2 0.05625 0.55546875 0.01953125 0.02421875
2 0.8453125 0.303125 0.02265625 0.01953125
2 0.884375 0.72890625 0.01796875 0.03125
2 0.9484375 0.21953125 0.01875 0.025
2 0.8828125 0.87421875 0.01484375 0.021875
2 0.26640625 0.45234375 0.0203125 0.01796875
2 0.84453125 0.375 0.0171875 0.021875
2 0.859375 0.71484375 0.02109375 0.03125
2 0.6953125 0.93125 0.02734375 0.04140625
2 0.9359375 0.95234375 0.025 0.028125
2 0.85078125 0.74609375 0.0234375 0.02734375
2 0.9515625 0.2609375 0.03828125 0.03515625
2 0.2515625 0.74765625 0.02109375 0.034375
2 0.56875 0.24453125 0.0125 0.025
2 0.52109375 0.7984375 0.01328125 0.01796875
2 0.8640625 0.31796875 0.02109375 0.02109375
2 0.9765625 0.04296875 0.01953125 0.01796875
2 0.046875 0.32421875 0.03203125 0.03125
2 0.9765625 0.38828125 0.02109375 0.02578125
2 0.8953125 0.05390625 0.01171875 0.01328125
2 0.321875 0.86640625 0.0453125 0.04140625
2 0.70234375 0.16796875 0.0203125 0.03046875
2 0.77890625 0.49921875 0.01640625 0.02890625
2 0.909375 0.37890625 0.0234375 0.02578125
2 0.3515625 0.0578125 0.0265625 0.03203125
2 0.11875 0.18359375 0.028125 0.02421875
2 0.4875 0.77109375 0.0140625 0.01953125
2 0.690625 0.68359375 0.03125 0.03359375
2 0.87109375 0.290625 0.02734375 0.028125
2 0.7 0.23671875 0.025 0.05859375
2 0.7515625 0.65703125 0.0453125 0.05234375
2 0.2484375 0.909375 0.0140625 0.01484375
2 0.828125 0.26953125 0.01796875 0.02734375
2 0.615625 0.1640625 0.0203125 0.025
2 0.6140625 0.88515625 0.015625 0.01640625
2 0.98828125 0.90234375 0.021875 0.02109375
2 0.359375 0.61640625 0.0421875 0.02578125
2 0.8265625 0.40546875 0.03515625 0.04765625
2 0.9 0.92109375 0.03828125 0.02421875
2 0.2953125 0.528125 0.025 0.02890625
2 0.909375 0.94375 0.0203125 0.01953125
2 0.3734375 0.82578125 0.0296875 0.07734375
9 0.57890625 0.14453125 0.0515625 0.028125
2 0.02421875 0.86171875 0.0484375 0.04296875
2 0.1421875 0.97734375 0.05546875 0.0375
2 0.128125 0.37890625 0.0203125 0.03046875
2 0.371875 0.69296875 0.01484375 0.025
2 0.67265625 0.43359375 0.0390625 0.03828125
2 0.1875 0.59375 0.0375 0.03359375
2 0.84453125 0.94140625 0.01796875 0.01640625
2 0.9578125 0.028125 0.01796875 0.01796875
2 0.80234375 0.06015625 0.07265625 0.05390625
2 0.725 0.82265625 0.01953125 0.02421875
2 0.759375 0.76484375 0.021875 0.028125
2 0.4625 0.28046875 0.01796875 0.01796875
2 0.5453125 0.91640625 0.07265625 0.04296875
2 0.4734375 0.0875 0.04296875 0.04921875
2 0.90546875 0.3 0.01796875 0.025
2 0.63046875 0.96328125 0.02421875 0.03671875
2 0.7234375 0.58046875 0.02578125 0.02421875
2 0.065625 0.95625 0.075 0.084375
2 0.0078125 0.76328125 0.01484375 0.01953125
2 0.6546875 0.5421875 0.03828125 0.03046875
2 0.265625 0.78671875 0.02421875 0.021875
2 0.5015625 0.05390625 0.05546875 0.03359375
2 0.9703125 0.88828125 0.0171875 0.015625
2 0.428125 0.55078125 0.03125 0.03125
2 0.46875 0.2140625 0.03046875 0.03671875
2 0.6046875 0.57109375 0.0578125 0.05078125
2 0.6390625 0.77421875 0.034375 0.02734375
2 0.43125 0.13828125 0.0984375 0.059375
2 0.8015625 0.8671875 0.0265625 0.02421875
2 0.57421875 0.38515625 0.0203125 0.03046875
2 0.94375 0.91484375 0.01875 0.01796875
2 0.846875 0.24765625 0.01328125 0.02734375
2 0.6890625 0.71796875 0.01953125 0.021875
2 0.128125 0.24609375 0.02890625 0.03046875
2 0.0796875 0.3515625 0.0421875 0.03828125
2 0.70703125 0.90859375 0.015625 0.02109375
2 0.925 0.32421875 0.01796875 0.03203125
2 0.9484375 0.0828125 0.0265625 0.028125
2 0.790625 0.24765625 0.01796875 0.028125
2 0.421875 0.04609375 0.0421875 0.028125
2 0.9078125 0.57421875 0.02109375 0.02421875
2 0.05 0.07890625 0.04453125 0.05
2 0.4546875 0.57734375 0.028125 0.02578125
2 0.503125 0.67578125 0.04140625 0.040625
2 0.3234375 0.5578125 0.02109375 0.02734375
2 0.86484375 0.678125 0.028125 0.04140625
2 0.734375 0.7484375 0.02265625 0.01875
2 0.44765625 0.88828125 0.0265625 0.02890625
2 0.5828125 0.10078125 0.0234375 0.03046875
0 0.4015625 0.97109375 0.1015625 0.05546875
2 0.9546875 0.521875 0.0359375 0.02578125
2 0.3578125 0.49609375 0.028125 0.05234375
2 0.82578125 0.44765625 0.01875 0.03046875
2 0.2953125 0.19375 0.03359375 0.04765625
2 0.7671875 0.8140625 0.0265625 0.03515625
2 0.28046875 0.9609375 0.0140625 0.01953125
2 0.934375 0.01640625 0.01953125 0.02421875
2 0.94453125 0.8484375 0.0234375 0.01953125
2 0.59296875 0.75234375 0.0296875 0.040625
2 0.13515625 0.56484375 0.01875 0.01640625
2 0.8640625 0.82890625 0.02734375 0.028125
2 0.62890625 0.6453125 0.0546875 0.06953125
2 0.84375 0.85625 0.02109375 0.02109375
2 0.68125 0.89375 0.0390625 0.03203125
2 0.39296875 0.8984375 0.03046875 0.03671875
2 0.5078125 0.3046875 0.03515625 0.03046875
2 0.52578125 0.17734375 0.0390625 0.04609375
2 0.7296875 0.92578125 0.01640625 0.02265625
2 0.2265625 0.53984375 0.025 0.025
2 0.09375 0.23984375 0.0171875 0.025
2 0.6953125 0.29921875 0.02734375 0.03359375
2 0.87734375 0.27265625 0.0234375 0.02734375
9 0.83203125 0.34140625 0.121875 0.05390625
2 0.384375 0.3109375 0.0546875 0.04609375
2 0.6390625 0.93359375 0.02578125 0.028125
2 0.7703125 0.85703125 0.025 0.028125
2 0.86484375 0.91640625 0.01640625 0.02265625
2 0.8390625 0.70859375 0.01796875 0.025
2 0.70234375 0.44765625 0.034375 0.04921875
2 0.3984375 0.73203125 0.02109375 0.028125
2 0.8796875 0.490625 0.01953125 0.021875
2 0.41328125 0.24921875 0.04609375 0.03671875
2 0.6515625 0.9140625 0.01328125 0.02265625
2 0.08203125 0.278125 0.01875 0.01953125