14 0.328125 0.57265625 0.65625 0.85234375
2 0.30625 0.03984375 0.07265625 0.07421875
2 0.37890625 0.70703125 0.040625 0.05625
9 0.42578125 0.42578125 0.21875 0.09765625
2 0.76171875 0.653125 0.08359375 0.08359375
2 0.25 0.58828125 0.09765625 0.04453125
2 0.37734375 0.08671875 0.0453125 0.05234375
2 0.446875 0.47890625 0.0265625 0.03125
2 0.5796875 0.725 0.10703125 0.11171875
2 0.22578125 0.83515625 0.03203125 0.10625
2 0.978125 0.45078125 0.028125 0.05078125
2 0.5859375 0.90390625 0.0375 0.05546875
2 0.73984375 0.19296875 0.1671875 0.28359375
2 0.8875 0.4421875 0.0765625 0.08359375
2 0.190625 0.68046875 0.09609375 0.10546875
2 0.0796875 0.63203125 0.04296875 0.09765625
9 0.81484375 0.9140625 0.3703125 0.16953125
9 0.565625 0.134375 0.0453125 0.24765625
9 0.8484375 0.42890625 0.11015625 0.19921875
0 0.13671875 0.86484375 0.2734375 0.26796875
2 0.92109375 0.11328125 0.1578125 0.2265625
2 0.96640625 0.684375 0.0671875 0.140625
9 0.55078125 0.06953125 0.0546875 0.1390625
2 0.4734375 0.521875 0.03515625 0.05
0 0.815625 0.65078125 0.3375 0.35625
9 0.565625 0.81953125 0.20390625 0.07734375
0 0.7828125 0.58515625 0.12109375 0.134375
4 0.121875 0.41328125 0.20703125 0.28671875
9 0.1015625 0.559375 0.203125 0.096875
2 0.39375 0.44296875 0.01953125 0.03515625
2 0.4203125 0.60625 0.025 0.04609375
5 0.0171875 0.56796875 0.01484375 0.08203125
9 0.028125 0.07578125 0.05078125 0.14375
9 0.28125 0.7875 0.1140625 0.29765625
5 0.2515625 0.05234375 0.0375 0.04921875
9 0.6703125 0.34921875 0.13828125 0.228125
2 0.3484375 0.64609375 0.06640625 0.05234375
4 0.528125 0.4765625 0.12109375 0.05703125
2 0.94609375 0.29921875 0.1078125 0.12109375
2 0.32109375 0.79140625 0.0296875 0.03125
9 0.76640625 0.4171875 0.0234375 0.23203125
2 0.471875 0.13203125 0.03203125 0.0375
2 0.0703125 0.4578125 0.13671875 0.109375
2 0.15 0.7546875 0.0578125 0.04140625
0 0.1171875 0.1 0.2265625 0.19453125
2 0.234375 0.46328125 0.06640625 0.06484375
2 0.3421875 0.5671875 0.09296875 0.07265625
2 0.540625 0.96328125 0.04140625 0.06015625
9 0.2546875 0.76171875 0.040625 0.04921875
0 0.94453125 0.53671875 0.1109375 0.1640625
0 0.30234375 0.1984375 0.153125 0.08203125