2 0.0578125 0.92578125 0.0703125 0.08671875
2 0.19765625 0.78671875 0.040625 0.03203125
2 0.9390625 0.984375 0.0109375 0.01796875
0 0.81875 0.53671875 0.01953125 0.02578125
2 0.57421875 0.37578125 0.065625 0.128125
2 0.96953125 0.04296875 0.0609375 0.06484375
2 0.0296875 0.50859375 0.059375 0.125
2 0.9875 0.08671875 0.02421875 0.04140625
2 0.12578125 0.05703125 0.0890625 0.1140625
2 0.015625 0.94453125 0.03125 0.0734375
2 0.7984375 0.596875 0.05234375 0.19375
2 0.53125 0.80546875 0.06171875 0.15234375
2 0.6546875 0.578125 0.11328125 0.29609375
2 0.33984375 0.38359375 0.075 0.09765625
2 0.12734375 0.9765625 0.0875 0.04453125
2 0.0453125 0.809375 0.090625 0.090625
2 0.8625 0.73359375 0.125 0.19765625
2 0.22109375 0.23359375 0.071875 0.16328125
2 0.7203125 0.59921875 0.021875 0.028125
2 0.18046875 0.5765625 0.028125 0.075
2 0.290625 0.71484375 0.18515625 0.175
2 0.9671875 0.84453125 0.06484375 0.11953125
2 0.1921875 0.04765625 0.04609375 0.05859375
2 0.93359375 0.83515625 0.034375 0.06328125
2 0.8515625 0.9265625 0.13046875 0.146875
2 0.2453125 0.14140625 0.04765625 0.08203125
2 0.0984375 0.3265625 0.0703125 0.09140625
2 0.0171875 0.1546875 0.034375 0.05
2 0.39375 0.33515625 0.1484375 0.26796875
2 0.36015625 0.1140625 0.134375 0.22578125
16 0.76875 0.25078125 0.409375 0.5
2 0.1078125 0.48046875 0.10546875 0.128125
2 0.1390625 0.56171875 0.0359375 0.05390625
2 0.28984375 0.34765625 0.0171875 0.0375
2 0.08125 0.15078125 0.09609375 0.10078125
2 0.4375 0.83671875 0.17890625 0.2
2 0.3140625 0.9921875 0.05078125 0.01328125
2 0.14921875 0.91484375 0.02421875 0.02421875
2 0.28984375 0.84921875 0.04140625 0.075
2 0.14375 0.6875 0.103125 0.21640625
2 0.28359375 0.47265625 0.03515625 0.03828125
2 0.74765625 0.63203125 0.03515625 0.05390625
2 0.190625 0.89921875 0.11875 0.19609375
2 0.1453125 0.24140625 0.096875 0.13359375
2 0.4984375 0.94140625 0.12578125 0.109375
2 0.12734375 0.90859375 0.01328125 0.03515625
2 0.0765625 0.42421875 0.065625 0.11875
2 0.0578125 0.6828125 0.115625 0.20703125
2 0.1734375 0.7609375 0.02890625 0.0375
5 0.90625 0.83671875 0.01953125 0.03359375
2 0.2515625 0.86640625 0.0296875 0.05546875
2 0.7953125 0.75078125 0.05546875 0.046875
2 0.9078125 0.95703125 0.0140625 0.021875
2 0.9421875 0.7703125 0.040625 0.04609375
2 0.28125 0.296875 0.05078125 0.06484375
2 0.309375 0.9453125 0.10703125 0.084375
2 0.03125 0.29453125 0.0625 0.16953125
0 0.840625 0.471875 0.028125 0.040625
2 0.00625 0.4140625 0.0125 0.03125
2 0.0703125 0.86171875 0.03359375 0.021875
2 0.51171875 0.43359375 0.10390625 0.18359375
2 0.77109375 0.921875 0.03203125 0.059375
2 0.0375 0.06015625 0.07421875 0.11953125
2 0.77421875 0.85703125 0.0265625 0.03515625
2 0.40234375 0.98046875 0.06875 0.03828125
0 0.9078125 0.51640625 0.03046875 0.03359375
0 0.86796875 0.50078125 0.06484375 0.08671875
8 0.31953125 0.54140625 0.075 0.10703125
2 0.96328125 0.9453125 0.0734375 0.109375
2 0.77890625 0.81328125 0.03515625 0.03515625
2 0.3125 0.24140625 0.0375 0.03671875
0 0.95625 0.43828125 0.06328125 0.10234375
2 0.74375 0.5390625 0.05859375 0.08671875
2 0.62109375 0.89375 0.13125 0.20703125
3 0.2421875 0.58828125 0.09609375 0.10234375
2 0.54375 0.53984375 0.0625 0.0375
2 0.4984375 0.08828125 0.14140625 0.175
2 0.7078125 0.85625 0.10078125 0.10546875
2 0.1015625 0.80859375 0.0203125 0.040625
2 0.9546875 0.63125 0.084375 0.27578125
2 0.234375 0.51171875 0.0546875 0.04296875
2 0.2578125 0.03046875 0.071875 0.0609375
2 0.8703125 0.58671875 0.09140625 0.0875
2 0.48828125 0.66796875 0.25703125 0.20234375
2 0.19375 0.41015625 0.13984375 0.18984375
2 0.3828125 0.49921875 0.10390625 0.13359375
3 0.25 0.0765625 0.15 0.153125
2 0.7296875 0.95 0.09140625 0.09140625
2 0.5203125 0.2578125 0.10390625 0.18046875
2 0.6390625 0.76328125 0.0578125 0.05625
2 0.4328125 0.93984375 0.12265625 0.075
2 0.40234375 0.63359375 0.05234375 0.05234375
2 0.7203125 0.7171875 0.09296875 0.1625
2 0.98515625 0.13203125 0.02734375 0.05