2 0.25234375 0.6 0.065625 0.17265625
2 0.1875 0.3546875 0.37421875 0.70703125
14 0.6578125 0.59921875 0.2421875 0.203125
2 0.66171875 0.56796875 0.0578125 0.11015625
2 0.990625 0.96640625 0.01796875 0.06484375
2 0.6625 0.30625 0.03515625 0.03515625
2 0.4703125 0.7140625 0.3125 0.55546875
2 0.03515625 0.9375 0.0703125 0.12265625
2 0.7140625 0.54453125 0.05078125 0.065625
2 0.47109375 0.32890625 0.0171875 0.02890625
2 0.3453125 0.31015625 0.025 0.02578125
2 0.6453125 0.70546875 0.05625 0.078125
2 0.33125 0.2390625 0.03671875 0.059375
14 0.9109375 0.31328125 0.17734375 0.17421875
2 0.1953125 0.98359375 0.04609375 0.02890625
2 0.0328125 0.73046875 0.06484375 0.140625
14 0.1859375 0.72421875 0.278125 0.04921875
2 0.2390625 0.84296875 0.10859375 0.13984375
2 0.16875 0.93828125 0.0265625 0.078125
2 0.64375 0.24296875 0.0578125 0.084375
2 0.9390625 0.38203125 0.12109375 0.14765625
2 0.4609375 0.39609375 0.0734375 0.08671875
2 0.8140625 0.72421875 0.37109375 0.54296875
2 0.0375 0.83515625 0.07421875 0.06796875
2 0.17421875 0.8296875 0.06015625 0.09609375
2 0.2734375 0.93046875 0.11796875 0.13125
2 0.14296875 0.771875 0.1171875 0.06328125
2 0.10390625 0.88515625 0.06640625 0.09765625
2 0.125 0.96484375 0.071875 0.06171875
2 0.8046875 0.43515625 0.15625 0.14765625
2 0.5453125 0.15078125 0.34609375 0.30078125
2 0.62734375 0.81953125 0.09375 0.1625
2 0.553125 0.328125 0.07578125 0.06953125
2 0.646875 0.41484375 0.14921875 0.20625
2 0.3921875 0.2671875 0.01484375 0.02734375
2 0.5484375 0.51875 0.1625 0.28515625
2 0.85703125 0.16484375 0.2859375 0.328125
3 0.403125 0.36796875 0.040625 0.17265625
2 0.296875 0.296875 0.06015625 0.078125