0 0.96875 0.95390625 0.0625 0.08984375
0 0.0484375 0.50234375 0.09609375 0.14921875
0 0.2015625 0.86484375 0.0890625 0.11171875
2 0.30546875 0.3859375 0.0359375 0.04609375
2 0.3015625 0.26171875 0.05859375 0.04140625
2 0.428125 0.73828125 0.05234375 0.11171875
2 0.228125 0.33125 0.03671875 0.05546875
2 0.18125 0.31171875 0.059375 0.09375
0 0.15859375 0.7921875 0.09140625 0.18671875
0 0.0203125 0.38046875 0.040625 0.10078125
2 0.98671875 0.60703125 0.0265625 0.059375
2 0.5578125 0.43828125 0.1 0.08203125
2 0.8125 0.2203125 0.04140625 0.05390625
0 0.471875 0.23046875 0.1859375 0.315625
2 0.05390625 0.2609375 0.0296875 0.04921875
2 0.6890625 0.909375 0.0484375 0.06875
2 0.6484375 0.678125 0.0515625 0.06875
0 0.0765625 0.57578125 0.08046875 0.09921875
0 0.696875 0.37734375 0.1515625 0.25859375
2 0.9703125 0.21328125 0.05234375 0.04765625
2 0.60703125 0.26328125 0.0359375 0.05078125
2 0.8265625 0.46328125 0.03203125 0.03828125
2 0.43125 0.92421875 0.040625 0.04765625
0 0.684375 0.85078125 0.4265625 0.290625
2 0.203125 0.54375 0.0375 0.04453125
2 0.5953125 0.94453125 0.0734375 0.06796875
2 0.9296875 0.9140625 0.08359375 0.15625
2 0.403125 0.59296875 0.065625 0.05390625
0 0.39375 0.42890625 0.1296875 0.21171875
2 0.75546875 0.59296875 0.04375 0.05546875
2 0.1328125 0.315625 0.03359375 0.04296875
2 0.153125 0.9375 0.04765625 0.065625
2 0.9390625 0.74296875 0.0875 0.14375
14 0.2 0.5859375 0.39921875 0.825
0 0.103125 0.67578125 0.1171875 0.171875
2 0.86171875 0.07265625 0.04609375 0.06953125
2 0.8875 0.5625 0.14453125 0.13828125
2 0.63125 0.52578125 0.0515625 0.07421875
2 0.3921875 0.06171875 0.0703125 0.115625
2 0.56640625 0.596875 0.0765625 0.08359375
2 0.5921875 0.07109375 0.04140625 0.05390625
2 0.1953125 0.10234375 0.06875 0.096875
2 0.10703125 0.08046875 0.084375 0.15625
2 0.32421875 0.6765625 0.06953125 0.0875
2 0.6546875 0.0546875 0.084375 0.09765625
2 0.94375 0.12109375 0.05859375 0.096875
2 0.8015625 0.05703125 0.06796875 0.08203125
0 0.2421875 0.93125 0.0984375 0.11875
2 0.940625 0.39140625 0.11796875 0.17578125
2 0.2328125 0.26171875 0.04140625 0.05625
2 0.78984375 0.38203125 0.0390625 0.05078125