2 0.58125 0.17421875 0.03359375 0.04609375
2 0.446875 0.19453125 0.02734375 0.03359375
2 0.6859375 0.89765625 0.04375 0.04609375
4 0.5 0.5375 0.99921875 0.89921875
2 0.6953125 0.45859375 0.125 0.125
2 0.3953125 0.82890625 0.12734375 0.12578125
2 0.1734375 0.39609375 0.0390625 0.05234375
2 0.1078125 0.56796875 0.04609375 0.05
2 0.22890625 0.0734375 0.0984375 0.07109375
2 0.746875 0.1765625 0.0125 0.01484375
2 0.015625 0.39375 0.03125 0.075
2 0.0328125 0.31015625 0.065625 0.059375
2 0.6265625 0.26171875 0.01796875 0.03125
2 0.8078125 0.39375 0.02734375 0.0375
2 0.503125 0.225 0.028125 0.03984375
2 0.71875 0.22109375 0.0171875 0.01953125
2 0.925 0.4234375 0.01796875 0.01796875
0 0.4015625 0.81640625 0.803125 0.36171875
0 0.01328125 0.65859375 0.0265625 0.15078125
2 0.1390625 0.87734375 0.0203125 0.03671875
2 0.7015625 0.3296875 0.03046875 0.04140625
2 0.896875 0.4375 0.0171875 0.034375
2 0.74140625 0.2578125 0.01953125 0.01953125
2 0.7875 0.26875 0.01171875 0.01875
2 0.325 0.03046875 0.05234375 0.06015625
2 0.028125 0.23359375 0.05625 0.07109375
2 0.60625 0.6734375 0.08359375 0.06171875
2 0.9046875 0.06484375 0.02734375 0.0375
2 0.096875 0.70703125 0.03359375 0.04609375
2 0.8140625 0.31640625 0.01484375 0.028125
2 0.16953125 0.47734375 0.03203125 0.04609375
2 0.6671875 0.19140625 0.02734375 0.03984375
2 0.3796875 0.67109375 0.03515625 0.11484375
2 0.88203125 0.153125 0.028125 0.04609375
2 0.959375 0.17421875 0.0171875 0.02578125
0 0.9671875 0.45703125 0.06484375 0.07265625