3 0.88125 0.64453125 0.1421875 0.07109375
2 0.6890625 0.13984375 0.0140625 0.01875
2 0.20625 0.32578125 0.01640625 0.02578125
4 0.615625 0.72265625 0.153125 0.24921875
2 0.3796875 0.83828125 0.01640625 0.02421875
2 0.5484375 0.53515625 0.01640625 0.021875
2 0.3875 0.50078125 0.04453125 0.14921875
0 0.01796875 0.53515625 0.0359375 0.10234375
2 0.6703125 0.91640625 0.03359375 0.05703125
2 0.8171875 0.45546875 0.0078125 0.01328125
2 0.665625 0.20703125 0.01640625 0.040625
2 0.0828125 0.75859375 0.028125 0.03125
2 0.26015625 0.440625 0.02265625 0.021875
2 0.50703125 0.9859375 0.04609375 0.02265625
2 0.9796875 0.615625 0.01796875 0.01875
17 0.953125 0.1640625 0.01328125 0.02421875
2 0.61328125 0.94140625 0.0109375 0.01328125
2 0.9328125 0.83359375 0.0171875 0.02421875
2 0.140625 0.49375 0.0140625 0.02265625
2 0.33671875 0.07421875 0.0359375 0.05
2 0.66328125 0.59453125 0.025 0.02421875
2 0.321875 0.57734375 0.01796875 0.03125
2 0.6734375 0.27265625 0.009375 0.01328125
2 0.49453125 0.4 0.00546875 0.00859375
2 0.3578125 0.55546875 0.0140625 0.01796875
2 0.07109375 0.41640625 0.0734375 0.10625
2 0.0734375 0.2390625 0.0140625 0.02421875
2 0.7765625 0.58828125 0.0140625 0.01484375
2 0.45 0.4734375 0.01484375 0.015625
2 0.69921875 0.9109375 0.01875 0.03671875
2 0.07421875 0.34453125 0.015625 0.040625
2 0.78359375 0.89375 0.0046875 0.01171875
2 0.028125 0.27421875 0.009375 0.02265625
2 0.95625 0.43671875 0.0171875 0.01875
2 0.671875 0.31640625 0.0125 0.0125
2 0.10546875 0.16796875 0.0234375 0.02734375
2 0.6171875 0.3609375 0.0078125 0.01015625
2 0.4453125 0.82109375 0.0140625 0.01953125
2 0.5921875 0.80390625 0.0265625 0.02421875
2 0.96015625 0.946875 0.0078125 0.00859375
2 0.8609375 0.4796875 0.02890625 0.04296875
2 0.6078125 0.05234375 0.0546875 0.075
2 0.7578125 0.84296875 0.0234375 0.02734375
2 0.959375 0.9828125 0.01484375 0.025
2 0.8203125 0.3203125 0.0515625 0.07109375
2 0.98046875 0.94375 0.009375 0.01796875
2 0.86875 0.9609375 0.021875 0.03203125
2 0.4015625 0.92734375 0.0359375 0.05390625
2 0.4875 0.81640625 0.0125 0.02265625
17 0.82421875 0.12890625 0.0171875 0.021875
2 0.4046875 0.35234375 0.0125 0.01171875
16 0.615625 0.2015625 0.0828125 0.11328125
2 0.465625 0.84140625 0.01640625 0.01796875
2 0.48125 0.43046875 0.0203125 0.02109375
2 0.8484375 0.86953125 0.025 0.02890625
2 0.4265625 0.0375 0.040625 0.075
2 0.7421875 0.78828125 0.02109375 0.03125
2 0.4578125 0.9859375 0.0171875 0.028125
2 0.0109375 0.215625 0.0140625 0.02421875
2 0.59921875 0.30859375 0.01796875 0.01953125
2 0.87109375 0.70859375 0.034375 0.04765625
2 0.1703125 0.41328125 0.0140625 0.01953125
2 0.48359375 0.35390625 0.01484375 0.021875
2 0.3953125 0.78984375 0.01171875 0.01484375
2 0.378125 0.41796875 0.0234375 0.03203125
2 0.44609375 0.38203125 0.0296875 0.040625
2 0.9578125 0.23828125 0.03203125 0.03046875
2 0.084375 0.09921875 0.03203125 0.03515625
2 0.528125 0.45625 0.009375 0.01171875
2 0.11796875 0.37890625 0.0125 0.01796875
2 0.98984375 0.69375 0.01953125 0.040625
2 0.13125 0.02890625 0.05625 0.05
2 0.734375 0.48203125 0.01484375 0.01484375
2 0.009375 0.403125 0.0109375 0.0125
2 0.559375 0.46328125 0.0078125 0.00625
2 0.72109375 0.94375 0.00625 0.0125
2 0.971875 0.1859375 0.01484375 0.02265625
2 0.35078125 0.51484375 0.00859375 0.01328125
2 0.8875 0.88828125 0.028125 0.028125
2 0.40625 0.31015625 0.01796875 0.01328125
3 0.53359375 0.05625 0.0453125 0.11015625
2 0.428125 0.53359375 0.00390625 0.00703125
2 0.58359375 0.57890625 0.04453125 0.046875
2 0.58515625 0.46328125 0.0171875 0.02265625
2 0.1984375 0.41796875 0.02109375 0.021875
2 0.975 0.88203125 0.0265625 0.06796875
3 0.53984375 0.48828125 0.071875 0.03125
2 0.9640625 0.084375 0.03515625 0.04921875
2 0.97109375 0.59375 0.01328125 0.021875
2 0.6953125 0.97578125 0.0109375 0.01875
2 0.7703125 0.32578125 0.015625 0.01875
2 0.35546875 0.8734375 0.03359375 0.04296875
2 0.02578125 0.35859375 0.0125 0.02109375
0 0.0953125 0.85625 0.190625 0.28515625
2 0.5375 0.92265625 0.0171875 0.02265625
2 0.12890625 0.96484375 0.06484375 0.05234375
2 0.5140625 0.55859375 0.04921875 0.078125
2 0.1578125 0.5515625 0.0171875 0.025
2 0.075 0.28046875 0.01796875 0.025
2 0.4546875 0.91484375 0.0140625 0.015625
2 0.74765625 0.39296875 0.01171875 0.01484375
2 0.9296875 0.5 0.01484375 0.03203125
2 0.66640625 0.54921875 0.02578125 0.03203125
2 0.89375 0.0921875 0.0140625 0.01953125
2 0.096875 0.3546875 0.02734375 0.02265625
2 0.52109375 0.37734375 0.021875 0.028125
2 0.23046875 0.28046875 0.021875 0.02109375
2 0.43203125 0.5515625 0.01171875 0.0125
2 0.6375 0.66171875 0.02890625 0.04765625
2 0.4171875 0.43515625 0.03359375 0.10703125
3 0.775 0.24609375 0.08984375 0.08125
2 0.359375 0.3984375 0.0109375 0.01640625
2 0.3609375 0.34375 0.01328125 0.01796875
2 0.534375 0.425 0.01171875 0.01328125
2 0.4296875 0.896875 0.0421875 0.04453125
2 0.221875 0.31328125 0.01328125 0.015625
2 0.2078125 0.79140625 0.1953125 0.41171875
2 0.6359375 0.46484375 0.009375 0.01171875
2 0.60234375 0.521875 0.0296875 0.04140625
2 0.7625 0.69921875 0.03515625 0.04453125