2 0.18046875 0.4359375 0.034375 0.03671875
2 0.65625 0.70625 0.0265625 0.03359375
2 0.18046875 0.209375 0.00859375 0.021875
5 0.3796875 0.09140625 0.02265625 0.03515625
2 0.296875 0.14609375 0.1015625 0.14375
2 0.54140625 0.396875 0.01796875 0.03515625
2 0.2484375 0.6859375 0.01796875 0.028125
2 0.3671875 0.03671875 0.0140625 0.03359375
2 0.7671875 0.7671875 0.0203125 0.02734375
2 0.4578125 0.79453125 0.0609375 0.11328125
2 0.02421875 0.44765625 0.0078125 0.01796875
2 0.1171875 0.19765625 0.0203125 0.01796875
5 0.27421875 0.1703125 0.021875 0.03203125
2 0.359375 0.00390625 0.0125 0.00703125
2 0.9359375 0.36796875 0.009375 0.02265625
2 0.8765625 0.75703125 0.040625 0.059375
2 0.2859375 0.78203125 0.0109375 0.01953125
2 0.4484375 0.89765625 0.0171875 0.02421875
2 0.08125 0.203125 0.02265625 0.03125
2 0.784375 0.05390625 0.028125 0.040625
2 0.32265625 0.76796875 0.01171875 0.01484375
2 0.18671875 0.7359375 0.0265625 0.02265625
2 0.7671875 0.21484375 0.01171875 0.0125
2 0.975 0.69140625 0.01796875 0.02578125
2 0.2046875 0.80546875 0.1234375 0.096875
2 0.909375 0.625 0.04453125 0.06484375
2 0.99609375 0.75625 0.0078125 0.01875
2 0.990625 0.6109375 0.01796875 0.02734375
2 0.9796875 0.57421875 0.02890625 0.02734375
2 0.278125 0.21328125 0.0171875 0.01640625
2 0.8546875 0.2046875 0.01953125 0.053125
5 0.125 0.2484375 0.02421875 0.03203125
2 0.2015625 0.18203125 0.0203125 0.0125
2 0.79921875 0.19375 0.01796875 0.02890625
2 0.40546875 0.14609375 0.03671875 0.05
0 0.72578125 0.71953125 0.04453125 0.04453125
2 0.08046875 0.31015625 0.02421875 0.028125
5 0.8203125 0.66171875 0.02890625 0.040625
2 0.0703125 0.671875 0.028125 0.03203125
2 0.125 0.49921875 0.01953125 0.01328125
2 0.6875 0.4265625 0.0734375 0.06328125
2 0.34921875 0.96171875 0.009375 0.01640625
2 0.0296875 0.57578125 0.01171875 0.01484375
2 0.1296875 0.1546875 0.0109375 0.01875
2 0.84140625 0.97890625 0.02109375 0.040625
2 0.99609375 0.6953125 0.0078125 0.01796875
2 0.66953125 0.90625 0.01953125 0.02421875
2 0.3109375 0.97890625 0.05078125 0.040625
2 0.146875 0.40546875 0.04609375 0.078125
2 0.834375 0.8890625 0.01484375 0.01875
2 0.73671875 0.81015625 0.03828125 0.03671875
2 0.42890625 0.93984375 0.01328125 0.02890625
2 0.06875 0.16640625 0.01015625 0.015625
2 0.7 0.72734375 0.0296875 0.05234375
2 0.47578125 0.67890625 0.01484375 0.0125
2 0.3984375 0.03671875 0.0171875 0.01015625
2 0.71640625 0.759375 0.01171875 0.0125
2 0.08046875 0.23203125 0.0421875 0.02578125
2 0.590625 0.38046875 0.00703125 0.00859375
2 0.3578125 0.11015625 0.04140625 0.05625
2 0.340625 0.7453125 0.0375 0.028125
2 0.06875 0.26875 0.0265625 0.03515625
2 0.98515625 0.49375 0.01015625 0.01484375
2 0.0203125 0.21328125 0.0171875 0.021875
2 0.05234375 0.884375 0.01640625 0.02890625
2 0.76953125 0.7171875 0.01640625 0.02109375
2 0.6296875 0.44765625 0.0109375 0.025
2 0.6703125 0.303125 0.0109375 0.02265625
2 0.9265625 0.10625 0.0140625 0.015625
2 0.8640625 0.26953125 0.02734375 0.03125
2 0.94765625 0.421875 0.0203125 0.01640625
2 0.00625 0.98515625 0.0125 0.0265625
2 0.9515625 0.6640625 0.03125 0.03046875
5 0.10390625 0.25859375 0.021875 0.03671875
2 0.56171875 0.92578125 0.0125 0.01484375
2 0.80625 0.29375 0.01796875 0.028125
2 0.7125 0.403125 0.021875 0.03203125
2 0.73671875 0.9875 0.0140625 0.02109375
2 0.32265625 0.409375 0.040625 0.05
2 0.8515625 0.4859375 0.05078125 0.08203125
2 0.840625 0.92109375 0.01328125 0.03125
2 0.78515625 0.93984375 0.01015625 0.01796875
0 0.89453125 0.0484375 0.2109375 0.096875
2 0.6625 0.66796875 0.0171875 0.02265625
2 0.3890625 0.884375 0.03515625 0.02421875
2 0.990625 0.921875 0.01796875 0.03203125
2 0.928125 0.46953125 0.0171875 0.02109375
2 0.00546875 0.93828125 0.0109375 0.04140625
2 0.890625 0.678125 0.028125 0.03671875
3 0.3421875 0.403125 0.11484375 0.39453125
2 0.03984375 0.02109375 0.02734375 0.02421875
2 0.5265625 0.91953125 0.034375 0.05625
2 0.35 0.91640625 0.04609375 0.03671875
2 0.8140625 0.64296875 0.0484375 0.028125
2 0.99453125 0.346875 0.0109375 0.0125
2 0.809375 0.60390625 0.02109375 0.01875
2 0.0953125 0.34921875 0.01171875 0.01484375
5 0.1921875 0.89296875 0.025 0.0375
2 0.22734375 0.87734375 0.0296875 0.03515625
2 0.93359375 0.2265625 0.1328125 0.109375
2 0.8890625 0.94296875 0.01953125 0.03125
2 0.1984375 0.0046875 0.009375 0.009375
2 0.0109375 0.7171875 0.02109375 0.07734375
2 0.16015625 0.2546875 0.028125 0.02265625
2 0.653125 0.79140625 0.0578125 0.04765625
2 0.6203125 0.66640625 0.01328125 0.01484375
2 0.375 0.2 0.01328125 0.03125
2 0.159375 0.33984375 0.06171875 0.05390625
2 0.81875 0.20234375 0.01484375 0.01796875
2 0.1921875 0.6859375 0.03203125 0.05
2 0.840625 0.16953125 0.01171875 0.01484375
2 0.2546875 0.86015625 0.01484375 0.01953125
2 0.88125 0.52734375 0.02421875 0.04296875
2 0.0890625 0.090625 0.0453125 0.05234375
2 0.575 0.70859375 0.028125 0.0375
2 0.2875 0.9234375 0.1 0.059375
2 0.9453125 0.725 0.0203125 0.03125
2 0.7390625 0.78671875 0.0109375 0.01640625
2 0.1625 0.74921875 0.0234375 0.04296875
5 0.2640625 0.296875 0.02890625 0.04296875
2 0.0484375 0.1921875 0.03203125 0.07265625
0 0.60703125 0.40546875 0.03203125 0.04453125
2 0.625 0.9546875 0.0140625 0.015625
2 0.6953125 0.53671875 0.06953125 0.13125
2 0.409375 0.37890625 0.04453125 0.02421875
2 0.9359375 0.5984375 0.0234375 0.03046875
2 0.6875 0.01875 0.04140625 0.03515625
2 0.078125 0.50078125 0.0140625 0.02265625
5 0.6484375 0.85703125 0.03046875 0.04453125
2 0.246875 0.62578125 0.03359375 0.03671875
2 0.8421875 0.24765625 0.0265625 0.040625
16 0.53984375 0.19921875 0.315625 0.30390625
2 0.22265625 0.66015625 0.01796875 0.01953125
2 0.7171875 0.66484375 0.015625 0.01640625
2 0.18984375 0.06171875 0.01640625 0.01484375
2 0.6 0.91640625 0.01875 0.021875
2 0.64453125 0.59296875 0.04375 0.078125
2 0.83125 0.60703125 0.01796875 0.02265625
2 0.1578125 0.67109375 0.00859375 0.015625
2 0.76796875 0.31484375 0.01171875 0.02265625
2 0.99296875 0.4390625 0.0140625 0.028125
2 0.240625 0.08203125 0.03671875 0.05078125
2 0.075 0.94921875 0.07578125 0.1
2 0.971875 0.64453125 0.009375 0.01015625
2 0.765625 0.6328125 0.01171875 0.01015625
2 0.9671875 0.51796875 0.009375 0.01015625
0 0.14296875 0.06953125 0.0421875 0.09609375
2 0.109375 0.15703125 0.00390625 0.00625
2 0.99375 0.36953125 0.0125 0.01796875
2 0.14453125 0.921875 0.07734375 0.15078125
2 0.734375 0.184375 0.00703125 0.01171875
2 0.04921875 0.0828125 0.034375 0.04140625
2 0.58203125 0.76953125 0.03203125 0.04921875
2 0.9796875 0.47421875 0.01328125 0.01484375
2 0.76875 0.66953125 0.02109375 0.02265625
2 0.4015625 0.9484375 0.00703125 0.00625
2 0.3984375 0.99453125 0.0140625 0.01015625
2 0.21640625 0.43984375 0.02109375 0.02578125
2 0.08359375 0.00703125 0.0078125 0.0140625
2 0.25234375 0.4171875 0.03125 0.046875
2 0.3828125 0.37734375 0.0140625 0.01796875
2 0.2484375 0.01953125 0.0234375 0.03046875
2 0.76875 0.96953125 0.02109375 0.01953125
2 0.378125 0.82265625 0.0140625 0.02578125
3 0.94765625 0.7359375 0.1046875 0.265625
2 0.2171875 0.04453125 0.009375 0.021875
2 0.16953125 0.01171875 0.01015625 0.01015625
2 0.6921875 0.79453125 0.01953125 0.01875
2 0.3703125 0.77109375 0.01171875 0.040625
2 0.2140625 0.35 0.01328125 0.021875
2 0.8078125 0.99453125 0.01953125 0.00859375
2 0.03125 0.64140625 0.03828125 0.05625
2 0.0484375 0.58046875 0.0234375 0.01953125
2 0.859375 0.44140625 0.01640625 0.01953125
2 0.03515625 0.32578125 0.0703125 0.11171875
2 0.49375 0.88125 0.009375 0.01484375
2 0.58671875 0.82578125 0.03203125 0.03671875
2 0.88671875 0.4359375 0.01015625 0.0125
2 0.8296875 0.10078125 0.0203125 0.01796875
2 0.375 0.98671875 0.02421875 0.02421875
2 0.86328125 0.61484375 0.009375 0.01484375
2 0.990625 0.41484375 0.0109375 0.009375
2 0.4609375 0.58125 0.12265625 0.14140625
2 0.0875 0.55625 0.01015625 0.01171875
2 0.1953125 0.39609375 0.0171875 0.02890625
2 0.83515625 0.80625 0.01484375 0.01875
2 0.9546875 0.309375 0.00703125 0.00859375
2 0.83828125 0.85390625 0.04140625 0.02734375
2 0.2953125 0.70703125 0.0265625 0.02734375
2 0.27421875 0.06640625 0.01328125 0.02265625