2 0.57265625 0.62578125 0.0484375 0.0875
2 0.7796875 0.315625 0.03828125 0.04765625
2 0.515625 0.04453125 0.03203125 0.06328125
2 0.6578125 0.71640625 0.06328125 0.08671875
2 0.8796875 0.96328125 0.03671875 0.03203125
2 0.38515625 0.75390625 0.0359375 0.05390625
2 0.0734375 0.69921875 0.03515625 0.05546875
2 0.884375 0.26875 0.05234375 0.06953125
2 0.2125 0.153125 0.03515625 0.03515625
2 0.5515625 0.18515625 0.0375 0.04609375
2 0.3609375 0.10859375 0.02109375 0.02734375
2 0.075 0.76171875 0.03046875 0.046875
2 0.1640625 0.40390625 0.02890625 0.04140625
2 0.25859375 0.82265625 0.065625 0.040625
2 0.54375 0.40546875 0.02734375 0.021875
2 0.8515625 0.77578125 0.028125 0.02265625
2 0.834375 0.1390625 0.03671875 0.046875
2 0.990625 0.440625 0.01796875 0.040625
2 0.1734375 0.884375 0.028125 0.040625
2 0.009375 0.4453125 0.01796875 0.05234375
2 0.5890625 0.33203125 0.07265625 0.08046875
2 0.109375 0.58515625 0.06484375 0.08046875
2 0.70859375 0.30703125 0.0484375 0.05
2 0.1265625 0.36171875 0.0546875 0.05546875
2 0.425 0.37265625 0.04609375 0.05078125
2 0.3015625 0.86796875 0.02109375 0.03125
2 0.0765625 0.38828125 0.02890625 0.04609375
2 0.6421875 0.41953125 0.01484375 0.01875
2 0.5328125 0.50546875 0.153125 0.175
2 0.72890625 0.3953125 0.0265625 0.040625
2 0.72890625 0.78671875 0.03828125 0.05390625
2 0.584375 0.24765625 0.05546875 0.0375
2 0.93359375 0.74453125 0.028125 0.040625
2 0.215625 0.81484375 0.025 0.04609375
2 0.465625 0.63203125 0.09375 0.13359375
2 0.8328125 0.8375 0.034375 0.06796875
2 0.878125 0.19453125 0.034375 0.05625
2 0.6984375 0.6375 0.07265625 0.05
2 0.259375 0.74609375 0.03046875 0.02734375
2 0.53125 0.82421875 0.04453125 0.07734375
2 0.03125 0.73515625 0.0625 0.1125
2 0.6109375 0.11328125 0.0515625 0.05859375
2 0.4390625 0.8171875 0.0234375 0.03046875
2 0.9234375 0.6390625 0.03359375 0.05
2 0.75546875 0.88125 0.01328125 0.01484375
2 0.7296875 0.53046875 0.03203125 0.04921875
2 0.3015625 0.18828125 0.03125 0.04296875
2 0.403125 0.0484375 0.05859375 0.06171875
2 0.2609375 0.07109375 0.05859375 0.08359375
2 0.0421875 0.38046875 0.03125 0.04765625
2 0.08125 0.45 0.03828125 0.05390625
2 0.89453125 0.48046875 0.0453125 0.07421875
2 0.82890625 0.35390625 0.04140625 0.03359375
2 0.1375 0.10703125 0.0421875 0.05078125
2 0.93359375 0.7890625 0.028125 0.04609375