2 0.0125 0.07734375 0.025 0.03984375
0 0.33828125 0.13203125 0.0234375 0.03203125
2 0.5828125 0.32890625 0.0125 0.02578125
2 0.70703125 0.19296875 0.01953125 0.03203125
2 0.2484375 0.98046875 0.06640625 0.03671875
2 0.39140625 0.38046875 0.01953125 0.04296875
2 0.721875 0.93046875 0.0203125 0.01796875
2 0.5453125 0.11796875 0.03125 0.02734375
2 0.80625 0.04296875 0.0265625 0.05078125
2 0.7125 0.8234375 0.08671875 0.140625
2 0.0375 0.81484375 0.0234375 0.04453125
2 0.9546875 0.27734375 0.03046875 0.03671875
2 0.2140625 0.4453125 0.03203125 0.04453125
2 0.9140625 0.0140625 0.0140625 0.01796875
2 0.33125 0.74765625 0.01796875 0.01875
2 0.1984375 0.54921875 0.034375 0.015625
2 0.7546875 0.26328125 0.02265625 0.103125
2 0.97578125 0.58828125 0.0484375 0.1578125
2 0.321875 0.9484375 0.05859375 0.10078125
2 0.009375 0.35859375 0.01796875 0.03359375
2 0.9390625 0.365625 0.03671875 0.1
2 0.4515625 0.08125 0.02421875 0.03359375
2 0.646875 0.77578125 0.03203125 0.059375
2 0.028125 0.5671875 0.05625 0.10546875
2 0.4546875 0.72734375 0.04453125 0.03359375
2 0.38046875 0.84921875 0.259375 0.18515625
2 0.6953125 0.0953125 0.06328125 0.059375
2 0.97734375 0.90234375 0.0453125 0.0828125
2 0.1828125 0.078125 0.02109375 0.02890625
2 0.66796875 0.71796875 0.03359375 0.059375
2 0.58125 0.47265625 0.0171875 0.03515625
2 0.575 0.45390625 0.02421875 0.01875
2 0.4859375 0.3609375 0.04453125 0.01953125
2 0.771875 0.48203125 0.0546875 0.06015625
2 0.4421875 0.05546875 0.01328125 0.021875
2 0.9125 0.34921875 0.01796875 0.02578125
2 0.0609375 0.4328125 0.0203125 0.02421875
2 0.4296875 0.17890625 0.0265625 0.015625
0 0.640625 0.6140625 0.03046875 0.04921875
2 0.00625 0.8234375 0.0125 0.015625
2 0.57421875 0.990625 0.0234375 0.01875
2 0.7828125 0.40546875 0.028125 0.04609375
2 0.6453125 0.05703125 0.03203125 0.03359375
2 0.184375 0.47265625 0.028125 0.115625
2 0.103125 0.44609375 0.01640625 0.03515625
2 0.8171875 0.75390625 0.0265625 0.02421875
2 0.0109375 0.71328125 0.02109375 0.03359375
2 0.65703125 0.15703125 0.01640625 0.04140625
2 0.8453125 0.734375 0.0234375 0.04453125
2 0.515625 0.04609375 0.103125 0.08828125
0 0.3296875 0.053125 0.0375 0.05
2 0.70859375 0.0140625 0.0265625 0.01953125
2 0.190625 0.659375 0.021875 0.02578125
2 0.653125 0.8609375 0.04765625 0.05
2 0.23125 0.37109375 0.06640625 0.1
2 0.7546875 0.4140625 0.03125 0.06171875
2 0.86328125 0.32890625 0.0296875 0.028125
2 0.546875 0.203125 0.03203125 0.03203125
2 0.4328125 0.46015625 0.0234375 0.04296875
2 0.309375 0.8984375 0.01796875 0.03671875
2 0.2328125 0.9453125 0.0140625 0.03359375
5 0.196875 0.2078125 0.025 0.046875
2 0.93359375 0.68828125 0.01640625 0.03046875
0 0.55078125 0.85703125 0.03515625 0.04453125
2 0.840625 0.30078125 0.01640625 0.07265625
2 0.6078125 0.90078125 0.04296875 0.03125
2 0.384375 0.85625 0.02109375 0.0375
2 0.8171875 0.49140625 0.025 0.03828125
2 0.8109375 0.125 0.02265625 0.02734375
2 0.7046875 0.125 0.03125 0.04765625
0 0.80078125 0.59765625 0.01328125 0.03203125
2 0.4390625 0.98359375 0.01796875 0.01875
2 0.096875 0.03359375 0.0171875 0.021875
2 0.021875 0.284375 0.03203125 0.07109375
2 0.81484375 0.83984375 0.1296875 0.153125
2 0.30546875 0.68359375 0.04453125 0.06875
2 0.9890625 0.46484375 0.0140625 0.03046875
2 0.8015625 0.17890625 0.07890625 0.07421875
2 0.9390625 0.49765625 0.01328125 0.02265625
2 0.61171875 0.30390625 0.028125 0.04140625
2 0.7015625 0.59453125 0.01328125 0.01953125
2 0.690625 0.32578125 0.03515625 0.03125
2 0.2296875 0.18203125 0.0203125 0.03359375
2 0.8984375 0.76484375 0.0234375 0.02734375
5 0.8984375 0.61171875 0.01640625 0.01796875
2 0.74296875 0.10390625 0.03203125 0.021875
2 0.32421875 0.50703125 0.03125 0.040625
2 0.1859375 0.12734375 0.01171875 0.028125
2 0.3859375 0.015625 0.07578125 0.028125
2 0.0171875 0.21953125 0.01953125 0.015625
2 0.87109375 0.56640625 0.05859375 0.07109375
2 0.859375 0.61796875 0.028125 0.02421875
2 0.77421875 0.15078125 0.04453125 0.065625
2 0.0125 0.46953125 0.0234375 0.02734375
2 0.3921875 0.15390625 0.06171875 0.165625
2 0.2421875 0.5171875 0.01171875 0.01640625
2 0.5890625 0.7796875 0.0171875 0.01875
0 0.27109375 0.2078125 0.0265625 0.04453125
2 0.240625 0.06171875 0.04453125 0.06171875
2 0.72265625 0.9859375 0.04609375 0.02578125
2 0.0734375 0.66171875 0.0203125 0.01875
2 0.0828125 0.41640625 0.01640625 0.01953125
2 0.75625 0.6375 0.0453125 0.04140625
2 0.55625 0.0796875 0.059375 0.05546875
2 0.190625 0.940625 0.0265625 0.05625
2 0.5484375 0.46796875 0.02109375 0.03671875
2 0.65859375 0.32421875 0.03125 0.04140625
2 0.184375 0.03515625 0.03125 0.040625
2 0.528125 0.41328125 0.04140625 0.05
2 0.81640625 0.67734375 0.0203125 0.040625
2 0.63671875 0.10625 0.025 0.02890625
2 0.953125 0.8265625 0.05859375 0.06953125
2 0.2625 0.55546875 0.02421875 0.06953125
2 0.390625 0.73671875 0.0671875 0.05546875
2 0.534375 0.1484375 0.0203125 0.03359375
2 0.38125 0.67265625 0.03203125 0.03984375
2 0.7015625 0.66953125 0.0453125 0.07734375
2 0.4421875 0.625 0.0171875 0.03203125
2 0.55 0.79765625 0.05625 0.02578125
2 0.35625 0.58984375 0.01484375 0.02734375
2 0.80078125 0.95390625 0.04140625 0.05546875
2 0.6375 0.51328125 0.05234375 0.11015625
2 0.39609375 0.5625 0.021875 0.04453125
2 0.6578125 0.83515625 0.01484375 0.01875
2 0.20703125 0.06875 0.01484375 0.01875
2 0.86171875 0.05234375 0.0203125 0.05390625
2 0.903125 0.6671875 0.034375 0.05703125
2 0.7328125 0.028125 0.04765625 0.04296875
2 0.2046875 0.6015625 0.0203125 0.03125
2 0.059375 0.63671875 0.02421875 0.03046875
2 0.09375 0.2625 0.01796875 0.03671875
2 0.846875 0.49140625 0.021875 0.04140625
2 0.74140625 0.3265625 0.0234375 0.02421875
2 0.96171875 0.74609375 0.0765625 0.07421875
2 0.23046875 0.65859375 0.0234375 0.0375
2 0.06484375 0.13984375 0.0515625 0.12421875
2 0.396875 0.29609375 0.03359375 0.03359375
2 0.1640625 0.71796875 0.0171875 0.03125
4 0.415625 0.37109375 0.83046875 0.58359375
2 0.1484375 0.234375 0.0140625 0.01796875
2 0.9703125 0.29453125 0.03828125 0.07734375
0 0.3 0.08828125 0.01796875 0.021875
2 0.0578125 0.171875 0.01796875 0.021875
2 0.075 0.27734375 0.01171875 0.01796875
2 0.928125 0.59921875 0.0546875 0.05
2 0.7171875 0.3734375 0.06328125 0.06171875
2 0.2953125 0.3265625 0.07734375 0.14296875
2 0.55703125 0.3203125 0.02734375 0.03671875
2 0.1328125 0.0328125 0.01484375 0.01953125
2 0.0859375 0.5578125 0.02109375 0.03203125
2 0.66796875 0.93203125 0.025 0.028125
2 0.6359375 0.68203125 0.03046875 0.084375
2 0.4046875 0.9765625 0.02421875 0.046875
2 0.96484375 0.4671875 0.021875 0.03671875
2 0.29296875 0.93515625 0.01484375 0.01640625
2 0.6546875 0.40078125 0.06171875 0.10703125
2 0.915625 0.984375 0.02734375 0.028125
2 0.11484375 0.75234375 0.0484375 0.05234375
2 0.51328125 0.4703125 0.0140625 0.01875
2 0.8921875 0.79140625 0.02109375 0.02421875
2 0.39375 0.046875 0.0203125 0.02734375
2 0.91328125 0.8375 0.028125 0.075
2 0.60625 0.25390625 0.01640625 0.03203125
0 0.8859375 0.509375 0.040625 0.04296875
2 0.3296875 0.16953125 0.0171875 0.01953125
2 0.47578125 0.15078125 0.075 0.09765625
2 0.4296875 0.23203125 0.02109375 0.04609375
2 0.5734375 0.43046875 0.01328125 0.021875
2 0.04140625 0.04296875 0.021875 0.06484375
2 0.41171875 0.25234375 0.03359375 0.03046875
2 0.7640625 0.34765625 0.0125 0.040625
0 0.5890625 0.375 0.0265625 0.0375
2 0.5 0.275 0.03203125 0.06328125
2 0.98671875 0.22265625 0.0265625 0.046875
2 0.346875 0.440625 0.04296875 0.05078125
2 0.5046875 0.43046875 0.01796875 0.028125
2 0.24375 0.225 0.0484375 0.05234375
2 0.853125 0.2390625 0.04453125 0.04609375
2 0.640625 0.82578125 0.01171875 0.01875
2 0.2671875 0.403125 0.03515625 0.0375
2 0.9421875 0.1328125 0.02265625 0.04609375
2 0.0609375 0.03515625 0.0140625 0.015625
2 0.1828125 0.25078125 0.0390625 0.125
2 0.06953125 0.84453125 0.0265625 0.040625
2 0.409375 0.15546875 0.01953125 0.02734375
2 0.70703125 0.05546875 0.0375 0.02578125