2 0.7546875 0.52109375 0.0578125 0.06171875
2 0.1359375 0.81953125 0.04140625 0.06171875
2 0.96875 0.61328125 0.06171875 0.05625
2 0.88671875 0.26796875 0.03125 0.0375
2 0.1953125 0.671875 0.0390625 0.05390625
0 0.46171875 0.07109375 0.0609375 0.08671875
2 0.1390625 0.28203125 0.07734375 0.07265625
2 0.3859375 0.37265625 0.0484375 0.06015625
2 0.81796875 0.91171875 0.04140625 0.06328125
2 0.28359375 0.7609375 0.04765625 0.06171875
2 0.4390625 0.31953125 0.06015625 0.040625
0 0.9796875 0.96953125 0.040625 0.05625
2 0.315625 0.65859375 0.0359375 0.04296875
2 0.121875 0.72734375 0.05859375 0.03671875
2 0.27421875 0.52265625 0.03203125 0.06484375
2 0.4203125 0.58515625 0.0421875 0.07109375
2 0.521875 0.90703125 0.04296875 0.0375
2 0.83515625 0.0203125 0.03359375 0.0375
2 0.3265625 0.5875 0.04921875 0.08671875
2 0.2 0.60859375 0.0265625 0.02578125
2 0.93046875 0.35234375 0.034375 0.03203125
2 0.8453125 0.7125 0.02109375 0.04609375
2 0.7625 0.92265625 0.0375 0.05
0 0.2640625 0.61640625 0.02734375 0.03515625
3 0.55078125 0.18671875 0.1140625 0.37109375
2 0.10625 0.21328125 0.0203125 0.046875
2 0.8453125 0.55859375 0.07578125 0.08203125
0 0.1859375 0.15703125 0.09765625 0.184375
2 0.98984375 0.07421875 0.0203125 0.07890625
2 0.95859375 0.4 0.0828125 0.065625
2 0.9 0.5328125 0.028125 0.04140625
2 0.640625 0.9796875 0.04609375 0.0375
2 0.371875 0.5765625 0.04765625 0.05390625
2 0.921875 0.75546875 0.028125 0.03984375
2 0.56875 0.58359375 0.03359375 0.04453125
2 0.8671875 0.41640625 0.04921875 0.05625
2 0.88203125 0.72890625 0.04609375 0.075
2 0.5359375 0.06875 0.03671875 0.0375
0 0.0453125 0.06328125 0.04609375 0.06953125
0 0.16640625 0.96953125 0.0703125 0.05625
2 0.0953125 0.5015625 0.05546875 0.05625
2 0.80859375 0.81640625 0.0359375 0.05546875
2 0.3796875 0.62578125 0.02421875 0.028125
2 0.51796875 0.234375 0.034375 0.05
2 0.5859375 0.6640625 0.0578125 0.06171875
2 0.79375 0.98046875 0.03203125 0.03359375
14 0.59921875 0.53671875 0.20859375 0.921875
2 0.375 0.8140625 0.0671875 0.05703125
2 0.60625 0.01875 0.03046875 0.02890625
2 0.26015625 0.11640625 0.06875 0.14296875
3 0.140625 0.3859375 0.28125 0.134375
2 0.5140625 0.7640625 0.02890625 0.05234375
2 0.475 0.759375 0.0265625 0.03203125
2 0.1546875 0.5609375 0.03125 0.05234375
2 0.97734375 0.8390625 0.0453125 0.071875
0 0.0359375 0.2671875 0.071875 0.1
2 0.621875 0.35234375 0.05546875 0.07109375
2 0.64296875 0.00703125 0.0265625 0.0140625
2 0.03671875 0.88828125 0.0515625 0.11875
2 0.4953125 0.48203125 0.01796875 0.02421875
2 0.4171875 0.16953125 0.02109375 0.03125
2 0.290625 0.81953125 0.02421875 0.03359375
2 0.23125 0.77109375 0.0734375 0.14375
2 0.64296875 0.1234375 0.028125 0.0375
2 0.68984375 0.03671875 0.03125 0.0375
2 0.48046875 0.5875 0.04765625 0.06484375
2 0.3671875 0.4421875 0.096875 0.06484375
2 0.75234375 0.4125 0.1421875 0.14453125
2 0.8578125 0.80078125 0.04140625 0.046875
0 0.8265625 0.3109375 0.02421875 0.03125
2 0.8 0.24296875 0.02734375 0.02265625
2 0.884375 0.08359375 0.05078125 0.06171875
2 0.0765625 0.6640625 0.06328125 0.16171875
2 0.98203125 0.7359375 0.0359375 0.06015625
2 0.9265625 0.509375 0.021875 0.02734375
2 0.5296875 0.528125 0.07890625 0.07265625
2 0.2078125 0.45390625 0.03125 0.04296875
0 0.35546875 0.92421875 0.23125 0.14921875
2 0.296875 0.39296875 0.01953125 0.02265625
0 0.890625 0.19921875 0.13671875 0.15234375
2 0.9921875 0.234375 0.01484375 0.08203125
2 0.9359375 0.85703125 0.025 0.03828125
2 0.32265625 0.028125 0.05625 0.04296875
2 0.334375 0.215625 0.08046875 0.10625
2 0.27890625 0.259375 0.053125 0.07265625
2 0.77265625 0.0296875 0.0296875 0.03203125
2 0.52578125 0.66640625 0.059375 0.06875