2 0.0421875 0.70859375 0.084375 0.18828125
2 0.7015625 0.3078125 0.1390625 0.06796875
2 0.9890625 0.67890625 0.021875 0.13359375
2 0.1859375 0.58828125 0.034375 0.03671875
2 0.8765625 0.89375 0.0765625 0.20390625
2 0.8984375 0.35546875 0.06796875 0.06328125
2 0.0484375 0.42109375 0.01796875 0.02890625
2 0.7203125 0.62109375 0.125 0.146875
2 0.8546875 0.49453125 0.07265625 0.10234375
2 0.178125 0.10390625 0.06015625 0.065625
2 0.3125 0.83046875 0.02109375 0.03515625
2 0.5078125 0.56484375 0.0546875 0.071875
2 0.96171875 0.334375 0.0765625 0.078125
2 0.2640625 0.19453125 0.03046875 0.04140625
2 0.625 0.86640625 0.0515625 0.04140625
2 0.625 0.253125 0.1625 0.07109375
2 0.25234375 0.08984375 0.10546875 0.15625
2 0.3671875 0.81796875 0.025 0.04140625
2 0.5625 0.91328125 0.10078125 0.09609375
2 0.04296875 0.225 0.053125 0.05546875
2 0.81640625 0.29296875 0.09296875 0.06171875
2 0.11796875 0.32578125 0.04609375 0.06015625
2 0.1828125 0.71328125 0.0796875 0.06875
2 0.21875 0.2890625 0.10546875 0.12109375
2 0.08203125 0.1578125 0.11015625 0.11171875
2 0.63671875 0.68984375 0.065625 0.1
2 0.890625 0.65390625 0.0265625 0.046875
2 0.078125 0.04609375 0.06953125 0.078125
2 0.7296875 0.48359375 0.0234375 0.06796875
2 0.57890625 0.35625 0.04140625 0.06171875
2 0.4640625 0.9484375 0.0234375 0.03359375
2 0.72109375 0.07578125 0.03125 0.04140625
2 0.33125 0.31328125 0.0421875 0.05625
2 0.8125 0.59296875 0.0375 0.103125
2 0.25078125 0.72734375 0.03046875 0.03203125
2 0.49765625 0.16171875 0.0390625 0.04296875
2 0.8578125 0.11796875 0.284375 0.21875
2 0.7578125 0.84921875 0.08984375 0.296875
2 0.66015625 0.975 0.09453125 0.046875
2 0.6734375 0.80390625 0.09375 0.10546875
2 0.253125 0.9234375 0.02890625 0.059375
2 0.5828125 0.77734375 0.0515625 0.08828125
2 0.140625 0.48515625 0.08984375 0.11875
2 0.559375 0.7078125 0.05234375 0.04453125
2 0.96171875 0.78359375 0.0765625 0.0640625
2 0.3578125 0.8734375 0.03046875 0.03203125
2 0.2859375 0.57421875 0.0375 0.03828125
2 0.9671875 0.86796875 0.05625 0.07421875
2 0.4328125 0.303125 0.1046875 0.18984375
2 0.45546875 0.73359375 0.08046875 0.10546875
2 0.715625 0.13515625 0.02734375 0.046875
2 0.609375 0.11328125 0.0234375 0.04453125
2 0.7625 0.23359375 0.040625 0.05
2 0.284375 0.78515625 0.0203125 0.03671875
2 0.57109375 0.16640625 0.04921875 0.03515625
2 0.94140625 0.48671875 0.10859375 0.103125
14 0.5 0.38671875 1 0.15390625