14 0.5 0.28515625 1 0.5125
0 0.17265625 0.16328125 0.2265625 0.3265625
2 0.91875 0.38828125 0.0796875 0.08671875
0 0.5875 0.48828125 0.13125 0.19921875
0 0.9734375 0.74296875 0.05234375 0.246875
2 0.94140625 0.9234375 0.1171875 0.15078125
2 0.3265625 0.7734375 0.0515625 0.0875
2 0.7015625 0.46015625 0.03203125 0.13515625
14 0.47421875 0.49921875 0.4046875 0.9984375
2 0.24453125 0.9703125 0.0390625 0.04765625
2 0.4265625 0.16015625 0.06171875 0.08984375
2 0.08125 0.92421875 0.0484375 0.05
2 0.196875 0.528125 0.0421875 0.075
2 0.334375 0.97890625 0.03203125 0.03984375
0 0.81796875 0.934375 0.16015625 0.12890625
2 0.81875 0.403125 0.03203125 0.05078125
2 0.9296875 0.2796875 0.11015625 0.115625