5 0.5796875 0.53671875 0.2953125 0.38359375
2 0.815625 0.8796875 0.0453125 0.103125
2 0.43125 0.0421875 0.04921875 0.071875
2 0.3078125 0.884375 0.0625 0.22265625
2 0.8359375 0.63203125 0.05078125 0.09375
2 0.5625 0.0328125 0.04296875 0.04453125
2 0.85625 0.240625 0.07734375 0.10234375
3 0.3765625 0.56328125 0.753125 0.5203125
2 0.96328125 0.08984375 0.071875 0.06953125
2 0.51328125 0.14921875 0.12890625 0.19921875
2 0.14296875 0.87734375 0.04609375 0.04140625
2 0.7625 0.50390625 0.06328125 0.10234375
2 0.11875 0.10859375 0.025 0.0375
2 0.215625 0.86328125 0.10859375 0.153125
2 0.94921875 0.8359375 0.09765625 0.13203125
2 0.2171875 0.4609375 0.24609375 0.23125
2 0.353125 0.28515625 0.1171875 0.09375
2 0.7984375 0.68828125 0.05625 0.05546875
2 0.93046875 0.9625 0.0484375 0.06796875
2 0.725 0.90078125 0.11484375 0.10703125
2 0.96171875 0.64296875 0.0765625 0.15859375
2 0.18203125 0.73515625 0.03125 0.0375
2 0.5953125 0.96796875 0.125 0.059375
2 0.125 0.7921875 0.03359375 0.046875
2 0.81875 0.79140625 0.0515625 0.06328125
2 0.45 0.9078125 0.1015625 0.13046875
2 0.0546875 0.89375 0.05625 0.04296875
2 0.38671875 0.52109375 0.071875 0.25546875
2 0.89453125 0.40078125 0.16796875 0.20234375