2 0.2765625 0.071875 0.06171875 0.09296875
5 0.24375 0.22578125 0.08203125 0.1
2 0.1859375 0.071875 0.0484375 0.08203125
2 0.159375 0.34140625 0.05625 0.08046875
2 0.4734375 0.48828125 0.08359375 0.13046875
2 0.3046875 0.21796875 0.05234375 0.06171875
2 0.81796875 0.41953125 0.1359375 0.196875
2 0.2484375 0.69296875 0.09296875 0.10078125
2 0.69609375 0.75703125 0.0515625 0.07109375
2 0.878125 0.86796875 0.24375 0.26015625
2 0.3421875 0.51328125 0.040625 0.04765625
2 0.3359375 0.30078125 0.08984375 0.1375
2 0.6078125 0.2703125 0.03359375 0.06484375
5 0.503125 0.32421875 0.05859375 0.075
2 0.08203125 0.06953125 0.1640625 0.13828125
2 0.371875 0.05703125 0.13125 0.11171875
2 0.8171875 0.16796875 0.365625 0.33359375
2 0.0375 0.515625 0.0546875 0.25078125
2 0.30234375 0.1390625 0.040625 0.03671875
2 0.440625 0.84140625 0.2921875 0.31484375
2 0.771875 0.721875 0.0796875 0.08828125
5 0.0890625 0.36640625 0.06484375 0.078125
2 0.03125 0.2578125 0.06171875 0.13125
2 0.3921875 0.15234375 0.1234375 0.06796875
2 0.5171875 0.2109375 0.134375 0.171875
2 0.6796875 0.57578125 0.1171875 0.22734375
2 0.1046875 0.88046875 0.15703125 0.23046875
2 0.4109375 0.49765625 0.03828125 0.06015625
2 0.2671875 0.89140625 0.184375 0.21171875
2 0.5625 0.77265625 0.14296875 0.23984375
14 0.465625 0.5515625 0.93125 0.853125
2 0.171875 0.51484375 0.25625 0.30625
2 0.1125 0.24375 0.07265625 0.12265625
5 0.2703125 0.57109375 0.10390625 0.13984375
2 0.175 0.73515625 0.0234375 0.03515625
2 0.4671875 0.64453125 0.0484375 0.05703125
2 0.22890625 0.03828125 0.034375 0.03828125
2 0.028125 0.83359375 0.05625 0.24140625
2 0.2375 0.11328125 0.040625 0.03203125
2 0.965625 0.40078125 0.06875 0.16171875
2 0.0140625 0.64921875 0.028125 0.10234375
2 0.4484375 0.08125 0.021875 0.05234375
2 0.7703125 0.58125 0.05234375 0.17578125
2 0.915625 0.528125 0.16796875 0.39453125
2 0.390625 0.54609375 0.040625 0.05078125
2 0.6625 0.89140625 0.16328125 0.20859375
2 0.8421875 0.64609375 0.09921875 0.19453125
2 0.69375 0.403125 0.12109375 0.14296875
2 0.54609375 0.06484375 0.1765625 0.1296875
2 0.8015625 0.96328125 0.11484375 0.07109375
2 0.2421875 0.31328125 0.11015625 0.075
2 0.47265625 0.57734375 0.05078125 0.04140625
2 0.6390625 0.17265625 0.0875 0.084375
2 0.1359375 0.7578125 0.06875 0.06953125
2 0.346875 0.409375 0.1015625 0.084375
2 0.434375 0.375 0.04609375 0.059375
2 0.5890625 0.44921875 0.08046875 0.16953125
2 0.3765625 0.64296875 0.09296875 0.07890625
2 0.175 0.240625 0.06015625 0.096875
5 0.66015625 0.965625 0.05859375 0.065625
2 0.88125 0.0390625 0.084375 0.07265625
2 0.0953125 0.6859375 0.10078125 0.10078125