2 0.2234375 0.48828125 0.2046875 0.18203125
2 0.9671875 0.17578125 0.06484375 0.08203125
2 0.721875 0.27265625 0.04140625 0.03828125
5 0.0515625 0.7046875 0.103125 0.15
2 0.14375 0.93828125 0.12578125 0.12109375
2 0.3546875 0.91953125 0.12109375 0.15859375
2 0.5765625 0.5328125 0.25703125 0.28828125
2 0.328125 0.76171875 0.0765625 0.09140625
2 0.4515625 0.89609375 0.0765625 0.17578125
2 0.359375 0.70078125 0.028125 0.04296875
2 0.0546875 0.8875 0.10859375 0.221875
2 0.88046875 0.41875 0.2390625 0.365625
2 0.41875 0.74609375 0.0828125 0.11953125
2 0.640625 0.89921875 0.1359375 0.171875
2 0.76875 0.1734375 0.0515625 0.096875
14 0.46015625 0.4984375 0.49921875 0.996875
2 0.17265625 0.7875 0.128125 0.16953125
2 0.1265625 0.19921875 0.253125 0.39765625
2 0.959375 0.03984375 0.08046875 0.07890625
2 0.72734375 0.490625 0.0859375 0.2125
2 0.9453125 0.89375 0.10859375 0.20703125
2 0.45703125 0.46328125 0.02734375 0.0375
2 0.390625 0.12265625 0.0484375 0.084375
2 0.0640625 0.54296875 0.128125 0.18203125
2 0.18359375 0.640625 0.15703125 0.13046875
2 0.55 0.94921875 0.11015625 0.1
2 0.2953125 0.07421875 0.0859375 0.09375
2 0.87890625 0.71484375 0.2421875 0.228125
2 0.39375 0.240625 0.06875 0.12421875
2 0.4109375 0.03203125 0.065625 0.06015625
2 0.834375 0.140625 0.06171875 0.11171875
2 0.93125 0.11796875 0.03203125 0.03984375
2 0.825 0.93828125 0.125 0.115625
2 0.7546875 0.92578125 0.09453125 0.084375
2 0.725 0.7546875 0.06953125 0.08203125
2 0.7609375 0.05859375 0.0859375 0.11171875
2 0.86171875 0.04140625 0.103125 0.08203125
2 0.7859375 0.26484375 0.0390625 0.08125
2 0.51328125 0.81640625 0.10859375 0.16015625
2 0.7171875 0.33203125 0.10078125 0.09140625
2 0.625 0.32890625 0.08046875 0.10078125
2 0.890625 0.13828125 0.06328125 0.10234375
2 0.63125 0.73515625 0.11328125 0.153125
2 0.68203125 0.196875 0.0515625 0.11640625
2 0.73125 0.85390625 0.04609375 0.07265625
2 0.47265625 0.18828125 0.09453125 0.15625
2 0.2828125 0.278125 0.2078125 0.28515625
2 0.3984375 0.609375 0.06875 0.11484375
2 0.153125 0.41484375 0.02421875 0.03671875