2 0.13125 0.68203125 0.02734375 0.03984375
2 0.309375 0.24765625 0.0375 0.0375
2 0.590625 0.3453125 0.04453125 0.04296875
2 0.68046875 0.16640625 0.0421875 0.04609375
2 0.640625 0.99296875 0.02421875 0.00859375
2 0.2390625 0.26796875 0.04140625 0.07421875
2 0.2203125 0.10390625 0.03671875 0.05390625
2 0.17421875 0.18671875 0.021875 0.02734375
2 0.88125 0.26171875 0.03359375 0.040625
2 0.15 0.49453125 0.03125 0.04765625
2 0.428125 0.59765625 0.04140625 0.05234375
2 0.0359375 0.73125 0.04921875 0.12421875
2 0.9453125 0.86640625 0.0265625 0.03203125
2 0.6875 0.55390625 0.0265625 0.03125
2 0.25 0.91953125 0.06484375 0.07421875
17 0.27890625 0.85703125 0.02109375 0.02890625
2 0.2984375 0.19921875 0.03203125 0.04765625
2 0.3890625 0.19296875 0.02734375 0.04140625
2 0.3390625 0.15546875 0.040625 0.046875
2 0.1546875 0.3984375 0.03671875 0.05234375
2 0.29296875 0.68828125 0.02734375 0.03515625
2 0.6109375 0.40546875 0.05234375 0.075
2 0.9046875 0.08046875 0.04765625 0.07109375
2 0.5921875 0.0890625 0.03203125 0.07734375
2 0.8 0.73359375 0.0890625 0.225
2 0.078125 0.85625 0.0703125 0.11875
2 0.078125 0.98359375 0.05234375 0.02890625
2 0.32265625 0.82265625 0.040625 0.04921875
2 0.2203125 0.04375 0.01796875 0.028125
2 0.1875 0.41796875 0.0453125 0.10234375
2 0.47578125 0.24609375 0.0359375 0.04140625
2 0.5359375 0.83984375 0.0265625 0.04296875
2 0.4046875 0.89140625 0.0265625 0.03046875
2 0.7375 0.33828125 0.0453125 0.075
2 0.31484375 0.0171875 0.025 0.03203125
2 0.72265625 0.39765625 0.03046875 0.046875
2 0.9890625 0.85078125 0.021875 0.04921875
2 0.6421875 0.1953125 0.03046875 0.03671875
2 0.1390625 0.95859375 0.03203125 0.05390625
2 0.84375 0.0546875 0.03359375 0.03359375
2 0.9546875 0.95 0.0234375 0.03203125
2 0.2046875 0.73515625 0.06171875 0.040625
2 0.7421875 0.1953125 0.02421875 0.03359375
2 0.5921875 0.546875 0.0390625 0.08125
2 0.2953125 0.07109375 0.0265625 0.03203125
2 0.81875 0.2578125 0.021875 0.02890625
3 0.721875 0.05859375 0.22890625 0.115625
2 0.790625 0.2171875 0.02421875 0.03125
2 0.9625 0.38671875 0.028125 0.05625
2 0.33671875 0.64765625 0.021875 0.02890625
2 0.921875 0.521875 0.05234375 0.109375
2 0.55390625 0.2296875 0.0375 0.04609375
2 0.4453125 0.321875 0.0375 0.03671875
2 0.265625 0.05078125 0.04609375 0.06171875
2 0.6265625 0.1234375 0.0234375 0.02890625
2 0.5328125 0.96328125 0.0234375 0.02578125
2 0.68203125 0.40234375 0.03515625 0.0375
2 0.4390625 0.64921875 0.028125 0.0375
2 0.2828125 0.0140625 0.01484375 0.01796875
2 0.91015625 0.671875 0.0359375 0.040625
2 0.5171875 0.33203125 0.04296875 0.059375
2 0.88046875 0.940625 0.0234375 0.02890625
2 0.66875 0.51640625 0.05078125 0.04609375
4 0.4640625 0.6234375 0.846875 0.71796875
2 0.49375 0.01796875 0.028125 0.03359375
2 0.0828125 0.225 0.03125 0.06875
2 0.6265625 0.51171875 0.01796875 0.02578125
2 0.653125 0.32421875 0.0234375 0.02890625
2 0.4078125 0.68046875 0.034375 0.05
2 0.99375 0.6046875 0.01171875 0.03046875
2 0.42578125 0.37578125 0.06171875 0.090625
2 0.840625 0.14609375 0.0515625 0.05546875
2 0.7359375 0.70234375 0.025 0.03671875
2 0.9859375 0.76796875 0.02734375 0.0375
2 0.690625 0.97890625 0.0203125 0.03671875
2 0.4734375 0.56953125 0.03671875 0.071875
2 0.3125 0.51171875 0.0421875 0.0375
2 0.8640625 0.38671875 0.040625 0.05
2 0.5125 0.93984375 0.02421875 0.03203125
2 0.36328125 0.30546875 0.0734375 0.10703125
2 0.48125 0.81796875 0.03828125 0.05859375
2 0.4328125 0.25390625 0.034375 0.075
2 0.13046875 0.03671875 0.0375 0.05078125
2 0.5484375 0.4125 0.02421875 0.02890625
2 0.446875 0.05234375 0.04921875 0.075
2 0.86875 0.43359375 0.0359375 0.03671875
2 0.95 0.24609375 0.03359375 0.04140625