2 0.3890625 0.47734375 0.18828125 0.134375
2 0.7390625 0.51328125 0.20546875 0.22421875
2 0.10625 0.4 0.2 0.19296875
2 0.17890625 0.18671875 0.115625 0.16640625
2 0.059375 0.14921875 0.11796875 0.29609375
3 0.57109375 0.8625 0.8578125 0.2625
2 0.859375 0.171875 0.11484375 0.1375
4 0.46875 0.69765625 0.93671875 0.56171875
2 0.403125 0.26875 0.24375 0.13125
3 0.75546875 0.0484375 0.4890625 0.09375
2 0.1546875 0.78203125 0.309375 0.43359375
3 0.76171875 0.40078125 0.4765625 0.79921875
2 0.596875 0.44375 0.1 0.15859375
2 0.2359375 0.42421875 0.0765625 0.06796875
2 0.2328125 0.06015625 0.15625 0.11640625