2 0.08125 0.528125 0.05546875 0.09140625
2 0.0328125 0.07421875 0.04765625 0.071875
2 0.74296875 0.97109375 0.0984375 0.05234375
2 0.9203125 0.74765625 0.159375 0.18515625
2 0.9609375 0.6140625 0.03359375 0.075
2 0.9109375 0.57109375 0.0890625 0.05625
2 0.89609375 0.24296875 0.2078125 0.48203125
2 0.546875 0.72109375 0.03046875 0.05234375
8 0.60546875 0.45546875 0.5046875 0.70703125
2 0.2515625 0.90546875 0.03203125 0.07421875
2 0.30625 0.76484375 0.03125 0.04296875
2 0.653125 0.12265625 0.0625 0.09375
2 0.8828125 0.64921875 0.0734375 0.06484375
2 0.4703125 0.69453125 0.125 0.1125
2 0.27109375 0.70859375 0.0421875 0.07734375
2 0.284375 0.48203125 0.0765625 0.0875
2 0.65703125 0.03671875 0.0453125 0.0734375
2 0.3578125 0.05390625 0.3671875 0.10546875
2 0.58125 0.06484375 0.08515625 0.12890625
2 0.4859375 0.78359375 0.0546875 0.04765625
2 0.16640625 0.5140625 0.11875 0.090625
2 0.16640625 0.61328125 0.0828125 0.09921875
2 0.80859375 0.725 0.075 0.10078125
2 0.784375 0.04921875 0.065625 0.09765625
2 0.7359375 0.85703125 0.0609375 0.09765625
2 0.071875 0.875 0.14375 0.246875
2 0.34609375 0.56328125 0.08984375 0.06875
2 0.21484375 0.36328125 0.36875 0.309375
2 0.80625 0.84453125 0.06484375 0.05078125
2 0.1890625 0.83671875 0.09375 0.103125
2 0.128125 0.02109375 0.05546875 0.040625
2 0.21875 0.13671875 0.1359375 0.15234375
2 0.89375 0.9171875 0.21171875 0.165625
2 0.65703125 0.9015625 0.09921875 0.16484375
2 0.39140625 0.7828125 0.11796875 0.128125
2 0.696875 0.16640625 0.03046875 0.040625
2 0.503125 0.89453125 0.2125 0.2
2 0.07890625 0.01640625 0.0234375 0.03046875
2 0.25 0.59921875 0.0859375 0.13203125
2 0.828125 0.30625 0.0375 0.06953125
2 0.33359375 0.6625 0.08671875 0.10703125