0 0.653125 0.98046875 0.06953125 0.03359375
2 0.034375 0.4234375 0.0171875 0.02421875
2 0.309375 0.44140625 0.06484375 0.13125
2 0.47890625 0.93046875 0.0265625 0.04609375
2 0.99140625 0.378125 0.0171875 0.025
2 0.696875 0.1 0.01484375 0.025
2 0.36484375 0.9609375 0.0265625 0.03828125
2 0.63125 0.60546875 0.015625 0.025
2 0.978125 0.02421875 0.04375 0.0484375
2 0.67734375 0.90078125 0.059375 0.13828125
2 0.76875 0.38515625 0.0671875 0.09375
2 0.853125 0.19765625 0.0625 0.09453125
2 0.15078125 0.37109375 0.040625 0.04453125
2 0.98828125 0.578125 0.0234375 0.053125
2 0.0375 0.38359375 0.01484375 0.015625
2 0.228125 0.74296875 0.12734375 0.171875
2 0.73125 0.86953125 0.06640625 0.06328125
4 0.446875 0.48828125 0.428125 0.97578125
2 0.9015625 0.43359375 0.10234375 0.09609375
2 0.7703125 0.54140625 0.0171875 0.01875
2 0.9421875 0.76328125 0.0171875 0.04453125
2 0.7796875 0.4734375 0.0328125 0.02890625
2 0.078125 0.47109375 0.06640625 0.09765625
2 0.97890625 0.6328125 0.0421875 0.034375
2 0.0890625 0.6734375 0.0375 0.05390625
2 0.84296875 0.86875 0.02890625 0.05625
2 0.83125 0.78046875 0.07421875 0.06796875
2 0.6609375 0.24140625 0.040625 0.06015625
2 0.8234375 0.96484375 0.06875 0.06953125
2 0.5234375 0.88671875 0.03671875 0.028125
2 0.528125 0.73125 0.01484375 0.02734375
2 0.55703125 0.021875 0.0578125 0.04375
2 0.92578125 0.046875 0.040625 0.06953125
2 0.89765625 0.00703125 0.0171875 0.0140625
2 0.7921875 0.58828125 0.0390625 0.04921875
2 0.8671875 0.7234375 0.02109375 0.03046875
2 0.8796875 0.86875 0.02734375 0.03203125
2 0.61875 0.77109375 0.05703125 0.08359375
2 0.4859375 0.875 0.01953125 0.02109375
2 0.56640625 0.7203125 0.05078125 0.046875
2 0.8859375 0.67109375 0.0234375 0.0375
2 0.5015625 0.29296875 0.065625 0.06953125
2 0.0828125 0.12421875 0.0984375 0.078125
2 0.5046875 0.73515625 0.0125 0.01640625
2 0.2703125 0.57421875 0.0421875 0.03984375
2 0.978125 0.18046875 0.009375 0.01484375
2 0.9671875 0.278125 0.0390625 0.04453125
2 0.7046875 0.19140625 0.015625 0.025
0 0.6234375 0.02578125 0.04609375 0.04921875
0 0.340625 0.75234375 0.1 0.153125
2 0.4265625 0.82578125 0.015625 0.02265625
2 0.0125 0.93828125 0.02421875 0.02265625
2 0.9703125 0.78359375 0.02734375 0.04140625
2 0.5859375 0.95234375 0.02578125 0.02734375
2 0.034375 0.46953125 0.015625 0.02265625
2 0.86640625 0.00625 0.03359375 0.0125
2 0.8359375 0.5953125 0.02109375 0.01875
2 0.96953125 0.11875 0.0609375 0.05234375
2 0.52421875 0.79609375 0.02578125 0.03203125
2 0.8875 0.96875 0.053125 0.0625
2 0.203125 0.4078125 0.040625 0.07421875
2 0.2609375 0.359375 0.0515625 0.08828125
2 0.88046875 0.35859375 0.015625 0.015625
2 0.7234375 0.0125 0.03046875 0.025
2 0.8890625 0.52578125 0.01796875 0.03046875
2 0.703125 0.4984375 0.03515625 0.11796875
2 0.8421875 0.51484375 0.04296875 0.046875
2 0.71875 0.6796875 0.11015625 0.22890625
2 0.8203125 0.89765625 0.034375 0.053125
2 0.9171875 0.80078125 0.0546875 0.03515625
2 0.41796875 0.95 0.07109375 0.06328125
2 0.4390625 0.85625 0.0140625 0.02265625
2 0.878125 0.08984375 0.090625 0.134375
2 0.703125 0.24140625 0.03828125 0.05546875
2 0.0796875 0.88515625 0.0515625 0.084375
2 0.059375 0.7640625 0.075 0.09609375
2 0.16796875 0.52109375 0.17421875 0.23671875
2 0.1875 0.23359375 0.06484375 0.09140625
2 0.046875 0.23515625 0.0796875 0.10625
2 0.64375 0.3375 0.090625 0.09609375
2 0.559375 0.77734375 0.01484375 0.02109375
2 0.775 0.1421875 0.11875 0.14375
2 0.7859375 0.28984375 0.025 0.03828125
2 0.1765625 0.9078125 0.14453125 0.178125
2 0.109375 0.35 0.01171875 0.01953125
2 0.084375 0.35859375 0.01171875 0.01796875
2 0.0390625 0.33984375 0.01953125 0.034375
0 0.40234375 0.16953125 0.13125 0.29296875
2 0.9703125 0.07109375 0.02578125 0.03828125
2 0.9234375 0.58515625 0.05234375 0.09921875
2 0.66875 0.59140625 0.040625 0.06484375
2 0.53828125 0.85390625 0.04453125 0.03828125
2 0.803125 0.72578125 0.02734375 0.03515625
2 0.73125 0.49921875 0.0203125 0.02265625
2 0.54375 0.93828125 0.0296875 0.02734375
2 0.59375 0.89140625 0.034375 0.03046875
2 0.05 0.97109375 0.0203125 0.03984375
2 0.1421875 0.8046875 0.04765625 0.040625
2 0.13984375 0.74609375 0.1 0.090625
2 0.02265625 0.62265625 0.04296875 0.09375
2 0.14921875 0.6796875 0.01640625 0.021875
2 0.0671875 0.58515625 0.07265625 0.08359375