0 0.21875 0.97421875 0.0515625 0.040625
0 0.525 0.96171875 0.0375 0.06171875
0 0.396875 0.95078125 0.025 0.04609375
0 0.4046875 0.85859375 0.078125 0.12109375
2 0.0890625 0.34453125 0.0171875 0.02109375
2 0.81015625 0.275 0.01796875 0.03125
0 0.396875 0.76953125 0.07734375 0.06328125
0 0.1453125 0.83515625 0.0578125 0.08125
0 0.0921875 0.83515625 0.046875 0.07421875
0 0.71015625 0.28828125 0.02421875 0.05
0 0.5875 0.85234375 0.0875 0.125
2 0.79375 0.2234375 0.025 0.02734375
14 0.42421875 0.68515625 0.35859375 0.62890625
0 0.3140625 0.94921875 0.0515625 0.07421875
3 0.23984375 0.5578125 0.1234375 0.39296875
0 0.1984375 0.30390625 0.0265625 0.04140625
2 0.6640625 0.80859375 0.08828125 0.23671875
0 0.978125 0.78046875 0.03984375 0.06484375
2 0.5015625 0.584375 0.0125 0.01640625
0 0.9421875 0.74296875 0.025 0.05078125
0 0.4375 0.27890625 0.02890625 0.02734375
0 0.0390625 0.9359375 0.078125 0.06015625
0 0.21328125 0.825 0.0609375 0.08125
0 0.6375 0.23359375 0.071875 0.128125
0 0.17734375 0.9125 0.1125 0.12109375
0 0.0390625 0.86875 0.0515625 0.07109375
0 0.103125 0.98515625 0.034375 0.021875
0 0.2484375 0.89296875 0.028125 0.05234375
0 0.10625 0.90390625 0.046875 0.06796875
0 0.653125 0.81796875 0.03203125 0.06328125
2 0.73046875 0.23203125 0.04609375 0.03046875
0 0.4890625 0.925 0.0578125 0.06875
0 0.646875 0.97265625 0.0390625 0.04609375
0 0.3515625 0.89296875 0.03046875 0.04921875
2 0.97734375 0.621875 0.0453125 0.05
2 0.34140625 0.03515625 0.02890625 0.03125
2 0.50859375 0.32578125 0.01796875 0.009375
0 0.8890625 0.87578125 0.2015625 0.23046875
14 0.8328125 0.953125 0.04375 0.09375
2 0.9015625 0.70546875 0.0375 0.03671875
0 0.3671875 0.925 0.03671875 0.05234375
0 0.75 0.91796875 0.15546875 0.128125
2 0.6359375 0.31953125 0.015625 0.01875
2 0.0640625 0.3609375 0.0203125 0.01796875
2 0.978125 0.19921875 0.01875 0.0375
0 0.6125 0.7734375 0.04453125 0.046875
0 0.64375 0.90546875 0.05 0.08046875
0 0.99296875 0.95234375 0.0140625 0.04921875
2 0.8390625 0.309375 0.02421875 0.0375
2 0.7703125 0.23671875 0.0171875 0.01484375
0 0.49765625 0.83046875 0.0609375 0.08984375
0 0.2796875 0.9046875 0.03515625 0.04921875
0 0.575 0.93359375 0.059375 0.08359375
2 0.2921875 0.3109375 0.01484375 0.028125
0 0.7453125 0.83125 0.0796875 0.08671875
2 0.2203125 0.075 0.07421875 0.04140625
2 0.63203125 0.08984375 0.03828125 0.053125
0 0.3328125 0.82421875 0.065625 0.109375
0 0.428125 0.9484375 0.0328125 0.059375
0 0.46015625 0.88359375 0.0515625 0.0875
0 0.73984375 0.78046875 0.02578125 0.04453125
0 0.9921875 0.859375 0.015625 0.06015625
2 0.22890625 0.70234375 0.034375 0.04453125
2 0.14609375 0.24296875 0.02421875 0.02734375
2 0.89453125 0.42421875 0.01640625 0.01328125
2 0.9421875 0.28515625 0.01796875 0.02578125
2 0.4734375 0.4265625 0.02265625 0.021875
2 0.46484375 0.21328125 0.0296875 0.02578125
2 0.68515625 0.24140625 0.01171875 0.01875
2 0.6484375 0.134375 0.02421875 0.025
2 0.734375 0.07265625 0.01328125 0.04453125