2 0.36875 0.74140625 0.02421875 0.02421875
14 0.5 0.5234375 0.04609375 0.26484375
2 0.1828125 0.96484375 0.00859375 0.00625
2 0.01875 0.54453125 0.00703125 0.00859375
2 0.34609375 0.98125 0.01796875 0.0375
2 0.0921875 0.2109375 0.01640625 0.021875
2 0.31171875 0.68984375 0.01171875 0.01875
16 0.934375 0.62265625 0.13125 0.58828125
2 0.0078125 0.43125 0.009375 0.009375
2 0.365625 0.99140625 0.01171875 0.01640625
2 0.021875 0.67265625 0.01484375 0.01171875
2 0.12265625 0.446875 0.00390625 0.00703125
2 0.24375 0.49765625 0.00546875 0.00703125
2 0.1390625 0.6078125 0.00859375 0.00703125
2 0.09765625 0.91953125 0.0078125 0.00859375
2 0.0296875 0.72421875 0.009375 0.00703125
2 0.0703125 0.42890625 0.0171875 0.01875
2 0.103125 0.3484375 0.0078125 0.01015625
2 0.03046875 0.40390625 0.0046875 0.00625
2 0.14609375 0.76796875 0.02109375 0.02578125
2 0.26171875 0.72109375 0.00703125 0.00859375
2 0.2375 0.19921875 0.01328125 0.015625
2 0.328125 0.26953125 0.01875 0.02421875
2 0.3453125 0.259375 0.0109375 0.01796875
2 0.3921875 0.82890625 0.021875 0.03515625
2 0.90625 0.93671875 0.01171875 0.015625
2 0.65390625 0.884375 0.021875 0.04296875
2 0.290625 0.765625 0.0046875 0.00859375
2 0.6078125 0.93671875 0.01171875 0.01875
2 0.928125 0.93046875 0.01484375 0.02734375
2 0.8375 0.93125 0.01328125 0.015625
2 0.8328125 0.12890625 0.009375 0.01953125
2 0.83046875 0.0171875 0.02109375 0.021875
2 0.334375 0.503125 0.0234375 0.03046875
2 0.3921875 0.65625 0.01875 0.02734375
2 0.0046875 0.39609375 0.00625 0.00703125
2 0.95625 0.25703125 0.03203125 0.05859375
2 0.6671875 0.96484375 0.009375 0.015625
2 0.8546875 0.465625 0.01875 0.015625
2 0.928125 0.90234375 0.0140625 0.01875
2 0.6734375 0.36484375 0.01953125 0.015625
2 0.5203125 0.27578125 0.02734375 0.025
2 0.69765625 0.5546875 0.0171875 0.01953125
2 0.1359375 0.21796875 0.01640625 0.02265625
2 0.9390625 0.0375 0.05703125 0.05390625
2 0.8796875 0.74921875 0.01640625 0.02578125
2 0.62578125 0.62265625 0.0171875 0.021875
2 0.57578125 0.01015625 0.0109375 0.0203125
2 0.66875 0.77421875 0.0234375 0.02109375
2 0.95625 0.2125 0.01796875 0.01953125
2 0.9609375 0.13515625 0.015625 0.01640625
2 0.64296875 0.01484375 0.0109375 0.0296875
2 0.9515625 0.95703125 0.009375 0.0125
2 0.80234375 0.19140625 0.01875 0.01953125
2 0.6875 0.1 0.0140625 0.02734375
2 0.62578125 0.56484375 0.01640625 0.02421875
2 0.915625 0.54921875 0.0109375 0.05234375
2 0.6546875 0.70859375 0.04296875 0.07265625
2 0.525 0.34375 0.01484375 0.01953125
2 0.675 0.0828125 0.0140625 0.02109375
2 0.278125 0.6125 0.01171875 0.01796875
2 0.2953125 0.56328125 0.015625 0.021875
2 0.85234375 0.33984375 0.01640625 0.025
2 0.753125 0.159375 0.00703125 0.009375
2 0.7859375 0.12421875 0.03125 0.040625
2 0.64453125 0.8125 0.00703125 0.009375
2 0.715625 0.20078125 0.01171875 0.02578125
2 0.90546875 0.70703125 0.0171875 0.028125