2 0.42109375 0.7421875 0.02890625 0.0375
2 0.19140625 0.4671875 0.0234375 0.01953125
2 0.2921875 0.04375 0.0359375 0.05078125
2 0.8828125 0.4984375 0.021875 0.03203125
2 0.0671875 0.4609375 0.034375 0.04453125
2 0.115625 0.45625 0.03515625 0.04453125
2 0.2046875 0.5734375 0.0453125 0.04140625
2 0.8421875 0.409375 0.02890625 0.0375
2 0.978125 0.50703125 0.03203125 0.03671875
2 0.1109375 0.72890625 0.04921875 0.06484375
2 0.2390625 0.190625 0.02421875 0.05703125
2 0.4125 0.18515625 0.01328125 0.02578125
2 0.01796875 0.409375 0.0296875 0.034375
2 0.7890625 0.1421875 0.0140625 0.01640625
9 0.315625 0.46015625 0.0734375 0.03671875
2 0.125 0.63125 0.0203125 0.03203125
2 0.66484375 0.265625 0.01875 0.028125
2 0.69375 0.36328125 0.0265625 0.03671875
2 0.7625 0.88359375 0.02109375 0.025
2 0.12578125 0.38984375 0.02265625 0.034375
2 0.33359375 0.06640625 0.034375 0.03984375
9 0.90078125 0.7640625 0.1984375 0.084375
9 0.50625 0.725 0.0765625 0.14375
2 0.109375 0.18671875 0.01640625 0.021875
2 0.9828125 0.12734375 0.02578125 0.034375
2 0.75546875 0.68203125 0.021875 0.02890625
2 0.4625 0.0640625 0.0203125 0.03046875
2 0.8203125 0.33203125 0.02734375 0.03828125
9 0.76796875 0.04375 0.03828125 0.0875
2 0.5703125 0.21015625 0.04453125 0.03671875
2 0.56328125 0.59921875 0.04296875 0.046875
9 0.025 0.52421875 0.04921875 0.08046875
2 0.04140625 0.9921875 0.0265625 0.015625
2 0.984375 0.93828125 0.03046875 0.0375
2 0.040625 0.86328125 0.01484375 0.03125
9 0.75 0.3515625 0.03515625 0.17109375
2 0.47421875 0.965625 0.03359375 0.05546875
2 0.3125 0.109375 0.02421875 0.02578125
2 0.153125 0.7109375 0.03984375 0.04140625
2 0.775 0.7375 0.03515625 0.0375
2 0.94453125 0.67890625 0.01953125 0.03046875
4 0.6421875 0.45859375 0.71484375 0.90625
2 0.1046875 0.50234375 0.02421875 0.02890625
2 0.1234375 0.78359375 0.03125 0.03125
2 0.4984375 0.4453125 0.0234375 0.04140625
2 0.43125 0.95234375 0.03515625 0.07265625
2 0.246875 0.678125 0.01640625 0.02578125
2 0.165625 0.90703125 0.0265625 0.06953125
2 0.034375 0.275 0.03828125 0.05
2 0.85703125 0.86484375 0.065625 0.05
9 0.28125 0.5625 0.09453125 0.03359375
2 0.06640625 0.68828125 0.01953125 0.021875
9 0.30546875 0.6015625 0.06640625 0.06875
9 0.734375 0.92421875 0.0484375 0.05859375
9 0.60546875 0.02890625 0.04921875 0.03125
2 0.065625 0.76953125 0.02421875 0.034375
2 0.20703125 0.26015625 0.0375 0.04453125
2 0.9328125 0.87109375 0.03125 0.04140625
2 0.6796875 0.43125 0.01796875 0.04375
2 0.890625 0.02734375 0.01796875 0.02421875
2 0.859375 0.38203125 0.0375 0.04765625
2 0.496875 0.21953125 0.0453125 0.04453125
2 0.96171875 0.15625 0.01875 0.01875
2 0.753125 0.07265625 0.025 0.034375
2 0.6625 0.128125 0.021875 0.01640625
2 0.5796875 0.27578125 0.02890625 0.03671875
2 0.78125 0.4296875 0.0359375 0.04375
2 0.70390625 0.46640625 0.02734375 0.040625
2 0.5453125 0.5296875 0.02421875 0.02734375
2 0.971875 0.62421875 0.040625 0.04140625
2 0.984375 0.86015625 0.021875 0.02421875
2 0.2671875 0.93515625 0.0296875 0.03203125
2 0.5296875 0.6234375 0.01640625 0.01953125
2 0.425 0.6375 0.01484375 0.01796875
2 0.078125 0.80703125 0.0234375 0.028125
2 0.86640625 0.14453125 0.03203125 0.04140625
9 0.5578125 0.82109375 0.021875 0.02578125
2 0.16640625 0.84609375 0.0328125 0.03515625
2 0.7875 0.38125 0.02734375 0.025
2 0.6390625 0.64140625 0.0296875 0.03984375
2 0.54609375 0.68203125 0.04453125 0.04453125
2 0.8171875 0.07265625 0.03359375 0.04921875
2 0.790625 0.25390625 0.0234375 0.03046875
2 0.553125 0.2515625 0.03046875 0.03515625
2 0.62421875 0.16015625 0.03046875 0.02421875
2 0.609375 0.38984375 0.03671875 0.04921875
2 0.8421875 0.63203125 0.034375 0.06953125
2 0.83125 0.71640625 0.0265625 0.02578125
2 0.71875 0.73671875 0.03046875 0.04296875
2 0.38203125 0.96015625 0.0265625 0.02890625