2 0.8890625 0.8875 0.021875 0.04140625
2 0.596875 0.8171875 0.03515625 0.04296875
5 0.74609375 0.16015625 0.06484375 0.08671875
2 0.5953125 0.31953125 0.0421875 0.03671875
2 0.64296875 0.28671875 0.0546875 0.078125
2 0.1546875 0.6 0.12890625 0.109375
2 0.1171875 0.08828125 0.23359375 0.17578125
5 0.4359375 0.2265625 0.06640625 0.084375
2 0.58828125 0.05546875 0.1984375 0.1109375
2 0.3671875 0.42734375 0.05390625 0.06796875
2 0.271875 0.17421875 0.02734375 0.03203125
5 0.73671875 0.5328125 0.05625 0.071875
2 0.2984375 0.2671875 0.0203125 0.02734375
5 0.6828125 0.95390625 0.05546875 0.071875
2 0.95390625 0.9625 0.0921875 0.075
2 0.909375 0.8453125 0.01796875 0.04296875
2 0.95 0.65234375 0.0515625 0.09765625
2 0.715625 0.77421875 0.0578125 0.059375
2 0.55859375 0.54296875 0.034375 0.075
2 0.8078125 0.5390625 0.22578125 0.29921875
2 0.8890625 0.34140625 0.22109375 0.43515625
2 0.97578125 0.06171875 0.0484375 0.1234375
2 0.9015625 0.025 0.065625 0.05
5 0.78125 0.49609375 0.04609375 0.06171875
2 0.5609375 0.84765625 0.028125 0.06015625
2 0.4375 0.56484375 0.021875 0.02265625
2 0.4578125 0.490625 0.0140625 0.01875
2 0.3609375 0.16953125 0.0734375 0.07109375
2 0.41171875 0.82265625 0.025 0.03046875
2 0.446875 0.115625 0.1078125 0.15859375
5 0.79375 0.59765625 0.0625 0.06796875
2 0.57421875 0.17421875 0.08359375 0.06484375
2 0.634375 0.4484375 0.03359375 0.02578125
2 0.0328125 0.51015625 0.065625 0.2421875
2 0.4078125 0.3140625 0.01796875 0.03359375
2 0.7921875 0.73203125 0.03046875 0.03671875
2 0.5796875 0.89296875 0.02734375 0.03125
2 0.7359375 0.89375 0.309375 0.2125
2 0.51015625 0.9390625 0.0484375 0.121875
2 0.56484375 0.978125 0.0546875 0.04375
2 0.7984375 0.82890625 0.02734375 0.02421875
2 0.6984375 0.05546875 0.03515625 0.05
2 0.66484375 0.8265625 0.0578125 0.05625
2 0.5421875 0.7265625 0.0109375 0.05546875
2 0.36484375 0.32578125 0.05625 0.084375
2 0.496875 0.453125 0.0515625 0.06953125
5 0.74453125 0.3875 0.065625 0.07734375
2 0.4171875 0.89375 0.02734375 0.04765625
5 0.265625 0.60546875 0.04140625 0.06875
5 0.315625 0.95546875 0.071875 0.08828125
2 0.83828125 0.11015625 0.03125 0.04296875
2 0.85390625 0.83046875 0.0203125 0.03359375
2 0.496875 0.746875 0.07578125 0.21328125
2 0.5734375 0.74921875 0.04140625 0.03671875
2 0.4421875 0.64375 0.0234375 0.059375
2 0.56640625 0.39609375 0.021875 0.02734375
2 0.37578125 0.9640625 0.0515625 0.071875
2 0.78125 0.02734375 0.053125 0.0546875
2 0.984375 0.72265625 0.03125 0.06796875
2 0.44765625 0.41484375 0.0203125 0.015625
5 0.1859375 0.45390625 0.04453125 0.05390625
5 0.5671875 0.2640625 0.11796875 0.06875
2 0.46796875 0.01640625 0.0390625 0.0328125
5 0.315625 0.45625 0.0828125 0.10078125
5 0.6234375 0.61640625 0.025 0.040625
5 0.684375 0.15546875 0.10390625 0.115625
2 0.553125 0.91953125 0.03203125 0.04296875
2 0.015625 0.73125 0.03125 0.18125
4 0.71640625 0.58515625 0.5671875 0.82890625
2 0.159375 0.3484375 0.31875 0.428125
2 0.6515625 0.36953125 0.04921875 0.06484375
2 0.3015625 0.08125 0.17109375 0.1625
2 0.39453125 0.65859375 0.06171875 0.10546875
2 0.021875 0.9671875 0.04296875 0.065625
2 0.4234375 0.721875 0.053125 0.09140625
2 0.33046875 0.53046875 0.11484375 0.096875
2 0.6703125 0.746875 0.025 0.03359375
2 0.40703125 0.48125 0.03046875 0.06171875
2 0.05546875 0.91640625 0.090625 0.08203125
2 0.21953125 0.821875 0.3546875 0.35625
2 0.7015625 0.26328125 0.090625 0.10234375
2 0.33671875 0.3109375 0.02421875 0.04140625
2 0.8703125 0.7421875 0.040625 0.05625
2 0.06796875 0.66171875 0.0390625 0.04140625