2 0.60625 0.559375 0.02265625 0.028125
2 0.428125 0.24296875 0.02421875 0.01953125
2 0.0234375 0.45703125 0.015625 0.02890625
2 0.1875 0.37890625 0.0125 0.021875
2 0.5828125 0.15859375 0.0125 0.01875
2 0.23515625 0.5484375 0.046875 0.03203125
2 0.6171875 0.26875 0.025 0.03828125
2 0.528125 0.090625 0.0125 0.02109375
2 0.68125 0.37734375 0.01328125 0.021875
2 0.59609375 0.9484375 0.0234375 0.02734375
2 0.41796875 0.01796875 0.01171875 0.03203125
2 0.128125 0.13515625 0.0203125 0.04140625
2 0.23203125 0.52734375 0.015625 0.01171875
2 0.7640625 0.0125 0.0109375 0.01796875
2 0.48984375 0.16171875 0.015625 0.01953125
2 0.103125 0.50546875 0.0109375 0.015625
2 0.4203125 0.35546875 0.028125 0.03671875
2 0.025 0.3375 0.00859375 0.0125
2 0.06640625 0.54765625 0.0203125 0.02578125
2 0.28359375 0.3375 0.0125 0.02109375
2 0.40390625 0.16328125 0.0140625 0.01171875
2 0.33515625 0.34921875 0.01328125 0.021875
2 0.3171875 0.69609375 0.01484375 0.0125
2 0.68125 0.54765625 0.0125 0.01640625
2 0.54296875 0.59453125 0.02421875 0.02578125
2 0.6015625 0.12109375 0.00703125 0.00859375
4 0.80859375 0.575 0.3828125 0.634375
2 0.0109375 0.24921875 0.0109375 0.01484375
9 0.99375 0.88203125 0.0125 0.03671875
9 0.40390625 0.9671875 0.0859375 0.065625
2 0.821875 0.821875 0.0109375 0.015625
2 0.66953125 0.81640625 0.01328125 0.01640625
9 0.81015625 0.96171875 0.009375 0.015625
2 0.084375 0.77734375 0.01484375 0.01640625
2 0.4359375 0.61328125 0.03359375 0.040625
2 0.75078125 0.55859375 0.0125 0.01171875
9 0.06796875 0.71796875 0.0625 0.096875
2 0.69765625 0.60390625 0.01484375 0.01328125
2 0.753125 0.4921875 0.02265625 0.02265625
2 0.48515625 0.83203125 0.10859375 0.096875
4 0.70859375 0.5671875 0.5828125 0.325
9 0.01875 0.78125 0.03359375 0.06796875
2 0.89375 0.94765625 0.01875 0.02890625
2 0.78359375 0.76953125 0.01015625 0.01875
2 0.890625 0.7109375 0.01015625 0.01015625
2 0.7671875 0.5703125 0.01796875 0.02109375
2 0.4203125 0.85703125 0.01171875 0.01796875
2 0.19375 0.94765625 0.01640625 0.01953125
2 0.0453125 0.88515625 0.01171875 0.015625
2 0.3984375 0.67578125 0.028125 0.03984375
2 0.4375 0.65234375 0.01015625 0.015625
9 0.89765625 0.8859375 0.05625 0.11875
9 0.7359375 0.87109375 0.0421875 0.07734375
2 0.565625 0.91640625 0.01171875 0.015625
2 0.7328125 0.52890625 0.0234375 0.03671875
2 0.00859375 0.95703125 0.0171875 0.03046875
2 0.146875 0.746875 0.01640625 0.021875
9 0.3375 0.67421875 0.16796875 0.16015625
9 0.5671875 0.9671875 0.0125 0.065625
2 0.925 0.0796875 0.01328125 0.015625
2 0.8984375 0.54453125 0.0171875 0.02734375
2 0.2921875 0.95390625 0.021875 0.03125
2 0.0828125 0.846875 0.01484375 0.01953125
2 0.34765625 0.7828125 0.01796875 0.02421875
2 0.290625 0.43515625 0.0125 0.015625
2 0.8265625 0.65234375 0.015625 0.01953125
2 0.7234375 0.96484375 0.0234375 0.03125
2 0.046875 0.53359375 0.0140625 0.015625
2 0.14140625 0.2203125 0.02890625 0.02578125
2 0.4359375 0.5625 0.03359375 0.01953125
2 0.1328125 0.95390625 0.01171875 0.01875
9 0.65859375 0.23828125 0.0578125 0.05
2 0.5359375 0.2484375 0.01328125 0.02734375
2 0.66875 0.93671875 0.0140625 0.02734375
2 0.7828125 0.15390625 0.01171875 0.01796875
2 0.3140625 0.59453125 0.01484375 0.01328125
2 0.253125 0.81953125 0.0375 0.04375
2 0.728125 0.69375 0.01640625 0.01953125
2 0.1203125 0.828125 0.015625 0.015625
2 0.1515625 0.47890625 0.01015625 0.01640625
2 0.06328125 0.35234375 0.00859375 0.009375
2 0.55 0.39765625 0.02890625 0.03203125
2 0.5765625 0.225 0.01015625 0.01171875
2 0.859375 0.4078125 0.0140625 0.01015625
2 0.94921875 0.08046875 0.00703125 0.01015625
2 0.7921875 0.21796875 0.034375 0.06484375
2 0.878125 0.3796875 0.0234375 0.04609375
2 0.25078125 0.51953125 0.009375 0.01640625
2 0.275 0.55625 0.01328125 0.01328125
2 0.3 0.33046875 0.0125 0.01640625
2 0.3109375 0.4265625 0.01875 0.02265625
2 0.6875 0.3046875 0.03046875 0.04375
2 0.6640625 0.296875 0.0109375 0.009375
2 0.846875 0.33515625 0.05 0.1
2 0.77421875 0.09609375 0.00859375 0.009375
2 0.12421875 0.928125 0.0171875 0.02734375
2 0.24375 0.4609375 0.01015625 0.01640625
2 0.6046875 0.15390625 0.0078125 0.009375
2 0.875 0.22421875 0.0109375 0.0125
2 0.55078125 0.0078125 0.01953125 0.015625
2 0.17421875 0.33984375 0.0125 0.02109375
2 0.4734375 0.57109375 0.0203125 0.01015625
2 0.08125 0.50546875 0.01015625 0.01875
2 0.2671875 0.38671875 0.04765625 0.06796875
2 0.04375 0.24765625 0.01796875 0.02421875
2 0.284375 0.24296875 0.0078125 0.0125
9 0.3203125 0.20625 0.015625 0.04296875
2 0.5265625 0.5265625 0.01875 0.02578125
2 0.115625 0.0078125 0.01796875 0.015625
2 0.87578125 0.11484375 0.00703125 0.01328125
2 0.8015625 0.12421875 0.02421875 0.03984375
2 0.69375 0.12578125 0.0078125 0.0125