2 0.6921875 0.41875 0.0125 0.01171875
2 0.6546875 0.21640625 0.01015625 0.009375
2 0.7125 0.03203125 0.00859375 0.01171875
2 0.678125 0.15859375 0.0125 0.01953125
2 0.6546875 0.24765625 0.00546875 0.0125
2 0.6921875 0.09296875 0.0046875 0.00859375
2 0.7234375 0.86953125 0.01328125 0.015625
2 0.96171875 0.43984375 0.01953125 0.02578125
2 0.8484375 0.0484375 0.01015625 0.01796875
2 0.7546875 0.98203125 0.021875 0.03515625
0 0.0109375 0.42578125 0.015625 0.01953125
0 0.990625 0.9328125 0.01875 0.04140625
2 0.6375 0.31328125 0.0140625 0.01640625
2 0.5828125 0.90390625 0.0203125 0.021875
2 0.40546875 0.990625 0.01015625 0.01875
2 0.8359375 0.3015625 0.009375 0.01796875
2 0.7546875 0.86328125 0.03203125 0.125
2 0.5859375 0.2640625 0.0140625 0.01328125
2 0.80234375 0.96015625 0.0140625 0.015625
2 0.9328125 0.971875 0.0046875 0.009375
2 0.6 0.14453125 0.0109375 0.0125
2 0.5765625 0.24453125 0.00859375 0.01015625
2 0.8734375 0.19296875 0.0171875 0.02109375
2 0.75078125 0.33359375 0.06015625 0.04609375
2 0.98046875 0.4578125 0.0203125 0.02421875
2 0.63125 0.11875 0.0140625 0.01796875
2 0.44375 0.18203125 0.02109375 0.04375
2 0.6765625 0.90078125 0.01171875 0.01484375
2 0.96640625 0.14453125 0.0171875 0.02890625
2 0.61875 0.21953125 0.009375 0.01171875
16 0.1421875 0.8125 0.284375 0.371875
2 0.7421875 0.83515625 0.02265625 0.03046875
2 0.6828125 0.25390625 0.01875 0.02890625
2 0.6484375 0.22890625 0.00703125 0.01640625
2 0.8703125 0.00546875 0.01015625 0.01015625
2 0.971875 0.26796875 0.0171875 0.021875
2 0.45625 0.953125 0.01796875 0.02734375
2 0.609375 0.23828125 0.01328125 0.009375
2 0.70703125 0.4671875 0.0265625 0.09609375
2 0.85 0.32734375 0.00625 0.028125
2 0.70390625 0.00703125 0.0203125 0.0140625
2 0.83671875 0.58046875 0.02109375 0.02109375
2 0.4015625 0.89140625 0.0109375 0.01015625
2 0.6875 0.8578125 0.0078125 0.02109375
0 0.1640625 0.4140625 0.0328125 0.04921875
0 0.165625 0.21171875 0.0203125 0.02890625
0 0.96875 0.63203125 0.06171875 0.090625
0 0.9203125 0.603125 0.03125 0.07890625
2 0.99375 0.81875 0.01171875 0.05234375
2 0.9109375 0.10546875 0.01484375 0.02109375
2 0.9265625 0.39453125 0.0140625 0.02265625
2 0.9609375 0.73125 0.01484375 0.02421875
2 0.4359375 0.95390625 0.0078125 0.009375
2 0.5796875 0.503125 0.02578125 0.01640625
2 0.5234375 0.37578125 0.0140625 0.01484375
2 0.6515625 0.14453125 0.01171875 0.01484375
2 0.7 0.02109375 0.00703125 0.00859375
2 0.47265625 0.171875 0.00859375 0.02265625
2 0.6515625 0.28671875 0.01171875 0.025
2 0.6828125 0.22109375 0.0125 0.01015625
2 0.6875 0.06171875 0.00859375 0.01484375
2 0.7015625 0.94453125 0.06796875 0.109375
2 0.53125 0.49765625 0.01875 0.025
2 0.43203125 0.98984375 0.0125 0.01953125
5 0.4359375 0.003125 0.01484375 0.00625
2 0.5390625 0.56015625 0.02265625 0.028125
2 0.578125 0.28046875 0.0109375 0.01796875
2 0.5625 0.27421875 0.00703125 0.00625
2 0.9171875 0.13671875 0.0109375 0.01328125
2 0.8390625 0.103125 0.03828125 0.065625
2 0.859375 0.02421875 0.01328125 0.01484375
2 0.615625 0.859375 0.00703125 0.01015625
2 0.8671875 0.86953125 0.01015625 0.01640625
2 0.890625 0.8546875 0.0234375 0.028125
2 0.759375 0.58125 0.009375 0.009375
2 0.771875 0.43984375 0.015625 0.02578125
2 0.88125 0.44375 0.009375 0.01328125
2 0.5625 0.51328125 0.0171875 0.01484375
2 0.57265625 0.41953125 0.009375 0.01484375
2 0.5078125 0.44609375 0.0109375 0.0125
2 0.665625 0.19140625 0.0234375 0.025
2 0.7 0.06328125 0.0078125 0.0125
0 0.6578125 0.325 0.01328125 0.021875
0 0.5703125 0.5734375 0.0234375 0.03046875
0 0.50625 0.5984375 0.04921875 0.02890625
0 0.3140625 0.9875 0.04765625 0.025
0 0.578125 0.61171875 0.07734375 0.04921875
2 0.49921875 0.021875 0.02109375 0.04140625
2 0.4515625 0.02890625 0.01875 0.03203125
0 0.7484375 0.62109375 0.31875 0.196875
2 0.49921875 0.1359375 0.02734375 0.03125
0 0.33671875 0.0625 0.03828125 0.04453125
0 0.39453125 0.37734375 0.02109375 0.025
0 0.234375 0.0078125 0.015625 0.015625
2 0.4421875 0.24375 0.009375 0.009375
2 0.19609375 0.69765625 0.0171875 0.028125
2 0.0109375 0.52421875 0.021875 0.028125
0 0.2703125 0.77890625 0.02265625 0.040625
0 0.5671875 0.30078125 0.02734375 0.0375
14 0.6140625 0.5 0.77109375 1
0 0.4546875 0.56875 0.0390625 0.03984375
2 0.446875 0.26484375 0.01328125 0.02421875
2 0.1640625 0.0609375 0.0125 0.01875
2 0.14140625 0.72890625 0.0296875 0.03046875
0 0.34765625 0.81171875 0.08671875 0.37578125
2 0.1765625 0.45859375 0.0109375 0.01640625
2 0.3875 0.06015625 0.00703125 0.009375
0 0.60546875 0.30078125 0.01484375 0.02421875
2 0.2015625 0.21796875 0.0203125 0.02890625
2 0.8015625 0.6703125 0.034375 0.06484375
5 0.4453125 0.01015625 0.0109375 0.01640625
2 0.996875 0.20078125 0.00546875 0.01875
2 0.08828125 0.54765625 0.03125 0.03671875
0 0.90625 0.27265625 0.084375 0.09296875
2 0.42890625 0.02890625 0.01875 0.021875
2 0.2390625 0.13359375 0.01328125 0.02109375
2 0.33125 0.65234375 0.02265625 0.02734375
2 0.16015625 0.53359375 0.0140625 0.02109375
0 0.03203125 0.47265625 0.0640625 0.03515625
0 0.08125 0.2125 0.16171875 0.425
2 0.7890625 0.26328125 0.0125 0.02578125
14 0.82109375 0.00859375 0.0703125 0.0171875
2 0.3484375 0.6265625 0.02734375 0.03203125
2 0.0734375 0.63828125 0.021875 0.02265625
0 0.47578125 0.33515625 0.0375 0.04296875
0 0.4328125 0.35859375 0.0234375 0.028125
0 0.3140625 0.93359375 0.0234375 0.04453125
2 0.478125 0.06328125 0.0203125 0.03359375
2 0.25 0.15234375 0.01484375 0.01328125
2 0.28359375 0.12734375 0.00859375 0.01015625
2 0.3296875 0.00546875 0.009375 0.01015625
2 0.3421875 0.0359375 0.009375 0.01796875
2 0.22734375 0.72578125 0.015625 0.03203125
0 0.975 0.33203125 0.04609375 0.040625
0 0.9546875 0.50390625 0.028125 0.05625
0 0.6046875 0.52734375 0.0171875 0.02265625
2 0.4625 0.23125 0.0234375 0.034375
0 0.99375 0.5796875 0.01171875 0.05234375
5 0.4234375 0.01328125 0.01484375 0.01796875