2 0.14921875 0.17265625 0.03046875 0.05234375
2 0.459375 0.09609375 0.06640625 0.08984375
2 0.3546875 0.18671875 0.0515625 0.05078125
2 0.5453125 0.196875 0.04296875 0.05546875
2 0.215625 0.0828125 0.04140625 0.06328125
2 0.271875 0.39375 0.03671875 0.04609375
2 0.821875 0.15546875 0.03828125 0.046875
2 0.2640625 0.08125 0.04765625 0.07421875
8 0.53515625 0.56171875 0.9296875 0.85703125
0 0.090625 0.896875 0.18125 0.20625
2 0.1078125 0.46796875 0.0609375 0.08671875
2 0.2390625 0.43984375 0.05234375 0.04765625
2 0.334375 0.37734375 0.0359375 0.05078125
2 0.16640625 0.48671875 0.0203125 0.05390625
2 0.221875 0.33125 0.0453125 0.05234375
2 0.015625 0.47890625 0.03125 0.05078125
2 0.12109375 0.359375 0.0484375 0.05859375
2 0.015625 0.2578125 0.03125 0.05390625
2 0.871875 0.10390625 0.05234375 0.06875
2 0.665625 0.19921875 0.0484375 0.071875
2 0.19765625 0.48671875 0.034375 0.040625
2 0.0359375 0.1109375 0.071875 0.090625
2 0.8203125 0.096875 0.01796875 0.021875