8 0.428125 0.5015625 0.43359375 0.996875
2 0.89296875 0.67109375 0.09453125 0.153125
2 0.9921875 0.60859375 0.01484375 0.0375
2 0.1328125 0.0171875 0.02421875 0.03203125
2 0.765625 0.7765625 0.08046875 0.096875
2 0.0328125 0.371875 0.065625 0.1625
2 0.715625 0.65234375 0.03125 0.06875
2 0.140625 0.16875 0.07890625 0.21875
2 0.1796875 0.015625 0.025 0.028125
2 0.7609375 0.91953125 0.02890625 0.07109375
2 0.81484375 0.33046875 0.26328125 0.47265625
2 0.94609375 0.94140625 0.10390625 0.10625
2 0.709375 0.84453125 0.01953125 0.05
2 0.525 0.95 0.05546875 0.1
2 0.17734375 0.48984375 0.165625 0.22421875
2 0.02265625 0.1765625 0.0453125 0.09609375
2 0.03125 0.86328125 0.0625 0.096875
0 0.36171875 0.14140625 0.2640625 0.2828125
2 0.01875 0.9625 0.0375 0.071875
2 0.103125 0.890625 0.0390625 0.05
3 0.109375 0.81875 0.21875 0.3625
2 0.06875 0.57109375 0.071875 0.10703125