2 0.3765625 0.64609375 0.0234375 0.02890625
2 0.79921875 0.4 0.0171875 0.02890625
2 0.9109375 0.690625 0.05859375 0.08359375
2 0.2703125 0.65390625 0.021875 0.01953125
2 0.02421875 0.27578125 0.0234375 0.04296875
2 0.0140625 0.88984375 0.02734375 0.05703125
2 0.684375 0.09921875 0.04453125 0.06015625
2 0.29140625 0.54609375 0.02265625 0.04375
2 0.83046875 0.31796875 0.03828125 0.05
2 0.96015625 0.17421875 0.07109375 0.08359375
2 0.19140625 0.21875 0.046875 0.07265625
2 0.16875 0.74453125 0.02890625 0.053125
2 0.059375 0.4875 0.0546875 0.05625
2 0.165625 0.5265625 0.040625 0.05390625
2 0.7046875 0.3796875 0.02578125 0.01953125
2 0.48125 0.90546875 0.0890625 0.11953125
2 0.453125 0.675 0.02265625 0.025
2 0.55 0.4296875 0.02734375 0.04765625
2 0.340625 0.68203125 0.06953125 0.15625
2 0.0828125 0.72109375 0.06328125 0.1125
2 0.253125 0.58046875 0.03125 0.04296875
2 0.26875 0.9703125 0.059375 0.059375
14 0.5 0.49921875 1 0.92890625
2 0.03125 0.73671875 0.0390625 0.03203125
2 0.321875 0.4859375 0.0265625 0.02890625
2 0.0453125 0.06484375 0.05390625 0.0625
2 0.10859375 0.03125 0.05390625 0.0625
2 0.45625 0.2859375 0.0578125 0.08046875
2 0.953125 0.35625 0.053125 0.08203125
2 0.890625 0.57109375 0.0609375 0.065625
2 0.7265625 0.06328125 0.05234375 0.03515625
2 0.4078125 0.5640625 0.06171875 0.05859375
2 0.30703125 0.871875 0.040625 0.04140625
2 0.18515625 0.59140625 0.07265625 0.09375
2 0.79921875 0.11015625 0.0625 0.05390625
2 0.6453125 0.2625 0.05 0.06015625
2 0.5203125 0.72109375 0.0875 0.13203125
2 0.7671875 0.15234375 0.02265625 0.02734375
2 0.2078125 0.69453125 0.021875 0.01953125
2 0.875 0.27734375 0.01484375 0.02265625
2 0.8390625 0.45703125 0.075 0.06953125
2 0.6625 0.61953125 0.140625 0.25390625