2 0.840625 0.10234375 0.01171875 0.01484375
2 0.86875 0.13671875 0.00703125 0.00703125
2 0.715625 0.2515625 0.00703125 0.01015625
2 0.878125 0.1046875 0.00625 0.00703125
2 0.728125 0.38515625 0.00546875 0.00625
2 0.55546875 0.1078125 0.00546875 0.009375
0 0.45 0.76328125 0.10078125 0.121875
0 0.3625 0.8625 0.0703125 0.090625
2 0.58046875 0.64765625 0.02265625 0.01875
2 0.965625 0.03828125 0.0046875 0.00546875
2 0.921875 0.00546875 0.01328125 0.01015625
2 0.88671875 0.01015625 0.00390625 0.00546875
2 0.38515625 0.48359375 0.01640625 0.01953125
2 0.3109375 0.48203125 0.0078125 0.00703125
2 0.6828125 0.23515625 0.00859375 0.009375
2 0.6734375 0.13125 0.003125 0.00546875
2 0.5609375 0.0796875 0.00625 0.00859375
2 0.6203125 0.15859375 0.0078125 0.0125
2 0.8296875 0.14765625 0.00703125 0.01484375
2 0.52265625 0.26640625 0.00546875 0.00625
2 0.74609375 0.35234375 0.00390625 0.00546875
2 0.2796875 0.29453125 0.00625 0.00625
2 0.68828125 0.12421875 0.015625 0.01640625
2 0.7265625 0.12734375 0.00546875 0.009375
2 0.6328125 0.22421875 0.0046875 0.009375
2 0.8296875 0.73828125 0.00703125 0.01171875
2 0.2953125 0.0703125 0.00390625 0.00625
2 0.69375 0.16171875 0.0046875 0.00859375
2 0.796875 0.34453125 0.00703125 0.00859375
2 0.7 0.42890625 0.0078125 0.009375
2 0.88125 0.7765625 0.00859375 0.009375
2 0.5171875 0.96015625 0.01484375 0.01640625
2 0.0078125 0.67734375 0.0109375 0.01171875
2 0.528125 0.09921875 0.00390625 0.00546875
2 0.2703125 0.28671875 0.00546875 0.00625
2 0.4859375 0.08515625 0.0078125 0.00625
2 0.5875 0.1875 0.0078125 0.00625
2 0.7265625 0.1703125 0.00859375 0.00703125
2 0.8375 0.46640625 0.00859375 0.01328125
2 0.2828125 0.47109375 0.02265625 0.02578125
2 0.1078125 0.31796875 0.01015625 0.00859375
2 0.5359375 0.1125 0.0046875 0.00625
2 0.2953125 0.15 0.0078125 0.00546875
2 0.8375 0.39609375 0.00546875 0.00703125
2 0.5203125 0.23046875 0.00625 0.00859375
2 0.17890625 0.509375 0.01328125 0.0125
2 0.9828125 0.93203125 0.03359375 0.078125
2 0.62109375 0.13203125 0.0046875 0.00859375
14 0.55 0.60859375 0.58828125 0.22578125
2 0.528125 0.21796875 0.00546875 0.00625
2 0.5171875 0.76875 0.00703125 0.01171875
2 0.7375 0.36640625 0.00703125 0.00859375
2 0.6296875 0.09609375 0.0046875 0.00546875
2 0.4234375 0.88046875 0.00546875 0.00546875
2 0.91171875 0.8015625 0.015625 0.01875
2 0.0296875 0.6921875 0.01328125 0.01171875
2 0.890625 0.86328125 0.03671875 0.05234375
2 0.4171875 0.89453125 0.00703125 0.00546875
2 0.08125 0.9375 0.0078125 0.02421875
2 0.953125 0.38828125 0.003125 0.00546875
2 0.78515625 0.36796875 0.0046875 0.00546875
2 0.8078125 0.384375 0.00546875 0.00859375
2 0.9703125 0.72890625 0.00546875 0.009375
2 0.06796875 0.71015625 0.0109375 0.01484375
2 0.96328125 0.53203125 0.0078125 0.009375
2 0.86796875 0.7671875 0.01015625 0.00859375
2 0.796875 0.36796875 0.00546875 0.00859375
2 0.7203125 0.3609375 0.0109375 0.01484375
2 0.7890625 0.415625 0.00546875 0.00625
2 0.9515625 0.72109375 0.0078125 0.01171875
2 0.52421875 0.00234375 0.0078125 0.0046875
2 0.4828125 0.15546875 0.00859375 0.01015625
2 0.9375 0.07421875 0.0046875 0.00546875
2 0.1234375 0.33203125 0.0046875 0.00546875
2 0.2625 0.44609375 0.0046875 0.00859375
5 0.50625 0.6 0.02734375 0.03515625
2 0.2375 0.43359375 0.00546875 0.00703125
2 0.89375 0.4015625 0.003125 0.00390625
2 0.5015625 0.24921875 0.01015625 0.00859375
2 0.74375 0.8171875 0.0078125 0.009375
2 0.60625 0.93828125 0.01953125 0.0375
2 0.7859375 0.39375 0.00546875 0.00625
2 0.79140625 0.8546875 0.0078125 0.01015625
2 0.046875 0.33125 0.02265625 0.03359375
0 0.228125 0.12421875 0.01640625 0.025
2 0.09765625 0.04765625 0.00703125 0.01171875
2 0.24453125 0.41484375 0.0046875 0.00546875
2 0.2953125 0.51171875 0.009375 0.009375
2 0.20625 0.78984375 0.0078125 0.009375
2 0.25859375 0.66484375 0.01484375 0.021875
2 0.4796875 0.96875 0.03125 0.0625
2 0.20703125 0.5390625 0.0109375 0.021875
2 0.4515625 0.08828125 0.01953125 0.02734375
2 0.13125 0.3453125 0.01015625 0.01171875
2 0.403125 0.3484375 0.0078125 0.009375
2 0.73671875 0.58828125 0.01875 0.01953125
2 0.4953125 0.8140625 0.00546875 0.00625
2 0.87421875 0.52421875 0.01015625 0.00859375
2 0.21796875 0.61015625 0.0109375 0.01953125
2 0.60390625 0.64765625 0.02734375 0.0375
2 0.3171875 0.09140625 0.00703125 0.01171875
2 0.83125 0.27265625 0.01015625 0.01328125
2 0.996875 0.1765625 0.00546875 0.009375
2 0.340625 0.2984375 0.01640625 0.02421875
2 0.6671875 0.33203125 0.0078125 0.00859375
2 0.3671875 0.38984375 0.01328125 0.01640625
0 0.54765625 0.5796875 0.03515625 0.05390625
0 0.49765625 0.5515625 0.025 0.034375
0 0.8984375 0.82421875 0.02734375 0.05234375
2 0.87578125 0.01875 0.00703125 0.00703125
2 0.8734375 0.03125 0.00703125 0.00546875
2 0.96875 0.11328125 0.00390625 0.00625
2 0.975 0.12109375 0.0046875 0.00625
2 0.9140625 0.1625 0.00546875 0.00859375
2 0.9546875 0.2203125 0.00703125 0.009375
2 0.990625 0.2515625 0.00703125 0.00703125
2 0.84921875 0.19609375 0.00546875 0.00625
2 0.38359375 0.51796875 0.009375 0.009375
2 0.53046875 0.40859375 0.01640625 0.01953125
2 0.4546875 0.1109375 0.00703125 0.01171875
2 0.14140625 0.3359375 0.01640625 0.02421875
2 0.153125 0.29453125 0.009375 0.01171875
2 0.62734375 0.3796875 0.021875 0.02421875
2 0.78125 0.34609375 0.00703125 0.00703125
2 0.875 0.58046875 0.04140625 0.06171875
2 0.9671875 0.834375 0.0078125 0.009375
2 0.090625 0.996875 0.01484375 0.00625
5 0.3640625 0.86875 0.01875 0.021875
0 0.778125 0.03984375 0.034375 0.07890625
2 0.4421875 0.55234375 0.0234375 0.02890625
0 0.440625 0.53046875 0.040625 0.03984375
0 0.3484375 0.71015625 0.165625 0.10703125
2 0.925 0.02890625 0.0046875 0.00546875
2 0.9734375 0.21171875 0.003125 0.00390625
2 0.821875 0.28203125 0.00703125 0.01328125
2 0.8921875 0.25078125 0.009375 0.01171875
2 0.846875 0.396875 0.009375 0.01171875
2 0.096875 0.51640625 0.00703125 0.01171875
2 0.0984375 0.5 0.00546875 0.00703125
2 0.1390625 0.40546875 0.021875 0.01953125
2 0.090625 0.31171875 0.0046875 0.00703125
2 0.9359375 0.41796875 0.0046875 0.00546875
2 0.7875 0.35859375 0.00546875 0.009375
2 0.871875 0.47578125 0.00390625 0.00625
2 0.96328125 0.77578125 0.00546875 0.00625
2 0.5078125 0.796875 0.009375 0.009375
2 0.5734375 0.89609375 0.00390625 0.00859375
2 0.56328125 0.91484375 0.0046875 0.00703125
2 0.684375 0.35078125 0.00390625 0.00546875
2 0.409375 0.84921875 0.00703125 0.009375
0 0.41015625 0.61640625 0.15703125 0.09453125
2 0.3609375 0.13828125 0.01015625 0.01171875
2 0.16875 0.125 0.01875 0.01953125
2 0.94375 0.196875 0.0078125 0.01171875
2 0.6828125 0.38828125 0.0046875 0.00703125
2 0.084375 0.459375 0.009375 0.01875
2 0.1078125 0.32890625 0.01171875 0.01015625
2 0.4828125 0.2453125 0.009375 0.01484375
2 0.209375 0.43671875 0.0046875 0.00859375
2 0.27734375 0.4125 0.00703125 0.00703125
2 0.9015625 0.2609375 0.00625 0.00625
0 0.2453125 0.67421875 0.01796875 0.02265625
2 0.9515625 0.140625 0.00546875 0.00625
2 0.34453125 0.17578125 0.00859375 0.01171875
5 0.45 0.75703125 0.04140625 0.04453125
2 0.9765625 0.028125 0.003125 0.00390625
0 0.378125 0.53046875 0.0109375 0.021875
2 0.44921875 0.05859375 0.0171875 0.01953125
2 0.7078125 0.33984375 0.003125 0.00625
2 0.12109375 0.12734375 0.0046875 0.01015625
2 0.090625 0.07734375 0.01640625 0.02421875
2 0.253125 0.47890625 0.00390625 0.00546875
2 0.3296875 0.50390625 0.00703125 0.00859375
2 0.6890625 0.30234375 0.00625 0.00546875
2 0.284375 0.40859375 0.00546875 0.00625
2 0.8890625 0.4078125 0.00859375 0.009375
2 0.34375 0.12734375 0.01171875 0.01015625
0 0.2859375 0.63515625 0.0078125 0.01171875
2 0.00234375 0.27265625 0.0046875 0.021875
2 0.2765625 0.053125 0.0171875 0.02578125
2 0.5078125 0.378125 0.0234375 0.03125
3 0.3921875 0.9296875 0.1890625 0.140625
2 0.92109375 0.37890625 0.0203125 0.04609375
2 0.3921875 0.5609375 0.00859375 0.00703125
2 0.70390625 0.3296875 0.003125 0.00859375
5 0.63828125 0.60703125 0.0609375 0.05703125
0 0.1890625 0.9734375 0.040625 0.053125
0 0.42109375 0.83125 0.4484375 0.3375
2 0.6 0.11328125 0.00546875 0.00703125
2 0.975 0.36484375 0.00546875 0.00859375
2 0.34375 0.51328125 0.01484375 0.015625
2 0.55390625 0.07734375 0.00703125 0.009375
2 0.5203125 0.16875 0.00546875 0.00625
2 0.66015625 0.2203125 0.0078125 0.01015625
2 0.621875 0.234375 0.00859375 0.009375
2 0.059375 0.28203125 0.00859375 0.009375
2 0.28671875 0.07890625 0.003125 0.00546875