2 0.11875 0.45 0.01328125 0.02265625
2 0.6671875 0.73203125 0.03515625 0.14609375
2 0.2265625 0.52890625 0.02109375 0.02578125
2 0.4609375 0.39765625 0.01953125 0.01640625
2 0.65 0.69453125 0.009375 0.028125
2 0.3578125 0.21328125 0.00859375 0.02890625
2 0.584375 0.46953125 0.02109375 0.021875
2 0.11875 0.2671875 0.0109375 0.01875
2 0.47109375 0.35859375 0.01171875 0.01328125
2 0.3203125 0.34609375 0.0109375 0.01640625
2 0.4765625 0.521875 0.0140625 0.01640625
2 0.07734375 0.86484375 0.01953125 0.02734375
2 0.66328125 0.990625 0.015625 0.01875
2 0.115625 0.528125 0.0140625 0.01640625
2 0.56796875 0.76328125 0.00703125 0.009375
2 0.6453125 0.77265625 0.00703125 0.01015625
2 0.41875 0.8875 0.0140625 0.01796875
2 0.3125 0.97265625 0.01171875 0.02265625
2 0.56484375 0.98984375 0.0125 0.01328125
2 0.2796875 0.3921875 0.06796875 0.03359375
2 0.165625 0.29375 0.01484375 0.0125
2 0.28984375 0.84765625 0.00546875 0.009375
2 0.525 0.23046875 0.01171875 0.0125
2 0.134375 0.33671875 0.0109375 0.01328125
2 0.61796875 0.4390625 0.02109375 0.01953125
2 0.715625 0.93828125 0.0328125 0.03984375
2 0.06015625 0.38671875 0.009375 0.01015625
2 0.565625 0.10234375 0.0125 0.03203125
2 0.9609375 0.934375 0.01640625 0.040625
2 0.184375 0.80078125 0.01328125 0.021875
2 0.23125 0.65234375 0.02109375 0.046875
2 0.94453125 0.90546875 0.01015625 0.01015625
2 0.4296875 0.95703125 0.0125 0.021875
2 0.1609375 0.7828125 0.01015625 0.01171875
2 0.1453125 0.41953125 0.0109375 0.01953125
2 0.271875 0.35390625 0.0234375 0.02421875
2 0.19609375 0.3421875 0.01640625 0.02265625
2 0.54140625 0.6953125 0.00390625 0.00703125
2 0.0140625 0.51015625 0.01484375 0.021875
2 0.2453125 0.40078125 0.0109375 0.01484375
2 0.240625 0.75546875 0.01640625 0.01953125
2 0.9328125 0.99453125 0.0171875 0.01015625
2 0.4734375 0.30546875 0.01796875 0.021875
2 0.415625 0.32578125 0.01328125 0.01796875
2 0.2171875 0.23359375 0.028125 0.03046875
2 0.321875 0.265625 0.01171875 0.01640625
2 0.0265625 0.23203125 0.021875 0.03125
2 0.0296875 0.34453125 0.0171875 0.01328125
2 0.68125 0.62578125 0.01015625 0.01875
2 0.74375 0.07890625 0.00625 0.00625
2 0.93515625 0.10703125 0.02109375 0.03515625
2 0.7484375 0.059375 0.03046875 0.03046875
2 0.89765625 0.01796875 0.0203125 0.0359375
2 0.509375 0.6890625 0.0078125 0.01015625
2 0.29453125 0.16640625 0.01640625 0.01484375
2 0.0921875 0.84375 0.01328125 0.01875
2 0.23125 0.35234375 0.01484375 0.02109375
2 0.43125 0.23515625 0.1125 0.11171875
2 0.8078125 0.0421875 0.00859375 0.01796875
2 0.809375 0.4578125 0.009375 0.01796875
2 0.78046875 0.4984375 0.00625 0.00703125
2 0.9203125 0.5859375 0.0078125 0.01328125
2 0.9921875 0.69609375 0.00625 0.00625
2 0.9875 0.3796875 0.00625 0.00859375
2 0.7 0.41171875 0.01640625 0.01875
2 0.9375 0.46953125 0.00703125 0.00625
2 0.9921875 0.71640625 0.015625 0.02265625
2 0.8390625 0.02734375 0.0421875 0.034375
2 0.9328125 0.65703125 0.00703125 0.00546875
2 0.76953125 0.5546875 0.0078125 0.015625
2 0.9328125 0.42109375 0.00703125 0.01328125
0 0.515625 0.5046875 0.0140625 0.02890625
2 0.65 0.55546875 0.01171875 0.00859375
2 0.02421875 0.078125 0.0484375 0.15546875
2 0.784375 0.40546875 0.00625 0.00859375
2 0.890625 0.56328125 0.009375 0.01640625
2 0.76875 0.15625 0.01328125 0.01875
2 0.784375 0.03828125 0.021875 0.02109375
2 0.9109375 0.55625 0.0078125 0.01015625
2 0.8265625 0.54609375 0.01171875 0.01484375
2 0.603125 0.659375 0.040625 0.071875
14 0.428125 0.47890625 0.2359375 0.121875
2 0.2953125 0.9578125 0.0125 0.0125
2 0.10078125 0.97734375 0.00859375 0.00859375
2 0.5828125 0.26328125 0.0171875 0.01640625
2 0.2625 0.90703125 0.0078125 0.00859375
2 0.0390625 0.95234375 0.0125 0.009375
2 0.11875 0.89296875 0.01171875 0.01015625
2 0.26171875 0.83671875 0.0078125 0.00625
2 0.2375 0.94453125 0.015625 0.0125
2 0.5125 0.30234375 0.0265625 0.04453125
2 0.65625 0.37734375 0.0203125 0.01796875
2 0.0953125 0.09453125 0.025 0.0375
2 0.0109375 0.37734375 0.0109375 0.01640625
2 0.04375 0.90234375 0.009375 0.01015625
2 0.0609375 0.290625 0.01328125 0.02578125
2 0.63125 0.26875 0.01796875 0.02734375