2 0.3375 0.72890625 0.03046875 0.04296875
2 0.78671875 0.72265625 0.0171875 0.03203125
2 0.66484375 0.68515625 0.03359375 0.06484375
2 0.93984375 0.89140625 0.02109375 0.03984375
2 0.540625 0.24609375 0.04453125 0.04609375
2 0.115625 0.10234375 0.0578125 0.07109375
5 0.0265625 0.02109375 0.040625 0.04140625
2 0.21484375 0.3796875 0.06875 0.121875
2 0.8171875 0.63984375 0.03515625 0.04296875
3 0.84375 0.57421875 0.15625 0.18828125
2 0.61640625 0.47890625 0.0390625 0.10625
2 0.65703125 0.27109375 0.07890625 0.09375
2 0.74140625 0.18203125 0.11015625 0.09296875
2 0.690625 0.08203125 0.0578125 0.05390625
2 0.26875 0.30234375 0.05078125 0.11875
2 0.140625 0.43984375 0.08046875 0.05078125
5 0.1265625 0.28203125 0.0453125 0.07421875
2 0.0453125 0.0859375 0.090625 0.16875
2 0.321875 0.89140625 0.10546875 0.21171875
2 0.53515625 0.41640625 0.13125 0.24140625
2 0.83828125 0.14296875 0.1140625 0.13828125
2 0.85390625 0.21484375 0.02421875 0.04609375
2 0.753125 0.10390625 0.071875 0.09375
2 0.746875 0.25546875 0.03203125 0.06328125
2 0.59375 0.89296875 0.04140625 0.046875
2 0.59375 0.08828125 0.1015625 0.175
2 0.0796875 0.4453125 0.0203125 0.02578125
2 0.928125 0.9515625 0.10390625 0.08359375
2 0.8234375 0.31796875 0.065625 0.06484375
2 0.5765625 0.23125 0.07265625 0.04609375
2 0.1875 0.29375 0.0390625 0.03984375
2 0.2 0.2390625 0.034375 0.04609375
5 0.290625 0.68984375 0.06640625 0.11640625
2 0.053125 0.253125 0.03125 0.03828125
2 0.1359375 0.53359375 0.1359375 0.12890625
2 0.2375 0.48828125 0.0734375 0.0875
2 0.6140625 0.375 0.06171875 0.06953125
2 0.4421875 0.32109375 0.06953125 0.12421875
2 0.8859375 0.76484375 0.0171875 0.03515625
2 0.62890625 0.81484375 0.0203125 0.01953125
2 0.496875 0.240625 0.03828125 0.040625
5 0.5453125 0.81953125 0.03359375 0.04140625
2 0.821875 0.80546875 0.1390625 0.13515625
2 0.75 0.678125 0.05625 0.06015625
2 0.6640625 0.76171875 0.0546875 0.06328125
2 0.32578125 0.3125 0.040625 0.06328125
5 0.921875 0.84453125 0.04765625 0.05546875
2 0.0328125 0.60078125 0.06484375 0.209375
15 0.4734375 0.55859375 0.09609375 0.18984375
2 0.1328125 0.9359375 0.26484375 0.128125
2 0.35625 0.41796875 0.1109375 0.13203125
2 0.45390625 0.56953125 0.0796875 0.10078125
2 0.490625 0.2015625 0.02109375 0.02421875
2 0.8109375 0.41328125 0.05625 0.07890625
2 0.63359375 0.56953125 0.1078125 0.06875
5 0.69609375 0.11796875 0.04140625 0.02734375
2 0.9359375 0.77734375 0.05625 0.046875
2 0.60703125 0.9453125 0.06015625 0.06015625
2 0.9890625 0.7640625 0.02109375 0.06015625
2 0.8625 0.015625 0.040625 0.03125
2 0.7140625 0.02734375 0.16953125 0.05390625
2 0.221875 0.56796875 0.03203125 0.03125
2 0.0953125 0.61171875 0.025 0.02265625
2 0.50546875 0.1359375 0.02734375 0.0375
2 0.38515625 0.6203125 0.08046875 0.09609375
2 0.728125 0.55703125 0.10546875 0.15703125
2 0.0265625 0.303125 0.053125 0.14140625
2 0.05390625 0.85234375 0.03515625 0.04609375
2 0.13046875 0.77890625 0.13203125 0.19765625
2 0.1828125 0.64296875 0.07265625 0.07421875
2 0.7359375 0.8734375 0.09296875 0.134375
2 0.6140625 0.84609375 0.02109375 0.03671875
2 0.0953125 0.3328125 0.0421875 0.06328125
2 0.090625 0.384375 0.028125 0.03515625
2 0.2796875 0.346875 0.0265625 0.021875
2 0.3234375 0.49765625 0.0515625 0.06328125
2 0.93515625 0.1734375 0.1296875 0.346875
2 0.03203125 0.76796875 0.02421875 0.04140625
2 0.21484375 0.02734375 0.10078125 0.04765625
2 0.43984375 0.43984375 0.0390625 0.03671875
2 0.33984375 0.1046875 0.05859375 0.05078125
2 0.2984375 0.1875 0.04921875 0.11640625
2 0.1484375 0.16640625 0.02734375 0.05234375
2 0.38671875 0.17421875 0.02890625 0.06171875
2 0.15234375 0.375 0.04609375 0.10546875
2 0.98203125 0.8640625 0.0359375 0.096875
2 0.32890625 0.5875 0.0375 0.04765625
5 0.3609375 0.284375 0.04296875 0.06328125
2 0.45 0.0625 0.05078125 0.04453125
2 0.29296875 0.04140625 0.0578125 0.07890625
2 0.93125 0.70859375 0.09453125 0.08203125
2 0.95703125 0.6046875 0.0859375 0.1125
2 0.7203125 0.76875 0.0359375 0.078125
2 0.5921875 0.79921875 0.053125 0.05390625
2 0.6421875 0.85390625 0.01796875 0.028125
2 0.90625 0.421875 0.12578125 0.1375
2 0.5921875 0.29296875 0.05859375 0.06796875
2 0.1359375 0.22109375 0.0890625 0.05546875
2 0.36953125 0.0375 0.07578125 0.06796875
2 0.2578125 0.58828125 0.0203125 0.03359375
2 0.228125 0.80546875 0.02109375 0.02734375
2 0.434375 0.22890625 0.0859375 0.078125
5 0.75703125 0.33515625 0.0625 0.075
2 0.7125 0.3109375 0.03515625 0.04453125
5 0.55703125 0.9 0.02734375 0.06328125
2 0.73828125 0.73203125 0.0390625 0.03515625
2 0.93046875 0.20703125 0.01796875 0.02734375
2 0.60625 0.7109375 0.06484375 0.096875
2 0.6921875 0.95859375 0.1109375 0.07890625
5 0.0640625 0.17578125 0.053125 0.07265625
2 0.4703125 0.14609375 0.03203125 0.03125
2 0.6734375 0.41953125 0.0734375 0.19609375
5 0.740625 0.4328125 0.06875 0.10234375
2 0.4375 0.16953125 0.0375 0.03515625
2 0.2109375 0.14453125 0.09140625 0.146875
2 0.23125 0.73359375 0.053125 0.09609375
2 0.36875 0.53046875 0.0359375 0.040625
2 0.11015625 0.17421875 0.02734375 0.05
2 0.35625 0.1765625 0.0125 0.02578125
2 0.45703125 0.83359375 0.20703125 0.32265625
2 0.284375 0.56640625 0.03203125 0.07421875
2 0.59375 0.634375 0.121875 0.08828125
2 0.1359375 0.0234375 0.0625 0.046875
2 0.5609375 0.73359375 0.0421875 0.09140625
2 0.50703125 0.06328125 0.05234375 0.09140625
2 0.6703125 0.82265625 0.03125 0.040625
2 0.8171875 0.965625 0.0296875 0.03359375
2 0.9234375 0.51171875 0.04921875 0.05234375