10 0.4328125 0.56953125 0.1484375 0.3375
5 0.5859375 0.73828125 0.0421875 0.03984375
2 0.79375 0.1125 0.01171875 0.01484375
2 0.5953125 0.48125 0.02890625 0.025
2 0.4296875 0.17265625 0.05234375 0.05546875
2 0.7984375 0.98203125 0.0234375 0.03359375
0 0.0421875 0.60234375 0.08359375 0.13828125
2 0.1125 0.52734375 0.0234375 0.02421875
2 0.83359375 0.471875 0.0609375 0.0375
2 0.51875 0.515625 0.01875 0.02421875
2 0.30234375 0.56171875 0.03828125 0.06171875
0 0.4125 0.89453125 0.05234375 0.084375
2 0.478125 0.01640625 0.05234375 0.02421875
2 0.9875 0.2390625 0.025 0.04765625
5 0.7703125 0.52734375 0.0171875 0.028125
0 0.9 0.10234375 0.034375 0.03125
2 0.56640625 0.496875 0.0359375 0.03515625
2 0.3390625 0.78359375 0.0265625 0.040625
2 0.14921875 0.41796875 0.0484375 0.03671875
2 0.93515625 0.4328125 0.02890625 0.021875
5 0.93984375 0.62265625 0.02890625 0.04140625
2 0.3578125 0.22890625 0.0734375 0.096875
2 0.921875 0.85234375 0.1109375 0.19765625
2 0.96328125 0.21328125 0.0171875 0.04453125
2 0.8109375 0.425 0.0171875 0.01640625
2 0.25 0.46796875 0.11171875 0.12109375
2 0.0828125 0.37265625 0.0359375 0.07734375
2 0.97265625 0.14765625 0.0546875 0.06171875
0 0.909375 0.21328125 0.0828125 0.06953125
2 0.95546875 0.5578125 0.0890625 0.09140625
2 0.20703125 0.90078125 0.04296875 0.04296875
2 0.140625 0.5921875 0.05078125 0.03828125
2 0.265625 0.965625 0.09609375 0.06015625
2 0.0359375 0.11640625 0.0296875 0.06328125
2 0.84296875 0.05703125 0.0703125 0.1140625
2 0.703125 0.20234375 0.015625 0.021875
2 0.3 0.07734375 0.04453125 0.025
2 0.371875 0.3265625 0.03125 0.05390625
2 0.4375 0.63359375 0.0140625 0.03828125
5 0.63671875 0.62421875 0.0375 0.046875
2 0.6625 0.53984375 0.05546875 0.07109375
0 0.046875 0.26328125 0.09296875 0.05703125
2 0.67578125 0.21484375 0.01640625 0.03515625
0 0.909375 0.0421875 0.10078125 0.07890625
0 0.3921875 0.58984375 0.06640625 0.15625
2 0.10859375 0.05859375 0.01953125 0.06328125
2 0.49921875 0.6125 0.06640625 0.13046875
2 0.496875 0.75859375 0.0546875 0.09609375
2 0.390625 0.7125 0.05546875 0.08671875
2 0.3 0.74296875 0.0296875 0.02890625
2 0.9171875 0.3453125 0.084375 0.08046875
2 0.1890625 0.36875 0.01875 0.0375
2 0.8796875 0.40546875 0.0234375 0.01796875
2 0.69765625 0.23046875 0.0234375 0.015625
2 0.8265625 0.4078125 0.01953125 0.03671875
2 0.8421875 0.953125 0.02734375 0.03828125
2 0.71484375 0.81171875 0.01875 0.02109375
0 0.02578125 0.9375 0.0515625 0.11640625
2 0.015625 0.43515625 0.03125 0.08828125
2 0.0421875 0.4953125 0.05234375 0.03671875
2 0.38046875 0.134375 0.053125 0.1
2 0.7125 0.584375 0.03828125 0.09140625
2 0.73984375 0.33359375 0.096875 0.08828125
2 0.9890625 0.2921875 0.02109375 0.03671875
2 0.696875 0.39453125 0.034375 0.03125
2 0.97890625 0.453125 0.0265625 0.0375
2 0.440625 0.8359375 0.07578125 0.03125
2 0.8390625 0.76640625 0.1453125 0.171875
5 0.7484375 0.72578125 0.02109375 0.025
2 0.6484375 0.84765625 0.025 0.04921875
2 0.6515625 0.68046875 0.03984375 0.059375
2 0.95 0.5 0.040625 0.02421875
2 0.734375 0.48671875 0.03046875 0.03515625
2 0.8984375 0.98828125 0.04296875 0.02265625
2 0.73203125 0.88046875 0.0203125 0.04453125
2 0.5921875 0.1109375 0.13828125 0.21875
2 0.82421875 0.90078125 0.0234375 0.02109375
2 0.98515625 0.78828125 0.01015625 0.01484375
2 0.853125 0.89765625 0.02265625 0.03984375
2 0.1140625 0.0140625 0.0453125 0.028125
2 0.015625 0.36640625 0.03125 0.04453125
2 0.021875 0.31328125 0.04296875 0.04453125
2 0.36796875 0.8015625 0.040625 0.04453125
2 0.5890625 0.67734375 0.06484375 0.08828125
2 0.7171875 0.93671875 0.06875 0.10234375
2 0.7171875 0.66015625 0.04140625 0.0375
2 0.7171875 0.51953125 0.03359375 0.03359375
5 0.12109375 0.1046875 0.034375 0.040625
0 0.98515625 0.0203125 0.0296875 0.040625
2 0.5765625 0.78671875 0.08984375 0.09375
2 0.1984375 0.2359375 0.1703125 0.28125
2 0.5421875 0.86328125 0.11015625 0.12578125
2 0.65625 0.80859375 0.025 0.03203125
0 0.3421875 0.9703125 0.03671875 0.04296875
3 0.3390625 0.90390625 0.0890625 0.10625
2 0.753125 0.8421875 0.0546875 0.03828125
2 0.4421875 0.31640625 0.10703125 0.165625
2 0.68515625 0.86328125 0.04921875 0.06796875
2 0.19296875 0.95859375 0.0453125 0.08203125
2 0.16875 0.89453125 0.025 0.02578125
2 0.7265625 0.73046875 0.0109375 0.01796875
2 0.9703125 0.72265625 0.01328125 0.02578125
2 0.734375 0.553125 0.0265625 0.03359375
0 0.71328125 0.22734375 0.26328125 0.128125
2 0.471875 0.76796875 0.1109375 0.08046875
2 0.32734375 0.8484375 0.0484375 0.03828125
16 0.1453125 0.72109375 0.290625 0.315625
2 0.528125 0.96015625 0.34140625 0.07890625
2 0.73828125 0.790625 0.03359375 0.028125
2 0.953125 0.76328125 0.01640625 0.028125
2 0.83671875 0.6796875 0.07421875 0.04609375
2 0.86875 0.52265625 0.02734375 0.01875
2 0.7640625 0.59453125 0.02109375 0.046875
2 0.1890625 0.43359375 0.03125 0.06875
2 0.1671875 0.50234375 0.0265625 0.02890625
2 0.6078125 0.61015625 0.01484375 0.04375
2 0.6734375 0.76953125 0.02265625 0.034375
2 0.0703125 0.95625 0.06953125 0.084375
2 0.39765625 0.053125 0.1078125 0.10078125
2 0.99765625 0.7796875 0.0046875 0.0375
2 0.753125 0.99453125 0.0171875 0.01015625
2 0.88359375 0.67265625 0.025 0.053125
2 0.6734375 0.62890625 0.025 0.06484375
2 0.146875 0.52890625 0.0203125 0.028125
2 0.1390625 0.88359375 0.015625 0.009375
2 0.63984375 0.5921875 0.0234375 0.03046875
2 0.915625 0.40703125 0.02421875 0.02734375
2 0.76328125 0.890625 0.0390625 0.04609375
2 0.784375 0.6234375 0.0671875 0.11875
2 0.0765625 0.43515625 0.0171875 0.02890625
2 0.18515625 0.475 0.01015625 0.01640625
2 0.5640625 0.24140625 0.1 0.21171875
2 0.97421875 0.9 0.03359375 0.07734375
2 0.5296875 0.665625 0.0203125 0.05234375
2 0.83515625 0.13515625 0.01171875 0.02734375
2 0.78515625 0.14296875 0.01640625 0.0125
2 0.684375 0.16796875 0.034375 0.03203125
2 0.1859375 0.32890625 0.015625 0.03125
2 0.4609375 0.42890625 0.01796875 0.03046875
2 0.09609375 0.55625 0.0234375 0.02890625
2 0.17265625 0.53984375 0.021875 0.02578125
2 0.2703125 0.8921875 0.05546875 0.078125
2 0.7515625 0.42421875 0.02265625 0.03984375
2 0.6234375 0.87265625 0.04453125 0.06953125
0 0.075 0.16328125 0.05234375 0.084375
0 0.0078125 0.165625 0.015625 0.053125
2 0.6515625 0.4703125 0.06015625 0.040625
2 0.846875 0.5859375 0.06171875 0.04609375
2 0.759375 0.48046875 0.0125 0.02109375
2 0.7984375 0.3390625 0.02421875 0.03125
2 0.8421875 0.37109375 0.03515625 0.04609375
2 0.7828125 0.4046875 0.015625 0.03359375
2 0.73203125 0.27578125 0.02734375 0.03828125
2 0.75390625 0.234375 0.0203125 0.01953125
2 0.68203125 0.0765625 0.02421875 0.040625
2 0.70625 0.0125 0.0390625 0.025
2 0.4703125 0.22265625 0.0328125 0.03203125
2 0.1671875 0.09296875 0.03671875 0.0625
2 0.14765625 0.3625 0.03046875 0.05390625
2 0.084375 0.48828125 0.03125 0.06796875
2 0.7953125 0.45078125 0.0078125 0.0125
0 0.584375 0.57421875 0.07265625 0.090625
0 0.9015625 0.15 0.0296875 0.04453125
2 0.96875 0.38046875 0.06171875 0.1125
2 0.9734375 0.07421875 0.05234375 0.08046875
2 0.884375 0.4890625 0.0421875 0.03515625
0 0.8296875 0.7640625 0.028125 0.03125
2 0.303125 0.16015625 0.05859375 0.13203125
2 0.4234375 0.13828125 0.025 0.025
2 0.45234375 0.121875 0.03046875 0.04453125
2 0.5484375 0.75390625 0.0265625 0.05
2 0.7203125 0.103125 0.0140625 0.02109375
2 0.91875 0.27734375 0.046875 0.0625
2 0.640625 0.27734375 0.03515625 0.046875
2 0.8515625 0.2640625 0.0421875 0.03828125
0 0.559375 0.4 0.26640625 0.21875
2 0.0453125 0.03671875 0.0734375 0.07265625
0 0.10625 0.94375 0.028125 0.04296875
2 0.66171875 0.721875 0.065625 0.03203125
0 0.703125 0.0828125 0.1015625 0.165625
0 0.0140625 0.09921875 0.02734375 0.06015625
2 0.853125 0.43046875 0.034375 0.03125
2 0.1234375 0.984375 0.02421875 0.03125
2 0.93125 0.46640625 0.0234375 0.03515625
5 0.096875 0.309375 0.02890625 0.0375
5 0.4859375 0.89140625 0.02890625 0.0375
0 0.9515625 0.9859375 0.034375 0.028125
0 0.834375 0.85625 0.08046875 0.06484375
3 0.0453125 0.37734375 0.03359375 0.2
2 0.49375 0.1109375 0.0234375 0.046875
2 0.521875 0.3296875 0.04453125 0.09609375
2 0.71015625 0.75546875 0.03125 0.03125
2 0.603125 0.428125 0.06953125 0.046875
2 0.9390625 0.6953125 0.05546875 0.0875
3 0.32578125 0.490625 0.0703125 0.39765625
2 0.253125 0.0328125 0.15390625 0.065625
0 0.9125 0.93671875 0.06953125 0.075
0 0.8921875 0.7390625 0.03515625 0.07265625
0 0.96171875 0.85234375 0.05078125 0.06015625
0 0.984375 0.94375 0.03125 0.1125