2 0.346875 0.32890625 0.021875 0.03125
2 0.2125 0.06484375 0.07421875 0.06796875
2 0.18203125 0.0296875 0.04921875 0.04921875
2 0.76875 0.334375 0.28203125 0.23984375
2 0.378125 0.22109375 0.059375 0.0875
2 0.796875 0.059375 0.228125 0.11015625
5 0.12265625 0.88125 0.2453125 0.2375
2 0.59609375 0.02578125 0.0859375 0.05078125
2 0.14609375 0.3609375 0.2921875 0.259375
2 0.578125 0.15078125 0.0421875 0.05234375
2 0.884375 0.62421875 0.0421875 0.05546875
2 0.85703125 0.57578125 0.0359375 0.05078125
2 0.778125 0.49296875 0.025 0.04140625
2 0.41640625 0.8265625 0.12734375 0.20703125
2 0.4828125 0.44609375 0.32890625 0.234375
2 0.771875 0.14609375 0.0390625 0.08046875
5 0.94140625 0.278125 0.1171875 0.55625
2 0.6765625 0.53984375 0.04921875 0.06796875
2 0.0828125 0.07421875 0.165625 0.14375
4 0.5 0.64765625 1 0.32421875
2 0.49140625 0.296875 0.071875 0.07265625
2 0.621875 0.0875 0.05859375 0.059375
2 0.32421875 0.05234375 0.2078125 0.1046875
2 0.25546875 0.1921875 0.225 0.17734375
2 0.79296875 0.8828125 0.4140625 0.22578125
2 0.3078125 0.803125 0.1671875 0.2375
2 0.4125 0.28671875 0.06328125 0.08203125
0 0.04296875 0.171875 0.0859375 0.09375
2 0.12890625 0.7171875 0.2578125 0.21328125