2 0.1453125 0.2078125 0.04609375 0.109375
2 0.38359375 0.59609375 0.04375 0.05
2 0.5453125 0.63671875 0.2390625 0.20625
2 0.44375 0.40703125 0.10390625 0.103125
2 0.08203125 0.1296875 0.053125 0.103125
2 0.40390625 0.28046875 0.0734375 0.115625
2 0.278125 0.7140625 0.0890625 0.10078125
2 0.0578125 0.0609375 0.11484375 0.084375
2 0.1671875 0.73046875 0.084375 0.11953125
2 0.3265625 0.203125 0.0765625 0.134375
2 0.24140625 0.37265625 0.22109375 0.23046875
9 0.49375 0.6734375 0.1484375 0.28046875
9 0.8578125 0.60390625 0.25546875 0.7875
2 0.18203125 0.1546875 0.04140625 0.04921875
2 0.0859375 0.3859375 0.0703125 0.096875
2 0.04375 0.30859375 0.071875 0.10078125
2 0.659375 0.934375 0.05390625 0.06953125
2 0.559375 0.8609375 0.05546875 0.05
2 0.55859375 0.11796875 0.06640625 0.11875
2 0.20859375 0.70546875 0.03828125 0.04296875
2 0.9 0.67421875 0.06328125 0.06796875
2 0.3265625 0.62578125 0.04921875 0.06328125
2 0.7171875 0.7296875 0.11328125 0.134375
9 0.38125 0.4234375 0.05234375 0.09140625
9 0.9296875 0.06484375 0.059375 0.125
2 0.28671875 0.8609375 0.04765625 0.04453125
2 0.78359375 0.9484375 0.04375 0.046875
2 0.41484375 0.93984375 0.0296875 0.05
2 0.6953125 0.421875 0.0375 0.04609375
2 0.878125 0.525 0.0578125 0.07890625
2 0.21875 0.03671875 0.059375 0.07265625
2 0.9609375 0.97734375 0.04765625 0.0375
2 0.79453125 0.12265625 0.03203125 0.05859375
2 0.7984375 0.63203125 0.1015625 0.125
9 0.8109375 0.8265625 0.06484375 0.13203125
2 0.3109375 0.8171875 0.0734375 0.09921875
14 0.5 0.3375 1 0.478125
2 0.49609375 0.1734375 0.06875 0.12109375