2 0.32109375 0.1921875 0.00703125 0.01328125
2 0.428125 0.37578125 0.00859375 0.01328125
2 0.4 0.07265625 0.0140625 0.02890625
2 0.53125 0.04140625 0.0203125 0.02109375
2 0.421875 0.3 0.0109375 0.0125
2 0.44921875 0.3453125 0.01015625 0.02421875
2 0.696875 0.2484375 0.0234375 0.01953125
2 0.27578125 0.0984375 0.01171875 0.01328125
2 0.56875 0.02734375 0.0140625 0.01796875
2 0.509375 0.08984375 0.0140625 0.03125
2 0.6140625 0.17890625 0.00625 0.01015625
2 0.578125 0.15390625 0.0234375 0.03515625
2 0.528125 0.20703125 0.0109375 0.015625
2 0.51875 0.21640625 0.0125 0.01953125
2 0.33515625 0.0625 0.01640625 0.01953125
2 0.3484375 0.2234375 0.02734375 0.02734375
2 0.4640625 0.37578125 0.01484375 0.01953125
2 0.446875 0.4671875 0.01328125 0.01640625
2 0.47734375 0.43046875 0.00625 0.009375
2 0.38359375 0.4046875 0.02109375 0.025
2 0.384375 0.3359375 0.01484375 0.02734375
2 0.3671875 0.74609375 0.0234375 0.05625
2 0.0625 0.4828125 0.01875 0.0125
2 0.196875 0.49921875 0.00859375 0.01171875
2 0.5921875 0.2515625 0.025 0.028125
2 0.45 0.2265625 0.01171875 0.01484375
2 0.2796875 0.009375 0.01171875 0.01875
2 0.0203125 0.084375 0.015625 0.025
2 0.03359375 0.14453125 0.01796875 0.02265625
2 0.5890625 0.40078125 0.0203125 0.021875
2 0.14609375 0.34140625 0.0109375 0.01796875
2 0.15703125 0.34921875 0.0078125 0.01640625
2 0.1296875 0.38984375 0.01328125 0.01640625
2 0.4578125 0.721875 0.0171875 0.03046875
2 0.25546875 0.17578125 0.0140625 0.02578125
2 0.2546875 0.03125 0.00703125 0.01796875
2 0.37578125 0.79453125 0.01875 0.03125
2 0.3515625 0.51484375 0.015625 0.01640625
2 0.409375 0.81640625 0.015625 0.01796875
2 0.5109375 0.75234375 0.0125 0.01875
2 0.0734375 0.86953125 0.01875 0.04921875
2 0.621875 0.77578125 0.01015625 0.01953125
2 0.1609375 0.590625 0.01171875 0.01484375
2 0.315625 0.909375 0.0140625 0.01953125
2 0.878125 0.05703125 0.0421875 0.02734375
2 0.28359375 0.27890625 0.0109375 0.0125
2 0.553125 0.69609375 0.015625 0.015625
2 0.021875 0.83046875 0.01015625 0.01796875
2 0.50390625 0.803125 0.0078125 0.0125
2 0.1328125 0.44140625 0.00859375 0.0125
2 0.6078125 0.484375 0.01640625 0.02265625
2 0.86328125 0.55234375 0.0140625 0.02109375
2 0.675 0.52578125 0.03359375 0.03046875
2 0.7296875 0.97578125 0.0109375 0.02109375
2 0.9015625 0.70234375 0.03125 0.03203125
2 0.93125 0.34453125 0.015625 0.02890625
2 0.73671875 0.7484375 0.03828125 0.03203125
2 0.553125 0.41953125 0.0140625 0.01328125
2 0.5859375 0.37421875 0.03359375 0.03984375
2 0.159375 0.38515625 0.009375 0.01640625
2 0.89296875 0.01875 0.0125 0.01328125
2 0.80546875 0.74140625 0.009375 0.0125
2 0.71875 0.62265625 0.0234375 0.04609375
2 0.6328125 0.80546875 0.0171875 0.01953125
2 0.84375 0.71796875 0.025 0.02890625
2 0.134375 0.4140625 0.01015625 0.0125
2 0.69375 0.19765625 0.0171875 0.02890625
2 0.153125 0.25234375 0.009375 0.01640625
2 0.14296875 0.62265625 0.0234375 0.03671875
2 0.80390625 0.17734375 0.0125 0.02734375
2 0.009375 0.4984375 0.01875 0.028125
2 0.17890625 0.109375 0.0234375 0.02265625
2 0.7921875 0.3359375 0.01171875 0.01328125
2 0.02265625 0.440625 0.03359375 0.02578125
2 0.2703125 0.96640625 0.0140625 0.015625
2 0.40625 0.91328125 0.0078125 0.0125
2 0.371875 0.43515625 0.01328125 0.0125
2 0.19375 0.61484375 0.0125 0.02421875
2 0.23125 0.7953125 0.01171875 0.01328125
2 0.3875 0.565625 0.04375 0.07265625
2 0.125 0.8 0.01484375 0.01328125
2 0.5234375 0.57109375 0.01328125 0.01640625
2 0.03203125 0.2 0.046875 0.02578125
2 0.6375 0.25 0.0109375 0.01875
2 0.4953125 0.26015625 0.0203125 0.034375
2 0.490625 0.2859375 0.01015625 0.01328125
2 0.4703125 0.2484375 0.01875 0.03203125
2 0.50078125 0.02265625 0.02265625 0.04453125
2 0.484375 0.41640625 0.009375 0.01796875
2 0.55 0.46640625 0.01953125 0.01953125
2 0.459375 0.45546875 0.01015625 0.01640625
2 0.303125 0.16015625 0.021875 0.03828125
2 0.83359375 0.19375 0.025 0.03046875
2 0.8046875 0.01796875 0.01484375 0.01953125
2 0.6578125 0.11796875 0.0125 0.0125
2 0.5578125 0.84609375 0.01796875 0.01953125
2 0.5328125 0.93515625 0.009375 0.01015625
2 0.5640625 0.98671875 0.021875 0.02578125
2 0.0078125 0.946875 0.015625 0.025
2 0.0140625 0.92109375 0.01015625 0.01328125
2 0.034375 0.63671875 0.0140625 0.01953125
2 0.0265625 0.66484375 0.01171875 0.009375
2 0.11875 0.53046875 0.00859375 0.01328125
2 0.05625 0.44921875 0.00546875 0.01171875
2 0.065625 0.33828125 0.01015625 0.01015625
2 0.015625 0.1625 0.009375 0.01953125
2 0.01875 0.1125 0.0125 0.01953125
2 0.9859375 0.89140625 0.0109375 0.02265625
2 0.84609375 0.14609375 0.025 0.04296875
2 0.540625 0.52265625 0.02109375 0.03203125
2 0.82734375 0.25234375 0.02109375 0.03125
2 0.24765625 0.9671875 0.02421875 0.02421875
2 0.09453125 0.26171875 0.0125 0.02265625
2 0.2625 0.72578125 0.01015625 0.0125
2 0.2984375 0.54921875 0.01640625 0.015625
2 0.6515625 0.35546875 0.0203125 0.02578125
2 0.775 0.5875 0.015625 0.02265625
2 0.903125 0.64140625 0.01484375 0.01953125
2 0.8453125 0.5078125 0.015625 0.01953125
2 0.9015625 0.465625 0.015625 0.01796875
2 0.8296875 0.33515625 0.0203125 0.02109375
2 0.69296875 0.22578125 0.01640625 0.01953125
2 0.8203125 0.11328125 0.0171875 0.02109375
2 0.8625 0.0140625 0.0203125 0.028125
2 0.584375 0.8453125 0.009375 0.01640625
2 0.48125 0.8796875 0.015625 0.028125
2 0.60078125 0.9703125 0.0203125 0.059375
2 0.7140625 0.95078125 0.0125 0.01328125
2 0.37734375 0.8859375 0.02265625 0.02578125
2 0.18515625 0.903125 0.0296875 0.03984375
2 0.1609375 0.98671875 0.009375 0.02109375
2 0.11953125 0.9515625 0.0171875 0.01484375
2 0.0734375 0.93515625 0.025 0.06875
2 0.2171875 0.83984375 0.0078125 0.015625
2 0.83125 0.9515625 0.015625 0.02734375
2 0.684375 0.90859375 0.01953125 0.01953125
2 0.790625 0.81953125 0.01015625 0.015625
2 0.6984375 0.66015625 0.0203125 0.01640625
2 0.69296875 0.57578125 0.01875 0.03984375
2 0.3859375 0.63203125 0.0171875 0.01015625
2 0.290625 0.596875 0.0078125 0.01796875
2 0.2671875 0.56875 0.01875 0.025
2 0.3453125 0.77734375 0.0125 0.01171875
2 0.4 0.609375 0.00703125 0.01171875
2 0.203125 0.671875 0.01640625 0.01953125
2 0.146875 0.53515625 0.021875 0.01953125
2 0.165625 0.51171875 0.00390625 0.01796875
2 0.346875 0.33984375 0.01953125 0.03984375
2 0.8375 0.9875 0.0203125 0.025
2 0.7078125 0.9921875 0.015625 0.015625
2 0.73125 0.77734375 0.01875 0.01640625
2 0.20390625 0.48203125 0.01171875 0.01171875
2 0.08359375 0.115625 0.01328125 0.01953125
2 0.4796875 0.14375 0.02109375 0.04453125
2 0.4375 0.04140625 0.046875 0.0828125
2 0.3453125 0.09375 0.03984375 0.028125
2 0.3875 0.17890625 0.0234375 0.053125
2 0.453125 0.30078125 0.009375 0.01640625
2 0.35625 0.37109375 0.01328125 0.01796875
2 0.4078125 0.278125 0.00859375 0.01171875
2 0.7890625 0.56796875 0.0296875 0.03515625
2 0.83203125 0.61953125 0.0078125 0.01171875
2 0.95390625 0.5625 0.0328125 0.053125
2 0.9546875 0.47578125 0.015625 0.01875
2 0.9609375 0.434375 0.015625 0.01953125
2 0.7875 0.2859375 0.0234375 0.046875
2 0.915625 0.03359375 0.00625 0.01015625
2 0.815625 0.03828125 0.0171875 0.01640625
2 0.7234375 0.14296875 0.01328125 0.02265625
2 0.65859375 0.08984375 0.01015625 0.01953125
2 0.5015625 0.865625 0.0140625 0.01640625
2 0.6734375 0.93203125 0.0109375 0.00703125
2 0.384375 0.98984375 0.02890625 0.01953125
2 0.0296875 0.9609375 0.01953125 0.03203125
2 0.04375 0.71484375 0.01484375 0.01875
2 0.10078125 0.65625 0.015625 0.015625
2 0.17421875 0.4875 0.0109375 0.01484375
2 0.09140625 0.51484375 0.01953125 0.01328125
2 0.6921875 0.634375 0.021875 0.02421875
2 0.69140625 0.4390625 0.02265625 0.05703125
2 0.725 0.55390625 0.01875 0.02578125
2 0.03125 0.23359375 0.009375 0.015625
2 0.059375 0.2328125 0.0125 0.01953125
2 0.059375 0.26015625 0.015625 0.01953125
9 0.890625 0.903125 0.06484375 0.05625
2 0.678125 0.38671875 0.0234375 0.04296875
2 0.53984375 0.90234375 0.04765625 0.05
2 0.5609375 0.56015625 0.0203125 0.028125
2 0.6109375 0.41171875 0.01953125 0.03203125
2 0.63125 0.95546875 0.0203125 0.03828125
2 0.1546875 0.09453125 0.01796875 0.02578125
2 0.6625 0.98828125 0.01875 0.02265625
2 0.60390625 0.1 0.03125 0.07890625
2 0.40234375 0.02265625 0.0265625 0.03046875
2 0.3796875 0.10078125 0.025 0.06015625
2 0.44453125 0.19140625 0.0140625 0.02421875
2 0.5390625 0.21875 0.01015625 0.01015625
2 0.3359375 0.18125 0.00703125 0.01171875
2 0.4375 0.990625 0.02109375 0.01640625
2 0.8421875 0.80703125 0.0375 0.134375
2 0.615625 0.6953125 0.0125 0.01484375
2 0.76953125 0.72578125 0.0171875 0.01796875
2 0.58203125 0.7046875 0.01328125 0.01015625
2 0.7921875 0.64921875 0.01953125 0.01328125
2 0.26171875 0.34609375 0.00546875 0.009375
2 0.715625 0.52890625 0.0203125 0.02265625
2 0.3265625 0.5078125 0.015625 0.01171875
2 0.35625 0.47578125 0.025 0.02734375
2 0.353125 0.5921875 0.01484375 0.021875
2 0.2984375 0.62578125 0.03046875 0.03046875
2 0.3359375 0.84453125 0.0125 0.01640625
2 0.4640625 0.61640625 0.01796875 0.02265625
2 0.5109375 0.7828125 0.0125 0.01796875
2 0.4421875 0.53515625 0.01875 0.03046875
2 0.1484375 0.56796875 0.0171875 0.02265625
2 0.09375 0.46328125 0.01328125 0.01796875
2 0.175 0.44921875 0.00859375 0.02109375
2 0.0546875 0.16640625 0.015625 0.028125
2 0.19296875 0.81640625 0.01015625 0.02109375
2 0.634375 0.1015625 0.01796875 0.02578125
2 0.7015625 0.08203125 0.04375 0.05859375
2 0.3078125 0.00859375 0.015625 0.0171875
2 0.5265625 0.3390625 0.01640625 0.02578125
2 0.59375 0.21015625 0.0078125 0.01015625
2 0.66796875 0.7109375 0.02734375 0.02109375
2 0.278125 0.74921875 0.015625 0.0375
2 0.40859375 0.76015625 0.01328125 0.01953125
2 0.10625 0.08984375 0.01875 0.02421875
2 0.3453125 0.41640625 0.05390625 0.046875
2 0.63125 0.29296875 0.0140625 0.02109375
2 0.3109375 0.790625 0.0140625 0.02734375
2 0.52265625 0.490625 0.0109375 0.01875
2 0.84609375 0.95 0.01875 0.04921875
2 0.859375 0.58046875 0.015625 0.025
2 0.39296875 0.8125 0.01328125 0.01328125
2 0.834375 0.0828125 0.040625 0.07265625
2 0.2359375 0.37578125 0.0109375 0.01328125
2 0.496875 0.68046875 0.01328125 0.02265625
2 0.625 0.75234375 0.02265625 0.01796875
2 0.559375 0.40546875 0.009375 0.01953125
2 0.521875 0.00546875 0.0125 0.0109375
2 0.55625 0.1484375 0.01015625 0.01015625
2 0.25625 0.05859375 0.015625 0.025
2 0.40859375 0.2328125 0.02734375 0.04921875
2 0.15 0.896875 0.0265625 0.05
2 0.728125 0.11953125 0.0140625 0.01484375
2 0.2609375 0.79140625 0.0140625 0.01953125
2 0.27734375 0.34453125 0.009375 0.01484375
2 0.27734375 0.46640625 0.0328125 0.04140625
2 0.6890625 0.87578125 0.01953125 0.025
2 0.8125 0.653125 0.02734375 0.04765625
2 0.65546875 0.58515625 0.01328125 0.01796875
2 0.8890625 0.66796875 0.0203125 0.04296875
2 0.6859375 0.1234375 0.040625 0.04296875
2 0.20703125 0.69765625 0.0140625 0.02421875
2 0.7328125 0.30234375 0.0140625 0.02109375
2 0.4421875 0.41484375 0.0125 0.01484375
2 0.5609375 0.040625 0.0109375 0.01015625
2 0.4296875 0.803125 0.0265625 0.02890625
2 0.23515625 0.190625 0.02734375 0.03359375
2 0.9390625 0.8578125 0.0265625 0.040625
2 0.6765625 0.97421875 0.00859375 0.00703125
2 0.45625 0.903125 0.0140625 0.02421875
2 0.296875 0.9421875 0.0140625 0.01484375
2 0.28203125 0.1921875 0.028125 0.040625
2 0.2703125 0.67734375 0.03828125 0.040625
2 0.59375 0.87578125 0.03125 0.040625
2 0.0640625 0.5828125 0.01953125 0.02578125
2 0.84375 0.42421875 0.01484375 0.01796875
2 0.30859375 0.95703125 0.0140625 0.01640625
2 0.8265625 0.01640625 0.0140625 0.01640625
2 0.79453125 0.690625 0.02734375 0.03046875
2 0.63125 0.50234375 0.0171875 0.01640625
2 0.221875 0.40703125 0.01484375 0.02734375
2 0.965625 0.8078125 0.0390625 0.04296875
2 0.91015625 0.546875 0.0125 0.025
2 0.50546875 0.89453125 0.009375 0.01875
2 0.4078125 0.70546875 0.0296875 0.02109375
2 0.65546875 0.92265625 0.01796875 0.02734375
2 0.840625 0.01484375 0.015625 0.0296875
2 0.6328125 0.546875 0.021875 0.04921875
2 0.0421875 0.31953125 0.01796875 0.015625
2 0.75859375 0.8609375 0.01640625 0.02265625
2 0.35625 0.95078125 0.02578125 0.09140625
2 0.92890625 0.07578125 0.02109375 0.04453125
2 0.21875 0.35546875 0.01484375 0.021875
9 0.0671875 0.71640625 0.053125 0.34921875
2 0.98984375 0.70390625 0.0203125 0.040625
2 0.13828125 0.68203125 0.01015625 0.021875
2 0.18671875 0.85703125 0.01171875 0.01640625
2 0.4390625 0.7390625 0.009375 0.01484375
2 0.746875 0.49765625 0.015625 0.0125
2 0.6703125 0.2390625 0.0125 0.01796875
2 0.90078125 0.5125 0.0390625 0.05234375
2 0.4515625 0.86796875 0.01640625 0.05234375
2 0.9578125 0.61484375 0.0140625 0.02578125
2 0.5546875 0.93515625 0.01640625 0.021875
2 0.578125 0.62578125 0.0171875 0.03359375
2 0.98046875 0.5 0.0390625 0.04375
2 0.57578125 0.94765625 0.02265625 0.04609375
0 0.05546875 0.05703125 0.1109375 0.1140625
2 0.8328125 0.6015625 0.0140625 0.02265625
2 0.815625 0.57421875 0.01953125 0.01953125
2 0.89921875 0.240625 0.0078125 0.01328125
2 0.884375 0.24140625 0.009375 0.0125
2 0.784375 0.421875 0.0359375 0.059375
2 0.9796875 0.65703125 0.0234375 0.04453125
2 0.54375 0.35546875 0.02421875 0.03359375
2 0.796875 0.78671875 0.03203125 0.021875
2 0.90625 0.84296875 0.0234375 0.04765625
2 0.4203125 0.16640625 0.03515625 0.040625
2 0.625 0.9265625 0.02421875 0.025
2 0.653125 0.62578125 0.0203125 0.02578125
2 0.6671875 0.603125 0.01171875 0.01484375
2 0.6703125 0.45390625 0.0140625 0.02734375
2 0.2203125 0.14140625 0.04609375 0.05703125
2 0.25078125 0.23671875 0.00859375 0.01484375
2 0.19296875 0.2140625 0.0171875 0.01640625
2 0.225 0.3359375 0.01015625 0.01328125
2 0.21015625 0.33125 0.01328125 0.02109375
2 0.2578125 0.40234375 0.01796875 0.025
2 0.26171875 0.6015625 0.00859375 0.0125
2 0.23203125 0.76640625 0.015625 0.02578125
2 0.46015625 0.74921875 0.009375 0.01484375
2 0.45078125 0.57578125 0.015625 0.01328125
2 0.4265625 0.55 0.015625 0.03046875
2 0.1265625 0.54921875 0.0140625 0.0125
2 0.59375 0.52734375 0.01953125 0.02265625
2 0.32109375 0.309375 0.01171875 0.01484375
2 0.7046875 0.796875 0.01484375 0.021875
2 0.5234375 0.7703125 0.015625 0.01953125
2 0.00859375 0.47421875 0.01328125 0.01640625
2 0.7234375 0.4140625 0.02109375 0.04375
9 0.884375 0.9625 0.06640625 0.06171875
2 0.89609375 0.36015625 0.0421875 0.078125
2 0.425 0.90234375 0.0234375 0.028125
2 0.628125 0.7109375 0.0171875 0.02421875
2 0.0703125 0.41171875 0.0203125 0.02890625
2 0.296875 0.24296875 0.0078125 0.01328125
2 0.8390625 0.53046875 0.0125 0.02109375
2 0.903125 0.44609375 0.0171875 0.015625
2 0.86640625 0.36953125 0.01640625 0.01796875
2 0.784375 0.1203125 0.03125 0.04609375
2 0.7859375 0.03125 0.01484375 0.02578125
2 0.915625 0.76484375 0.00703125 0.01328125
2 0.953125 0.69296875 0.0109375 0.01796875
2 0.8640625 0.23203125 0.01015625 0.01171875
2 0.1703125 0.871875 0.01015625 0.025
2 0.0078125 0.74296875 0.01328125 0.021875
2 0.20703125 0.92734375 0.01875 0.02578125
2 0.18125 0.94609375 0.01640625 0.02890625
4 0.5671875 0.67109375 0.17265625 0.45859375
2 0.634375 0.45859375 0.04609375 0.05390625
2 0.70625 0.29296875 0.03125 0.04296875
2 0.8078125 0.45703125 0.04765625 0.11015625
2 0.7609375 0.3671875 0.034375 0.04765625
2 0.2890625 0.91953125 0.0203125 0.01640625
2 0.625 0.23828125 0.01796875 0.03203125
2 0.24296875 0.86875 0.04609375 0.08203125
9 0.4109375 0.43828125 0.03046875 0.04609375
2 0.7328125 0.69453125 0.04609375 0.04453125