2 0.96484375 0.96953125 0.0703125 0.05625
2 0.984375 0.43984375 0.03046875 0.04140625
2 0.4890625 0.07890625 0.03046875 0.06953125
2 0.671875 0.66953125 0.04765625 0.07109375
2 0.603125 0.3578125 0.0484375 0.03203125
2 0.834375 0.94921875 0.053125 0.04453125
3 0.49765625 0.93046875 0.18671875 0.13828125
0 0.02578125 0.32890625 0.0515625 0.08125
0 0.375 0.35859375 0.0828125 0.103125
3 0.734375 0.95390625 0.090625 0.07265625
2 0.28125 0.52109375 0.0375 0.06171875
2 0.38125 0.02578125 0.0453125 0.05078125
2 0.63671875 0.42109375 0.0375 0.05703125
2 0.475 0.32421875 0.01484375 0.02734375
2 0.96953125 0.228125 0.03671875 0.03828125
2 0.5734375 0.60390625 0.0390625 0.05625
0 0.36875 0.6953125 0.2078125 0.42890625
2 0.7328125 0.60390625 0.05390625 0.05234375
2 0.5078125 0.88203125 0.04140625 0.05078125
2 0.29375 0.73203125 0.040625 0.04296875
2 0.596875 0.65859375 0.04765625 0.04296875
2 0.9484375 0.89609375 0.02734375 0.06171875
2 0.48046875 0.63828125 0.0171875 0.02109375
2 0.3421875 0.54921875 0.0234375 0.02890625
2 0.2453125 0.88046875 0.03125 0.02265625
2 0.4390625 0.11171875 0.02578125 0.05625
2 0.52734375 0.01640625 0.0546875 0.0328125
3 0.61953125 0.1234375 0.12421875 0.07265625
3 0.1453125 0.98125 0.15 0.03515625
3 0.50703125 0.82890625 0.0421875 0.05234375
2 0.4734375 0.42890625 0.04375 0.07265625
2 0.83515625 0.609375 0.0453125 0.04453125
2 0.91328125 0.87265625 0.034375 0.05
2 0.25703125 0.984375 0.0875 0.03125
0 0.0640625 0.7640625 0.128125 0.41875
2 0.1859375 0.859375 0.01484375 0.01875
2 0.815625 0.35234375 0.02421875 0.028125
2 0.91015625 0.278125 0.03359375 0.03125
2 0.7328125 0.8953125 0.01953125 0.03046875
2 0.1140625 0.32109375 0.0796875 0.08828125
2 0.5328125 0.43125 0.07265625 0.078125
2 0.53125 0.69453125 0.03828125 0.05390625
2 0.68125 0.84296875 0.021875 0.03671875
2 0.71875 0.29921875 0.040625 0.06015625
2 0.92890625 0.72421875 0.08203125 0.08046875
2 0.328125 0.06328125 0.03671875 0.08046875
2 0.1796875 0.35546875 0.06015625 0.08203125
2 0.33671875 0.9359375 0.040625 0.04921875
2 0.9203125 0.91796875 0.025 0.04453125
2 0.5203125 0.9828125 0.0375 0.034375
2 0.190625 0.44765625 0.03984375 0.03125
2 0.75 0.4109375 0.0375 0.03125
2 0.8125 0.29140625 0.01875 0.04453125
2 0.91015625 0.97890625 0.040625 0.04140625
2 0.49453125 0.69765625 0.0234375 0.04140625
2 0.9671875 0.31640625 0.025 0.09609375
2 0.3796875 0.09921875 0.065625 0.11875
2 0.89765625 0.6765625 0.04140625 0.065625
2 0.559375 0.91953125 0.0265625 0.09296875
2 0.296875 0.27734375 0.01171875 0.02578125
4 0.56015625 0.4484375 0.8796875 0.896875
2 0.86484375 0.34921875 0.0234375 0.028125
2 0.46484375 0.10625 0.02421875 0.03046875
2 0.69375 0.17109375 0.03125 0.05625
2 0.3015625 0.921875 0.02890625 0.02265625
2 0.99375 0.37265625 0.0125 0.09375
2 0.8546875 0.2953125 0.04375 0.06796875
3 0.1171875 0.59296875 0.23359375 0.33359375
3 0.14375 0.3953125 0.2875 0.659375
2 0.7703125 0.32265625 0.05078125 0.06484375
2 0.528125 0.28671875 0.02578125 0.053125
2 0.35625 0.45546875 0.06953125 0.11484375