2 0.1109375 0.64375 0.00859375 0.01328125
2 0.234375 0.3890625 0.01484375 0.03046875
2 0.69375 0.41171875 0.05 0.03515625
2 0.0078125 0.284375 0.015625 0.03125
2 0.8140625 0.7921875 0.02421875 0.02890625
2 0.3328125 0.81796875 0.01015625 0.01796875
2 0.0140625 0.403125 0.028125 0.040625
2 0.3796875 0.12265625 0.0609375 0.08515625
2 0.5796875 0.72265625 0.01875 0.01796875
2 0.95 0.9578125 0.08671875 0.08359375
2 0.2671875 0.3859375 0.021875 0.02890625
2 0.965625 0.88828125 0.01640625 0.01328125
2 0.48359375 0.68671875 0.01796875 0.02109375
2 0.5015625 0.43828125 0.028125 0.03359375
2 0.56875 0.40703125 0.01484375 0.02109375
2 0.6328125 0.86796875 0.01796875 0.02265625
2 0.78984375 0.98671875 0.01640625 0.01875
2 0.71953125 0.07109375 0.034375 0.04296875
2 0.671875 0.459375 0.021875 0.02421875
2 0.828125 0.34140625 0.01953125 0.01796875
2 0.8296875 0.43984375 0.04453125 0.059375
2 0.859375 0.08671875 0.0203125 0.03125
2 0.75703125 0.24296875 0.04609375 0.0375
2 0.2625 0.03671875 0.0703125 0.06328125
2 0.9015625 0.071875 0.059375 0.065625
2 0.7765625 0.53203125 0.0109375 0.015625
2 0.528125 0.95859375 0.0734375 0.078125
3 0.5 0.33515625 1 0.46875
2 0.50390625 0.475 0.01640625 0.01953125
2 0.48125 0.47734375 0.01796875 0.02734375
2 0.446875 0.65859375 0.025 0.059375
2 0.95078125 0.31484375 0.04609375 0.046875
2 0.7828125 0.87109375 0.0203125 0.02421875
2 0.8625 0.49765625 0.01015625 0.02421875
2 0.6546875 0.23359375 0.06640625 0.06484375
2 0.709375 0.56484375 0.1671875 0.19609375
2 0.95859375 0.4140625 0.0265625 0.03515625
2 0.76953125 0.41875 0.0296875 0.04453125
2 0.8390625 0.6859375 0.12265625 0.14921875
2 0.696875 0.12734375 0.10703125 0.0375
2 0.3421875 0.69765625 0.0578125 0.096875
2 0.55625 0.10234375 0.08203125 0.09375
2 0.33046875 0.89140625 0.040625 0.04609375
2 0.4765625 0.19140625 0.015625 0.02421875
2 0.6578125 0.29453125 0.0171875 0.021875
2 0.9140625 0.17109375 0.05859375 0.05703125
2 0.0875 0.10390625 0.08046875 0.12890625
2 0.48984375 0.03984375 0.0984375 0.0796875
2 0.6 0.88828125 0.065625 0.12890625
2 0.6546875 0.7171875 0.1 0.13828125
2 0.9859375 0.31015625 0.028125 0.03828125
2 0.90234375 0.23125 0.03046875 0.05625
2 0.821875 0.5921875 0.065625 0.06875
2 0.44296875 0.95078125 0.059375 0.06171875
2 0.08828125 0.78515625 0.04765625 0.04453125
3 0.90625 0.83046875 0.1875 0.190625
2 0.746875 0.49140625 0.025 0.02890625
2 0.609375 0.296875 0.04609375 0.059375
2 0.95625 0.01328125 0.028125 0.02421875
2 0.58046875 0.6546875 0.034375 0.03515625
2 0.80546875 0.30546875 0.0265625 0.046875
2 0.91796875 0.28828125 0.0328125 0.03359375
2 0.18515625 0.20390625 0.025 0.03046875
2 0.1234375 0.9109375 0.04609375 0.05546875
2 0.89375 0.7078125 0.01328125 0.0125
2 0.746875 0.86015625 0.015625 0.02109375
2 0.35234375 0.93515625 0.01328125 0.01796875
2 0.20859375 0.70625 0.01796875 0.021875
2 0.171875 0.26171875 0.07265625 0.08359375
2 0.18984375 0.97421875 0.0125 0.015625
2 0.3953125 0.21484375 0.0234375 0.021875
3 0.33125 0.721875 0.23515625 0.32265625
2 0.5953125 0.57578125 0.0296875 0.03125
2 0.6921875 0.28515625 0.04921875 0.08828125
2 0.04375 0.94921875 0.0875 0.10078125
2 0.809375 0.034375 0.08359375 0.06875
2 0.303125 0.103125 0.034375 0.059375
2 0.8984375 0.01640625 0.0265625 0.02265625
3 0.2796875 0.93984375 0.1609375 0.11953125
8 0.5640625 0.50234375 0.03203125 0.04140625
2 0.49453125 0.8328125 0.053125 0.046875
2 0.76875 0.91875 0.03515625 0.03671875
2 0.88359375 0.28203125 0.04140625 0.0375
2 0.53671875 0.8859375 0.0171875 0.05546875
2 0.8140625 0.95859375 0.0171875 0.015625
2 0.8515625 0.96015625 0.0109375 0.01484375
2 0.8671875 0.77734375 0.034375 0.028125
2 0.29921875 0.55234375 0.07578125 0.059375
2 0.07421875 0.30078125 0.028125 0.03671875
2 0.2015625 0.15390625 0.0625 0.06953125
2 0.76015625 0.36640625 0.06171875 0.084375
3 0.95 0.67421875 0.1 0.36015625
0 0.1421875 0.759375 0.0171875 0.021875
2 0.84375 0.27890625 0.04921875 0.03359375
2 0.91640625 0.35390625 0.01796875 0.02578125
2 0.86640625 0.33828125 0.04140625 0.075
2 0.3296875 0.1421875 0.0421875 0.04609375
2 0.465625 0.5515625 0.06328125 0.08984375
2 0.6203125 0.34765625 0.021875 0.03203125
2 0.44375 0.73046875 0.046875 0.053125
2 0.84921875 0.92890625 0.0125 0.01484375
2 0.3171875 0.78671875 0.0203125 0.034375
2 0.2265625 0.70234375 0.01171875 0.01796875
2 0.1265625 0.52109375 0.09609375 0.09453125
2 0.41171875 0.38671875 0.0765625 0.084375
2 0.3625 0.3359375 0.05625 0.04609375
2 0.04375 0.23046875 0.06171875 0.1125
2 0.13203125 0.71796875 0.0125 0.01015625
2 0.178125 0.70546875 0.0140625 0.01875
2 0.3015625 0.91328125 0.028125 0.03984375
2 0.175 0.3171875 0.0171875 0.02578125
2 0.08828125 0.728125 0.0296875 0.02109375
2 0.7171875 0.828125 0.06484375 0.103125
2 0.121875 0.69609375 0.009375 0.01484375
2 0.13125 0.6375 0.01640625 0.02109375
2 0.25625 0.13515625 0.03984375 0.05703125
2 0.0203125 0.34609375 0.03046875 0.04375
2 0.1875 0.03046875 0.03359375 0.05625