2 0.5109375 0.59921875 0.009375 0.01328125
2 0.85625 0.60859375 0.01953125 0.03515625
2 0.9578125 0.328125 0.02578125 0.03125
2 0.8625 0.36640625 0.01328125 0.02421875
2 0.38671875 0.09140625 0.00859375 0.009375
2 0.7578125 0.525 0.01484375 0.01171875
2 0.7203125 0.65625 0.009375 0.01640625
2 0.3109375 0.59765625 0.00625 0.009375
2 0.228125 0.69609375 0.01640625 0.01875
2 0.3625 0.1421875 0.01015625 0.02109375
2 0.8046875 0.61875 0.02734375 0.03046875
2 0.88984375 0.38046875 0.0125 0.01328125
2 0.396875 0.59296875 0.01953125 0.02421875
2 0.13125 0.63125 0.01171875 0.015625
2 0.04375 0.29140625 0.08359375 0.05546875
2 0.0578125 0.62890625 0.021875 0.03828125
2 0.16953125 0.9046875 0.01875 0.0125
2 0.025 0.68671875 0.0140625 0.021875
2 0.796875 0.5484375 0.01328125 0.01953125
2 0.146875 0.721875 0.0171875 0.02265625
2 0.8390625 0.90390625 0.02265625 0.03046875
2 0.7609375 0.9421875 0.0109375 0.01328125
2 0.675 0.81484375 0.0109375 0.01796875
2 0.09375 0.190625 0.00625 0.01015625
2 0.1109375 0.44921875 0.01015625 0.01328125
2 0.5984375 0.46328125 0.01484375 0.0125
2 0.5625 0.4875 0.0109375 0.01640625
2 0.6515625 0.29296875 0.00625 0.01328125
2 0.3453125 0.53828125 0.01015625 0.01015625
2 0.3359375 0.55234375 0.009375 0.01484375
2 0.6734375 0.8828125 0.053125 0.10703125
2 0.2 0.06796875 0.0828125 0.11484375
2 0.7375 0.62578125 0.02265625 0.01484375
2 0.89375 0.48671875 0.07109375 0.03671875
2 0.82421875 0.50546875 0.0109375 0.01640625
2 0.9375 0.45703125 0.0421875 0.03984375
2 0.790625 0.48984375 0.0125 0.01640625
2 0.9609375 0.44140625 0.01171875 0.01015625
2 0.9671875 0.42890625 0.0046875 0.00703125
2 0.925 0.3515625 0.01328125 0.01171875
2 0.28125 0.60234375 0.00546875 0.00625
2 0.17578125 0.62109375 0.025 0.03359375
2 0.52734375 0.696875 0.00859375 0.0125
2 0.54453125 0.58671875 0.01796875 0.02734375
2 0.59609375 0.55625 0.009375 0.009375
2 0.2796875 0.87578125 0.009375 0.01484375
2 0.20390625 0.80546875 0.0171875 0.02109375
2 0.38203125 0.07734375 0.00859375 0.0125
2 0.35 0.16875 0.015625 0.01328125
2 0.6359375 0.53046875 0.0109375 0.021875
2 0.95625 0.39453125 0.009375 0.00859375
2 0.965625 0.89453125 0.06015625 0.06875
2 0.5578125 0.9421875 0.05 0.05078125
2 0.721875 0.94140625 0.0125 0.021875
2 0.0234375 0.23671875 0.01328125 0.01953125
2 0.190625 0.378125 0.0125 0.015625
2 0.021875 0.35859375 0.01328125 0.025
2 0.08359375 0.52265625 0.01171875 0.015625
2 0.590625 0.35625 0.00703125 0.0125
2 0.4515625 0.7921875 0.01953125 0.05
2 0.83515625 0.43515625 0.01484375 0.01484375
2 0.7921875 0.41640625 0.0140625 0.0125
2 0.7703125 0.38046875 0.0296875 0.02734375
2 0.7390625 0.38984375 0.01484375 0.0125
2 0.8109375 0.3109375 0.00859375 0.01015625
2 0.953125 0.38046875 0.0078125 0.009375
2 0.909375 0.3984375 0.01328125 0.01171875
2 0.325 0.57421875 0.0171875 0.01796875
2 0.3328125 0.609375 0.01015625 0.01640625
2 0.2671875 0.68203125 0.01796875 0.025
2 0.4125 0.59921875 0.01171875 0.04140625
2 0.4828125 0.54921875 0.00703125 0.00859375
2 0.503125 0.58359375 0.00625 0.009375
2 0.45625 0.72109375 0.0078125 0.01484375
2 0.5609375 0.59609375 0.0078125 0.01015625
2 0.30625 0.95546875 0.02734375 0.021875
2 0.33359375 0.9453125 0.0109375 0.0125
2 0.9015625 0.29375 0.0109375 0.009375
2 0.959375 0.14453125 0.015625 0.01796875
2 0.36484375 0.08828125 0.01328125 0.01796875
2 0.35 0.06796875 0.0109375 0.0125
2 0.3625 0.05078125 0.0109375 0.01328125
2 0.2796875 0.28046875 0.028125 0.028125
2 0.31015625 0.23125 0.0125 0.01796875
2 0.3015625 0.090625 0.0109375 0.01484375
2 0.2078125 0.14765625 0.02421875 0.0375
2 0.06328125 0.60546875 0.01015625 0.0125
2 0.15625 0.76171875 0.0328125 0.02890625
2 0.20234375 0.9515625 0.0328125 0.02578125
2 0.1546875 0.98984375 0.02109375 0.01953125
2 0.890625 0.52578125 0.03515625 0.02109375
2 0.21328125 0.65078125 0.0078125 0.01015625
2 0.2765625 0.75 0.00703125 0.01015625
2 0.0796875 0.7296875 0.0234375 0.021875
2 0.51875 0.76796875 0.0078125 0.01875
2 0.134375 0.80859375 0.01484375 0.02890625
2 0.0390625 0.80859375 0.0171875 0.021875
4 0.5140625 0.49921875 0.39140625 0.99609375
2 0.0484375 0.95859375 0.02109375 0.01875
2 0.9203125 0.94140625 0.0265625 0.034375
2 0.70625 0.74140625 0.01484375 0.01640625
2 0.02421875 0.1640625 0.01015625 0.01640625
2 0.2359375 0.36796875 0.015625 0.03203125
2 0.20859375 0.41484375 0.009375 0.0125
2 0.09765625 0.35546875 0.00859375 0.01171875
2 0.0546875 0.33515625 0.0109375 0.01015625
2 0.2234375 0.5109375 0.01484375 0.02421875
2 0.1 0.421875 0.0140625 0.01875
2 0.05546875 0.45078125 0.01171875 0.01171875
2 0.0328125 0.53671875 0.009375 0.0125
2 0.940625 0.5890625 0.0234375 0.02578125
2 0.81796875 0.359375 0.0125 0.01484375
2 0.93359375 0.509375 0.01171875 0.01484375
2 0.98984375 0.734375 0.0203125 0.028125
2 0.74375 0.24765625 0.0140625 0.01328125
2 0.2046875 0.66640625 0.01640625 0.021875
2 0.553125 0.71953125 0.0171875 0.02421875
2 0.43984375 0.62265625 0.00703125 0.0125
2 0.9390625 0.07734375 0.01171875 0.01015625
2 0.2390625 0.1921875 0.0453125 0.10546875
2 0.15625 0.01015625 0.015625 0.0203125
2 0.09375 0.5921875 0.009375 0.0125
2 0.1546875 0.92109375 0.01875 0.028125
2 0.1875 0.91796875 0.0078125 0.0125
2 0.11328125 0.3109375 0.01328125 0.03125
2 0.2359375 0.43828125 0.028125 0.02734375
2 0.8328125 0.584375 0.01171875 0.015625
2 0.98125 0.325 0.01796875 0.02421875
2 0.159375 0.196875 0.06875 0.06875
2 0.271875 0.84765625 0.0109375 0.03203125
2 0.8046875 0.65390625 0.01640625 0.02109375
2 0.8140625 0.57421875 0.01640625 0.025
2 0.8828125 0.66015625 0.021875 0.01875
2 0.7390625 0.32890625 0.01015625 0.01171875
2 0.0703125 0.02890625 0.01640625 0.03984375
2 0.16875 0.28984375 0.0078125 0.01796875
2 0.06953125 0.10078125 0.01171875 0.01640625
2 0.88125 0.35 0.0125 0.01484375
2 0.26328125 0.45 0.0078125 0.01484375
2 0.775 0.60546875 0.00859375 0.01328125
2 0.9578125 0.77421875 0.0296875 0.04453125
2 0.61484375 0.78671875 0.02265625 0.021875
2 0.5125 0.9703125 0.0234375 0.03046875
2 0.5984375 0.86484375 0.015625 0.01875
3 0.54140625 0.27109375 0.57265625 0.49140625
2 0.60390625 0.9 0.01484375 0.01875
2 0.20859375 0.54921875 0.01484375 0.01640625
2 0.084375 0.46796875 0.01484375 0.01484375
2 0.8484375 0.33203125 0.0109375 0.015625
2 0.571875 0.5015625 0.0078125 0.00859375
2 0.37734375 0.16953125 0.0140625 0.0125
2 0.11875 0.33515625 0.01171875 0.00859375
2 0.1609375 0.34375 0.01640625 0.01953125
2 0.71953125 0.80859375 0.0125 0.02578125
2 0.9328125 0.80703125 0.02421875 0.02421875
2 0.565625 0.84453125 0.0203125 0.021875
2 0.96015625 0.96953125 0.0359375 0.03203125
2 0.8015625 0.44609375 0.01875 0.01640625
2 0.55390625 0.640625 0.0125 0.02109375
2 0.7421875 0.57578125 0.01875 0.015625
2 0.75390625 0.496875 0.00859375 0.01484375
2 0.6328125 0.48828125 0.0265625 0.040625
2 0.58125 0.465625 0.01015625 0.01953125
2 0.0515625 0.70390625 0.01640625 0.021875
2 0.18203125 0.47421875 0.009375 0.01328125
2 0.4640625 0.115625 0.0171875 0.025
2 0.4546875 0.20078125 0.0109375 0.015625
2 0.6796875 0.33046875 0.01171875 0.01171875
2 0.43125 0.09765625 0.00859375 0.0125
2 0.9078125 0.01328125 0.0140625 0.01640625
2 0.95625 0.28984375 0.0171875 0.01875
2 0.89296875 0.24921875 0.00859375 0.01796875
2 0.846875 0.22109375 0.04296875 0.06328125
2 0.9359375 0.02734375 0.0140625 0.01953125
2 0.48671875 0.09609375 0.01640625 0.02109375
2 0.2515625 0.03515625 0.015625 0.01484375
2 0.11875 0.81484375 0.01015625 0.0125
2 0.1109375 0.98828125 0.0140625 0.01875
2 0.36171875 0.82734375 0.0328125 0.03671875
2 0.97578125 0.4578125 0.01484375 0.021875
2 0.253125 0.91796875 0.0140625 0.01484375
2 0.40625 0.81171875 0.0203125 0.03125
2 0.30234375 0.8234375 0.02109375 0.01875
2 0.584375 0.5359375 0.009375 0.01484375
2 0.6984375 0.63984375 0.01015625 0.01328125
2 0.8890625 0.56953125 0.01328125 0.02421875
2 0.421875 0.1140625 0.0125 0.01484375
2 0.9625 0.5046875 0.01875 0.04296875
2 0.52578125 0.10703125 0.015625 0.01640625
2 0.8703125 0.41875 0.0171875 0.01875
2 0.34453125 0.30078125 0.00859375 0.0125
2 0.246875 0.13203125 0.00625 0.01171875
2 0.95625 0.08671875 0.01953125 0.01953125
2 0.5359375 0.62109375 0.00625 0.01015625
2 0.446875 0.83984375 0.01953125 0.025
2 0.4640625 0.02109375 0.0125 0.01484375
2 0.428125 0.134375 0.01328125 0.01640625
2 0.41015625 0.05546875 0.015625 0.01328125
2 0.38671875 0.01015625 0.0640625 0.0203125
2 0.64765625 0.421875 0.0125 0.01484375
2 0.3671875 0.553125 0.01484375 0.015625
2 0.3109375 0.5359375 0.0265625 0.015625
2 0.4859375 0.65625 0.01015625 0.0125
2 0.4875 0.5671875 0.00703125 0.00859375
2 0.3953125 0.52890625 0.0078125 0.00703125
2 0.7375 0.70546875 0.0546875 0.06953125
2 0.971875 0.03515625 0.04765625 0.05078125
2 0.9125 0.77109375 0.03515625 0.04453125
2 0.4265625 0.82265625 0.01484375 0.02578125
2 0.375 0.52578125 0.00859375 0.0125
2 0.959375 0.0703125 0.00703125 0.00859375
2 0.178125 0.12890625 0.02265625 0.015625
0 0.05 0.9484375 0.1 0.103125
2 0.78125 0.9640625 0.01171875 0.02578125
2 0.78125 0.83984375 0.00625 0.01015625
2 0.71953125 0.72734375 0.01015625 0.02421875
2 0.1890625 0.27734375 0.03203125 0.025
2 0.09921875 0.48203125 0.01484375 0.01484375
2 0.125 0.43828125 0.0109375 0.01640625
2 0.046875 0.46953125 0.0296875 0.03828125
2 0.62578125 0.25234375 0.0109375 0.01015625
2 0.96796875 0.38984375 0.00703125 0.01875
2 0.4046875 0.70859375 0.02734375 0.02578125
2 0.4546875 0.53671875 0.01953125 0.01953125
2 0.46875 0.5796875 0.01640625 0.04296875
2 0.475 0.69453125 0.01484375 0.021875
2 0.60234375 0.59609375 0.05390625 0.06484375
2 0.328125 0.86796875 0.04765625 0.05625
2 0.3390625 0.77109375 0.01015625 0.01875
2 0.03984375 0.7453125 0.03125 0.046875
2 0.159375 0.83203125 0.0234375 0.03125
2 0.125 0.6953125 0.040625 0.05546875
2 0.08046875 0.6203125 0.01171875 0.01484375
2 0.00859375 0.67734375 0.0171875 0.034375
2 0.0296875 0.97890625 0.0203125 0.02109375
2 0.978125 0.07890625 0.0125 0.01171875
2 0.53125 0.01640625 0.02421875 0.03203125
2 0.5 0.06640625 0.01328125 0.01484375
2 0.3921875 0.0421875 0.01171875 0.0125
2 0.31171875 0.3078125 0.00703125 0.01328125
2 0.1453125 0.06953125 0.01328125 0.01953125
2 0.084375 0.88828125 0.025 0.02265625
2 0.15625 0.96796875 0.01796875 0.01953125
2 0.5359375 0.6625 0.01484375 0.01953125
2 0.40078125 0.63828125 0.01328125 0.01953125
2 0.2359375 0.66484375 0.01328125 0.01953125
2 0.48671875 0.61328125 0.00703125 0.015625
2 0.8484375 0.54453125 0.02265625 0.03125
2 0.296875 0.84921875 0.02265625 0.03515625
2 0.7953125 0.31796875 0.01171875 0.01328125
2 0.4265625 0.64765625 0.009375 0.0125
2 0.80703125 0.28046875 0.00859375 0.015625
2 0.090625 0.12421875 0.01953125 0.03125
2 0.08828125 0.79609375 0.0171875 0.015625
2 0.09453125 0.0078125 0.0109375 0.01328125
2 0.6140625 0.27265625 0.009375 0.009375
2 0.7234375 0.8609375 0.0078125 0.01015625
2 0.54765625 0.9078125 0.0234375 0.0375
2 0.5859375 0.78046875 0.03125 0.0375
2 0.0203125 0.11328125 0.0203125 0.02578125
2 0.08203125 0.43359375 0.0171875 0.02265625
2 0.36953125 0.5890625 0.01953125 0.028125
2 0.94296875 0.37734375 0.01171875 0.01640625
2 0.36953125 0.70625 0.01796875 0.040625
2 0.86328125 0.72578125 0.0125 0.02109375
2 0.9859375 0.54140625 0.02578125 0.025
2 0.08203125 0.69609375 0.01796875 0.01796875
2 0.5578125 0.53671875 0.00859375 0.01015625
2 0.44296875 0.00390625 0.00859375 0.00703125
2 0.365625 0.17421875 0.01328125 0.01328125
2 0.153125 0.69296875 0.0171875 0.015625
2 0.8734375 0.3109375 0.0125 0.01484375
2 0.165625 0.24296875 0.02890625 0.01875
2 0.0921875 0.33515625 0.0171875 0.01328125
2 0.98125 0.1109375 0.0171875 0.01484375
2 0.671875 0.7265625 0.01640625 0.05234375
2 0.6640625 0.78359375 0.021875 0.01640625
2 0.003125 0.96796875 0.00625 0.0078125
2 0.8890625 0.28515625 0.01171875 0.01328125
2 0.096875 0.065625 0.02734375 0.03046875
2 0.4515625 0.25234375 0.0171875 0.02421875
2 0.45 0.01953125 0.01015625 0.009375
2 0.69453125 0.67265625 0.01875 0.02734375
2 0.48125 0.12109375 0.0078125 0.01484375
2 0.95546875 0.1046875 0.009375 0.0125
2 0.20859375 0.32578125 0.0140625 0.01796875
2 0.00234375 0.37734375 0.0046875 0.01484375
2 0.8046875 0.9921875 0.01640625 0.015625
2 0.740625 0.29140625 0.0078125 0.01328125
2 0.4296875 0.22109375 0.00703125 0.01171875
2 0.8421875 0.78671875 0.02578125 0.02734375
2 0.91328125 0.18828125 0.0109375 0.01484375