2 0.85625 0.04375 0.05078125 0.065625
2 0.97890625 0.90234375 0.03046875 0.09140625
2 0.634375 0.40546875 0.08046875 0.10625
2 0.7875 0.09765625 0.059375 0.075
2 0.34765625 0.94296875 0.040625 0.06484375
2 0.9140625 0.67109375 0.05234375 0.04765625
2 0.540625 0.18203125 0.09453125 0.08984375
4 0.425 0.625 0.85 0.7375
2 0.0875 0.9 0.03515625 0.065625
2 0.19375 0.09296875 0.03125 0.028125
2 0.4515625 0.5421875 0.06171875 0.08203125
2 0.5046875 0.378125 0.06015625 0.084375
2 0.6265625 0.5875 0.09296875 0.13984375
2 0.5546875 0.28203125 0.06796875 0.08359375
2 0.43984375 0.21953125 0.04921875 0.059375
2 0.9609375 0.6484375 0.06015625 0.09609375
2 0.61640625 0.23984375 0.0375 0.05
2 0.0234375 0.809375 0.046875 0.06875