2 0.93125 0.60625 0.021875 0.03125
2 0.6640625 0.734375 0.04296875 0.05390625
2 0.12890625 0.81328125 0.0453125 0.04140625
2 0.81328125 0.990625 0.028125 0.01875
2 0.94765625 0.71015625 0.02578125 0.028125
2 0.896875 0.378125 0.03828125 0.05546875
2 0.7296875 0.37578125 0.0328125 0.06015625
2 0.57421875 0.4265625 0.0234375 0.03671875
2 0.5703125 0.57734375 0.02421875 0.03203125
2 0.64375 0.33984375 0.0171875 0.015625
2 0.5734375 0.1953125 0.04296875 0.04453125
2 0.37265625 0.21171875 0.0546875 0.05859375
2 0.4703125 0.07265625 0.025 0.02890625
2 0.72734375 0.87265625 0.03125 0.04296875
2 0.828125 0.63046875 0.02578125 0.04375
2 0.7625 0.14140625 0.01328125 0.01796875
2 0.34375 0.84296875 0.02109375 0.034375
2 0.2265625 0.51328125 0.025 0.04140625
2 0.9234375 0.68671875 0.02109375 0.03046875
2 0.221875 0.17421875 0.0265625 0.02734375
2 0.05234375 0.25390625 0.02578125 0.03515625
2 0.5953125 0.45703125 0.02578125 0.03984375
2 0.72109375 0.5078125 0.03125 0.04375
2 0.7609375 0.41640625 0.06171875 0.15546875
2 0.540625 0.66796875 0.02421875 0.05859375
2 0.46171875 0.12109375 0.03515625 0.0625
2 0.878125 0.66015625 0.025 0.03203125
14 0.3265625 0.184375 0.653125 0.36875
2 0.57265625 0.03671875 0.0484375 0.0734375
2 0.0953125 0.24453125 0.034375 0.04296875
2 0.1921875 0.76171875 0.0359375 0.04296875
2 0.96484375 0.87109375 0.02734375 0.03515625
14 0.27578125 0.3703125 0.5515625 0.740625
2 0.84609375 0.3734375 0.015625 0.02265625
2 0.96171875 0.63984375 0.03125 0.03125
2 0.1921875 0.61953125 0.0234375 0.028125
2 0.9 0.47109375 0.02578125 0.02890625
2 0.09765625 0.02421875 0.0484375 0.0484375
2 0.9171875 0.19453125 0.03359375 0.03828125
2 0.78125 0.85859375 0.03359375 0.071875
2 0.25 0.80546875 0.02578125 0.034375
2 0.3203125 0.25859375 0.01953125 0.03125
2 0.2 0.54140625 0.03515625 0.05078125
2 0.73359375 0.7640625 0.03203125 0.0375
2 0.6453125 0.16796875 0.0234375 0.03203125
2 0.09296875 0.85078125 0.01484375 0.021875
2 0.9390625 0.95 0.0359375 0.04609375
2 0.9890625 0.8953125 0.02109375 0.028125
2 0.0140625 0.540625 0.028125 0.05625
2 0.784375 0.6296875 0.02734375 0.034375
2 0.0734375 0.65234375 0.03125 0.040625
2 0.8578125 0.52734375 0.03125 0.0375
2 0.97421875 0.9390625 0.025 0.02890625
2 0.6421875 0.48828125 0.07734375 0.08828125
9 0.04375 0.390625 0.08671875 0.06875