2 0.45 0.30859375 0.0703125 0.09609375
2 0.0984375 0.40625 0.196875 0.19375
2 0.94765625 0.728125 0.0234375 0.05625
14 0.28046875 0.3484375 0.5609375 0.696875
2 0.371875 0.32734375 0.04609375 0.06171875
2 0.91875 0.38046875 0.03515625 0.096875
2 0.6140625 0.48515625 0.11953125 0.16171875
2 0.2640625 0.14140625 0.090625 0.15234375
14 0.94453125 0.26640625 0.1078125 0.5328125
2 0.1 0.740625 0.19921875 0.2375
2 0.2671875 0.69921875 0.0546875 0.12265625
2 0.8421875 0.72578125 0.02890625 0.04609375
2 0.56953125 0.084375 0.06328125 0.07578125
2 0.74375 0.9578125 0.075 0.084375
2 0.96796875 0.03046875 0.0609375 0.0609375
2 0.8109375 0.06796875 0.13203125 0.13515625
2 0.403125 0.1125 0.0640625 0.084375
14 0.9875 0.9875 0.025 0.025
2 0.93125 0.90078125 0.0203125 0.04140625
2 0.5 0.77890625 0.109375 0.103125