2 0.3453125 0.08828125 0.0078125 0.0125
2 0.73515625 0.14609375 0.05 0.09453125
2 0.97578125 0.78828125 0.01015625 0.01015625
2 0.296875 0.14609375 0.0203125 0.01953125
2 0.0390625 0.16875 0.009375 0.01328125
2 0.43046875 0.56484375 0.00703125 0.01171875
2 0.0453125 0.00859375 0.0375 0.01640625
2 0.14609375 0.04765625 0.01015625 0.01640625
2 0.028125 0.178125 0.00859375 0.01015625
2 0.1671875 0.04453125 0.0109375 0.01015625
2 0.221875 0.17734375 0.06953125 0.08828125
5 0.55625 0.22734375 0.1328125 0.14765625
2 0.8015625 0.63046875 0.015625 0.03671875
2 0.8359375 0.528125 0.01328125 0.015625
2 0.0125 0.15390625 0.02421875 0.02265625
2 0.0921875 0.0328125 0.021875 0.03125
2 0.89296875 0.99375 0.01953125 0.0125
2 0.8421875 0.9703125 0.07890625 0.05859375
2 0.74296875 0.95078125 0.1203125 0.09765625
2 0.9828125 0.85390625 0.009375 0.01484375
2 0.9625 0.64609375 0.0125 0.01484375
2 0.6109375 0.69921875 0.096875 0.11640625
2 0.553125 0.95859375 0.0703125 0.08125
2 0.3359375 0.6515625 0.01640625 0.03359375
2 0.315625 0.46484375 0.0859375 0.09609375
5 0.60546875 0.85703125 0.071875 0.14765625
5 0.78125 0.83515625 0.090625 0.1375
2 0.328125 0.1984375 0.0125 0.01484375
2 0.296875 0.16171875 0.009375 0.01171875
2 0.2484375 0.13203125 0.02265625 0.03671875
2 0.39453125 0.0578125 0.090625 0.115625
2 0.3125 0.05234375 0.01796875 0.01953125
2 0.159375 0.08359375 0.00703125 0.01171875
2 0.0640625 0.121875 0.0234375 0.03671875
2 0.01015625 0.00546875 0.0203125 0.01015625
2 0.90078125 0.58125 0.0140625 0.02265625
2 0.9 0.91640625 0.04453125 0.06015625
2 0.33359375 0.17109375 0.01015625 0.01171875
2 0.315625 0.16484375 0.00859375 0.01171875
15 0.5359375 0.5546875 0.63125 0.48984375
2 0.9890625 0.965625 0.01796875 0.01640625
2 0.32265625 0.1375 0.0140625 0.01640625
2 0.2078125 0.125 0.0234375 0.01953125
5 0.546875 0.83125 0.07265625 0.13671875
2 0.425 0.11484375 0.02109375 0.01953125
2 0.19296875 0.06015625 0.01953125 0.034375
2 0.87265625 0.453125 0.028125 0.04453125
2 0.93359375 0.74375 0.03515625 0.03828125
2 0.81015625 0.91953125 0.03125 0.04921875
2 0.009375 0.11484375 0.01796875 0.0875
2 0.46484375 0.58671875 0.0265625 0.065625
2 0.9015625 0.75859375 0.00703125 0.009375
2 0.31328125 0.203125 0.0203125 0.02578125
2 0.93203125 0.44765625 0.1359375 0.31640625
2 0.80703125 0.0453125 0.07578125 0.090625
2 0.9359375 0.98046875 0.01015625 0.01171875
2 0.89375 0.82109375 0.0453125 0.08984375
2 0.790625 0.9171875 0.01328125 0.01875
2 0.99765625 0.7734375 0.0046875 0.009375
2 0.8390625 0.69609375 0.0328125 0.04140625
2 0.9328125 0.62890625 0.025 0.05546875
2 0.76328125 0.18515625 0.03203125 0.053125
2 0.57578125 0.33984375 0.1046875 0.07265625
2 0.2015625 0.32734375 0.05234375 0.07421875
2 0.8765625 0.7140625 0.03671875 0.0375
2 0.40703125 0.5421875 0.01015625 0.01328125
2 0.446875 0.25859375 0.08671875 0.08203125
16 0.2625 0.5953125 0.525 0.809375
2 0.71328125 0.7390625 0.12734375 0.14375
2 0.8484375 0.87109375 0.00703125 0.01015625
2 0.84921875 0.82109375 0.0125 0.02734375
2 0.2984375 0.26796875 0.05234375 0.1
2 0.3375 0.53359375 0.0125 0.01953125
2 0.56484375 0.41796875 0.0609375 0.10859375
2 0.9078125 0.71640625 0.015625 0.01796875
2 0.8453125 0.859375 0.00703125 0.00859375
2 0.90390625 0.653125 0.1921875 0.215625
2 0.1296875 0.08828125 0.01796875 0.0125
2 0.225 0.06484375 0.01328125 0.01953125
2 0.234375 0.09453125 0.009375 0.01171875
2 0.1265625 0.0125 0.01484375 0.025
2 0.1578125 0.06953125 0.009375 0.01015625
2 0.1125 0.0796875 0.02734375 0.02734375
2 0.26953125 0.17265625 0.025 0.03984375
2 0.3828125 0.17578125 0.046875 0.065625
2 0.35 0.13046875 0.0203125 0.02734375
5 0.684375 0.29375 0.0421875 0.04765625
2 0.84453125 0.46953125 0.03359375 0.040625
2 0.896875 0.53125 0.015625 0.021875
2 0.99453125 0.74375 0.0109375 0.02421875
2 0.4375 0.71171875 0.134375 0.15625
2 0.87421875 0.50390625 0.0109375 0.01171875
2 0.99453125 0.634375 0.0109375 0.009375
2 0.9671875 0.6 0.01953125 0.02734375
2 0.87265625 0.49140625 0.00703125 0.00703125
2 0.80703125 0.68359375 0.02734375 0.046875
2 0.928125 0.78515625 0.01484375 0.02109375
2 0.6 0.61328125 0.0578125 0.05546875
2 0.346875 0.50546875 0.0171875 0.03046875
2 0.95 0.7921875 0.00703125 0.01328125
2 0.303125 0.56171875 0.0375 0.065625
2 0.709375 0.49140625 0.19140625 0.14921875
2 0.825 0.396875 0.0140625 0.01640625
2 0.9515625 0.1046875 0.03515625 0.053125
2 0.88515625 0.8765625 0.025 0.01640625
2 0.9859375 0.10234375 0.01171875 0.015625
2 0.5921875 0.0828125 0.28046875 0.165625
2 0.9296875 0.01328125 0.01171875 0.02265625
2 0.16171875 0.24375 0.01484375 0.01484375
2 0.80625 0.12578125 0.10703125 0.06640625
2 0.3453125 0.328125 0.053125 0.04609375
2 0.4109375 0.60859375 0.07734375 0.06796875
2 0.65859375 0.63828125 0.025 0.03828125
2 0.8984375 0.07265625 0.015625 0.02421875
2 0.9171875 0.08359375 0.00703125 0.01171875
2 0.9765625 0.24921875 0.0140625 0.02421875
2 0.58671875 0.74765625 0.05625 0.071875
2 0.35859375 0.25390625 0.0875 0.10625
2 0.1453125 0.27109375 0.0109375 0.01796875
2 0.215625 0.28828125 0.0125 0.028125
2 0.7390625 0.34296875 0.015625 0.01328125
2 0.7640625 0.27890625 0.01171875 0.015625
2 0.996875 0.21171875 0.00625 0.01171875
2 0.97578125 0.09453125 0.009375 0.0125
2 0.5125 0.40859375 0.05625 0.10234375
2 0.93125 0.90078125 0.01484375 0.01640625
2 0.8421875 0.9046875 0.03515625 0.04375
2 0.98671875 0.7703125 0.0140625 0.015625
2 0.90703125 0.7390625 0.01171875 0.01796875
2 0.82265625 0.66796875 0.01015625 0.01484375
2 0.91171875 0.46328125 0.0375 0.04375
2 0.5328125 0.64140625 0.07265625 0.140625
2 0.5015625 0.54140625 0.05546875 0.046875
2 0.3328125 0.61171875 0.028125 0.03828125
2 0.38984375 0.521875 0.02265625 0.02109375
2 0.42265625 0.54375 0.00859375 0.01171875
2 0.40703125 0.5578125 0.01015625 0.0125
2 0.3640625 0.55390625 0.0125 0.03046875
2 0.4765625 0.34921875 0.078125 0.15234375
2 0.89609375 0.74453125 0.009375 0.0125
2 0.4078125 0.37265625 0.06171875 0.075
2 0.43125 0.31015625 0.0578125 0.06015625
2 0.8328125 0.87421875 0.00703125 0.00859375
2 0.8390625 0.50390625 0.01015625 0.021875
2 0.84375 0.40625 0.01015625 0.025
2 0.7953125 0.353125 0.00546875 0.00703125
2 0.96171875 0.28359375 0.03046875 0.02578125
2 0.9984375 0.23984375 0.003125 0.01171875
2 0.87734375 0.02734375 0.053125 0.05390625
2 0.74921875 0.05078125 0.0359375 0.1015625
2 0.9484375 0.64140625 0.0109375 0.01875
2 0.28359375 0.0203125 0.04453125 0.040625
2 0.0625 0.08203125 0.02578125 0.0375
2 0.05546875 0.16171875 0.0125 0.03125
2 0.0234375 0.03671875 0.046875 0.053125
2 0.9921875 0.14140625 0.01328125 0.03046875
2 0.93984375 0.01015625 0.0140625 0.0203125
2 0.971875 0.26796875 0.01171875 0.01328125
2 0.9 0.2875 0.10234375 0.10625
2 0.8609375 0.11015625 0.0125 0.015625
2 0.9796875 0.209375 0.01015625 0.01484375
2 0.3015625 0.1765625 0.01015625 0.01171875
2 0.98125 0.91640625 0.01484375 0.028125
2 0.1421875 0.0609375 0.0171875 0.01875
2 0.79609375 0.45859375 0.0609375 0.06328125
2 0.7859375 0.5765625 0.03125 0.04765625
2 0.7734375 0.3859375 0.01953125 0.028125
2 0.7078125 0.375 0.0890625 0.11484375
2 0.95625 0.22734375 0.01875 0.03359375
2 0.8921875 0.16328125 0.0796875 0.13828125
2 0.90625 0.003125 0.021875 0.00625
2 0.0421875 0.17890625 0.00546875 0.00859375
2 0.11484375 0.02890625 0.0140625 0.02265625
2 0.3453125 0.02265625 0.00703125 0.0125
2 0.0609375 0.02890625 0.0109375 0.015625
5 0.18125 0.4359375 0.1140625 0.19296875
2 0.20703125 0.0984375 0.01875 0.01875
2 0.18359375 0.01484375 0.0078125 0.00859375
2 0.2984375 0.12890625 0.00625 0.00859375
2 0.6671875 0.2296875 0.0984375 0.15546875
2 0.81796875 0.22265625 0.07578125 0.13359375
2 0.7328125 0.23046875 0.05078125 0.08515625
2 0.790625 0.38359375 0.0203125 0.028125
5 0.646875 0.32109375 0.0453125 0.05546875
5 0.68828125 0.87265625 0.10390625 0.12890625
5 0.621875 0.41015625 0.08359375 0.11171875
5 0.4578125 0.18046875 0.0921875 0.12265625
2 0.234375 0.04140625 0.01171875 0.01328125
2 0.9625 0.15 0.0203125 0.01796875
2 0.18125 0.13671875 0.0140625 0.01796875
2 0.1703125 0.0078125 0.0109375 0.015625
5 0.6359375 0.9640625 0.09453125 0.071875
2 0.134375 0.0375 0.01328125 0.01953125
2 0.92421875 0.07890625 0.00703125 0.01015625
2 0.928125 0.09609375 0.0125 0.01171875
2 0.9765625 0.03046875 0.046875 0.06015625
2 0.3078125 0.17109375 0.00625 0.00703125
2 0.128125 0.1703125 0.115625 0.13828125
2 0.325 0.17890625 0.00859375 0.01171875
2 0.99375 0.915625 0.00859375 0.01171875
2 0.06953125 0.046875 0.01171875 0.015625
2 0.09296875 0.06328125 0.00703125 0.009375
2 0.1140625 0.05078125 0.01328125 0.01796875
2 0.0828125 0.071875 0.00859375 0.01796875
5 0.59765625 0.1046875 0.09375 0.11484375
2 0.2109375 0.15390625 0.01875 0.015625
2 0.9765625 0.990625 0.02421875 0.01875
2 0.84453125 0.0859375 0.0296875 0.034375
2 0.9609375 0.96171875 0.02734375 0.04140625
2 0.9953125 0.0734375 0.00859375 0.01796875
2 0.9390625 0.9328125 0.01484375 0.040625