2 0.5765625 0.78515625 0.03125 0.08828125
5 0.565625 0.43125 0.1859375 0.20390625
2 0.609375 0.89375 0.059375 0.06953125
2 0.065625 0.09765625 0.13125 0.19453125
2 0.39375 0.7140625 0.10625 0.31328125
2 0.8421875 0.615625 0.18515625 0.26640625
2 0.340625 0.78046875 0.0890625 0.09296875
2 0.1375 0.18515625 0.1015625 0.13515625
2 0.71328125 0.17109375 0.025 0.02890625
2 0.1625 0.09453125 0.09375 0.05859375
2 0.3390625 0.346875 0.1359375 0.13125
2 0.67109375 0.9515625 0.0796875 0.096875
2 0.18046875 0.02109375 0.11875 0.04140625
2 0.12109375 0.52578125 0.2421875 0.121875
2 0.84453125 0.24296875 0.13515625 0.25
2 0.4984375 0.10078125 0.0390625 0.04609375
2 0.0609375 0.47890625 0.0453125 0.046875
4 0.47265625 0.596875 0.9453125 0.80625
2 0.76640625 0.95 0.1109375 0.1
2 0.49453125 0.34609375 0.13984375 0.11171875
2 0.29765625 0.67890625 0.0796875 0.08671875
2 0.94453125 0.23046875 0.1109375 0.21640625
2 0.16171875 0.87890625 0.17421875 0.171875
2 0.40390625 0.12890625 0.3515625 0.2578125
2 0.00703125 0.4359375 0.0140625 0.03359375
2 0.06484375 0.40078125 0.0234375 0.06484375
2 0.25 0.60234375 0.13671875 0.15234375