2 0.96484375 0.9125 0.0703125 0.171875
2 0.8421875 0.51640625 0.1765625 0.13828125
2 0.96171875 0.3015625 0.0765625 0.25390625
2 0.98359375 0.0890625 0.0328125 0.125
2 0.18125 0.45546875 0.1046875 0.12578125
2 0.09375 0.85234375 0.059375 0.06484375
2 0.9640625 0.75078125 0.071875 0.15703125
2 0.375 0.11875 0.04296875 0.05546875
2 0.3734375 0.98046875 0.034375 0.03828125
2 0.653125 0.06953125 0.03359375 0.05390625
2 0.6828125 0.69140625 0.15859375 0.36953125
2 0.865625 0.6484375 0.05078125 0.06015625
2 0.54375 0.57421875 0.06640625 0.08671875
2 0.2875 0.16875 0.01953125 0.028125
2 0.93359375 0.46953125 0.0359375 0.04609375
2 0.8046875 0.85703125 0.0765625 0.096875
2 0.328125 0.5765625 0.1078125 0.1375
2 0.071875 0.2265625 0.07265625 0.09765625
2 0.24609375 0.2296875 0.05078125 0.08671875
14 0.4625 0.5 0.925 1
2 0.084375 0.63671875 0.06953125 0.065625
2 0.553125 0.27265625 0.09765625 0.31796875
2 0.0421875 0.54453125 0.084375 0.14921875
2 0.7921875 0.95390625 0.040625 0.0375
2 0.35546875 0.89140625 0.04140625 0.04921875
2 0.3796875 0.69453125 0.03828125 0.04609375
2 0.2234375 0.70859375 0.10859375 0.10546875
2 0.56875 0.6953125 0.07578125 0.06328125