2 0.11171875 0.23359375 0.0828125 0.0875
14 0.584375 0.61015625 0.83125 0.35625
2 0.53125 0.11796875 0.12109375 0.12890625
2 0.70625 0.37265625 0.06640625 0.06796875
2 0.775 0.22890625 0.02421875 0.03046875
2 0.7796875 0.8890625 0.071875 0.0875
2 0.0921875 0.74296875 0.02421875 0.05078125
2 0.65625 0.015625 0.034375 0.03125
2 0.73828125 0.08125 0.06953125 0.07734375
2 0.11640625 0.36796875 0.01484375 0.0375
2 0.63671875 0.10703125 0.02109375 0.03828125
2 0.23984375 0.46171875 0.090625 0.09609375
2 0.2390625 0.95234375 0.05078125 0.06328125
2 0.55 0.36328125 0.03203125 0.04296875
2 0.87578125 0.77578125 0.06484375 0.065625
2 0.453125 0.85234375 0.08203125 0.08359375
2 0.6125 0.1734375 0.02421875 0.02421875
2 0.078125 0.79921875 0.04453125 0.03125
2 0.37734375 0.0953125 0.0234375 0.03046875
0 0.95859375 0.9671875 0.0828125 0.065625
2 0.66875 0.24609375 0.03046875 0.0375
2 0.253125 0.16953125 0.021875 0.021875
2 0.89296875 0.07421875 0.06484375 0.078125
2 0.121875 0.63203125 0.0734375 0.07265625
2 0.30703125 0.16640625 0.071875 0.06875