2 0.5046875 0.96015625 0.01015625 0.015625
0 0.05 0.66171875 0.05625 0.10078125
2 0.284375 0.9453125 0.04921875 0.046875
2 0.2984375 0.715625 0.04296875 0.04453125
2 0.35546875 0.29140625 0.0375 0.059375
2 0.4671875 0.0296875 0.03046875 0.040625
2 0.52578125 0.0625 0.0171875 0.02265625
2 0.89453125 0.04296875 0.0703125 0.0859375
2 0.415625 0.96640625 0.00625 0.01171875
2 0.2203125 0.71484375 0.0203125 0.03125
2 0.15 0.61796875 0.01796875 0.025
2 0.83125 0.52421875 0.0109375 0.009375
2 0.3078125 0.41015625 0.01484375 0.01953125
2 0.67109375 0.84609375 0.0109375 0.0125
2 0.63125 0.98359375 0.00625 0.00859375
2 0.790625 0.8953125 0.0140625 0.01328125
2 0.5171875 0.83203125 0.0234375 0.01875
2 0.2671875 0.23359375 0.03359375 0.0375
2 0.3609375 0.8 0.0125 0.025
2 0.9453125 0.19765625 0.0125 0.01484375
2 0.74375 0.19140625 0.01640625 0.01875
2 0.640625 0.40703125 0.0125 0.02109375
2 0.7765625 0.0546875 0.01328125 0.015625
2 0.6640625 0.10078125 0.01328125 0.03828125
2 0.8203125 0.70859375 0.01640625 0.015625
2 0.8 0.65859375 0.015625 0.0125
2 0.746875 0.42734375 0.0140625 0.02109375
2 0.415625 0.68515625 0.01875 0.02421875
2 0.9625 0.18671875 0.015625 0.01796875
2 0.828125 0.23984375 0.01796875 0.02265625
2 0.5078125 0.90703125 0.01328125 0.028125
2 0.446875 0.90390625 0.01015625 0.015625
2 0.834375 0.63984375 0.00625 0.01171875
2 0.62734375 0.68984375 0.0171875 0.01796875
2 0.2875 0.15703125 0.021875 0.03125
2 0.72421875 0.56015625 0.01171875 0.015625
2 0.4390625 0.85703125 0.01015625 0.0125
2 0.9359375 0.88125 0.0109375 0.01640625
2 0.85703125 0.78515625 0.0125 0.01875
2 0.97578125 0.53359375 0.00859375 0.01171875
2 0.7640625 0.9265625 0.01875 0.01953125
2 0.8671875 0.59296875 0.01171875 0.01015625
2 0.7640625 0.48984375 0.01953125 0.02890625
2 0.95 0.43828125 0.01796875 0.02265625
2 0.6828125 0.403125 0.01484375 0.01640625
2 0.884375 0.91640625 0.02421875 0.03046875
2 0.3828125 0.89765625 0.01328125 0.02109375
2 0.67109375 0.56640625 0.01171875 0.01953125
2 0.9890625 0.80078125 0.01171875 0.01328125
2 0.9140625 0.88046875 0.0265625 0.03828125
2 0.29375 0.7640625 0.0125 0.01796875
2 0.4125 0.7734375 0.01015625 0.01953125
2 0.55625 0.20703125 0.02578125 0.02890625
2 0.82421875 0.4046875 0.0453125 0.021875
2 0.990625 0.22109375 0.01796875 0.03125
2 0.7921875 0.96171875 0.03046875 0.01953125
2 0.15546875 0.5265625 0.1921875 0.946875
2 0.3109375 0.26640625 0.03046875 0.06328125
2 0.1828125 0.53046875 0.02890625 0.04296875
2 0.96640625 0.69921875 0.0671875 0.065625
2 0.7828125 0.8171875 0.0984375 0.09921875
2 0.6390625 0.69765625 0.1140625 0.16328125
2 0.621875 0.3796875 0.01953125 0.02578125
2 0.35234375 0.87578125 0.01328125 0.01875
2 0.3625 0.93515625 0.0109375 0.0125
2 0.63203125 0.75546875 0.00859375 0.01328125
2 0.740625 0.6046875 0.0125 0.01953125
2 0.915625 0.73671875 0.00859375 0.015625
2 0.940625 0.4 0.01953125 0.01640625
2 0.97109375 0.265625 0.009375 0.00703125
2 0.6890625 0.35703125 0.01640625 0.01953125
2 0.1859375 0.46328125 0.03515625 0.03359375
2 0.35 0.1953125 0.040625 0.05
0 0.0203125 0.521875 0.040625 0.121875
2 0.87890625 0.8375 0.0609375 0.04765625
2 0.46875 0.3984375 0.11640625 0.125
8 0.4765625 0.53828125 0.13828125 0.19765625
2 0.61953125 0.209375 0.03359375 0.04609375
2 0.8421875 0.72421875 0.0125 0.01796875
2 0.940625 0.47578125 0.0125 0.01640625
2 0.89140625 0.44765625 0.0234375 0.02421875
2 0.91640625 0.32265625 0.00703125 0.01328125
2 0.60625 0.11875 0.040625 0.03984375
2 0.2734375 0.8375 0.1 0.06484375
2 0.771875 0.52265625 0.0125 0.015625
2 0.5578125 0.871875 0.0171875 0.01875
2 0.6125 0.41953125 0.0234375 0.021875
2 0.821875 0.91171875 0.0046875 0.01015625
2 0.5265625 0.2578125 0.015625 0.01796875
2 0.865625 0.97265625 0.0234375 0.02265625
0 0.9421875 0.9625 0.115625 0.075
2 0.5171875 0.65859375 0.028125 0.0375
2 0.19453125 0.67578125 0.0265625 0.05390625
2 0.5515625 0.75234375 0.01484375 0.02578125
2 0.80234375 0.096875 0.02421875 0.02734375
2 0.5421875 0.04140625 0.02734375 0.02734375
2 0.9578125 0.0703125 0.02890625 0.07734375
2 0.209375 0.2421875 0.04921875 0.05625
2 0.059375 0.815625 0.065625 0.08828125
0 0.021875 0.09375 0.04375 0.115625
2 0.584375 0.05390625 0.0390625 0.05625
2 0.3515625 0.50703125 0.05625 0.08203125
9 0.7171875 0.15078125 0.090625 0.30078125
2 0.509375 0.0953125 0.01953125 0.03203125
2 0.6453125 0.87890625 0.03203125 0.0375
2 0.0578125 0.94375 0.03828125 0.06953125
2 0.78984375 0.28671875 0.07734375 0.12890625