2 0.18046875 0.71171875 0.021875 0.02265625
2 0.40625 0.24609375 0.0109375 0.01796875
2 0.440625 0.36796875 0.01953125 0.02734375
2 0.4453125 0.25703125 0.0171875 0.02890625
2 0.92734375 0.8671875 0.0265625 0.03515625
2 0.6640625 0.12421875 0.021875 0.025
0 0.33125 0.06640625 0.01796875 0.04609375
0 0.1515625 0.22421875 0.034375 0.02890625
2 0.25859375 0.95234375 0.02265625 0.025
2 0.31875 0.665625 0.021875 0.03359375
2 0.7046875 0.70703125 0.0296875 0.03203125
2 0.7859375 0.665625 0.01875 0.01171875
2 0.21796875 0.60859375 0.0296875 0.03515625
0 0.3296875 0.11640625 0.01953125 0.04140625
2 0.0765625 0.88125 0.02734375 0.025
2 0.75625 0.42578125 0.021875 0.034375
2 0.24921875 0.84296875 0.01953125 0.02265625
16 0.0453125 0.9421875 0.090625 0.115625
2 0.7828125 0.69375 0.01796875 0.01953125
2 0.7921875 0.17578125 0.01953125 0.02890625
2 0.8125 0.04296875 0.01484375 0.01953125
2 0.5015625 0.34765625 0.0265625 0.03359375
2 0.63125 0.02265625 0.0109375 0.01640625
2 0.28046875 0.8140625 0.021875 0.02265625
2 0.0375 0.83515625 0.028125 0.02578125
2 0.0640625 0.19609375 0.02265625 0.02265625
0 0.253125 0.26484375 0.03359375 0.028125
0 0.18203125 0.35 0.021875 0.025
2 0.8984375 0.39609375 0.03203125 0.05078125
2 0.3734375 0.371875 0.01640625 0.01875
2 0.8953125 0.07578125 0.02734375 0.025
2 0.1734375 0.79140625 0.01640625 0.01953125
2 0.725 0.01875 0.025 0.03125
0 0.2734375 0.0421875 0.0453125 0.084375
0 0.52734375 0.60546875 0.02109375 0.028125
0 0.5421875 0.54921875 0.0203125 0.02265625
0 0.24609375 0.43515625 0.01953125 0.02109375
0 0.1921875 0.425 0.01328125 0.01953125
0 0.2140625 0.30234375 0.02421875 0.02734375
0 0.12421875 0.15078125 0.02109375 0.03515625
0 0.1 0.1078125 0.0375 0.03671875
0 0.0703125 0.04453125 0.0203125 0.02109375
2 0.953125 0.90859375 0.021875 0.02890625
2 0.7171875 0.73671875 0.01171875 0.01796875
2 0.7015625 0.24375 0.0171875 0.02421875
2 0.3765625 0.1453125 0.0203125 0.03828125
2 0.3546875 0.11953125 0.0125 0.01484375
2 0.3375 0.74921875 0.015625 0.028125
2 0.4578125 0.646875 0.01796875 0.02578125
2 0.5734375 0.7453125 0.01171875 0.015625
2 0.4734375 0.49765625 0.01796875 0.025
2 0.53046875 0.73515625 0.025 0.03515625
2 0.7125 0.0890625 0.021875 0.02578125
2 0.83125 0.73515625 0.01484375 0.02421875
2 0.73125 0.76328125 0.01953125 0.03046875
2 0.7734375 0.23046875 0.03125 0.03125
2 0.521875 0.196875 0.02421875 0.03828125
2 0.6515625 0.69140625 0.03515625 0.034375
2 0.4265625 0.43125 0.0171875 0.02421875
2 0.63671875 0.88359375 0.0203125 0.02109375
0 0.3953125 0.55859375 0.009375 0.01484375
2 0.99453125 0.68203125 0.0109375 0.015625
2 0.31953125 0.17265625 0.03515625 0.03359375
2 0.49921875 0.63203125 0.01796875 0.02421875
2 0.3234375 0.63828125 0.015625 0.01484375
2 0.1390625 0.91484375 0.01484375 0.01796875
4 0.4359375 0.49609375 0.57890625 0.98984375
3 0.78828125 0.7015625 0.12421875 0.06640625
2 0.87109375 0.94765625 0.0171875 0.01640625
3 0.6625 0.43203125 0.13046875 0.071875
2 0.5828125 0.1421875 0.0171875 0.028125
0 0.17578125 0.28046875 0.05078125 0.059375
0 0.1734375 0.1203125 0.12578125 0.240625
0 0.4609375 0.56640625 0.02265625 0.02578125
0 0.253125 0.340625 0.0234375 0.03125
0 0.225 0.375 0.0125 0.025