14 0.4875 0.35625 0.29609375 0.19921875
2 0.6703125 0.34921875 0.01328125 0.01484375
2 0.09765625 0.78984375 0.01953125 0.03125
2 0.65 0.69609375 0.02734375 0.02734375
2 0.7640625 0.246875 0.02109375 0.02578125
2 0.4375 0.234375 0.0125 0.01640625
2 0.50078125 0.04609375 0.01875 0.02109375
2 0.528125 0.05703125 0.01015625 0.01640625
2 0.6015625 0.75703125 0.01953125 0.01875
2 0.2328125 0.18828125 0.00703125 0.01171875
2 0.18046875 0.30859375 0.0078125 0.01328125
2 0.5734375 0.11875 0.0109375 0.01015625
2 0.7484375 0.41328125 0.01171875 0.02109375
2 0.4296875 0.98515625 0.02265625 0.01875
2 0.453125 0.90234375 0.02109375 0.02578125
2 0.9796875 0.9171875 0.02109375 0.02890625
2 0.9140625 0.80859375 0.028125 0.02265625
2 0.4671875 0.94296875 0.003125 0.00859375
2 0.6078125 0.5890625 0.01484375 0.01953125
2 0.61875 0.12578125 0.01171875 0.009375
2 0.59609375 0.040625 0.00625 0.00703125
2 0.5625 0.06640625 0.01640625 0.021875
2 0.5296875 0.07421875 0.0125 0.0125
2 0.47265625 0.14296875 0.01171875 0.01171875
2 0.07734375 0.2015625 0.01171875 0.0125
2 0.040625 0.2953125 0.01015625 0.01640625
2 0.071875 0.05703125 0.0171875 0.01953125
16 0.109375 0.59453125 0.21875 0.2734375
3 0.79375 0.57890625 0.15234375 0.10625
2 0.63671875 0.17109375 0.04296875 0.046875
2 0.75859375 0.9453125 0.01171875 0.01640625
2 0.04375 0.84609375 0.0171875 0.021875
2 0.221875 0.30859375 0.0265625 0.03515625
2 0.48671875 0.0671875 0.0109375 0.01171875
2 0.70859375 0.25078125 0.00703125 0.00859375
2 0.4453125 0.0203125 0.0109375 0.01015625
2 0.29296875 0.35625 0.0078125 0.01015625
2 0.546875 0.078125 0.01328125 0.01875
2 0.67578125 0.02109375 0.02109375 0.02734375
2 0.39609375 0.1078125 0.01484375 0.01640625
2 0.021875 0.23046875 0.01171875 0.02265625
2 0.1703125 0.03828125 0.02109375 0.02578125
2 0.58671875 0.01015625 0.0125 0.015625
2 0.22421875 0.11328125 0.0109375 0.009375
2 0.90546875 0.94765625 0.028125 0.01796875
2 0.975 0.82109375 0.01328125 0.01953125
2 0.33359375 0.91171875 0.015625 0.02265625
2 0.35 0.8859375 0.0125 0.01875
2 0.7375 0.75625 0.01796875 0.028125
2 0.1625 0.95234375 0.0296875 0.03203125
2 0.2515625 0.36484375 0.0265625 0.028125
2 0.0171875 0.3734375 0.034375 0.053125
2 0.925 0.61171875 0.01875 0.03515625
2 0.00625 0.8625 0.01171875 0.02109375
2 0.0359375 0.96171875 0.00859375 0.009375
2 0.03203125 0.99140625 0.0234375 0.01640625
2 0.5546875 0.15078125 0.04140625 0.059375
2 0.0703125 0.03046875 0.025 0.02578125
2 0.4734375 0.12109375 0.0140625 0.01171875
2 0.353125 0.01875 0.0203125 0.021875
2 0.1703125 0.16953125 0.01640625 0.028125
2 0.64453125 0.02890625 0.003125 0.00546875
2 0.0203125 0.1140625 0.01640625 0.0125
2 0.496875 0.3484375 0.0140625 0.0125
2 0.64921875 0.01640625 0.0078125 0.00703125
2 0.6046875 0.046875 0.0046875 0.00625
2 0.315625 0.26171875 0.0078125 0.0125
2 0.23125 0.14765625 0.0078125 0.0125
2 0.003125 0.09921875 0.00546875 0.0125
2 0.17265625 0.80078125 0.01640625 0.02734375
2 0.11171875 0.90859375 0.03203125 0.03125
2 0.1296875 0.74296875 0.015625 0.01015625
2 0.33984375 0.32890625 0.02578125 0.01875
2 0.075 0.29921875 0.03046875 0.028125
2 0.209375 0.1796875 0.0328125 0.08359375
2 0.3453125 0.41328125 0.009375 0.01328125
2 0.334375 0.40546875 0.009375 0.01171875
2 0.4421875 0.38671875 0.01484375 0.015625
2 0.38828125 0.33828125 0.0125 0.021875
2 0.565625 0.31015625 0.01015625 0.015625
2 0.68125 0.10859375 0.02734375 0.02421875
2 0.7359375 0.05390625 0.0109375 0.0125
2 0.68671875 0.7078125 0.028125 0.06484375
2 0.184375 0.25234375 0.009375 0.0125
2 0.95625 0.84921875 0.0171875 0.01796875
2 0.70703125 0.86171875 0.009375 0.01484375
2 0.9015625 0.84765625 0.0203125 0.01953125
2 0.671875 0.51015625 0.05390625 0.03203125
2 0.3734375 0.71328125 0.01796875 0.02265625
2 0.74375 0.06953125 0.0203125 0.01640625
2 0.73125 0.52890625 0.025 0.04765625
2 0.25859375 0.7296875 0.02265625 0.02890625
2 0.8015625 0.04609375 0.053125 0.03828125
2 0.25546875 0.03203125 0.01796875 0.02421875
2 0.24375 0.08828125 0.01328125 0.01484375
2 0.63046875 0.04921875 0.01171875 0.01015625
2 0.153125 0.00234375 0.009375 0.0046875
2 0.171875 0.00546875 0.01015625 0.01015625
2 0.16796875 0.0703125 0.015625 0.02421875
2 0.16875 0.10078125 0.01328125 0.01796875
2 0.196875 0.08359375 0.0171875 0.02421875
2 0.80703125 0.1296875 0.01328125 0.01875
2 0.78671875 0.103125 0.02421875 0.03828125
2 0.78125 0.2359375 0.015625 0.028125
2 0.7609375 0.28984375 0.0140625 0.009375
2 0.7984375 0.61640625 0.01328125 0.02109375
2 0.6390625 0.52109375 0.01484375 0.02421875
2 0.73515625 0.73515625 0.01328125 0.01640625
2 0.6984375 0.77265625 0.0171875 0.02109375
2 0.94765625 0.98984375 0.01484375 0.01796875
2 0.9921875 0.77734375 0.01484375 0.025
2 0.921875 0.88515625 0.0125 0.01796875
3 0.8890625 0.34765625 0.1078125 0.11015625
2 0.8265625 0.91796875 0.00546875 0.009375
2 0.91875 0.74140625 0.01796875 0.02109375
2 0.9671875 0.41484375 0.01015625 0.01484375
2 0.509375 0.71953125 0.01015625 0.009375
2 0.3703125 0.96484375 0.028125 0.03046875
2 0.7015625 0.5390625 0.0296875 0.02578125
2 0.6 0.28828125 0.02265625 0.05703125
2 0.6296875 0.2140625 0.0421875 0.03515625
2 0.7390625 0.18359375 0.0125 0.01640625
2 0.7734375 0.19453125 0.0359375 0.05546875
2 0.2296875 0.759375 0.0078125 0.015625
2 0.5765625 0.94609375 0.0140625 0.0125
2 0.278125 0.79453125 0.01328125 0.01875
2 0.89765625 0.5046875 0.01171875 0.01796875
2 0.8859375 0.61875 0.021875 0.01875
2 0.69140625 0.88671875 0.01328125 0.021875
2 0.8546875 0.509375 0.0171875 0.02421875
2 0.8796875 0.5140625 0.0078125 0.01015625
2 0.953125 0.41953125 0.01171875 0.015625
2 0.9703125 0.16796875 0.0171875 0.04140625
2 0.8390625 0.296875 0.01875 0.034375
2 0.4859375 0.5390625 0.03125 0.09140625
2 0.1015625 0.72578125 0.03515625 0.06171875
2 0.8125 0.77890625 0.0125 0.02109375
2 0.4578125 0.08984375 0.021875 0.015625
2 0.8 0.74140625 0.0140625 0.02421875
2 0.1359375 0.0109375 0.0171875 0.021875
2 0.665625 0.63671875 0.01015625 0.01484375
2 0.0421875 0.0140625 0.02265625 0.028125
2 0.50625 0.02734375 0.01796875 0.015625
2 0.73828125 0.39453125 0.009375 0.01640625
2 0.06328125 0.92578125 0.00625 0.009375
2 0.15703125 0.74140625 0.02421875 0.01953125
2 0.24296875 0.31640625 0.0296875 0.03671875
2 0.7015625 0.23046875 0.0078125 0.00859375
2 0.7109375 0.16875 0.01875 0.02578125
2 0.228125 0.37265625 0.02265625 0.02265625
2 0.63046875 0.01953125 0.00390625 0.00390625
2 0.1140625 0.96328125 0.009375 0.00703125
2 0.3125 0.7359375 0.0734375 0.05234375
2 0.95078125 0.17890625 0.01484375 0.01953125
2 0.709375 0.01328125 0.00625 0.00703125
2 0.54296875 0.01015625 0.0296875 0.0203125
2 0.4828125 0.0453125 0.00859375 0.015625
2 0.49140625 0.13671875 0.02421875 0.02578125
2 0.278125 0.20234375 0.01953125 0.015625
2 0.09453125 0.00546875 0.02265625 0.01015625
2 0.83359375 0.04453125 0.0125 0.0125
2 0.6453125 0.8765625 0.0140625 0.021875
2 0.72265625 0.65390625 0.0234375 0.02109375
2 0.7296875 0.67421875 0.00390625 0.00625
2 0.871875 0.7125 0.01875 0.03203125
2 0.8234375 0.7421875 0.025 0.025
2 0.784375 0.51328125 0.01171875 0.01484375
2 0.8984375 0.68828125 0.0234375 0.02421875
2 0.51875 0.79140625 0.0203125 0.02734375
2 0.4703125 0.8 0.01328125 0.02734375
2 0.834375 0.88984375 0.0171875 0.01796875
2 0.49765625 0.86875 0.01796875 0.02109375
2 0.55 0.96015625 0.02734375 0.03671875
2 0.48515625 0.95234375 0.02109375 0.01875
2 0.35546875 0.98203125 0.01875 0.01953125
2 0.21875 0.48984375 0.05390625 0.05
2 0.93515625 0.39765625 0.02421875 0.01953125
2 0.9921875 0.49453125 0.01328125 0.021875
2 0.8640625 0.334375 0.01796875 0.02109375
2 0.79375 0.36015625 0.0140625 0.015625
2 0.87734375 0.26171875 0.028125 0.02578125
2 0.975 0.22109375 0.0140625 0.02265625
2 0.8125 0.30078125 0.0109375 0.01875
2 0.0125 0.8328125 0.00859375 0.01015625
2 0.384375 0.28203125 0.01640625 0.02421875
2 0.48359375 0.3046875 0.01484375 0.01796875
2 0.5453125 0.18515625 0.0109375 0.01796875
2 0.6890625 0.17265625 0.01015625 0.01484375
2 0.35 0.36640625 0.00703125 0.00859375
2 0.96875 0.1171875 0.0203125 0.03125
2 0.9078125 0.64921875 0.0109375 0.015625
2 0.834375 0.6546875 0.01171875 0.01484375
2 0.99375 0.61328125 0.01171875 0.01640625
2 0.2234375 0.81875 0.05703125 0.05546875
2 0.18125 0.83125 0.01640625 0.01875
2 0.9546875 0.71640625 0.0390625 0.05234375
2 0.8875 0.12578125 0.03828125 0.06328125
2 0.7828125 0.85234375 0.0109375 0.01484375
2 0.83203125 0.12109375 0.01953125 0.02265625
2 0.7953125 0.67578125 0.0140625 0.01640625
2 0.71796875 0.83828125 0.02421875 0.02734375
2 0.84765625 0.13828125 0.0171875 0.01328125
2 0.98828125 0.7234375 0.0234375 0.021875
2 0.85859375 0.453125 0.0125 0.01953125
3 0.3578125 0.03984375 0.09765625 0.07734375
2 0.703125 0.8 0.01875 0.03203125
2 0.9078125 0.246875 0.0140625 0.015625
2 0.871875 0.19140625 0.01875 0.01875
2 0.99609375 0.0484375 0.0078125 0.0125
2 0.81796875 0.50390625 0.01875 0.02734375
2 0.23125 0.690625 0.04453125 0.05078125
2 0.66796875 0.90234375 0.0203125 0.01953125
2 0.8796875 0.53203125 0.00859375 0.0125
3 0.9109375 0.10859375 0.05234375 0.21171875
2 0.4984375 0.25078125 0.0234375 0.03359375
2 0.33828125 0.378125 0.00859375 0.015625