2 0.959375 0.40234375 0.04296875 0.07734375
2 0.878125 0.43359375 0.0203125 0.02421875
2 0.85625 0.571875 0.01875 0.01796875
2 0.984375 0.8171875 0.02421875 0.02578125
2 0.8640625 0.00703125 0.0140625 0.0125
2 0.5265625 0.87734375 0.03828125 0.04296875
2 0.9265625 0.09453125 0.03046875 0.03984375
2 0.859375 0.16640625 0.0265625 0.02421875
2 0.1125 0.8 0.225 0.22109375
2 0.875 0.89296875 0.01328125 0.01796875
2 0.0140625 0.94765625 0.028125 0.05546875
2 0.8484375 0.88046875 0.02890625 0.03671875
2 0.0234375 0.90546875 0.0203125 0.02890625
2 0.928125 0.46875 0.0078125 0.015625
2 0.8 0.87421875 0.08203125 0.11484375
2 0.80234375 0.98125 0.0734375 0.0375
2 0.92109375 0.52109375 0.02578125 0.03359375
2 0.17578125 0.64921875 0.09375 0.08828125
2 0.7234375 0.0390625 0.028125 0.02734375
2 0.90546875 0.03515625 0.0484375 0.05625
2 0.965625 0.23046875 0.015625 0.02578125
2 0.69375 0.05625 0.0328125 0.0625
2 0.01875 0.55859375 0.0375 0.05234375
2 0.1625 0.37578125 0.16640625 0.20703125
2 0.6875 0.96484375 0.01484375 0.01640625
2 0.96875 0.90625 0.01484375 0.01953125
2 0.87421875 0.8015625 0.00859375 0.01796875
2 0.921875 0.19765625 0.06171875 0.03984375
2 0.7078125 0.19140625 0.01640625 0.0125
2 0.83125 0.08828125 0.06796875 0.10390625
2 0.9640625 0.02421875 0.01796875 0.021875
2 0.85859375 0.82109375 0.0203125 0.02421875
2 0.04609375 0.32109375 0.0921875 0.146875
2 0.64921875 0.01171875 0.009375 0.00859375
8 0.53203125 0.46796875 0.6015625 0.9359375
2 0.875 0.19375 0.0109375 0.015625
2 0.83203125 0.1578125 0.0265625 0.04375
2 0.6453125 0.06640625 0.03359375 0.03828125
2 0.6640625 0.03984375 0.02265625 0.03671875
2 0.84609375 0.2875 0.09375 0.09453125
2 0.9890625 0.42109375 0.021875 0.021875
2 0.9453125 0.4703125 0.0125 0.0125
2 0.90703125 0.7453125 0.04140625 0.0625
2 0.725 0.86015625 0.0421875 0.08125
2 0.2921875 0.7765625 0.1125 0.13515625
2 0.3 0.69609375 0.0078125 0.01953125
2 0.15625 0.1390625 0.24375 0.278125
2 0.02578125 0.078125 0.0515625 0.15625
2 0.0609375 0.97890625 0.0234375 0.03203125
2 0.92890625 0.125 0.01953125 0.01328125
2 0.6078125 0.9796875 0.046875 0.040625
2 0.0546875 0.91171875 0.02265625 0.02421875
2 0.6578125 0.95859375 0.03203125 0.053125
2 0.6875 0.903125 0.0578125 0.040625
2 0.9375 0.4265625 0.0078125 0.0125
2 0.815625 0.1328125 0.009375 0.015625
2 0.70625 0.15703125 0.04765625 0.02890625
2 0.08359375 0.5734375 0.096875 0.140625
2 0.91796875 0.90703125 0.0171875 0.01875
2 0.25625 0.5484375 0.02890625 0.0375
2 0.1796875 0.53671875 0.10390625 0.11015625
2 0.3984375 0.8 0.03984375 0.065625
2 0.89375 0.43046875 0.0078125 0.0125
2 0.88125 0.68515625 0.0203125 0.03515625
2 0.99765625 0.446875 0.0046875 0.0125
2 0.6015625 0.0109375 0.02734375 0.021875
2 0.359375 0.86484375 0.0609375 0.078125
2 0.95390625 0.76015625 0.03828125 0.071875
2 0.1796875 0.95234375 0.10078125 0.075
2 0.8296875 0.0125 0.01875 0.02109375
2 0.74609375 0.01171875 0.0296875 0.0234375
2 0.4171875 0.971875 0.08828125 0.05625