2 0.84609375 0.01015625 0.07734375 0.01953125
2 0.3703125 0.63515625 0.05546875 0.0875
2 0.35625 0.109375 0.1921875 0.21875
2 0.87578125 0.7796875 0.05078125 0.06171875
2 0.9609375 0.35390625 0.06171875 0.08046875
0 0.69453125 0.13828125 0.0546875 0.07890625
0 0.77265625 0.03046875 0.0609375 0.0609375
2 0.7984375 0.81875 0.06796875 0.08671875
2 0.9875 0.778125 0.02421875 0.06796875
2 0.36796875 0.8234375 0.0484375 0.05703125
2 0.4125 0.85390625 0.0421875 0.096875
2 0.16015625 0.36953125 0.228125 0.37578125
2 0.4984375 0.63671875 0.0703125 0.09296875
2 0.0484375 0.58359375 0.025 0.01875
0 0.7953125 0.9625 0.19453125 0.06953125
2 0.1921875 0.04453125 0.0484375 0.065625
2 0.95078125 0.91953125 0.0984375 0.16015625
2 0.9203125 0.69296875 0.04765625 0.115625
2 0.71640625 0.58359375 0.06328125 0.084375
2 0.515625 0.78203125 0.06328125 0.078125
2 0.34765625 0.9453125 0.0765625 0.103125
2 0.84375 0.69375 0.10078125 0.14453125
2 0.9390625 0.48515625 0.0484375 0.06484375
2 0.59375 0.40234375 0.05546875 0.06328125
2 0.671875 0.875 0.07421875 0.1125
2 0.08125 0.65703125 0.090625 0.103125
2 0.875 0.29375 0.04765625 0.05859375
2 0.1625 0.96015625 0.06640625 0.07109375
2 0.6546875 0.4375 0.03203125 0.04453125
2 0.55703125 0.49140625 0.0515625 0.05703125
2 0.9578125 0.11640625 0.084375 0.09609375
2 0.7671875 0.296875 0.028125 0.04296875
2 0.4078125 0.98046875 0.03515625 0.03828125
14 0.375 0.4984375 0.75 0.996875
2 0.4234375 0.53359375 0.05078125 0.06484375
2 0.91796875 0.57265625 0.071875 0.09140625
0 0.73125 0.08046875 0.06484375 0.07109375
2 0.278125 0.8640625 0.05625 0.059375
2 0.90625 0.3421875 0.0453125 0.06015625
2 0.46171875 0.971875 0.0828125 0.05625