2 0.9828125 0.7609375 0.0171875 0.02421875
0 0.52734375 0.34609375 0.03046875 0.03125
0 0.803125 0.0421875 0.02734375 0.03671875
0 0.08671875 0.19921875 0.0203125 0.03359375
0 0.89140625 0.29921875 0.01953125 0.03359375
14 0.84453125 0.71171875 0.3109375 0.5734375
0 0.74375 0.15234375 0.0453125 0.06015625
0 0.640625 0.3265625 0.03359375 0.04296875
2 0.265625 0.39609375 0.03828125 0.04609375
2 0.7734375 0.24765625 0.0265625 0.05390625
0 0.884375 0.80546875 0.23046875 0.38125
0 0.90859375 0.32421875 0.1828125 0.30390625
0 0.5609375 0.86875 0.26171875 0.2625
0 0.49609375 0.40546875 0.02421875 0.03125
2 0.87265625 0.2296875 0.02109375 0.04296875
0 0.62734375 0.584375 0.2046875 0.45703125
2 0.17890625 0.803125 0.0453125 0.03359375
0 0.58359375 0.1984375 0.03203125 0.03671875
0 0.5421875 0.2828125 0.06171875 0.06875
0 0.696875 0.21015625 0.03203125 0.02890625
0 0.046875 0.66875 0.03671875 0.13515625
2 0.215625 0.96796875 0.028125 0.02890625
2 0.9234375 0.13515625 0.025 0.02265625
2 0.746875 0.9859375 0.03203125 0.02265625
0 0.7046875 0.10859375 0.02421875 0.028125
0 0.5953125 0.21953125 0.025 0.02265625
14 0.60703125 0.5 0.5328125 1
0 0.7484375 0.04453125 0.028125 0.04140625
0 0.6203125 0.06640625 0.02265625 0.02265625
0 0.66484375 0.05234375 0.02734375 0.02734375
2 0.809375 0.48203125 0.03359375 0.03515625
0 0.50625 0.38671875 0.02109375 0.03125
0 0.56328125 0.16171875 0.0546875 0.06328125
0 0.7265625 0.07421875 0.0234375 0.04296875
0 0.25859375 0.53671875 0.36015625 0.92578125
0 0.66484375 0.02734375 0.0234375 0.02421875
2 0.4109375 0.01484375 0.021875 0.02890625
0 0.65625 0.09765625 0.034375 0.06484375
0 0.55859375 0.09921875 0.05234375 0.06015625
0 0.62734375 0.02734375 0.0328125 0.0546875