2 0.3109375 0.034375 0.01796875 0.02265625
2 0.4359375 0.08203125 0.07421875 0.12890625
3 0.91796875 0.40546875 0.1640625 0.80625
5 0.046875 0.0640625 0.09375 0.115625
2 0.2578125 0.5515625 0.0171875 0.03125
2 0.16328125 0.44921875 0.05234375 0.06796875
2 0.22109375 0.56015625 0.0578125 0.06796875
2 0.0265625 0.31015625 0.05234375 0.09375
2 0.09375 0.95703125 0.1078125 0.075
2 0.0265625 0.23125 0.053125 0.075
2 0.803125 0.62265625 0.08671875 0.08984375
2 0.434375 0.91328125 0.10625 0.13828125
2 0.2125 0.4421875 0.034375 0.06484375
2 0.36875 0.33359375 0.06796875 0.06484375
2 0.15625 0.29375 0.06640625 0.07109375
2 0.0078125 0.89921875 0.01484375 0.05390625
2 0.91875 0.7125 0.10078125 0.18515625
2 0.69375 0.97265625 0.06328125 0.04765625
2 0.43359375 0.40078125 0.05625 0.078125
2 0.5796875 0.31796875 0.04609375 0.06328125
2 0.06640625 0.54765625 0.1328125 0.39375
2 0.046875 0.89296875 0.03671875 0.03671875
2 0.6234375 0.21328125 0.059375 0.12890625
2 0.64765625 0.021875 0.04375 0.03671875
2 0.8421875 0.90234375 0.1875 0.18828125
4 0.55625 0.52109375 0.85859375 0.95
2 0.70546875 0.84921875 0.05078125 0.08203125