2 0.13671875 0.88359375 0.00625 0.01015625
0 0.69296875 0.35546875 0.04765625 0.05546875
2 0.434375 0.71484375 0.00859375 0.01640625
2 0.15859375 0.04140625 0.0390625 0.02734375
2 0.51875 0.76328125 0.01484375 0.02421875
2 0.49375 0.83984375 0.01171875 0.01875
2 0.03671875 0.91171875 0.009375 0.01640625
2 0.6875 0.9390625 0.01484375 0.01328125
2 0.8046875 0.97109375 0.0234375 0.02578125
2 0.9515625 0.959375 0.0109375 0.015625
2 0.946875 0.91953125 0.00703125 0.009375
2 0.8953125 0.88046875 0.015625 0.01875
2 0.8328125 0.85390625 0.01875 0.01875
2 0.8375 0.915625 0.0109375 0.01640625
2 0.7671875 0.79609375 0.01953125 0.01953125
2 0.7703125 0.75546875 0.015625 0.015625
2 0.7109375 0.95546875 0.01953125 0.01875
2 0.81875 0.09921875 0.01484375 0.01875
2 0.8203125 0.01015625 0.01328125 0.01171875
2 0.8375 0.31171875 0.02109375 0.01328125
2 0.69140625 0.7609375 0.02109375 0.021875
2 0.93125 0.8359375 0.0359375 0.04921875
2 0.12578125 0.640625 0.0125 0.02265625
3 0.4171875 0.0703125 0.17421875 0.13828125
2 0.8828125 0.9359375 0.02734375 0.03359375
2 0.86171875 0.91640625 0.015625 0.02734375
2 0.70625 0.83203125 0.00859375 0.01484375
2 0.70703125 0.03984375 0.0203125 0.01953125
2 0.684375 0.01328125 0.01015625 0.01484375
2 0.496875 0.19453125 0.01328125 0.02421875
2 0.659375 0.18125 0.025 0.021875
2 0.7 0.13671875 0.0140625 0.01875
2 0.315625 0.86953125 0.0203125 0.03984375
2 0.484375 0.97734375 0.021875 0.01640625
2 0.175 0.40703125 0.0078125 0.02421875
2 0.475 0.821875 0.01484375 0.06171875
2 0.3703125 0.7140625 0.03046875 0.01875
2 0.9296875 0.36484375 0.01171875 0.015625
2 0.93046875 0.9515625 0.01796875 0.02734375
2 0.8796875 0.82109375 0.02578125 0.02109375
2 0.8640625 0.84765625 0.0171875 0.02734375
2 0.7546875 0.20078125 0.02890625 0.034375
2 0.6796875 0.990625 0.02578125 0.01875
2 0.865625 0.1671875 0.00546875 0.01171875
2 0.59375 0.859375 0.01796875 0.02421875
2 0.9140625 0.8 0.0109375 0.015625
2 0.890625 0.746875 0.00703125 0.01484375
2 0.7921875 0.9078125 0.0109375 0.01953125
2 0.94765625 0.34765625 0.0125 0.01640625
2 0.5640625 0.1140625 0.01484375 0.01484375
2 0.8296875 0.93359375 0.0171875 0.01875
2 0.9625 0.7109375 0.01015625 0.01796875
2 0.8640625 0.78125 0.02109375 0.028125
2 0.7828125 0.70703125 0.0109375 0.01953125
2 0.64765625 0.95703125 0.0125 0.02109375
2 0.8921875 0.20703125 0.0203125 0.03046875
2 0.753125 0.12890625 0.0109375 0.03125
2 0.6828125 0.12421875 0.0171875 0.02421875
2 0.828125 0.04453125 0.01171875 0.01796875
2 0.8765625 0.0828125 0.03515625 0.02734375
2 0.975 0.0421875 0.015625 0.02421875
2 0.67421875 0.82265625 0.025 0.02734375
0 0.6390625 0.49609375 0.02890625 0.04296875
2 0.42890625 0.69921875 0.00703125 0.01640625
2 0.1296875 0.0140625 0.03046875 0.028125
2 0.4953125 0.27109375 0.02109375 0.01953125
2 0.49375 0.40859375 0.0203125 0.03046875
2 0.46953125 0.38046875 0.0140625 0.01796875
2 0.721875 0.46796875 0.02421875 0.02265625
2 0.8890625 0.40703125 0.01171875 0.02421875
2 0.8625 0.38046875 0.01796875 0.02109375
2 0.0328125 0.93203125 0.009375 0.01171875
2 0.53125 0.88828125 0.0140625 0.03046875
2 0.51875 0.83515625 0.00859375 0.01328125
2 0.4171875 0.73515625 0.01484375 0.0125
2 0.184375 0.878125 0.01015625 0.01953125
2 0.0390625 0.8734375 0.0140625 0.01953125
2 0.1828125 0.67890625 0.02578125 0.02734375
2 0.01953125 0.64296875 0.01328125 0.015625
2 0.753125 0.56328125 0.02109375 0.04296875
2 0.96796875 0.73046875 0.0109375 0.01953125
2 0.41328125 0.1375 0.01796875 0.02265625
2 0.0171875 0.4828125 0.0078125 0.01328125
2 0.67421875 0.79140625 0.015625 0.02265625
2 0.7140625 0.78828125 0.01875 0.03046875
2 0.8140625 0.49609375 0.0453125 0.04140625
2 0.778125 0.1828125 0.0125 0.01171875
2 0.265625 0.12734375 0.01640625 0.02265625
2 0.5171875 0.42265625 0.01484375 0.02421875
2 0.5765625 0.3203125 0.01171875 0.01796875
2 0.403125 0.2140625 0.0203125 0.02578125
2 0.4921875 0.4421875 0.01953125 0.02890625
2 0.65546875 0.29921875 0.0125 0.01953125
2 0.45625 0.140625 0.02265625 0.021875
2 0.953125 0.43671875 0.01796875 0.02265625
2 0.0921875 0.66796875 0.0375 0.07734375
2 0.1875 0.78203125 0.03671875 0.0875
2 0.3421875 0.71328125 0.0140625 0.01953125
2 0.1265625 0.68984375 0.0125 0.015625
2 0.85625 0.54921875 0.04375 0.05390625
2 0.14921875 0.91640625 0.06328125 0.05078125
2 0.6234375 0.1390625 0.05546875 0.05234375
2 0.9359375 0.71953125 0.02421875 0.05078125
2 0.484375 0.2453125 0.03515625 0.04453125
14 0.5 0.371875 1 0.74375
2 0.8859375 0.71953125 0.02734375 0.021875
0 0.21875 0.63046875 0.43671875 0.73125
2 0.96015625 0.89375 0.00625 0.01328125
2 0.79296875 0.79609375 0.01015625 0.015625
2 0.803125 0.77734375 0.01640625 0.02421875
2 0.6203125 0.87890625 0.0125 0.02265625
2 0.92109375 0.20078125 0.0140625 0.01875
2 0.59453125 0.08984375 0.0125 0.01171875
2 0.61875 0.07109375 0.0140625 0.01328125
2 0.14296875 0.5671875 0.0421875 0.028125
2 0.7578125 0.06796875 0.01171875 0.01953125
2 0.7921875 0.02265625 0.0203125 0.009375
2 0.76640625 0.32890625 0.028125 0.021875
2 0.971875 0.28046875 0.0078125 0.01875
2 0.8546875 0.45546875 0.01640625 0.034375
2 0.97890625 0.128125 0.01015625 0.02265625
2 0.3109375 0.18828125 0.0078125 0.015625
2 0.50234375 0.35 0.01171875 0.01015625
2 0.6171875 0.49140625 0.02109375 0.02890625
2 0.3 0.86171875 0.01484375 0.01875
2 0.37734375 0.78671875 0.00859375 0.01875
2 0.159375 0.41640625 0.0125 0.01875
2 0.26796875 0.70390625 0.01484375 0.028125
2 0.13125 0.31875 0.02265625 0.01953125
2 0.01015625 0.45859375 0.00703125 0.01015625
0 0.34453125 0.03203125 0.06875 0.06328125
3 0.8265625 0.39140625 0.05078125 0.08671875
2 0.953125 0.12734375 0.01484375 0.01875
2 0.7953125 0.11171875 0.01953125 0.01640625
2 0.5625 0.35546875 0.02109375 0.03828125
2 0.78125 0.0765625 0.01171875 0.01953125
2 0.64140625 0.2328125 0.01328125 0.02578125
2 0.97578125 0.95703125 0.01796875 0.025
2 0.9375 0.86953125 0.025 0.02109375
2 0.15546875 0.846875 0.02109375 0.02109375
2 0.0515625 0.82890625 0.0125 0.01796875
2 0.0390625 0.70703125 0.00703125 0.00546875
2 0.04453125 0.59765625 0.021875 0.02890625
2 0.03203125 0.98671875 0.03671875 0.02578125
2 0.4328125 0.81875 0.0515625 0.05
2 0.08046875 0.9734375 0.0484375 0.053125
2 0.4828125 0.93046875 0.009375 0.01640625
2 0.9296875 0.28828125 0.01328125 0.02109375
2 0.7765625 0.8625 0.02578125 0.03984375
2 0.41875 0.7515625 0.0109375 0.00859375
2 0.0234375 0.79453125 0.02421875 0.03359375
2 0.590625 0.759375 0.0109375 0.02265625
2 0.0921875 0.60546875 0.0359375 0.03359375
2 0.890625 0.84140625 0.034375 0.028125
2 0.85078125 0.865625 0.01640625 0.02421875
2 0.121875 0.7328125 0.02734375 0.025
2 0.7625 0.28515625 0.015625 0.02109375
2 0.15 0.7921875 0.0171875 0.03125
2 0.65 0.27578125 0.0140625 0.01953125
2 0.759375 0.77890625 0.0078125 0.015625
2 0.9203125 0.03359375 0.025 0.02890625
2 0.7640625 0.34921875 0.02109375 0.028125
2 0.81640625 0.240625 0.01953125 0.02421875
2 0.18359375 0.19609375 0.0390625 0.05
2 0.2375 0.1234375 0.0125 0.025
2 0.828125 0.96953125 0.0125 0.025
2 0.9953125 0.8609375 0.009375 0.01015625
2 0.6015625 0.90546875 0.0140625 0.02265625
2 0.61484375 0.78359375 0.02265625 0.01796875
2 0.8390625 0.17109375 0.015625 0.01796875
2 0.5046875 0.321875 0.01015625 0.01640625
2 0.67421875 0.8515625 0.01640625 0.01640625
2 0.19921875 0.25703125 0.025 0.02421875
0 0.2515625 0.31640625 0.4375 0.6328125
2 0.890625 0.053125 0.00859375 0.015625
2 0.0390625 0.890625 0.00703125 0.0125
2 0.965625 0.86171875 0.00546875 0.00859375
2 0.2734375 0.25703125 0.0140625 0.01484375
2 0.3796875 0.25390625 0.028125 0.02734375
2 0.5859375 0.96640625 0.06875 0.06484375
2 0.09375 0.9125 0.0578125 0.09140625
2 0.48828125 0.21796875 0.015625 0.01953125
2 0.69921875 0.88984375 0.01484375 0.02421875
2 0.7140625 0.88359375 0.00625 0.01640625
2 0.521875 0.2953125 0.01640625 0.01484375
2 0.71875 0.48828125 0.015625 0.021875
2 0.40234375 0.3 0.0140625 0.01328125
2 0.115625 0.43671875 0.0140625 0.0125
2 0.6328125 0.30390625 0.01328125 0.025
2 0.6234375 0.43671875 0.01484375 0.01953125
2 0.21875 0.97109375 0.01796875 0.03203125
0 0.70390625 0.23359375 0.04765625 0.06171875
2 0.5203125 0.64140625 0.0171875 0.03203125
2 0.5703125 0.48359375 0.0203125 0.01953125
2 0.640625 0.36953125 0.03671875 0.03046875
2 0.71953125 0.4 0.025 0.025
2 0.50625 0.81953125 0.01171875 0.015625
2 0.34609375 0.85859375 0.0125 0.01953125
2 0.3453125 0.8140625 0.02265625 0.02578125
2 0.0421875 0.68203125 0.00859375 0.01875
2 0.11328125 0.78515625 0.01796875 0.02109375
2 0.109375 0.31015625 0.01875 0.025
2 0.9125 0.87109375 0.021875 0.03125
2 0.84765625 0.803125 0.01796875 0.01953125
2 0.05234375 0.1578125 0.0171875 0.02265625
2 0.590625 0.39453125 0.0203125 0.02265625
2 0.5703125 0.26796875 0.01015625 0.01953125
2 0.7375 0.284375 0.0125 0.01796875
2 0.9328125 0.390625 0.0203125 0.02421875
2 0.4265625 0.2703125 0.0109375 0.01640625
2 0.21796875 0.67734375 0.01015625 0.01328125
2 0.6859375 0.28515625 0.015625 0.01875
2 0.44296875 0.28828125 0.00859375 0.009375
2 0.428125 0.13203125 0.01171875 0.01875
2 0.478125 0.30234375 0.03515625 0.028125
2 0.515625 0.509375 0.01796875 0.015625
2 0.01015625 0.06484375 0.01640625 0.02109375
2 0.128125 0.08828125 0.02265625 0.01875
2 0.00625 0.12109375 0.0125 0.0234375
2 0.10234375 0.0484375 0.01875 0.040625
2 0.46015625 0.209375 0.03671875 0.03046875
2 0.53359375 0.2390625 0.0140625 0.02109375
2 0.6171875 0.32421875 0.01328125 0.0125
2 0.7015625 0.30234375 0.00859375 0.01171875
2 0.734375 0.8328125 0.0421875 0.05703125
2 0.5390625 0.16015625 0.0484375 0.03984375
2 0.646875 0.4515625 0.01640625 0.040625
2 0.91328125 0.25390625 0.01796875 0.021875
2 0.8171875 0.2984375 0.01796875 0.02421875
2 0.634375 0.56875 0.02265625 0.02890625
2 0.415625 0.328125 0.0171875 0.02734375