2 0.6625 0.06328125 0.01328125 0.02265625
2 0.159375 0.14375 0.06796875 0.09375
2 0.459375 0.7390625 0.034375 0.04921875
2 0.82578125 0.9421875 0.0671875 0.115625
2 0.51171875 0.74296875 0.1203125 0.18515625
2 0.6328125 0.48046875 0.08203125 0.05234375
2 0.3234375 0.1515625 0.02578125 0.03828125
2 0.265625 0.73515625 0.0171875 0.03828125
2 0.32109375 0.390625 0.02421875 0.02265625
2 0.47578125 0.4578125 0.034375 0.06328125
2 0.8484375 0.65703125 0.0140625 0.04453125
2 0.6953125 0.80703125 0.04921875 0.03359375
2 0.415625 0.18359375 0.01953125 0.021875
2 0.2125 0.77109375 0.02421875 0.07734375
2 0.08203125 0.25234375 0.021875 0.0375
2 0.01875 0.25859375 0.01875 0.025
2 0.1859375 0.38984375 0.01484375 0.02265625
2 0.021875 0.10078125 0.01953125 0.01875
2 0.665625 0.19140625 0.02109375 0.03125
2 0.034375 0.31640625 0.02890625 0.05859375
2 0.5765625 0.1046875 0.02890625 0.04921875
2 0.53984375 0.50078125 0.0390625 0.03671875
14 0.640625 0.56484375 0.16875 0.75546875
2 0.709375 0.58359375 0.0140625 0.02265625
2 0.4953125 0.27265625 0.01640625 0.021875
2 0.409375 0.05390625 0.0328125 0.04375
2 0.046875 0.2078125 0.01484375 0.02265625
2 0.053125 0.88046875 0.02890625 0.04765625
2 0.7625 0.18359375 0.0484375 0.05234375
2 0.6140625 0.16484375 0.02890625 0.02890625
2 0.1046875 0.16484375 0.0171875 0.02265625
2 0.71171875 0.63359375 0.103125 0.05546875
2 0.01953125 0.20078125 0.01328125 0.02734375
2 0.128125 0.52421875 0.01171875 0.015625
2 0.9078125 0.6046875 0.01796875 0.03046875
2 0.83203125 0.13984375 0.025 0.02421875
2 0.9609375 0.3109375 0.01484375 0.02578125
2 0.50625 0.06328125 0.02421875 0.034375
2 0.953125 0.17890625 0.034375 0.06171875
2 0.22578125 0.16015625 0.0265625 0.03515625
2 0.74609375 0.49296875 0.06875 0.059375
2 0.253125 0.36640625 0.02734375 0.03828125
2 0.74375 0.96953125 0.11796875 0.06015625
2 0.38125 0.890625 0.02109375 0.03125
2 0.4515625 0.640625 0.0375 0.03359375
2 0.9296875 0.75703125 0.13984375 0.08984375
2 0.4 0.28203125 0.034375 0.02890625
2 0.84375 0.44296875 0.12109375 0.04453125
2 0.92890625 0.54609375 0.02734375 0.05078125
2 0.66953125 0.26171875 0.021875 0.03515625
2 0.78515625 0.7046875 0.01796875 0.03125
2 0.33125 0.23828125 0.028125 0.040625
2 0.4234375 0.41484375 0.03203125 0.03203125
2 0.0875 0.48125 0.0265625 0.0375
2 0.1125 0.034375 0.025 0.03125
2 0.4375 0.278125 0.0203125 0.02421875
2 0.815625 0.24140625 0.01484375 0.02734375
2 0.3796875 0.76796875 0.02734375 0.03359375
2 0.1390625 0.29765625 0.028125 0.03984375
2 0.35234375 0.2984375 0.02734375 0.03203125
2 0.034375 0.721875 0.06875 0.453125
2 0.4359375 0.3859375 0.021875 0.015625
2 0.42578125 0.3171875 0.0171875 0.021875
2 0.48125 0.51875 0.16953125 0.11875
2 0.31953125 0.5328125 0.03828125 0.06015625
2 0.65078125 0.66953125 0.0375 0.04609375
2 0.72109375 0.46171875 0.0109375 0.01796875
2 0.55703125 0.98046875 0.0296875 0.03359375
2 0.5 0.33046875 0.02734375 0.03515625
2 0.5015625 0.22421875 0.0515625 0.04140625
2 0.69140625 0.4671875 0.0203125 0.02578125
2 0.378125 0.534375 0.01484375 0.02578125
2 0.6140625 0.21484375 0.0359375 0.05625
2 0.6390625 0.446875 0.03203125 0.04140625
2 0.4890625 0.38671875 0.05625 0.04453125
2 0.0390625 0.13203125 0.01640625 0.021875
2 0.478125 0.94140625 0.04453125 0.065625
2 0.19296875 0.20078125 0.03359375 0.04453125
2 0.9640625 0.0375 0.03046875 0.03515625
2 0.94375 0.67109375 0.03515625 0.040625
2 0.409375 0.2359375 0.0359375 0.05
2 0.140625 0.80234375 0.0328125 0.04375
2 0.53125 0.846875 0.021875 0.02578125