2 0.8953125 0.96796875 0.040625 0.06328125
9 0.55625 0.0203125 0.0578125 0.0375
9 0.99140625 0.25234375 0.0171875 0.0609375
9 0.1484375 0.19453125 0.0390625 0.075
2 0.2453125 0.70390625 0.04921875 0.059375
9 0.51171875 0.66875 0.1625 0.14140625
2 0.94375 0.95703125 0.0171875 0.02421875
2 0.7984375 0.9859375 0.02109375 0.028125
2 0.021875 0.0484375 0.04375 0.096875
9 0.63046875 0.25703125 0.4453125 0.5140625
9 0.31015625 0.74375 0.1203125 0.10625
9 0.93515625 0.83203125 0.1296875 0.0453125
9 0.6875 0.971875 0.14921875 0.04765625
2 0.18984375 0.07578125 0.09140625 0.09765625
2 0.93203125 0.17421875 0.05546875 0.05078125
9 0.4171875 0.65703125 0.0734375 0.10234375
2 0.24609375 0.12734375 0.05625 0.08046875
2 0.3515625 0.43671875 0.071875 0.075
2 0.16875 0.83125 0.0421875 0.05859375
9 0.83984375 0.08984375 0.0203125 0.0375
9 0.0359375 0.934375 0.071875 0.0875
2 0.89765625 0.2125 0.05546875 0.04609375
9 0.77265625 0.82109375 0.1359375 0.34921875
14 0.5 0.60390625 1 0.215625
9 0.63515625 0.7171875 0.0609375 0.17890625
2 0.98203125 0.91640625 0.0359375 0.03671875
9 0.48828125 0.7984375 0.071875 0.39765625
2 0.653125 0.8828125 0.0609375 0.096875
2 0.8203125 0.859375 0.04765625 0.06875
9 0.88203125 0.38125 0.05078125 0.09765625
9 0.40625 0.22421875 0.08359375 0.075
9 0.5953125 0.80859375 0.0296875 0.17265625
2 0.88125 0.01875 0.0171875 0.01953125
2 0.0421875 0.13828125 0.0171875 0.03125
2 0.78515625 0.05 0.0359375 0.06328125
2 0.5390625 0.8375 0.05703125 0.11328125
2 0.13046875 0.26640625 0.02421875 0.03828125
2 0.346875 0.8421875 0.03828125 0.06796875
2 0.3734375 0.77265625 0.0609375 0.1
2 0.7 0.60078125 0.025 0.02265625
2 0.446875 0.98203125 0.025 0.02578125
2 0.2015625 0.18515625 0.00625 0.01796875
2 0.6875 0.02578125 0.0328125 0.05078125
2 0.4140625 0.34296875 0.02109375 0.02578125
2 0.27890625 0.38515625 0.08203125 0.05
2 0.659375 0.2015625 0.01171875 0.02265625
2 0.290625 0.88828125 0.03125 0.03203125
2 0.9796875 0.35703125 0.01640625 0.02578125
2 0.51875 0.37890625 0.02734375 0.03984375
2 0.121875 0.73359375 0.03203125 0.04453125
2 0.2984375 0.525 0.021875 0.028125
2 0.009375 0.184375 0.01875 0.028125
2 0.575 0.325 0.04296875 0.06015625
2 0.55 0.19375 0.02890625 0.03828125
2 0.909375 0.66796875 0.05234375 0.034375
2 0.8703125 0.75078125 0.03046875 0.05546875
2 0.85234375 0.63515625 0.03125 0.025
2 0.4390625 0.80859375 0.03359375 0.08203125
2 0.046875 0.56484375 0.04140625 0.04453125
2 0.196875 0.21171875 0.04296875 0.02890625
2 0.953125 0.01796875 0.05078125 0.03515625
2 0.1375 0.3921875 0.20078125 0.23125
2 0.1890625 0.89453125 0.046875 0.04296875
2 0.6390625 0.11640625 0.040625 0.04296875
2 0.73046875 0.08203125 0.015625 0.01953125
9 0.2484375 0.225 0.41328125 0.29609375
2 0.8125 0.16171875 0.0453125 0.07109375
2 0.675 0.140625 0.02890625 0.03515625
2 0.121875 0.81796875 0.06015625 0.10859375
2 0.08828125 0.08046875 0.05078125 0.05078125
2 0.73125 0.759375 0.0328125 0.03359375
2 0.21875 0.97265625 0.0640625 0.04765625
2 0.1796875 0.19453125 0.021875 0.03359375
2 0.7046875 0.27109375 0.0328125 0.03125
2 0.83984375 0.33203125 0.0265625 0.03828125
2 0.8609375 0.13046875 0.053125 0.08515625
2 0.853125 0.2203125 0.04453125 0.059375
2 0.7921875 0.4 0.0265625 0.03359375
2 0.4296875 0.87890625 0.02109375 0.02578125
2 0.60859375 0.01328125 0.0234375 0.0265625
9 0.96171875 0.61171875 0.0765625 0.06484375
2 0.42265625 0.46484375 0.01796875 0.02265625
2 0.3421875 0.05546875 0.02265625 0.03203125
2 0.80859375 0.28984375 0.02578125 0.02890625
2 0.91796875 0.02734375 0.01640625 0.02265625
2 0.24296875 0.028125 0.03828125 0.05625
9 0.99375 0.03515625 0.01171875 0.02734375