2 0.3734375 0.01484375 0.03046875 0.02734375
2 0.65 0.6328125 0.10390625 0.15859375
2 0.290625 0.13984375 0.01640625 0.02421875
2 0.26953125 0.41484375 0.0796875 0.04453125
2 0.73125 0.67890625 0.06875 0.06484375
2 0.35 0.20859375 0.0109375 0.01640625
2 0.7375 0.80859375 0.0453125 0.1
2 0.909375 0.69453125 0.1421875 0.18671875
2 0.453125 0.47265625 0.08671875 0.08671875
2 0.2375 0.23125 0.01953125 0.03515625
2 0.33828125 0.03046875 0.01484375 0.028125
2 0.7796875 0.18359375 0.18125 0.29453125
2 0.590625 0.14453125 0.18125 0.28359375
5 0.95625 0.87421875 0.08671875 0.13359375
2 0.30625 0.71328125 0.17734375 0.240625
2 0.0234375 0.31484375 0.04609375 0.10078125
2 0.1046875 0.86328125 0.20859375 0.265625
2 0.1859375 0.43671875 0.07265625 0.11328125
5 0.6078125 0.97734375 0.06328125 0.0375
2 0.1125 0.0921875 0.225 0.184375
2 0.7625 0.3921875 0.125 0.115625
2 0.271875 0.33203125 0.02109375 0.02734375
2 0.375 0.3203125 0.0171875 0.02578125
2 0.7359375 0.053125 0.0359375 0.03984375
2 0.653125 0.78046875 0.12109375 0.16640625
5 0.896875 0.9625 0.15703125 0.07265625
5 0.9203125 0.27265625 0.121875 0.103125
2 0.7953125 0.58046875 0.065625 0.065625
2 0.95703125 0.48125 0.0859375 0.21796875
2 0.34609375 0.43828125 0.0234375 0.02265625
2 0.3359375 0.36484375 0.0203125 0.02265625
5 0.934375 0.51796875 0.04609375 0.065625
2 0.090625 0.56796875 0.18125 0.3375
2 0.2625 0.1046875 0.02265625 0.03203125
2 0.56484375 0.41015625 0.04140625 0.06796875
2 0.4484375 0.884375 0.24921875 0.22265625
2 0.17265625 0.66171875 0.04140625 0.04453125
5 0.2640625 0.5109375 0.11015625 0.14453125
2 0.6734375 0.49765625 0.03203125 0.02265625
5 0.87734375 0.37109375 0.1078125 0.14296875
2 0.4578125 0.1484375 0.14921875 0.259375
4 0.5984375 0.6203125 0.196875 0.75625
2 0.39453125 0.51640625 0.04765625 0.084375
2 0.47109375 0.703125 0.115625 0.20390625
2 0.2859375 0.97890625 0.0484375 0.03359375
2 0.24375 0.84921875 0.15703125 0.23984375
5 0.02734375 0.8546875 0.0546875 0.175
2 0.121875 0.3015625 0.090625 0.22421875