2 0.659375 0.9625 0.0578125 0.05625
2 0.85625 0.28203125 0.08046875 0.17578125
2 0.05625 0.18828125 0.03203125 0.05546875
2 0.5703125 0.41484375 0.1 0.06484375
2 0.77109375 0.67421875 0.1375 0.1125
2 0.60625 0.9609375 0.04296875 0.07265625
2 0.93515625 0.0640625 0.1296875 0.128125
2 0.628125 0.69140625 0.084375 0.0875
2 0.734375 0.82109375 0.06484375 0.09375
2 0.79375 0.8125 0.065625 0.10625
2 0.23046875 0.3640625 0.065625 0.11328125
2 0.3859375 0.09765625 0.02734375 0.03671875
2 0.2484375 0.0734375 0.17734375 0.146875
2 0.9234375 0.365625 0.05546875 0.075
2 0.63828125 0.46328125 0.05234375 0.075
2 0.12890625 0.63046875 0.0484375 0.06328125
2 0.10625 0.02734375 0.0484375 0.05234375
2 0.62890625 0.90078125 0.07890625 0.06875
2 0.4421875 0.02578125 0.05859375 0.04296875
2 0.4015625 0.64140625 0.0546875 0.10703125
2 0.1578125 0.24921875 0.0578125 0.084375
2 0.90390625 0.64140625 0.053125 0.09765625
2 0.6453125 0.28671875 0.14453125 0.096875
2 0.7953125 0.48359375 0.115625 0.18125
2 0.0421875 0.70078125 0.084375 0.134375
2 0.1453125 0.51875 0.04765625 0.06171875
2 0.1734375 0.75390625 0.10546875 0.09375
2 0.51953125 0.278125 0.0375 0.05390625
2 0.2046875 0.85859375 0.059375 0.0875
14 0.5 0.57421875 1 0.65078125
2 0.325 0.315625 0.12421875 0.22109375
2 0.2390625 0.17109375 0.1140625 0.08125
2 0.45 0.90546875 0.1 0.078125
2 0.3421875 0.71796875 0.071875 0.084375
9 0.36953125 0.8359375 0.0875 0.06171875
2 0.225 0.57578125 0.08203125 0.134375
9 0.45546875 0.8515625 0.16953125 0.03359375
2 0.46328125 0.715625 0.08203125 0.0875
2 0.5796875 0.50859375 0.05078125 0.05703125
2 0.3015625 0.95859375 0.20703125 0.07890625
9 0.1875 0.884375 0.375 0.084375
2 0.3875 0.47734375 0.0578125 0.06953125
2 0.4875 0.55546875 0.1 0.06796875
2 0.78828125 0.240625 0.06015625 0.19921875
2 0.03359375 0.96328125 0.0671875 0.06796875
2 0.625 0.153125 0.06953125 0.08359375