2 0.44453125 0.89375 0.0828125 0.1
2 0.47109375 0.778125 0.02734375 0.040625
2 0.03515625 0.37109375 0.06875 0.1
2 0.63125 0.9265625 0.1078125 0.125
2 0.5046875 0.87890625 0.025 0.03515625
2 0.540625 0.81953125 0.040625 0.059375
2 0.1796875 0.04140625 0.05390625 0.08203125
2 0.0765625 0.30546875 0.0234375 0.0375
2 0.2703125 0.91171875 0.0421875 0.04609375
2 0.87890625 0.0734375 0.1046875 0.07734375
2 0.69296875 0.0625 0.0234375 0.028125
2 0.23125 0.946875 0.04453125 0.03125
2 0.290625 0.253125 0.09453125 0.17265625
2 0.2640625 0.46640625 0.11484375 0.11875
2 0.6859375 0.26953125 0.03359375 0.04140625
2 0.1640625 0.8984375 0.03515625 0.04453125
2 0.8515625 0.36796875 0.02890625 0.03515625
2 0.73984375 0.3078125 0.0203125 0.075
2 0.715625 0.43671875 0.02421875 0.03203125
2 0.6703125 0.56640625 0.04609375 0.05
2 0.2578125 0.78359375 0.034375 0.04765625
2 0.1203125 0.10859375 0.04921875 0.04609375
2 0.178125 0.14375 0.0453125 0.06796875
2 0.584375 0.46796875 0.0890625 0.06875
2 0.971875 0.6921875 0.05625 0.12890625
2 0.44140625 0.31015625 0.15546875 0.15703125
2 0.5796875 0.01953125 0.03125 0.03671875
2 0.98046875 0.440625 0.0390625 0.10546875
2 0.53125 0.58046875 0.08203125 0.18515625
2 0.890625 0.9390625 0.16796875 0.11484375
2 0.39453125 0.49453125 0.053125 0.06796875
2 0.525 0.21640625 0.184375 0.19609375
2 0.3859375 0.04296875 0.0390625 0.059375
0 0.27734375 0.05546875 0.1296875 0.1109375
2 0.865625 0.69453125 0.07890625 0.05390625
2 0.68359375 0.1921875 0.05078125 0.09921875
2 0.459375 0.58203125 0.08203125 0.05625
2 0.5734375 0.3828125 0.06640625 0.08671875
2 0.60078125 0.075 0.040625 0.040625
9 0.1 0.2703125 0.19921875 0.15078125
2 0.48984375 0.9875 0.0234375 0.025
2 0.078125 0.965625 0.153125 0.06875
0 0.028125 0.05703125 0.05625 0.1140625
0 0.0609375 0.82734375 0.09765625 0.09296875
2 0.69296875 0.46171875 0.025 0.03671875
2 0.9265625 0.40703125 0.0546875 0.078125
2 0.1765625 0.265625 0.08046875 0.165625
2 0.8828125 0.53515625 0.09296875 0.20390625
2 0.1703125 0.7265625 0.11796875 0.09609375
14 0.5 0.65078125 1 0.47109375
2 0.3015625 0.71796875 0.08671875 0.08359375
3 0.8671875 0.178125 0.24296875 0.35625
2 0.96328125 0.55546875 0.0734375 0.15078125
2 0.4578125 0.45390625 0.1046875 0.13515625
2 0.73671875 0.53828125 0.03828125 0.08203125