0 0.903125 0.77109375 0.03359375 0.0375
2 0.90625 0.92109375 0.02421875 0.021875
2 0.8421875 0.3609375 0.01640625 0.01796875
16 0.0578125 0.36328125 0.115625 0.41015625
0 0.94453125 0.84296875 0.0484375 0.09140625
0 0.1109375 0.8109375 0.01953125 0.02578125
2 0.3203125 0.0703125 0.03515625 0.03671875
2 0.6390625 0.965625 0.0234375 0.01953125
2 0.6234375 0.7359375 0.0203125 0.02578125
2 0.809375 0.62578125 0.01953125 0.03125
0 0.3078125 0.65078125 0.03359375 0.10546875
2 0.090625 0.02421875 0.0515625 0.04609375
2 0.90078125 0.6140625 0.0171875 0.021875
2 0.7625 0.06953125 0.01640625 0.02734375
2 0.68359375 0.09609375 0.0203125 0.028125
2 0.8515625 0.88828125 0.02421875 0.03515625
0 0.834375 0.74140625 0.03046875 0.02578125
0 0.853125 0.771875 0.05078125 0.05
2 0.115625 0.20859375 0.034375 0.03359375
2 0.25390625 0.03046875 0.021875 0.04921875
2 0.7796875 0.65546875 0.01328125 0.03046875
2 0.85703125 0.31796875 0.028125 0.03203125
2 0.80859375 0.44921875 0.0609375 0.05703125
2 0.8125 0.30546875 0.02109375 0.028125
2 0.94765625 0.646875 0.021875 0.03125
2 0.1171875 0.13359375 0.02109375 0.02578125
5 0.10625 0.43984375 0.0203125 0.02734375
2 0.1828125 0.075 0.01796875 0.02734375
2 0.303125 0.12578125 0.0453125 0.065625
2 0.1421875 0.33984375 0.021875 0.03359375
2 0.15859375 0.30234375 0.04140625 0.11328125
2 0.775 0.5875 0.01796875 0.03203125
2 0.99140625 0.6265625 0.0171875 0.028125
2 0.9125 0.2796875 0.02890625 0.03515625
2 0.68984375 0.6546875 0.02890625 0.05390625
2 0.6078125 0.79140625 0.0484375 0.05234375
2 0.7421875 0.7484375 0.0265625 0.04296875
2 0.4359375 0.49765625 0.01484375 0.01875
2 0.9015625 0.7125 0.03515625 0.03515625
2 0.790625 0.25078125 0.0203125 0.02265625
2 0.8375 0.246875 0.025 0.03828125
2 0.065625 0.14765625 0.0203125 0.028125
3 0.94375 0.0609375 0.11171875 0.09296875
2 0.478125 0.16953125 0.0234375 0.01875
2 0.7140625 0.275 0.059375 0.05234375
3 0.2625 0.23828125 0.05625 0.0875
2 0.1796875 0.15234375 0.05546875 0.05546875
2 0.7109375 0.1359375 0.02265625 0.021875
2 0.82109375 0.33515625 0.01328125 0.01953125
2 0.6171875 0.94453125 0.01796875 0.02421875
2 0.49765625 0.95546875 0.01953125 0.028125
3 0.3890625 0.3046875 0.12578125 0.14375
0 0.11875 0.06796875 0.01953125 0.01953125
2 0.20859375 0.10703125 0.04609375 0.05078125
2 0.3921875 0.83984375 0.01328125 0.02734375
2 0.1109375 0.77109375 0.01484375 0.03203125
2 0.99140625 0.29375 0.0171875 0.028125
2 0.8015625 0.909375 0.03125 0.04140625
2 0.6578125 0.678125 0.01796875 0.03359375
2 0.63046875 0.6671875 0.0234375 0.03671875
2 0.715625 0.8015625 0.034375 0.04140625
2 0.88671875 0.13828125 0.0171875 0.02734375
0 0.80703125 0.84453125 0.025 0.02421875
2 0.7421875 0.12890625 0.01640625 0.01875
2 0.8453125 0.70390625 0.02109375 0.02265625
2 0.93125 0.96328125 0.0203125 0.02578125
2 0.965625 0.6328125 0.01796875 0.021875
2 0.8234375 0.97578125 0.0109375 0.03515625
2 0.84921875 0.39453125 0.01953125 0.01953125
2 0.80859375 0.10234375 0.02421875 0.0375
2 0.85234375 0.03671875 0.0296875 0.04140625
2 0.77421875 0.87109375 0.01640625 0.02421875
2 0.52421875 0.96796875 0.01640625 0.021875
2 0.9375 0.37578125 0.0140625 0.01796875
2 0.97578125 0.8140625 0.0140625 0.028125
2 0.43984375 0.65546875 0.01328125 0.01796875
2 0.08984375 0.65703125 0.034375 0.05390625
2 0.98828125 0.56953125 0.0171875 0.02265625
2 0.6625 0.88828125 0.03046875 0.021875
2 0.678125 0.9484375 0.028125 0.02578125
0 0.85546875 0.97265625 0.01953125 0.02578125
2 0.225 0.40078125 0.0140625 0.02578125
2 0.553125 0.25625 0.0171875 0.028125
2 0.45546875 0.12734375 0.01640625 0.02578125
2 0.16015625 0.9421875 0.07265625 0.08671875
2 0.40625 0.59453125 0.05234375 0.06796875
2 0.1640625 0.66796875 0.0375 0.0375
2 0.4984375 0.73828125 0.0171875 0.02265625
2 0.525 0.52578125 0.03125 0.01875
2 0.6109375 0.31796875 0.02890625 0.02734375
2 0.6265625 0.015625 0.034375 0.03125
3 0.29296875 0.51796875 0.16875 0.084375
3 0.2484375 0.68671875 0.07578125 0.209375
2 0.43359375 0.27578125 0.028125 0.03515625
2 0.8421875 0.115625 0.0234375 0.040625
2 0.75625 0.10625 0.01953125 0.02734375
2 0.6421875 0.06328125 0.02109375 0.0375
2 0.99296875 0.246875 0.0140625 0.028125
2 0.546875 0.09921875 0.01640625 0.01953125
2 0.934375 0.3453125 0.0171875 0.021875
2 0.809375 0.690625 0.01328125 0.021875
2 0.6453125 0.86171875 0.01640625 0.03203125
2 0.89140625 0.846875 0.04765625 0.06171875
2 0.78671875 0.01640625 0.025 0.03203125
2 0.61875 0.86015625 0.0203125 0.02890625
2 0.62265625 0.63203125 0.02109375 0.028125
2 0.940625 0.76171875 0.03046875 0.02734375
2 0.85625 0.50078125 0.01484375 0.03203125
2 0.41328125 0.39453125 0.021875 0.028125
2 0.99140625 0.53828125 0.0171875 0.0234375
2 0.0875 0.74609375 0.04296875 0.04765625
3 0.31796875 0.7453125 0.0796875 0.03828125
2 0.2609375 0.846875 0.0234375 0.06796875
2 0.53125 0.221875 0.02421875 0.0375
3 0.34765625 0.4765625 0.14140625 0.16796875
0 0.0078125 0.6515625 0.015625 0.021875
2 0.13515625 0.61640625 0.0203125 0.02734375
2 0.490625 0.68046875 0.02265625 0.028125
2 0.52734375 0.59453125 0.021875 0.01953125
0 0.7171875 0.04453125 0.021875 0.02578125
2 0.45703125 0.38828125 0.02109375 0.03203125
2 0.34375 0.8984375 0.03515625 0.046875
0 0.09921875 0.86484375 0.0171875 0.01796875
2 0.4421875 0.7765625 0.028125 0.040625
2 0.5125 0.5421875 0.01796875 0.01953125
2 0.525 0.48125 0.01796875 0.02421875
2 0.58984375 0.39609375 0.021875 0.02734375
2 0.5640625 0.31796875 0.0171875 0.03125
2 0.4875 0.83203125 0.02734375 0.0375
2 0.19609375 0.31328125 0.01953125 0.03203125
2 0.315625 0.25078125 0.04453125 0.06875
2 0.05234375 0.8453125 0.02421875 0.0375
3 0.5015625 0.58671875 0.028125 0.07421875
2 0.559375 0.61171875 0.0171875 0.01953125
2 0.4953125 0.09765625 0.025 0.02578125
2 0.30625 0.86953125 0.0109375 0.02734375
2 0.75546875 0.18125 0.01953125 0.04765625
2 0.6390625 0.19921875 0.04453125 0.03828125
2 0.525 0.11875 0.02890625 0.02265625
5 0.203125 0.94453125 0.02109375 0.03671875
0 0.53125 0.3984375 0.01484375 0.01953125
3 0.221875 0.753125 0.12578125 0.13515625
3 0.69609375 0.578125 0.121875 0.09921875
2 0.40625 0.196875 0.0171875 0.01796875
2 0.0421875 0.7125 0.02109375 0.02421875
2 0.221875 0.97734375 0.03203125 0.03515625
2 0.4671875 0.67421875 0.0171875 0.03671875
2 0.46953125 0.35625 0.02421875 0.02421875
2 0.65859375 0.7125 0.02109375 0.02421875
2 0.428125 0.11015625 0.01796875 0.02421875
2 0.159375 0.41953125 0.0203125 0.02421875
0 0.55234375 0.34765625 0.01640625 0.02734375
2 0.53671875 0.65078125 0.03125 0.05546875
4 0.55078125 0.58359375 0.22890625 0.69921875
5 0.478125 0.21484375 0.0703125 0.075