2 0.5453125 0.55234375 0.034375 0.040625
2 0.57734375 0.44609375 0.01875 0.02578125
2 0.4484375 0.90859375 0.06640625 0.07734375
2 0.4359375 0.7484375 0.01796875 0.025
2 0.340625 0.50234375 0.0296875 0.03828125
2 0.3890625 0.82578125 0.0125 0.040625
2 0.3390625 0.428125 0.03359375 0.05859375
2 0.66484375 0.22109375 0.02109375 0.04453125
2 0.7890625 0.23203125 0.08671875 0.11875
0 0.83203125 0.740625 0.253125 0.51015625
2 0.490625 0.0765625 0.05546875 0.05703125
2 0.98125 0.77421875 0.0375 0.03046875
2 0.0359375 0.11640625 0.0328125 0.0625
2 0.759375 0.06796875 0.0671875 0.05078125
2 0.178125 0.41484375 0.00859375 0.03125
0 0.89296875 0.17109375 0.15703125 0.34140625
2 0.90390625 0.95703125 0.05546875 0.078125
2 0.046875 0.60234375 0.06015625 0.12109375
2 0.98125 0.39765625 0.0140625 0.01796875
2 0.5796875 0.06484375 0.059375 0.04765625
2 0.1 0.39140625 0.07421875 0.14453125
2 0.0453125 0.46015625 0.0359375 0.0375
2 0.021875 0.409375 0.04375 0.0625
2 0.98984375 0.24609375 0.0203125 0.021875
2 0.8125 0.01640625 0.084375 0.03203125
2 0.6453125 0.14140625 0.04921875 0.0875
2 0.215625 0.14609375 0.0609375 0.09609375
2 0.9875 0.278125 0.0234375 0.03828125
2 0.18125 0.04921875 0.08046875 0.09765625
2 0.8953125 0.38359375 0.01328125 0.03125
2 0.7625 0.57421875 0.0140625 0.02890625
2 0.9296875 0.86484375 0.03828125 0.08515625
2 0.3 0.4546875 0.03671875 0.046875
2 0.3703125 0.4859375 0.03671875 0.059375
2 0.34140625 0.3640625 0.0234375 0.02578125
2 0.628125 0.0265625 0.0578125 0.053125
2 0.56953125 0.02734375 0.03359375 0.03046875
2 0.72109375 0.03515625 0.1046875 0.0703125
2 0.31953125 0.31171875 0.034375 0.04453125
2 0.3265625 0.1578125 0.028125 0.04296875
2 0.45703125 0.29609375 0.01015625 0.0125
2 0.5 0.17734375 0.22421875 0.1625
2 0.3796875 0.2890625 0.0125 0.021875
2 0.028125 0.17734375 0.05546875 0.090625
2 0.1171875 0.22109375 0.059375 0.065625
2 0.09921875 0.54140625 0.01640625 0.02578125
2 0.159375 0.15390625 0.0453125 0.0625
2 0.9578125 0.3296875 0.015625 0.02890625
2 0.978125 0.29375 0.01171875 0.040625
2 0.79375 0.3890625 0.0328125 0.03046875
2 0.7359375 0.3078125 0.01484375 0.01953125
2 0.2234375 0.32578125 0.0203125 0.02734375
3 0.253125 0.72734375 0.28359375 0.54140625
2 0.59921875 0.53515625 0.034375 0.065625
2 0.4125 0.4 0.078125 0.084375
2 0.87734375 0.8625 0.05859375 0.046875
2 0.9125 0.740625 0.0671875 0.05625
2 0.759375 0.1296875 0.01875 0.02578125
2 0.5609375 0.30703125 0.10859375 0.09921875
2 0.0875 0.09296875 0.06796875 0.18125
2 0.2046875 0.25 0.1125 0.13984375
2 0.3890625 0.08125 0.0359375 0.05703125
2 0.3125 0.50234375 0.0203125 0.028125
2 0.71875 0.31484375 0.009375 0.01875
2 0.73828125 0.12578125 0.0296875 0.03828125
2 0.025 0.25859375 0.04921875 0.071875
2 0.0953125 0.48125 0.0171875 0.028125
2 0.07265625 0.9265625 0.04453125 0.04453125
2 0.7265625 0.48828125 0.025 0.04375
2 0.153125 0.87734375 0.02734375 0.05234375
2 0.7109375 0.865625 0.025 0.02265625
2 0.375 0.1796875 0.0265625 0.034375
2 0.440625 0.309375 0.01875 0.01875
2 0.3015625 0.03359375 0.0234375 0.03359375
2 0.6515625 0.55078125 0.05234375 0.078125
2 0.9921875 0.68203125 0.0078125 0.01640625
2 0.4109375 0.49765625 0.05390625 0.053125
2 0.71875 0.57109375 0.01328125 0.025
2 0.79375 0.06640625 0.00546875 0.015625
3 0.5890625 0.6734375 0.26484375 0.65078125
2 0.06171875 0.49921875 0.0359375 0.05
2 0.2671875 0.11796875 0.08125 0.08515625
2 0.29296875 0.23359375 0.065625 0.09296875
2 0.0765625 0.26640625 0.03515625 0.06640625