14 0.5 0.35390625 1 0.70546875
2 0.503125 0.70078125 0.1765625 0.17109375
14 0.5 0.321875 1 0.64375
0 0.89765625 0.40625 0.2046875 0.240625
2 0.2890625 0.81484375 0.01171875 0.01875
2 0.4421875 0.52734375 0.14453125 0.19609375
0 0.46015625 0.04921875 0.1703125 0.0984375
0 0.0140625 0.44765625 0.028125 0.04296875
0 0.06015625 0.42890625 0.0375 0.0375
0 0.284375 0.53671875 0.09375 0.12109375
0 0.21875 0.56796875 0.04609375 0.07421875
2 0.109375 0.2609375 0.065625 0.09375
0 0.1078125 0.78046875 0.21484375 0.33359375
0 0.140625 0.37109375 0.028125 0.05078125
0 0.028125 0.1421875 0.05625 0.1
0 0.16875 0.58125 0.04921875 0.07734375
0 0.66484375 0.8546875 0.6703125 0.265625
2 0.346875 0.61875 0.01953125 0.02265625
0 0.1046875 0.40234375 0.05546875 0.046875