2 0.8453125 0.02265625 0.0453125 0.0375
3 0.26953125 0.0796875 0.5390625 0.15703125
2 0.9109375 0.94140625 0.03125 0.028125
2 0.6765625 0.77109375 0.021875 0.05078125
2 0.3796875 0.28203125 0.04453125 0.05546875
2 0.54375 0.12109375 0.06328125 0.07421875
2 0.5640625 0.81796875 0.053125 0.14921875
2 0.39296875 0.20078125 0.0828125 0.09609375
2 0.9359375 0.28984375 0.034375 0.06015625
2 0.49453125 0.29453125 0.03359375 0.028125
2 0.871875 0.96015625 0.0265625 0.02265625
2 0.334375 0.86875 0.028125 0.05234375
0 0.9859375 0.8953125 0.028125 0.08671875
16 0.15234375 0.31015625 0.26015625 0.38125
0 0.409375 0.76484375 0.03515625 0.06171875
2 0.23671875 0.59765625 0.084375 0.11171875
2 0.31796875 0.4421875 0.08984375 0.27734375
3 0.690625 0.046875 0.04609375 0.09375
3 0.134375 0.63203125 0.1421875 0.196875
2 0.86484375 0.909375 0.01796875 0.03125
0 0.80234375 0.90703125 0.01640625 0.02734375
2 0.31640625 0.27265625 0.0203125 0.04609375
2 0.6625 0.35703125 0.02890625 0.03671875
0 0.26328125 0.76484375 0.20390625 0.3875
0 0.825 0.97421875 0.03671875 0.03984375
3 0.45625 0.81640625 0.1765625 0.31015625
2 0.88359375 0.40703125 0.0234375 0.08671875
0 0.7390625 0.68359375 0.31640625 0.42890625
0 0.3734375 0.85625 0.2125 0.26015625
2 0.5296875 0.67578125 0.04375 0.03359375
2 0.359375 0.79453125 0.01953125 0.02578125
2 0.6078125 0.746875 0.0890625 0.14921875
2 0.39765625 0.39609375 0.04765625 0.06953125
0 0.65078125 0.98359375 0.04765625 0.03125
2 0.75234375 0.91015625 0.025 0.04453125
2 0.91015625 0.16015625 0.10859375 0.19921875
2 0.353125 0.421875 0.0421875 0.02421875
2 0.12265625 0.93515625 0.2453125 0.12578125
2 0.66328125 0.68515625 0.05078125 0.07421875
2 0.809375 0.096875 0.0234375 0.02890625
2 0.89375 0.31015625 0.053125 0.10546875
2 0.3234375 0.34296875 0.04296875 0.05390625
2 0.925 0.02109375 0.025 0.040625
3 0.88515625 0.85703125 0.0546875 0.07734375
0 0.65859375 0.2078125 0.02890625 0.03828125
3 0.0203125 0.0375 0.025 0.075
0 0.446875 0.44609375 0.20546875 0.290625
2 0.08984375 0.4578125 0.028125 0.03125
2 0.7828125 0.94921875 0.03515625 0.03515625
0 0.153125 0.0421875 0.059375 0.08203125
0 0.0140625 0.21953125 0.028125 0.046875
2 0.034375 0.45859375 0.06875 0.0875
0 0.6328125 0.15859375 0.0453125 0.07265625
3 0.5640625 0.52578125 0.08046875 0.11640625
2 0.3140625 0.71953125 0.04765625 0.11953125
3 0.26796875 0.08828125 0.5359375 0.1625
0 0.4984375 0.1671875 0.17265625 0.18125
10 0.50625 0.48984375 0.57421875 0.97734375
3 0.8359375 0.6265625 0.32734375 0.16953125
0 0.9375 0.765625 0.05625 0.05234375
0 0.81875 0.47890625 0.0984375 0.21640625
0 0.81484375 0.83515625 0.0390625 0.05234375
0 0.9265625 0.98515625 0.0578125 0.02421875
3 0.0609375 0.05625 0.0234375 0.11015625
3 0.915625 0.56484375 0.16015625 0.23984375
3 0.51875 0.49140625 0.11796875 0.37890625
3 0.80390625 0.2 0.12578125 0.32265625
3 0.0921875 0.7796875 0.184375 0.19375
0 0.946875 0.9265625 0.03359375 0.03671875
3 0.73203125 0.24296875 0.090625 0.33203125
0 0.575 0.3078125 0.10859375 0.096875
3 0.021875 0.5578125 0.04375 0.090625
2 0.38515625 0.05390625 0.3671875 0.096875
0 0.59375 0.07421875 0.0375 0.06953125