2 0.3921875 0.0390625 0.0453125 0.04921875
2 0.52109375 0.0734375 0.0125 0.01484375
2 0.9421875 0.09140625 0.028125 0.03125
2 0.7375 0.58359375 0.02421875 0.04375
2 0.6859375 0.68125 0.0328125 0.034375
2 0.34140625 0.10703125 0.02578125 0.03359375
2 0.76875 0.553125 0.0328125 0.04921875
2 0.1515625 0.22578125 0.0234375 0.021875
2 0.3109375 0.04921875 0.05078125 0.06328125
2 0.0234375 0.01328125 0.01640625 0.02578125
2 0.34609375 0.18828125 0.02890625 0.02265625
2 0.953125 0.31875 0.0234375 0.03046875
2 0.4546875 0.028125 0.05546875 0.05625
2 0.3765625 0.82109375 0.03046875 0.05625
2 0.46875 0.39453125 0.0515625 0.065625
2 0.5484375 0.3671875 0.05390625 0.096875
2 0.13046875 0.24609375 0.02890625 0.02265625
2 0.3515625 0.31640625 0.025 0.04140625
2 0.0875 0.3125 0.05390625 0.08359375
2 0.0171875 0.08984375 0.034375 0.071875
2 0.896875 0.31953125 0.07265625 0.065625
2 0.98828125 0.01640625 0.0125 0.02734375
2 0.98828125 0.096875 0.0234375 0.078125
2 0.4109375 0.1625 0.0703125 0.053125
2 0.67109375 0.25859375 0.01484375 0.02265625
2 0.56171875 0.209375 0.0484375 0.06953125
2 0.4015625 0.35859375 0.02421875 0.03125
2 0.13515625 0.19921875 0.03203125 0.04921875
2 0.2265625 0.02890625 0.0234375 0.02109375
2 0.2125 0.1234375 0.05234375 0.09375
2 0.465625 0.2734375 0.05390625 0.05234375
2 0.03671875 0.26484375 0.0734375 0.1
2 0.12421875 0.7265625 0.03203125 0.02890625
2 0.22421875 0.36953125 0.0796875 0.11953125
2 0.4453125 0.60234375 0.05078125 0.08203125
2 0.2859375 0.67890625 0.034375 0.02109375
2 0.9546875 0.7234375 0.0390625 0.05078125
2 0.23125 0.63046875 0.04765625 0.03828125
2 0.0375 0.615625 0.07421875 0.2875
2 0.6796875 0.853125 0.0609375 0.03984375
2 0.74375 0.97421875 0.0328125 0.046875
2 0.496875 0.15234375 0.07578125 0.11953125
3 0.66328125 0.08515625 0.2703125 0.1703125
2 0.5171875 0.03046875 0.046875 0.05703125
2 0.028125 0.87890625 0.05625 0.11953125
2 0.89921875 0.1765625 0.04296875 0.05078125
2 0.1609375 0.06640625 0.0609375 0.1125
2 0.4984375 0.54296875 0.0328125 0.0625
2 0.01796875 0.3859375 0.0359375 0.12109375
2 0.6875 0.32734375 0.0984375 0.13046875
2 0.7796875 0.26171875 0.07421875 0.10546875
2 0.565625 0.3078125 0.021875 0.02734375
2 0.96875 0.82109375 0.04921875 0.046875
2 0.3796875 0.65234375 0.040625 0.096875
2 0.4125 0.77421875 0.0203125 0.02109375
2 0.06875 0.3984375 0.0609375 0.078125
2 0.4046875 0.453125 0.07421875 0.11875
3 0.45859375 0.8046875 0.3328125 0.390625
2 0.21484375 0.971875 0.0703125 0.05625
2 0.0125 0.15234375 0.025 0.04140625
3 0.0796875 0.86640625 0.15859375 0.26484375
2 0.3890625 0.5328125 0.0671875 0.04375
2 0.7859375 0.42890625 0.16875 0.11953125
2 0.9203125 0.41015625 0.03359375 0.04453125
2 0.340625 0.55 0.0484375 0.03828125
2 0.97421875 0.95390625 0.0515625 0.075
2 0.39453125 0.5796875 0.015625 0.01796875
2 0.078125 0.690625 0.0609375 0.053125
2 0.6609375 0.2 0.04296875 0.05390625
2 0.453125 0.17421875 0.0546875 0.05703125
2 0.859375 0.0875 0.1140625 0.16953125
2 0.77421875 0.85078125 0.025 0.04375
2 0.9875 0.72734375 0.0171875 0.01640625
2 0.3 0.509375 0.06015625 0.19375
2 0.08125 0.10625 0.046875 0.03515625
2 0.21484375 0.2140625 0.06015625 0.04921875
2 0.96953125 0.23125 0.0609375 0.05
2 0.090625 0.759375 0.040625 0.03046875
2 0.221875 0.89296875 0.034375 0.040625
2 0.2578125 0.76171875 0.04140625 0.046875
2 0.7265625 0.253125 0.01171875 0.01953125
2 0.0796875 0.18515625 0.08359375 0.12578125
2 0.6921875 0.20625 0.01484375 0.025
2 0.1578125 0.32265625 0.05234375 0.115625
2 0.78125 0.95234375 0.0296875 0.04375
2 0.84375 0.9375 0.025 0.025
2 0.5140625 0.62265625 0.06640625 0.10703125
8 0.640625 0.53203125 0.178125 0.246875
3 0.80390625 0.909375 0.3890625 0.18125
2 0.20703125 0.46015625 0.02890625 0.04375
2 0.1265625 0.55546875 0.16328125 0.23203125
3 0.703125 0.7265625 0.59375 0.546875
2 0.44609375 0.7 0.09375 0.09765625
2 0.2984375 0.19453125 0.0484375 0.05
2 0.396875 0.25234375 0.03125 0.04296875
2 0.3890625 0.0953125 0.05390625 0.08671875
2 0.1546875 0.79609375 0.09453125 0.12265625
2 0.2171875 0.5640625 0.09765625 0.065625
2 0.9078125 0.06953125 0.03515625 0.05390625