2 0.2546875 0.56796875 0.02265625 0.01640625
14 0.64375 0.31484375 0.7125 0.615625
2 0.8703125 0.25703125 0.02265625 0.02578125
16 0.89453125 0.7875 0.2109375 0.421875
2 0.275 0.0296875 0.01796875 0.021875
2 0.9484375 0.2390625 0.03046875 0.03203125
2 0.45 0.34765625 0.0203125 0.02734375
2 0.99140625 0.0796875 0.0171875 0.01875
2 0.51875 0.3109375 0.01953125 0.02265625
2 0.809375 0.60703125 0.0171875 0.02578125
2 0.7265625 0.58359375 0.025 0.02421875
2 0.63203125 0.36640625 0.01640625 0.028125
2 0.025 0.26328125 0.01796875 0.01875
2 0.5140625 0.27421875 0.0140625 0.02421875
2 0.725 0.09765625 0.0171875 0.03125
2 0.7265625 0.3609375 0.01953125 0.01953125
2 0.959375 0.48984375 0.01953125 0.03359375
2 0.05859375 0.27109375 0.0203125 0.02421875
2 0.5453125 0.26015625 0.01953125 0.02265625
2 0.6671875 0.51875 0.01953125 0.02421875
2 0.3265625 0.97734375 0.02109375 0.0375
2 0.2234375 0.89609375 0.01953125 0.03203125
2 0.621875 0.1390625 0.01328125 0.01796875
2 0.078125 0.50859375 0.0203125 0.02578125
2 0.2234375 0.55546875 0.0171875 0.021875
2 0.71171875 0.39140625 0.0125 0.01796875
2 0.4640625 0.93046875 0.0140625 0.01796875
9 0.55625 0.66015625 0.07578125 0.16171875
2 0.4484375 0.27421875 0.01640625 0.02734375
2 0.6078125 0.84921875 0.0234375 0.03046875
2 0.084375 0.31953125 0.01640625 0.02578125
2 0.3515625 0.41328125 0.01484375 0.028125
2 0.41953125 0.80703125 0.021875 0.028125
9 0.7890625 0.92265625 0.0546875 0.07734375
2 0.315625 0.36328125 0.02734375 0.03046875
2 0.234375 0.2703125 0.0515625 0.03046875
2 0.4859375 0.3265625 0.02734375 0.03046875
2 0.746875 0.38671875 0.01328125 0.02734375
2 0.846875 0.16484375 0.01640625 0.0375
2 0.69140625 0.11875 0.01796875 0.01796875
2 0.475 0.65078125 0.01484375 0.02734375
2 0.77109375 0.35859375 0.01796875 0.03046875
2 0.6109375 0.91015625 0.01640625 0.02265625
2 0.671875 0.1421875 0.01953125 0.021875
2 0.290625 0.8984375 0.0140625 0.028125
2 0.4140625 0.58359375 0.01640625 0.02734375
2 0.06875 0.61640625 0.0203125 0.02578125
2 0.30078125 0.828125 0.0453125 0.09375
2 0.3828125 0.784375 0.0171875 0.03125
2 0.2953125 0.971875 0.01484375 0.02734375
2 0.7046875 0.62109375 0.0234375 0.01875
2 0.99140625 0.3890625 0.0171875 0.02265625
2 0.4328125 0.86484375 0.01796875 0.02578125