2 0.29375 0.81171875 0.06484375 0.06171875
0 0.89296875 0.03984375 0.1046875 0.07734375
2 0.11484375 0.884375 0.0609375 0.08125
2 0.1171875 0.47421875 0.03203125 0.04140625
3 0.4234375 0.63828125 0.18828125 0.721875
2 0.3078125 0.146875 0.0515625 0.0875
2 0.31796875 0.56953125 0.15859375 0.20234375
2 0.190625 0.7125 0.04453125 0.05625
2 0.796875 0.95546875 0.03046875 0.059375
2 0.1015625 0.95625 0.065625 0.065625
2 0.41015625 0.0859375 0.03828125 0.04296875
4 0.5015625 0.33359375 0.803125 0.6671875
2 0.6390625 0.93515625 0.03828125 0.05234375
2 0.56015625 0.8296875 0.0390625 0.03671875
2 0.4453125 0.28359375 0.05625 0.04765625
2 0.171875 0.90078125 0.0515625 0.06328125
2 0.8625 0.2359375 0.03359375 0.07890625
2 0.58125 0.20546875 0.0421875 0.06484375
2 0.090625 0.690625 0.03203125 0.04609375
2 0.98671875 0.83515625 0.0265625 0.05859375
5 0.7734375 0.70703125 0.07265625 0.078125
2 0.7703125 0.37578125 0.03046875 0.03203125
2 0.3625 0.07265625 0.0484375 0.07265625