2 0.03671875 0.5265625 0.04375 0.06484375
2 0.47734375 0.04765625 0.05546875 0.07890625
2 0.503125 0.69296875 0.07734375 0.08203125
2 0.6234375 0.41953125 0.06953125 0.14453125
2 0.37578125 0.12421875 0.0546875 0.065625
2 0.21484375 0.7875 0.0625 0.06953125
2 0.89609375 0.71796875 0.05859375 0.065625
2 0.46875 0.59296875 0.0625 0.06484375
2 0.6234375 0.22734375 0.0546875 0.08828125
0 0.04921875 0.93125 0.0984375 0.11875
2 0.80078125 0.86171875 0.1015625 0.11953125
2 0.8875 0.41875 0.07265625 0.08984375
2 0.73984375 0.34921875 0.084375 0.096875
14 0.3171875 0.49765625 0.634375 0.9953125
2 0.9796875 0.82421875 0.040625 0.09296875
2 0.80390625 0.5578125 0.0796875 0.09140625
2 0.58828125 0.53515625 0.065625 0.08359375
2 0.11328125 0.48984375 0.0390625 0.03828125
2 0.6953125 0.70390625 0.0765625 0.08203125