2 0.01796875 0.70546875 0.0359375 0.08671875
2 0.9875 0.77109375 0.02421875 0.06484375
2 0.65625 0.6640625 0.025 0.040625
2 0.3 0.91015625 0.0625 0.128125
2 0.1828125 0.6921875 0.19765625 0.09140625
2 0.90625 0.35703125 0.03359375 0.05546875
0 0.86328125 0.06875 0.22265625 0.1375
2 0.56484375 0.28671875 0.03359375 0.04609375
2 0.85 0.63515625 0.0265625 0.03671875
2 0.546875 0.16484375 0.0515625 0.07265625
2 0.6265625 0.47734375 0.03671875 0.08203125
2 0.3109375 0.27734375 0.1328125 0.19609375
2 0.97890625 0.93828125 0.0421875 0.06953125
2 0.6625 0.8234375 0.0203125 0.04140625
2 0.859375 0.23515625 0.04140625 0.05390625
2 0.92578125 0.65234375 0.0296875 0.02890625
2 0.5265625 0.75546875 0.2453125 0.13125
2 0.74609375 0.465625 0.03046875 0.06015625
2 0.9359375 0.88125 0.02421875 0.028125
2 0.828125 0.3515625 0.028125 0.04140625
2 0.90234375 0.70546875 0.01015625 0.021875
2 0.6609375 0.36953125 0.02265625 0.040625
2 0.83828125 0.94609375 0.0375 0.07265625
2 0.78984375 0.23203125 0.03125 0.03359375
0 0.971875 0.34140625 0.05546875 0.246875
2 0.4375 0.04609375 0.0421875 0.08828125
2 0.6875 0.23515625 0.05234375 0.09375
2 0.4859375 0.56953125 0.125 0.24453125
2 0.78125 0.521875 0.0703125 0.06875
2 0.82265625 0.7609375 0.040625 0.04609375
2 0.31953125 0.55546875 0.06015625 0.075
2 0.43125 0.93984375 0.06953125 0.09296875
14 0.9703125 0.984375 0.05859375 0.03125
2 0.759375 0.18515625 0.03828125 0.040625
2 0.053125 0.08203125 0.0546875 0.10703125
14 0.30859375 0.62890625 0.6171875 0.73671875
2 0.4140625 0.15 0.07421875 0.10078125
2 0.684375 0.0890625 0.04453125 0.05859375
2 0.771875 0.36171875 0.03359375 0.05234375
2 0.475 0.12578125 0.02734375 0.059375
2 0.396875 0.59921875 0.059375 0.07265625
2 0.0546875 0.8390625 0.0390625 0.05859375
2 0.21328125 0.07734375 0.04921875 0.065625
2 0.9421875 0.5578125 0.08203125 0.13203125