2 0.725 0.04609375 0.09453125 0.07421875
2 0.7515625 0.9609375 0.09140625 0.059375
14 0.5 0.2984375 1 0.59375
2 0.684375 0.7984375 0.0546875 0.06796875
2 0.8046875 0.73671875 0.1015625 0.09375
2 0.0734375 0.51015625 0.084375 0.08203125
2 0.125 0.20390625 0.084375 0.090625
2 0.52890625 0.890625 0.04921875 0.06875
2 0.6671875 0.909375 0.1078125 0.09765625
2 0.765625 0.54296875 0.14453125 0.16640625
2 0.64375 0.61875 0.04375 0.07421875
2 0.58046875 0.1203125 0.06484375 0.11953125
0 0.27109375 0.8015625 0.5421875 0.396875