0 0.2765625 0.73515625 0.0578125 0.096875
2 0.80625 0.91875 0.02421875 0.03984375
4 0.56875 0.58046875 0.278125 0.8375
2 0.9640625 0.559375 0.071875 0.09375
2 0.2640625 0.0828125 0.06875 0.11484375
2 0.2078125 0.83515625 0.08046875 0.15703125
2 0.10390625 0.15234375 0.05625 0.09375
2 0.7375 0.15546875 0.1390625 0.228125
3 0.4375 0.39921875 0.32734375 0.79765625
2 0.390625 0.46796875 0.13515625 0.16015625
2 0.8890625 0.90078125 0.05390625 0.08359375
2 0.1890625 0.34296875 0.1703125 0.20234375
2 0.4296875 0.13984375 0.05234375 0.05390625
2 0.0640625 0.74140625 0.1046875 0.140625
2 0.89453125 0.45390625 0.06328125 0.08359375
2 0.20625 0.5140625 0.08203125 0.08203125
2 0.5421875 0.80234375 0.06171875 0.059375
2 0.39921875 0.8875 0.05625 0.06875
2 0.16875 0.24140625 0.0890625 0.08203125
2 0.93984375 0.88828125 0.04375 0.09296875
2 0.10546875 0.9046875 0.08984375 0.08671875
2 0.4125 0.6984375 0.03515625 0.06875
2 0.93359375 0.77578125 0.05234375 0.07265625
2 0.346875 0.91796875 0.021875 0.02734375
2 0.8390625 0.02734375 0.0578125 0.05078125
2 0.571875 0.896875 0.06171875 0.03671875
2 0.87109375 0.82421875 0.0484375 0.07734375
2 0.0453125 0.04765625 0.0578125 0.084375
2 0.38359375 0.16640625 0.0296875 0.06796875
2 0.8203125 0.659375 0.11015625 0.12265625
2 0.734375 0.81484375 0.103125 0.16484375
2 0.3640625 0.98359375 0.06328125 0.03125
2 0.115625 0.63671875 0.1453125 0.240625
2 0.7375 0.36015625 0.04453125 0.05078125
3 0.8 0.5078125 0.39921875 0.978125
2 0.98125 0.7453125 0.028125 0.028125
2 0.275 0.33046875 0.11875 0.109375
0 0.49140625 0.02109375 0.0734375 0.0421875