2 0.753125 0.23203125 0.26328125 0.27578125
2 0.0828125 0.5046875 0.06875 0.13515625
2 0.18359375 0.96796875 0.028125 0.059375
2 0.13125 0.75390625 0.04296875 0.059375
2 0.66015625 0.98203125 0.05625 0.03203125
5 0.925 0.38671875 0.08515625 0.10703125
2 0.540625 0.38203125 0.115625 0.11015625
5 0.3859375 0.31640625 0.0234375 0.03671875
2 0.80703125 0.02890625 0.05546875 0.05234375
5 0.7125 0.01484375 0.07890625 0.02734375
2 0.4390625 0.8203125 0.09296875 0.09765625
2 0.590625 0.6640625 0.05625 0.078125
2 0.4953125 0.20859375 0.14609375 0.171875
2 0.38828125 0.74765625 0.0703125 0.06171875
2 0.9796875 0.4 0.03203125 0.04453125
2 0.27265625 0.79453125 0.115625 0.27265625
2 0.17265625 0.80078125 0.04765625 0.04453125
2 0.23125 0.15703125 0.378125 0.30703125
2 0.546875 0.4984375 0.07578125 0.10703125
2 0.61328125 0.17734375 0.059375 0.06171875
2 0.67890625 0.35703125 0.09375 0.05234375
2 0.9390625 0.028125 0.040625 0.04765625
5 0.0140625 0.48125 0.028125 0.078125
2 0.98046875 0.34296875 0.0390625 0.078125
2 0.96328125 0.1 0.0734375 0.2
14 0.70078125 0.4734375 0.5984375 0.490625
5 0.9890625 0.44765625 0.02109375 0.06953125
2 0.4140625 0.46796875 0.06015625 0.06953125
2 0.4421875 0.9796875 0.06875 0.02890625
2 0.16875 0.3796875 0.14453125 0.21328125
2 0.0296875 0.3515625 0.059375 0.05625
2 0.1796875 0.7203125 0.06171875 0.08828125
2 0.8953125 0.63671875 0.07890625 0.065625
2 0.7765625 0.09296875 0.0453125 0.07890625
2 0.734375 0.63671875 0.10703125 0.07890625
2 0.03984375 0.696875 0.04921875 0.084375
2 0.815625 0.8109375 0.05078125 0.04453125
2 0.1921875 0.8859375 0.05859375 0.096875
2 0.35625 0.49609375 0.05234375 0.075
2 0.865625 0.92265625 0.0515625 0.08203125
2 0.36328125 0.93046875 0.0734375 0.134375
2 0.6734375 0.8015625 0.08046875 0.13359375
2 0.85234375 0.03359375 0.03125 0.059375
2 0.55859375 0.91875 0.14140625 0.15703125
5 0.9703125 0.5046875 0.05234375 0.07421875
2 0.590625 0.28828125 0.07578125 0.109375
2 0.80625 0.89296875 0.04140625 0.04765625
5 0.025 0.565625 0.04921875 0.08828125
2 0.5734375 0.06640625 0.18671875 0.12265625
2 0.64921875 0.40703125 0.0484375 0.0375
2 0.89296875 0.0625 0.040625 0.046875
2 0.4453125 0.55703125 0.06328125 0.109375
5 0.578125 0.8125 0.06328125 0.084375
5 0.215625 0.67265625 0.0453125 0.05234375
2 0.25 0.41640625 0.0375 0.05234375
2 0.0703125 0.89140625 0.140625 0.1796875
2 0.03515625 0.434375 0.0546875 0.04765625
5 0.584375 0.98046875 0.03203125 0.03671875
2 0.46953125 0.34453125 0.05078125 0.12578125
2 0.76328125 0.42421875 0.11328125 0.1125
2 0.9015625 0.546875 0.0734375 0.075
5 0.3015625 0.33359375 0.04140625 0.05625
2 0.7640625 0.965625 0.14140625 0.06875
2 0.740625 0.82109375 0.06953125 0.18203125
5 0.3109375 0.71796875 0.04921875 0.07421875
5 0.69921875 0.22109375 0.1015625 0.084375
2 0.51015625 0.68671875 0.159375 0.17734375
2 0.37734375 0.38125 0.0515625 0.05234375
2 0.428125 0.015625 0.0484375 0.028125
5 0.7890625 0.7453125 0.04765625 0.071875
2 0.8609375 0.8375 0.06171875 0.06796875
2 0.90390625 0.1296875 0.03515625 0.05546875
2 0.9484375 0.08046875 0.02890625 0.04609375
5 0.06875 0.18359375 0.059375 0.07421875
2 0.453125 0.9140625 0.0625 0.06796875
2 0.6421875 0.50234375 0.05078125 0.08671875
2 0.25625 0.596875 0.33359375 0.24453125
2 0.73671875 0.5734375 0.04609375 0.046875
2 0.94609375 0.8796875 0.1078125 0.240625
2 0.9375 0.14453125 0.02734375 0.03125