2 0.1078125 0.2171875 0.0359375 0.02578125
2 0.03515625 0.03203125 0.0640625 0.0640625
2 0.76796875 0.06875 0.10859375 0.134375
2 0.0328125 0.190625 0.06484375 0.09375
2 0.3921875 0.88984375 0.32734375 0.21796875
2 0.14375 0.78671875 0.14453125 0.18359375
2 0.309375 0.6640625 0.1484375 0.23984375
2 0.73125 0.403125 0.09296875 0.08671875
2 0.0515625 0.09296875 0.03046875 0.028125
2 0.81640625 0.13984375 0.0359375 0.040625
2 0.2375 0.01640625 0.01953125 0.03125
2 0.6125 0.60859375 0.3015625 0.27421875
2 0.6765625 0.0765625 0.06875 0.15078125
2 0.8453125 0.078125 0.05859375 0.05390625
2 0.0515625 0.7359375 0.103125 0.51953125
2 0.8890625 0.0484375 0.0359375 0.075
2 0.93828125 0.228125 0.1234375 0.45625
2 0.0796875 0.10390625 0.0265625 0.03515625
2 0.1203125 0.47265625 0.240625 0.43359375
2 0.80859375 0.23046875 0.06875 0.121875
2 0.2375 0.08671875 0.0796875 0.09609375
2 0.1234375 0.9453125 0.0515625 0.07734375
2 0.83515625 0.40859375 0.10390625 0.16953125
2 0.353125 0.16640625 0.053125 0.090625
2 0.19140625 0.9375 0.05234375 0.0875
2 0.284375 0.2015625 0.10546875 0.11015625
2 0.4890625 0.02109375 0.04921875 0.040625
2 0.2765625 0.0171875 0.06171875 0.03203125
2 0.5625 0.28046875 0.30234375 0.33203125
2 0.571875 0.09296875 0.15234375 0.14921875
5 0.7296875 0.77578125 0.275 0.39765625
2 0.36953125 0.37109375 0.20859375 0.2625
2 0.3453125 0.06953125 0.10859375 0.06953125
2 0.728125 0.25546875 0.10859375 0.171875
2 0.90625 0.72734375 0.18671875 0.53671875
14 0.3796875 0.49765625 0.59453125 0.99140625