2 0.97890625 0.22734375 0.0421875 0.103125
2 0.890625 0.1 0.1109375 0.128125
2 0.2046875 0.7921875 0.09453125 0.0875
2 0.696875 0.0859375 0.03046875 0.0375
2 0.68984375 0.47421875 0.04765625 0.04453125
2 0.94296875 0.92890625 0.1140625 0.1328125
5 0.57578125 0.86328125 0.03828125 0.05234375
2 0.0921875 0.25390625 0.03125 0.07265625
2 0.18125 0.0828125 0.05625 0.07421875
2 0.5796875 0.40078125 0.0453125 0.1375
2 0.10234375 0.75703125 0.11015625 0.109375
2 0.7953125 0.80546875 0.04921875 0.02890625
2 0.6515625 0.67578125 0.071875 0.09140625
2 0.38125 0.35390625 0.034375 0.06015625
2 0.00625 0.55078125 0.01171875 0.04609375
5 0.8109375 0.24375 0.0421875 0.05859375
2 0.83984375 0.21171875 0.028125 0.03671875
2 0.1390625 0.971875 0.0609375 0.04765625
2 0.02734375 0.18046875 0.0546875 0.07421875
2 0.1234375 0.0859375 0.059375 0.06953125
2 0.11640625 0.41484375 0.08203125 0.171875
2 0.8078125 0.409375 0.04453125 0.06875
2 0.6703125 0.03515625 0.0234375 0.046875
2 0.0484375 0.43046875 0.025 0.03515625
5 0.22109375 0.61875 0.04140625 0.065625
2 0.984375 0.328125 0.03046875 0.0375
2 0.92890625 0.66796875 0.1421875 0.15078125
2 0.834375 0.67421875 0.028125 0.03125
2 0.8375 0.32734375 0.04765625 0.05
2 0.3953125 0.0328125 0.12109375 0.06328125
2 0.7234375 0.0671875 0.0203125 0.02421875
2 0.815625 0.0734375 0.03359375 0.03671875
5 0.421875 0.86015625 0.05234375 0.078125
5 0.64375 0.39140625 0.04375 0.06015625
2 0.63046875 0.45546875 0.0453125 0.06484375
2 0.46328125 0.08125 0.0859375 0.09765625
2 0.65625 0.91484375 0.23671875 0.16328125
2 0.2 0.30546875 0.0515625 0.06328125
2 0.1171875 0.159375 0.03359375 0.05859375
2 0.3546875 0.15546875 0.12421875 0.16328125
2 0.1546875 0.0109375 0.05859375 0.021875
2 0.32109375 0.8734375 0.2125 0.25
2 0.80859375 0.86015625 0.03046875 0.05390625
2 0.8703125 0.275 0.03515625 0.046875
2 0.98671875 0.41484375 0.0265625 0.06484375
2 0.140625 0.28671875 0.04375 0.04296875
2 0.0828125 0.9609375 0.03515625 0.06484375
2 0.94765625 0.53203125 0.08671875 0.16171875
2 0.2625 0.490625 0.02734375 0.05625
2 0.8453125 0.640625 0.02109375 0.028125
2 0.27890625 0.55859375 0.02890625 0.05546875
5 0.721875 0.39375 0.065625 0.08671875
2 0.2484375 0.40390625 0.053125 0.05234375
2 0.828125 0.16796875 0.03828125 0.05625
2 0.784375 0.1140625 0.03046875 0.03046875
5 0.91953125 0.80625 0.09453125 0.11875
5 0.18125 0.40546875 0.0734375 0.09140625
2 0.5375 0.07734375 0.02734375 0.03671875
2 0.45 0.68203125 0.2875 0.33203125
2 0.0171875 0.45 0.03046875 0.040625
2 0.9125 0.22578125 0.05859375 0.08046875
2 0.0390625 0.26640625 0.0453125 0.096875
2 0.046875 0.54296875 0.05625 0.08359375
2 0.5453125 0.55546875 0.03125 0.06328125
2 0.0296875 0.878125 0.059375 0.08125
2 0.62265625 0.584375 0.053125 0.06796875
2 0.0453125 0.09453125 0.04296875 0.059375
5 0.1375 0.47734375 0.0484375 0.06328125
2 0.78125 0.9375 0.01953125 0.03359375
2 0.615625 0.73828125 0.06640625 0.065625
4 0.46484375 0.515625 0.6796875 0.40390625
2 0.9671875 0.1640625 0.0453125 0.040625
2 0.7375 0.8453125 0.04609375 0.06484375
2 0.9359375 0.053125 0.07265625 0.10625
2 0.8 0.590625 0.08515625 0.0875
2 0.75234375 0.08515625 0.0375 0.05234375
2 0.42734375 0.22109375 0.0484375 0.05
2 0.853125 0.4984375 0.12109375 0.115625
2 0.6578125 0.7890625 0.0625 0.08046875
2 0.51796875 0.01484375 0.06015625 0.02734375
5 0.346875 0.49140625 0.0625 0.078125
2 0.65234375 0.07109375 0.05234375 0.04296875
2 0.7625 0.16640625 0.0296875 0.040625
2 0.9328125 0.1625 0.02421875 0.02421875
2 0.0140625 0.009375 0.02734375 0.01875
2 0.16171875 0.6046875 0.178125 0.234375
2 0.703125 0.80390625 0.02109375 0.02734375
2 0.21328125 0.23671875 0.0375 0.05625
2 0.046875 0.653125 0.09375 0.13125
2 0.80078125 0.97890625 0.0390625 0.040625
2 0.921875 0.37734375 0.11015625 0.15859375
2 0.62109375 0.21796875 0.23203125 0.19765625
2 0.25625 0.63671875 0.02890625 0.04609375
2 0.8609375 0.01015625 0.04453125 0.01953125
2 0.59140625 0.0203125 0.06328125 0.0375
2 0.0890625 0.1359375 0.0234375 0.03203125
2 0.16875 0.20859375 0.0703125 0.11484375
2 0.0328125 0.36796875 0.065625 0.09921875
2 0.9890625 0.7890625 0.02109375 0.06171875
2 0.2765625 0.2546875 0.090625 0.05546875
2 0.7125 0.75390625 0.1078125 0.075
2 0.26953125 0.09296875 0.1390625 0.1859375
2 0.14453125 0.86953125 0.14609375 0.12890625