2 0.93125 0.8359375 0.0765625 0.10703125
2 0.7484375 0.15546875 0.07265625 0.09375
2 0.5328125 0.1875 0.05546875 0.07421875
2 0.684375 0.33984375 0.07890625 0.09765625
2 0.94453125 0.1109375 0.05078125 0.05546875
3 0.1921875 0.35625 0.384375 0.709375
2 0.5765625 0.01640625 0.0484375 0.03125
2 0.2625 0.39765625 0.16953125 0.17734375
2 0.55625 0.61171875 0.05546875 0.06875
2 0.2125 0.9140625 0.15625 0.06484375
2 0.828125 0.18046875 0.028125 0.06171875
4 0.5 0.34609375 1 0.43984375
2 0.8890625 0.4015625 0.0609375 0.08125
2 0.21953125 0.70234375 0.1171875 0.14140625
2 0.0640625 0.11015625 0.128125 0.115625
2 0.853125 0.46484375 0.04921875 0.07265625