16 0.90078125 0.3703125 0.1984375 0.740625
2 0.809375 0.1765625 0.059375 0.06875
2 0.8328125 0.9609375 0.028125 0.05625
2 0.8171875 0.36171875 0.03046875 0.04140625
2 0.7078125 0.9265625 0.03515625 0.05546875
2 0.02265625 0.33359375 0.02734375 0.04453125
2 0.609375 0.52109375 0.02265625 0.02578125
2 0.759375 0.2578125 0.08671875 0.06484375
2 0.28125 0.16796875 0.04140625 0.05390625
2 0.759375 0.33984375 0.0265625 0.01953125
2 0.196875 0.06328125 0.01796875 0.04140625
2 0.58125 0.5390625 0.0375 0.05390625
2 0.4234375 0.61328125 0.03515625 0.06015625
2 0.39375 0.50234375 0.028125 0.03515625
2 0.01875 0.1421875 0.0375 0.06875
2 0.7015625 0.1140625 0.11328125 0.153125
2 0.0875 0.16171875 0.03828125 0.071875
2 0.1890625 0.10390625 0.01953125 0.021875
2 0.4875 0.82734375 0.08203125 0.05546875
2 0.27890625 0.67734375 0.025 0.04609375
10 0.503125 0.4984375 0.3890625 0.996875
2 0.69140625 0.4234375 0.1171875 0.12421875
2 0.24375 0.6140625 0.0453125 0.05390625
2 0.2875 0.4859375 0.05078125 0.10078125
0 0.5109375 0.06953125 0.11484375 0.13828125
2 0.26953125 0.29609375 0.03359375 0.0375
2 0.590625 0.396875 0.04375 0.08203125
2 0.9484375 0.76796875 0.03515625 0.05625
2 0.39765625 0.66015625 0.02734375 0.046875
2 0.2890625 0.91640625 0.0421875 0.11953125
2 0.21875 0.77734375 0.02890625 0.03359375
2 0.40859375 0.98125 0.02734375 0.02890625
2 0.253125 0.24375 0.04609375 0.04453125
2 0.1234375 0.68984375 0.0203125 0.02734375
2 0.02421875 0.56953125 0.040625 0.04609375
2 0.18125 0.45859375 0.16953125 0.12421875
2 0.8078125 0.60078125 0.13515625 0.21484375
2 0.521875 0.17109375 0.03359375 0.03671875
2 0.3140625 0.54609375 0.040625 0.05625
2 0.21015625 0.6484375 0.03515625 0.05
2 0.0921875 0.33984375 0.059375 0.11875
2 0.3453125 0.43984375 0.06015625 0.06953125
2 0.07109375 0.61171875 0.04765625 0.10234375
2 0.3875 0.34453125 0.0265625 0.04140625
2 0.35390625 0.7796875 0.0359375 0.04609375
2 0.709375 0.64921875 0.0453125 0.06171875
2 0.3390625 0.64140625 0.025 0.04296875
2 0.79765625 0.81640625 0.03359375 0.05859375
2 0.9234375 0.875 0.12890625 0.134375