2 0.0703125 0.61328125 0.028125 0.02578125
2 0.428125 0.171875 0.0234375 0.03359375
0 0.46640625 0.375 0.04921875 0.09375
2 0.92421875 0.69140625 0.015625 0.02421875
2 0.134375 0.58515625 0.02421875 0.02421875
2 0.746875 0.46953125 0.08984375 0.096875
2 0.4984375 0.55390625 0.01796875 0.02265625
2 0.215625 0.528125 0.03203125 0.03203125
2 0.8546875 0.61328125 0.00859375 0.01953125
0 0.6640625 0.86640625 0.0265625 0.02734375
2 0.296875 0.12421875 0.01484375 0.015625
0 0.9546875 0.89609375 0.0453125 0.059375
2 0.99453125 0.0765625 0.0109375 0.03203125
2 0.6625 0.33046875 0.0171875 0.03359375
2 0.30390625 0.88203125 0.02734375 0.03046875
2 0.1109375 0.41484375 0.0453125 0.08046875
2 0.14375 0.10078125 0.01953125 0.02109375
0 0.2640625 0.0484375 0.059375 0.09140625
0 0.0609375 0.87265625 0.02421875 0.03203125
2 0.2953125 0.34921875 0.0140625 0.021875
2 0.25625 0.75234375 0.025 0.028125
2 0.69296875 0.28515625 0.02734375 0.02578125
2 0.17578125 0.90078125 0.0296875 0.04609375
2 0.865625 0.81484375 0.01796875 0.01953125
2 0.73125 0.596875 0.01328125 0.02734375
10 0.52265625 0.49921875 0.1078125 0.99609375
2 0.9828125 0.89765625 0.0171875 0.03359375
2 0.29921875 0.26875 0.0171875 0.02265625
2 0.9546875 0.98046875 0.0390625 0.03671875
2 0.3203125 0.41484375 0.01484375 0.01875
3 0.93515625 0.50546875 0.1296875 0.2828125
2 0.99140625 0.01875 0.0171875 0.0375
2 0.1671875 0.09296875 0.028125 0.03203125
2 0.66015625 0.59921875 0.0203125 0.01875
2 0.265625 0.1265625 0.0265625 0.02890625
2 0.5671875 0.0859375 0.02421875 0.0375
2 0.5015625 0.68046875 0.0203125 0.02890625
2 0.0609375 0.134375 0.06171875 0.05625
0 0.971875 0.29296875 0.0171875 0.040625
2 0.68125 0.57109375 0.0171875 0.03203125
2 0.9890625 0.72734375 0.021875 0.03671875
2 0.82265625 0.42265625 0.01640625 0.021875
0 0.6765625 0.3625 0.03828125 0.03828125
2 0.271875 0.64921875 0.01328125 0.021875
2 0.4 0.88671875 0.01796875 0.01796875
2 0.44375 0.93984375 0.01640625 0.01953125
0 0.46875 0.56015625 0.021875 0.021875
2 0.265625 0.53828125 0.01015625 0.01796875
0 0.7984375 0.359375 0.025 0.03359375
2 0.2375 0.90703125 0.01875 0.02265625
2 0.440625 0.7515625 0.01953125 0.015625
2 0.953125 0.7015625 0.02265625 0.02734375
3 0.0609375 0.41953125 0.0546875 0.115625
3 0.0296875 0.07734375 0.059375 0.03984375
2 0.278125 0.96171875 0.01953125 0.01796875
3 0.1234375 0.2796875 0.18359375 0.18515625
0 0.4390625 0.63203125 0.0375 0.08828125
0 0.365625 0.13671875 0.08515625 0.134375
2 0.7234375 0.27890625 0.03671875 0.03671875
3 0.05 0.02265625 0.1 0.0453125
2 0.590625 0.140625 0.0234375 0.03359375
0 0.92734375 0.5375 0.06640625 0.228125
2 0.98671875 0.590625 0.0265625 0.02578125
2 0.165625 0.02578125 0.04140625 0.05078125
2 0.0578125 0.7578125 0.0234375 0.04375
2 0.375 0.415625 0.02890625 0.028125
2 0.2921875 0.6296875 0.01953125 0.01953125
2 0.4375 0.44765625 0.03125 0.02109375
0 0.1140625 0.046875 0.040625 0.09375
2 0.2828125 0.91015625 0.01796875 0.03046875
0 0.015625 0.9 0.03125 0.02265625
2 0.134375 0.984375 0.04296875 0.03125
2 0.1375 0.9203125 0.02265625 0.021875
2 0.309375 0.1625 0.02734375 0.02890625
0 0.7046875 0.24921875 0.02890625 0.02265625
0 0.43828125 0.265625 0.03046875 0.03671875
2 0.5421875 0.93203125 0.0203125 0.028125
0 0.3421875 0.02265625 0.028125 0.04453125
2 0.35703125 0.3859375 0.01796875 0.02421875
2 0.81328125 0.39296875 0.015625 0.01640625
16 0.78671875 0.221875 0.4265625 0.44375
2 0.50703125 0.7359375 0.0359375 0.04140625
0 0.9296875 0.1765625 0.03046875 0.05
2 0.43984375 0.05390625 0.03515625 0.03125
2 0.034375 0.31328125 0.01796875 0.01328125
0 0.4765625 0.47421875 0.04140625 0.09140625
2 0.65 0.415625 0.01953125 0.01875
2 0.24296875 0.9609375 0.028125 0.0375
0 0.603125 0.53203125 0.11015625 0.74921875
2 0.54609375 0.04765625 0.03125 0.03359375
2 0.1359375 0.475 0.02109375 0.01953125
2 0.5125 0.284375 0.01796875 0.01796875
2 0.325 0.5 0.01953125 0.02890625
2 0.84609375 0.50546875 0.01484375 0.03671875
2 0.28125 0.32265625 0.01640625 0.02421875
2 0.42109375 0.234375 0.02421875 0.03515625
2 0.990625 0.48828125 0.01796875 0.02578125
2 0.221875 0.85390625 0.01640625 0.02734375
2 0.69140625 0.6765625 0.0140625 0.01953125
2 0.21015625 0.82578125 0.0203125 0.01953125
0 0.790625 0.62109375 0.08359375 0.40078125
2 0.43046875 0.31953125 0.0140625 0.01796875
2 0.884375 0.87890625 0.0265625 0.03515625
3 0.74296875 0.63671875 0.1171875 0.34609375
2 0.99375 0.62734375 0.01171875 0.0375
0 0.0328125 0.96328125 0.06484375 0.06875
2 0.8078125 0.83515625 0.03515625 0.065625
2 0.31015625 0.80703125 0.0171875 0.01796875
2 0.9328125 0.05078125 0.0875 0.1
2 0.76796875 0.34609375 0.04609375 0.128125