2 0.6390625 0.06796875 0.0359375 0.05859375
8 0.534375 0.96796875 0.04296875 0.06015625
2 0.490625 0.01875 0.03125 0.0375
2 0.0625 0.0703125 0.11484375 0.13828125
2 0.7484375 0.028125 0.0578125 0.05390625
2 0.7671875 0.37265625 0.02890625 0.04296875
2 0.93515625 0.46796875 0.1296875 0.32421875
2 0.3125 0.5765625 0.02734375 0.02734375
2 0.425 0.0734375 0.053125 0.07890625
2 0.796875 0.2890625 0.0265625 0.0375
2 0.54453125 0.0890625 0.03203125 0.03671875
2 0.5828125 0.2296875 0.12421875 0.16640625
2 0.95546875 0.91640625 0.0890625 0.13828125
2 0.3125 0.84140625 0.19765625 0.23671875
2 0.04921875 0.74921875 0.05859375 0.06875
2 0.671875 0.21796875 0.04921875 0.071875
2 0.4859375 0.19140625 0.0453125 0.07109375
2 0.8015625 0.39609375 0.03359375 0.0375
2 0.196875 0.81015625 0.05234375 0.0875
8 0.4890625 0.59453125 0.978125 0.7265625
2 0.5828125 0.03203125 0.028125 0.05546875
2 0.4015625 0.21796875 0.02734375 0.040625
2 0.2390625 0.6984375 0.08046875 0.08203125
2 0.265625 0.13984375 0.30625 0.27734375
2 0.8375 0.1484375 0.03203125 0.04453125
2 0.709375 0.34921875 0.03125 0.06015625
2 0.0703125 0.1765625 0.07734375 0.065625
2 0.53828125 0.01796875 0.03828125 0.028125
2 0.85625 0.50859375 0.0203125 0.03671875
2 0.8359375 0.01171875 0.03828125 0.02265625