2 0.13125 0.78984375 0.0125 0.021875
2 0.90546875 0.18828125 0.040625 0.040625
2 0.6234375 0.453125 0.0421875 0.08046875
2 0.4625 0.50234375 0.015625 0.028125
2 0.284375 0.72890625 0.03671875 0.05390625
2 0.334375 0.43203125 0.025 0.02734375
2 0.55546875 0.659375 0.01484375 0.01953125
2 0.2796875 0.35625 0.0421875 0.05078125
2 0.51875 0.18984375 0.0171875 0.02421875
2 0.9078125 0.025 0.01875 0.01953125
2 0.48203125 0.17421875 0.034375 0.04609375
2 0.8765625 0.746875 0.04453125 0.09765625
2 0.54375 0.8265625 0.034375 0.059375
2 0.8453125 0.2765625 0.0640625 0.134375
2 0.09375 0.68359375 0.0828125 0.0625
2 0.9359375 0.4171875 0.0296875 0.053125
4 0.4296875 0.44453125 0.85859375 0.88828125
2 0.7703125 0.58828125 0.05625 0.05546875
2 0.91875 0.228125 0.01640625 0.025
2 0.196875 0.65390625 0.05703125 0.04375
2 0.31796875 0.20859375 0.03125 0.046875
2 0.18359375 0.58984375 0.0578125 0.059375
2 0.6140625 0.1328125 0.04609375 0.071875
2 0.1171875 0.18046875 0.03828125 0.04765625
2 0.871875 0.46015625 0.0109375 0.01953125
2 0.35859375 0.78359375 0.1140625 0.05703125
2 0.38046875 0.02890625 0.0671875 0.0578125
2 0.353125 0.47890625 0.0140625 0.02734375
2 0.515625 0.315625 0.028125 0.04296875
2 0.46953125 0.10859375 0.0546875 0.08046875
2 0.328125 0.29453125 0.103125 0.10546875
2 0.3890625 0.8765625 0.03359375 0.03984375
2 0.03125 0.56484375 0.05078125 0.07578125
2 0.1828125 0.89765625 0.0296875 0.03828125
2 0.65859375 0.240625 0.02109375 0.0375
2 0.90234375 0.49765625 0.03046875 0.04296875
2 0.4734375 0.671875 0.0671875 0.07265625
2 0.1890625 0.33984375 0.01328125 0.028125
2 0.3703125 0.17265625 0.01015625 0.0125
2 0.5125 0.940625 0.07734375 0.11640625
2 0.4140625 0.19296875 0.034375 0.06328125
2 0.0859375 0.52578125 0.05078125 0.096875
2 0.69140625 0.29296875 0.0265625 0.04375
2 0.7453125 0.909375 0.03828125 0.06015625
2 0.478125 0.60859375 0.0234375 0.02421875
2 0.234375 0.03515625 0.07890625 0.06875
2 0.8953125 0.81953125 0.04375 0.04375
2 0.6234375 0.2640625 0.02109375 0.02265625
2 0.85 0.9765625 0.01875 0.02109375
2 0.403125 0.5390625 0.0578125 0.07265625
2 0.7953125 0.33046875 0.04296875 0.07421875
2 0.20625 0.97109375 0.03203125 0.05234375
2 0.3421875 0.07890625 0.0234375 0.059375
2 0.5375 0.40859375 0.04921875 0.04609375
2 0.7828125 0.64765625 0.025 0.02109375
2 0.19609375 0.71328125 0.0484375 0.075
2 0.928125 0.36640625 0.03203125 0.04296875
2 0.4796875 0.55703125 0.0375 0.046875
2 0.2625 0.53984375 0.10078125 0.11328125
2 0.196875 0.1390625 0.05625 0.08203125
2 0.884375 0.290625 0.0125 0.025
2 0.503125 0.45859375 0.05234375 0.065625
2 0.50390625 0.0234375 0.0296875 0.028125
2 0.4921875 0.41796875 0.0234375 0.0375
2 0.465625 0.390625 0.03671875 0.04765625
2 0.509375 0.58984375 0.028125 0.02890625
2 0.640625 0.959375 0.05859375 0.025
2 0.54453125 0.50859375 0.05625 0.04140625
2 0.115625 0.82265625 0.03046875 0.028125
2 0.31484375 0.01328125 0.02734375 0.02578125
2 0.9265625 0.28828125 0.01484375 0.01875
2 0.56015625 0.17578125 0.03828125 0.05703125
2 0.8328125 0.42734375 0.0109375 0.01484375
2 0.296875 0.03671875 0.01796875 0.02421875
2 0.5609375 0.04296875 0.0484375 0.08046875
2 0.6671875 0.74296875 0.03828125 0.05546875
2 0.4484375 0.2453125 0.059375 0.05234375
2 0.52109375 0.375 0.040625 0.03359375
2 0.8890625 0.60078125 0.0203125 0.021875
2 0.678125 0.4890625 0.03515625 0.07265625
2 0.696875 0.37109375 0.0234375 0.03984375
2 0.903125 0.65234375 0.06484375 0.05234375
2 0.821875 0.46484375 0.0171875 0.01796875
2 0.846875 0.84765625 0.04765625 0.046875
2 0.77265625 0.48359375 0.02578125 0.028125
2 0.6109375 0.60703125 0.01484375 0.01953125
2 0.80390625 0.96796875 0.0640625 0.04375
2 0.528125 0.0703125 0.040625 0.05234375
2 0.1328125 0.1640625 0.03359375 0.0375
2 0.9859375 0.71953125 0.028125 0.0375
2 0.23203125 0.80859375 0.03203125 0.05546875
2 0.1234375 0.49140625 0.04453125 0.09140625
2 0.9484375 0.72890625 0.02890625 0.05078125
2 0.0984375 0.8125 0.0296875 0.046875
2 0.265625 0.16015625 0.03203125 0.03984375
2 0.865625 0.94296875 0.02734375 0.05234375
2 0.25 0.09921875 0.04140625 0.028125
2 0.3921875 0.1390625 0.028125 0.03515625
2 0.4890625 0.73828125 0.02890625 0.03828125
2 0.2 0.4375 0.0296875 0.03359375
2 0.7828125 0.43203125 0.04609375 0.03984375
2 0.76875 0.75546875 0.03046875 0.03671875
2 0.0625 0.93828125 0.06796875 0.06796875
2 0.51875 0.14609375 0.02421875 0.02578125
2 0.3390625 0.63671875 0.0421875 0.06875
2 0.9625 0.21171875 0.05234375 0.08984375
2 0.05546875 0.2625 0.03828125 0.05
2 0.4984375 0.84765625 0.04921875 0.05390625
2 0.053125 0.39453125 0.0546875 0.07734375
2 0.03828125 0.80859375 0.053125 0.08515625
2 0.4234375 0.9890625 0.02734375 0.021875
2 0.65703125 0.11171875 0.01484375 0.015625
2 0.7859375 0.93359375 0.00859375 0.01796875
2 0.93203125 0.56171875 0.059375 0.07265625
2 0.7765625 0.83984375 0.034375 0.078125
2 0.59375 0.75703125 0.07890625 0.071875
2 0.05625 0.14453125 0.0359375 0.046875
2 0.13125 0.925 0.02890625 0.03828125
2 0.33671875 0.5421875 0.0359375 0.04140625
2 0.203125 0.29765625 0.0203125 0.02578125
2 0.84453125 0.6734375 0.04609375 0.06796875
2 0.81171875 0.4015625 0.01796875 0.02578125
2 0.703125 0.85078125 0.046875 0.06015625
2 0.64375 0.89140625 0.02734375 0.04609375
2 0.21484375 0.25703125 0.10859375 0.0875
2 0.18125 0.83203125 0.0125 0.02890625
2 0.584375 0.40078125 0.03984375 0.040625
2 0.8765625 0.3921875 0.0265625 0.03046875
2 0.68125 0.21484375 0.0171875 0.02578125
2 0.040625 0.72421875 0.0546875 0.05078125