2 0.42578125 0.0765625 0.0453125 0.07265625
2 0.2484375 0.87890625 0.10859375 0.08828125
2 0.553125 0.9453125 0.0453125 0.08984375
2 0.609375 0.78984375 0.06484375 0.078125
2 0.7171875 0.3328125 0.03515625 0.06015625
2 0.540625 0.42421875 0.02421875 0.07265625
2 0.1265625 0.03984375 0.04140625 0.06015625
2 0.71015625 0.57734375 0.0453125 0.05
2 0.0546875 0.63359375 0.109375 0.4109375
2 0.95546875 0.5828125 0.0890625 0.18984375
2 0.8546875 0.09921875 0.10078125 0.17890625
4 0.43359375 0.421875 0.8671875 0.84140625
2 0.77578125 0.86640625 0.0921875 0.128125
2 0.39296875 0.91484375 0.14296875 0.16171875
2 0.6359375 0.8734375 0.0765625 0.08359375
3 0.58828125 0.14609375 0.24296875 0.29140625
2 0.25 0.59296875 0.13046875 0.071875
2 0.1875 0.35390625 0.02734375 0.028125
2 0.98671875 0.74609375 0.0265625 0.1
2 0.0921875 0.91484375 0.153125 0.16171875
2 0.39921875 0.296875 0.11484375 0.16953125
2 0.92890625 0.19140625 0.06953125 0.103125
2 0.27421875 0.2984375 0.1046875 0.209375