0 0.48125 0.396875 0.0203125 0.03125
2 0.9171875 0.25234375 0.084375 0.0875
0 0.6859375 0.35390625 0.35625 0.16640625
2 0.06640625 0.36015625 0.1328125 0.08359375
2 0.83984375 0.16484375 0.021875 0.02578125
0 0.0203125 0.025 0.040625 0.05
2 0.325 0.69296875 0.02109375 0.03125
0 0.08203125 0.259375 0.0921875 0.13125
2 0.89375 0.7984375 0.0546875 0.0375
2 0.325 0.253125 0.0546875 0.05546875
2 0.65078125 0.1859375 0.02109375 0.03359375
2 0.9328125 0.3296875 0.053125 0.06875
2 0.015625 0.1390625 0.03046875 0.121875
2 0.6859375 0.7453125 0.0234375 0.05
2 0.27265625 0.48046875 0.04375 0.05546875
0 0.15 0.21015625 0.01953125 0.02890625
2 0.446875 0.25234375 0.06875 0.07109375
2 0.82578125 0.01171875 0.0796875 0.0234375
2 0.7390625 0.70390625 0.0234375 0.02421875
2 0.76796875 0.971875 0.09296875 0.04765625
0 0.40625 0.97734375 0.0453125 0.04296875
2 0.3203125 0.96953125 0.04140625 0.05390625
2 0.37109375 0.9453125 0.05625 0.103125
2 0.62109375 0.53515625 0.02421875 0.04296875
2 0.66015625 0.30546875 0.05859375 0.03671875
0 0.353125 0.34453125 0.01484375 0.01953125
4 0.51796875 0.64921875 0.221875 0.31796875
2 0.6390625 0.47265625 0.0515625 0.06875
2 0.1859375 0.83515625 0.0234375 0.03515625
2 0.5328125 0.5828125 0.0453125 0.03359375
2 0.88125 0.40078125 0.03046875 0.03671875
2 0.49140625 0.28515625 0.03515625 0.05
2 0.028125 0.67734375 0.02421875 0.03046875
2 0.7203125 0.48828125 0.02734375 0.02578125
0 0.409375 0.32109375 0.021875 0.02734375
2 0.7421875 0.92734375 0.10390625 0.078125
2 0.525 0.05390625 0.08671875 0.03125
0 0.9234375 0.55859375 0.0875 0.11953125
2 0.1171875 0.49296875 0.01953125 0.028125
2 0.746875 0.06640625 0.021875 0.07421875
2 0.5515625 0.88671875 0.01796875 0.03359375
0 0.60625 0.41015625 0.0421875 0.05546875
2 0.19375 0.9421875 0.07421875 0.11015625
0 0.4390625 0.32890625 0.0171875 0.021875
2 0.4796875 0.9671875 0.034375 0.03671875
2 0.5421875 0.38203125 0.0171875 0.02734375
3 0.9734375 0.95078125 0.05234375 0.09296875
0 0.51875 0.36484375 0.0203125 0.02578125
2 0.9140625 0.05546875 0.065625 0.10703125
2 0.0359375 0.57421875 0.02421875 0.06875
0 0.78828125 0.86953125 0.1734375 0.09140625
2 0.784375 0.75703125 0.03515625 0.04296875
2 0.38125 0.71953125 0.05234375 0.07421875
2 0.98359375 0.0296875 0.0328125 0.059375
2 0.45859375 0.4375 0.03046875 0.03671875
2 0.1875 0.38671875 0.0234375 0.0375
0 0.0921875 0.07265625 0.10390625 0.14453125
2 0.5125 0.19921875 0.07734375 0.11015625
2 0.0484375 0.171875 0.0453125 0.04765625
2 0.7484375 0.5796875 0.0484375 0.05546875
2 0.0890625 0.71171875 0.02109375 0.01953125
2 0.80859375 0.071875 0.0359375 0.084375
2 0.47734375 0.759375 0.025 0.04296875
2 0.3609375 0.37421875 0.03203125 0.01796875
2 0.0875 0.95390625 0.08671875 0.08984375
2 0.859375 0.06796875 0.0390625 0.046875
2 0.809375 0.59296875 0.021875 0.03828125
2 0.1953125 0.72421875 0.0171875 0.02421875
0 0.25234375 0.096875 0.02109375 0.02890625
2 0.3109375 0.1546875 0.03203125 0.03203125
2 0.0578125 0.7078125 0.02109375 0.03125
0 0.30625 0.20390625 0.21796875 0.18359375
2 0.35625 0.4296875 0.0703125 0.09296875
0 0.27578125 0.9171875 0.13828125 0.165625
2 0.7515625 0.72890625 0.02265625 0.02421875
3 0.5796875 0.2109375 0.15390625 0.096875
2 0.88125 0.12109375 0.0140625 0.02265625
0 0.45546875 0.35859375 0.02421875 0.028125
2 0.20546875 0.27734375 0.11328125 0.06796875
0 0.2 0.08828125 0.01953125 0.028125
2 0.203125 0.13828125 0.06171875 0.06484375
2 0.6359375 0.79140625 0.01796875 0.021875
2 0.1125 0.40703125 0.05546875 0.03671875
2 0.7765625 0.17109375 0.03671875 0.03828125
2 0.41640625 0.44296875 0.03828125 0.05390625
2 0.50390625 0.63671875 0.040625 0.03203125
2 0.0640625 0.51953125 0.03125 0.03671875
2 0.015625 0.94921875 0.03046875 0.096875
2 0.89375 0.43984375 0.03125 0.04453125
2 0.753125 0.80859375 0.03046875 0.05234375
2 0.496875 0.671875 0.02421875 0.03203125
2 0.4453125 0.08515625 0.06640625 0.165625
0 0.68046875 0.87734375 0.02421875 0.03203125
0 0.95625 0.42421875 0.0828125 0.1625
0 0.828125 0.75 0.05234375 0.08359375
0 0.42890625 0.30390625 0.01953125 0.021875
0 0.5203125 0.41640625 0.02109375 0.02890625
2 0.3109375 0.553125 0.01796875 0.03984375
2 0.871875 0.9765625 0.04609375 0.03828125
2 0.009375 0.45390625 0.01796875 0.04609375
0 0.41171875 0.29296875 0.01953125 0.021875
2 0.8890625 0.1953125 0.025 0.03125
2 0.140625 0.46484375 0.034375 0.02734375
3 0.1703125 0.065625 0.05078125 0.12890625
2 0.75 0.20859375 0.03125 0.02734375
2 0.1515625 0.509375 0.028125 0.0375
3 0.19921875 0.61953125 0.05546875 0.04296875
2 0.7328125 0.41015625 0.03515625 0.03515625
2 0.99140625 0.753125 0.0171875 0.021875
2 0.8171875 0.82421875 0.08359375 0.06015625
2 0.0375 0.6421875 0.025 0.03515625
2 0.671875 0.1171875 0.134375 0.08046875
0 0.40234375 0.18046875 0.040625 0.05703125
0 0.33046875 0.32421875 0.01640625 0.03125
2 0.01796875 0.746875 0.0359375 0.084375
0 0.5671875 0.9796875 0.05078125 0.0375
2 0.903125 0.36171875 0.0390625 0.04453125
0 0.96640625 0.91796875 0.0671875 0.1328125
0 0.671875 0.95390625 0.07890625 0.08984375
2 0.8515625 0.375 0.03359375 0.04765625
2 0.5234375 0.7046875 0.02265625 0.03125
2 0.8140625 0.24609375 0.05625 0.04765625
2 0.109375 0.1671875 0.053125 0.065625
2 0.078125 0.459375 0.01796875 0.021875
0 0.0765625 0.9140625 0.153125 0.159375
2 0.26875 0.40859375 0.05859375 0.06953125
0 0.015625 0.8265625 0.03046875 0.04921875
2 0.37578125 0.81484375 0.03046875 0.059375
2 0.9125 0.68984375 0.0828125 0.08828125
0 0.459375 0.29921875 0.02421875 0.03203125
2 0.5953125 0.70703125 0.02421875 0.040625
2 0.4671875 0.09453125 0.05546875 0.065625
2 0.2046875 0.45078125 0.075 0.07890625
2 0.78125 0.46328125 0.0703125 0.05390625
0 0.8953125 0.78984375 0.209375 0.40390625
2 0.846875 0.66484375 0.02421875 0.0375
0 0.23125 0.03671875 0.07421875 0.071875
2 0.7671875 0.24921875 0.0265625 0.03359375
2 0.6 0.57109375 0.025 0.03203125
2 0.0171875 0.22578125 0.034375 0.05078125
2 0.66640625 0.52578125 0.04609375 0.03359375
2 0.2203125 0.71171875 0.01171875 0.02265625
2 0.125 0.78359375 0.13671875 0.10234375
2 0.51328125 0.0140625 0.0421875 0.028125
2 0.6625 0.02578125 0.07578125 0.05078125
0 0.5671875 0.365625 0.02109375 0.02421875
2 0.97578125 0.24375 0.0484375 0.125
0 0.3703125 0.34296875 0.01796875 0.02578125
2 0.540625 0.94453125 0.0234375 0.03125
2 0.1109375 0.67109375 0.025 0.02890625