2 0.25859375 0.1796875 0.0234375 0.028125
2 0.0703125 0.17734375 0.01328125 0.01484375
2 0.27265625 0.04296875 0.0421875 0.053125
2 0.490625 0.11328125 0.01796875 0.02265625
2 0.665625 0.1015625 0.0203125 0.03515625
2 0.0125 0.0375 0.01484375 0.02890625
2 0.565625 0.5953125 0.015625 0.02578125
2 0.8578125 0.19296875 0.0265625 0.028125
2 0.38515625 0.27265625 0.0234375 0.04921875
2 0.159375 0.9578125 0.02578125 0.05390625
2 0.89375 0.35234375 0.0171875 0.03203125
2 0.61875 0.9890625 0.0140625 0.02109375
2 0.19609375 0.840625 0.01484375 0.02890625
2 0.49453125 0.7828125 0.0296875 0.03125
2 0.05625 0.01640625 0.02421875 0.02421875
2 0.43125 0.12890625 0.02109375 0.03359375
2 0.375 0.45390625 0.0234375 0.02421875
14 0.4375 0.5 0.5359375 0.99765625
2 0.503125 0.64375 0.0265625 0.02890625
2 0.68515625 0.73828125 0.01953125 0.04296875
2 0.73671875 0.43828125 0.00703125 0.009375
2 0.7515625 0.803125 0.01328125 0.01796875
2 0.4984375 0.97109375 0.009375 0.01796875
2 0.5734375 0.23828125 0.03671875 0.05703125
2 0.7328125 0.44765625 0.0078125 0.00859375
2 0.6515625 0.41328125 0.01796875 0.02578125
2 0.96171875 0.23359375 0.02109375 0.01953125
2 0.325 0.23046875 0.03046875 0.03828125
2 0.44375 0.66640625 0.0578125 0.05078125
2 0.696875 0.36171875 0.02734375 0.03359375
2 0.10546875 0.57734375 0.0125 0.03828125
2 0.05 0.12734375 0.05 0.06484375
2 0.1375 0.23671875 0.02109375 0.04375
2 0.915625 0.26796875 0.02734375 0.0375
2 0.08203125 0.86328125 0.01796875 0.025
2 0.05859375 0.31328125 0.0125 0.01875
2 0.915625 0.359375 0.01328125 0.01953125
2 0.92578125 0.67734375 0.025 0.03515625
2 0.6109375 0.07890625 0.021875 0.02890625
2 0.4515625 0.21171875 0.00859375 0.01484375
2 0.7125 0.87265625 0.0140625 0.025
2 0.746875 0.70390625 0.0140625 0.02734375
2 0.93203125 0.0296875 0.015625 0.01328125
2 0.3890625 0.790625 0.0125 0.01953125
2 0.8328125 0.32109375 0.0296875 0.02421875
2 0.8640625 0.36484375 0.0375 0.05234375
2 0.3015625 0.87890625 0.025 0.028125
2 0.353125 0.134375 0.02421875 0.02890625
2 0.2546875 0.94921875 0.01640625 0.02734375
2 0.17421875 0.57890625 0.01796875 0.028125
2 0.4578125 0.33671875 0.0484375 0.040625
2 0.9890625 0.8625 0.01015625 0.01328125
2 0.86953125 0.43046875 0.01796875 0.01796875
2 0.03984375 0.53671875 0.01875 0.02421875
2 0.59375 0.678125 0.01796875 0.03203125
2 0.7203125 0.48203125 0.01953125 0.02578125
2 0.159375 0.37109375 0.040625 0.04609375
2 0.38671875 0.9609375 0.0078125 0.00625
2 0.25 0.90625 0.02578125 0.03671875
2 0.615625 0.62734375 0.01640625 0.01875
2 0.8359375 0.09375 0.02265625 0.02734375
2 0.97890625 0.8796875 0.0125 0.0125
2 0.228125 0.75078125 0.02109375 0.01953125
2 0.15546875 0.89453125 0.025 0.03671875
2 0.9953125 0.71484375 0.00859375 0.02421875
2 0.871875 0.78984375 0.0421875 0.0375
2 0.89296875 0.746875 0.0234375 0.02109375
2 0.4234375 0.51640625 0.07265625 0.08828125
2 0.8484375 0.46796875 0.028125 0.04296875
2 0.7515625 0.2015625 0.04140625 0.07265625
2 0.6703125 0.5453125 0.028125 0.03515625
2 0.71484375 0.00546875 0.01484375 0.01015625
2 0.5625 0.9765625 0.028125 0.03671875
2 0.47109375 0.8203125 0.01953125 0.01796875
2 0.80234375 0.7390625 0.0359375 0.05390625
2 0.91875 0.46640625 0.03515625 0.01640625
2 0.5453125 0.2890625 0.0171875 0.015625
2 0.484375 0.56796875 0.05078125 0.046875
2 0.0078125 0.38125 0.015625 0.02421875
2 0.946875 0.93046875 0.0375 0.03359375
2 0.91953125 0.11875 0.0140625 0.02578125
2 0.1171875 0.934375 0.0203125 0.04375
2 0.884375 0.12890625 0.01484375 0.01640625
2 0.5390625 0.14921875 0.0125 0.01796875
2 0.6390625 0.38671875 0.01640625 0.01796875
2 0.6671875 0.96796875 0.02109375 0.028125
2 0.45 0.44921875 0.01484375 0.01484375
2 0.809375 0.32890625 0.01484375 0.03203125
2 0.9140625 0.6203125 0.02265625 0.0375
2 0.09375 0.6765625 0.0234375 0.028125
2 0.2921875 0.62109375 0.0375 0.03515625
2 0.7765625 0.7015625 0.0296875 0.0375
2 0.1640625 0.79453125 0.0140625 0.021875
2 0.55234375 0.37734375 0.01640625 0.03359375
2 0.959375 0.4203125 0.0125 0.02578125
2 0.0546875 0.0703125 0.03359375 0.05625
2 0.8875 0.53203125 0.02578125 0.025
2 0.79375 0.2828125 0.0234375 0.02109375
2 0.190625 0.43671875 0.0140625 0.01953125
2 0.471875 0.9578125 0.02421875 0.02109375
2 0.24765625 0.35078125 0.0421875 0.05390625
2 0.4984375 0.496875 0.0203125 0.05703125
2 0.4640625 0.2296875 0.01796875 0.02734375
2 0.08359375 0.38125 0.01640625 0.02578125
2 0.3109375 0.32265625 0.0171875 0.02421875
2 0.434375 0.77734375 0.0578125 0.03359375
2 0.03203125 0.81015625 0.00703125 0.01015625
2 0.62421875 0.31953125 0.04453125 0.02578125
2 0.88125 0.82109375 0.01484375 0.025
2 0.73515625 0.24609375 0.0171875 0.01953125
2 0.215625 0.47734375 0.03203125 0.03125
2 0.6828125 0.86328125 0.0140625 0.03671875
2 0.1921875 0.24921875 0.0265625 0.025
2 0.0234375 0.8203125 0.00390625 0.00625
2 0.528125 0.57890625 0.02890625 0.02578125
2 0.2796875 0.96953125 0.009375 0.0125
2 0.0234375 0.359375 0.0140625 0.01953125
2 0.0875 0.92265625 0.0203125 0.05078125
2 0.61875 0.8734375 0.0203125 0.02578125
2 0.0296875 0.92109375 0.05703125 0.06015625
2 0.9640625 0.75 0.00859375 0.01015625
2 0.67421875 0.05390625 0.015625 0.02265625
2 0.19609375 0.62578125 0.0125 0.01640625
2 0.1234375 0.63203125 0.00859375 0.01953125
2 0.8703125 0.23671875 0.028125 0.021875
2 0.3578125 0.1875 0.0125 0.01796875
2 0.2890625 0.7 0.01796875 0.021875
2 0.48515625 0.178125 0.0078125 0.0125
2 0.93515625 0.33046875 0.015625 0.015625
2 0.578125 0.0828125 0.01640625 0.02265625
2 0.7296875 0.78828125 0.01328125 0.01796875
2 0.065625 0.4609375 0.040625 0.0375
2 0.59375 0.53671875 0.0203125 0.040625
2 0.0078125 0.478125 0.015625 0.021875
2 0.821875 0.64296875 0.01796875 0.02578125
2 0.3171875 0.975 0.02109375 0.01796875
2 0.60234375 0.18203125 0.01328125 0.028125
2 0.5609375 0.48671875 0.03671875 0.02890625
2 0.3765625 0.8734375 0.02421875 0.0375
2 0.746875 0.94296875 0.02265625 0.0375
2 0.915625 0.23359375 0.0140625 0.02109375
2 0.003125 0.28984375 0.00625 0.021875
2 0.125 0.609375 0.01328125 0.01953125
2 0.128125 0.9921875 0.0140625 0.015625
2 0.178125 0.18203125 0.02265625 0.02578125
2 0.01875 0.55859375 0.01640625 0.01953125
2 0.421875 0.26640625 0.01953125 0.01953125
2 0.1375 0.790625 0.0234375 0.03671875
2 0.0109375 0.82890625 0.0125 0.0125
2 0.12734375 0.3625 0.02265625 0.02421875
2 0.0296875 0.86640625 0.0265625 0.03203125
2 0.75546875 0.10859375 0.0171875 0.02265625