2 0.45 0.42265625 0.2140625 0.20859375
11 0.5 0.27890625 1 0.509375
2 0.2953125 0.025 0.0578125 0.05
2 0.67890625 0.54921875 0.14609375 0.16796875
2 0.6421875 0.3203125 0.0734375 0.084375
2 0.953125 0.52109375 0.08671875 0.125
2 0.07421875 0.08046875 0.1109375 0.1609375
2 0.2 0.81484375 0.4 0.36875
2 0.9625 0.7390625 0.07421875 0.16953125
2 0.0296875 0.7265625 0.059375 0.225
2 0.81640625 0.55078125 0.1328125 0.16171875
2 0.16875 0.19921875 0.06328125 0.06953125
2 0.06875 0.54921875 0.13671875 0.18515625
5 0.896875 0.32265625 0.1953125 0.28203125
2 0.45546875 0.9890625 0.05078125 0.01875
5 0.20625 0.52578125 0.1953125 0.26484375
2 0.72578125 0.784375 0.5484375 0.42578125