2 0.1609375 0.04609375 0.06640625 0.07890625
2 0.03515625 0.16796875 0.0703125 0.08046875
2 0.22109375 0.1859375 0.3703125 0.371875
2 0.653125 0.66640625 0.253125 0.271875
2 0.89921875 0.69453125 0.2015625 0.41015625
2 0.2671875 0.453125 0.17421875 0.153125
2 0.7359375 0.32421875 0.1734375 0.3
2 0.7546875 0.884375 0.215625 0.22578125
2 0.515625 0.58984375 0.0546875 0.06484375
2 0.56640625 0.48828125 0.0359375 0.07109375
2 0.509375 0.49609375 0.04765625 0.07734375
2 0.090625 0.47890625 0.18125 0.253125
2 0.578125 0.33359375 0.15546875 0.184375
2 0.59453125 0.88984375 0.28671875 0.21484375
14 0.446875 0.38515625 0.0796875 0.76953125
2 0.3875 0.45078125 0.071875 0.134375
2 0.2171875 0.73828125 0.43359375 0.521875
2 0.0546875 0.065625 0.109375 0.13125
2 0.8015625 0.14140625 0.39609375 0.28046875
2 0.91484375 0.3734375 0.1703125 0.196875
2 0.9328125 0.94765625 0.134375 0.096875
2 0.821875 0.5203125 0.09609375 0.134375
2 0.5171875 0.09296875 0.121875 0.171875