2 0.3625 0.8546875 0.0296875 0.03515625
2 0.2078125 0.25078125 0.0265625 0.04609375
2 0.765625 0.40859375 0.046875 0.08671875
2 0.7203125 0.3171875 0.02109375 0.03515625
2 0.64296875 0.78359375 0.0390625 0.03515625
2 0.9375 0.54453125 0.03828125 0.04765625
2 0.92109375 0.48125 0.03046875 0.0375
2 0.7125 0.45546875 0.04765625 0.05859375
2 0.8890625 0.1796875 0.02890625 0.03828125
2 0.80625 0.13671875 0.02890625 0.03125
2 0.8796875 0.08828125 0.0265625 0.02734375
2 0.37421875 0.7546875 0.01796875 0.046875
2 0.4 0.7171875 0.028125 0.040625
2 0.20078125 0.1609375 0.03125 0.03125
2 0.86640625 0.26171875 0.040625 0.05703125
2 0.52421875 0.67265625 0.040625 0.065625
2 0.403125 0.11328125 0.03828125 0.03515625
2 0.9484375 0.36328125 0.0515625 0.05078125
2 0.4046875 0.88984375 0.02734375 0.03046875
2 0.8703125 0.93203125 0.046875 0.10546875
2 0.11796875 0.50703125 0.034375 0.03046875
2 0.09609375 0.646875 0.02109375 0.02578125
2 0.5 0.26953125 0.0296875 0.03671875
2 0.2 0.32109375 0.06171875 0.06875
2 0.121875 0.11640625 0.02109375 0.03515625
2 0.6265625 0.67265625 0.05078125 0.08046875
2 0.9203125 0.96953125 0.025 0.040625
2 0.79375 0.61875 0.02109375 0.021875
2 0.7046875 0.10234375 0.02890625 0.040625
2 0.6671875 0.28203125 0.01953125 0.03046875
2 0.54296875 0.98828125 0.0390625 0.02265625
2 0.1953125 0.50078125 0.025 0.0375
2 0.5765625 0.65234375 0.03359375 0.07109375
2 0.725 0.2375 0.02421875 0.034375
2 0.784375 0.49453125 0.028125 0.03828125
2 0.3265625 0.6390625 0.02265625 0.04140625
2 0.2671875 0.06171875 0.0546875 0.05859375
2 0.9109375 0.86796875 0.028125 0.03515625
2 0.9796875 0.59296875 0.02421875 0.025
2 0.2484375 0.39921875 0.075 0.09296875
2 0.721875 0.51875 0.02265625 0.021875
2 0.59765625 0.58984375 0.02890625 0.03984375
2 0.059375 0.61328125 0.02890625 0.028125
2 0.8703125 0.07265625 0.1015625 0.10390625
2 0.425 0.48515625 0.05078125 0.11875
2 0.415625 0.23046875 0.0265625 0.03125
2 0.746875 0.85703125 0.03203125 0.040625
2 0.9046875 0.453125 0.02109375 0.025
2 0.1125 0.93046875 0.053125 0.06796875
2 0.85703125 0.37734375 0.10859375 0.18671875
2 0.65625 0.61484375 0.05546875 0.07734375
2 0.81484375 0.78203125 0.071875 0.075
2 0.5109375 0.56953125 0.040625 0.05625
2 0.4609375 0.64921875 0.05546875 0.075
2 0.3890625 0.16953125 0.0265625 0.03515625
2 0.5421875 0.49296875 0.03828125 0.05859375
2 0.4875 0.75625 0.03359375 0.05234375
2 0.4703125 0.80078125 0.028125 0.03671875
2 0.834375 0.18828125 0.0171875 0.01796875
2 0.36484375 0.4859375 0.0625 0.11953125
2 0.96640625 0.31328125 0.03125 0.05703125
2 0.2140625 0.70078125 0.040625 0.04609375
2 0.5296875 0.8953125 0.02109375 0.021875
2 0.646875 0.54140625 0.01796875 0.021875
2 0.6171875 0.0265625 0.0234375 0.02890625
4 0.44453125 0.4984375 0.3390625 0.996875
2 0.6015625 0.946875 0.025 0.02734375
2 0.98671875 0.51328125 0.0265625 0.09375
2 0.0765625 0.36484375 0.03515625 0.04140625
2 0.9484375 0.16015625 0.103125 0.12421875