9 0.0515625 0.72890625 0.03828125 0.07109375
2 0.921875 0.18359375 0.03828125 0.06328125
14 0.290625 0.4984375 0.56484375 0.996875
2 0.5765625 0.1203125 0.121875 0.13046875
2 0.1453125 0.02265625 0.0453125 0.04296875
2 0.640625 0.921875 0.04609375 0.09375
2 0.5546875 0.475 0.05546875 0.06875
2 0.61875 0.4328125 0.06171875 0.08046875
2 0.11328125 0.8359375 0.06328125 0.09921875
2 0.9484375 0.31484375 0.1015625 0.20859375
2 0.45859375 0.20078125 0.0609375 0.09375
2 0.0421875 0.3390625 0.034375 0.04140625
2 0.4734375 0.78359375 0.059375 0.08046875
2 0.9578125 0.56640625 0.03515625 0.05
2 0.7328125 0.79609375 0.0703125 0.12578125
2 0.203125 0.84765625 0.06953125 0.11484375
2 0.134375 0.9328125 0.07265625 0.12421875
2 0.05859375 0.53828125 0.0421875 0.10625
2 0.50078125 0.48828125 0.03046875 0.059375
2 0.8640625 0.18203125 0.05234375 0.05234375
2 0.6140625 0.66015625 0.0515625 0.08359375
2 0.5765625 0.61171875 0.04296875 0.07421875
2 0.75 0.4359375 0.0203125 0.04140625
2 0.1640625 0.54765625 0.0859375 0.17578125
2 0.884375 0.03203125 0.04453125 0.05703125
2 0.92734375 0.66171875 0.03828125 0.04609375
2 0.6046875 0.03671875 0.12109375 0.07265625
2 0.5609375 0.22265625 0.0375 0.05546875