2 0.4765625 0.53046875 0.01796875 0.028125
2 0.5890625 0.9765625 0.01640625 0.01796875
2 0.478125 0.421875 0.01171875 0.021875
2 0.21875 0.58359375 0.01796875 0.03203125
2 0.265625 0.40859375 0.0203125 0.02890625
2 0.5515625 0.92578125 0.01484375 0.03515625
2 0.0953125 0.62421875 0.01640625 0.028125
2 0.0171875 0.89609375 0.034375 0.09921875
2 0.3046875 0.80078125 0.0203125 0.03125
2 0.278125 0.24296875 0.04140625 0.04609375
2 0.171875 0.375 0.0265625 0.02890625
2 0.1109375 0.97734375 0.01953125 0.01796875
2 0.3859375 0.37734375 0.0203125 0.02578125
2 0.6125 0.58671875 0.01796875 0.02578125
16 0.0765625 0.3109375 0.153125 0.603125
2 0.365625 0.25390625 0.0234375 0.03203125
2 0.6421875 0.33359375 0.025 0.021875
2 0.4234375 0.75546875 0.02890625 0.021875
2 0.946875 0.01484375 0.02109375 0.02734375
2 0.7640625 0.659375 0.02890625 0.028125
2 0.575 0.28203125 0.040625 0.028125
0 0.625 0.37265625 0.03203125 0.04296875
2 0.8203125 0.25859375 0.0453125 0.04453125
2 0.9703125 0.10703125 0.03828125 0.040625
2 0.9140625 0.41953125 0.04609375 0.078125
2 0.23984375 0.62265625 0.0203125 0.040625
2 0.05703125 0.6296875 0.01953125 0.02578125
2 0.1515625 0.059375 0.10703125 0.05625
2 0.2859375 0.1421875 0.03125 0.04609375
2 0.371875 0.14296875 0.09765625 0.11171875
2 0.67109375 0.09453125 0.4265625 0.1890625
2 0.746875 0.5703125 0.0609375 0.06015625
2 0.7953125 0.33828125 0.0515625 0.04609375
2 0.6234375 0.9296875 0.0296875 0.046875
2 0.28984375 0.72890625 0.025 0.03046875
2 0.89921875 0.51640625 0.01640625 0.03515625
2 0.3359375 0.34765625 0.06015625 0.06015625
2 0.890625 0.15546875 0.0265625 0.03046875
2 0.68203125 0.5390625 0.04140625 0.075
2 0.71875 0.51875 0.04296875 0.05078125
2 0.41328125 0.29921875 0.0359375 0.059375
2 0.75625 0.48125 0.0859375 0.12890625
2 0.73125 0.21640625 0.0484375 0.04609375
2 0.71953125 0.86015625 0.0203125 0.02734375
2 0.7359375 0.76484375 0.0234375 0.040625
2 0.7953125 0.72421875 0.034375 0.05703125
2 0.9203125 0.95546875 0.03046875 0.0375
2 0.68203125 0.440625 0.0390625 0.04765625
2 0.9171875 0.32734375 0.028125 0.04140625
4 0.39609375 0.51640625 0.415625 0.13203125
2 0.5625 0.31484375 0.03046875 0.03515625
2 0.3921875 0.98046875 0.025 0.03125
2 0.65859375 0.909375 0.02109375 0.02578125
2 0.7296875 0.7984375 0.02421875 0.03046875
2 0.890625 0.76171875 0.0828125 0.08828125
2 0.803125 0.96171875 0.0265625 0.03125
2 0.95078125 0.59296875 0.021875 0.02734375
2 0.8609375 0.65234375 0.028125 0.03125
2 0.715625 0.83359375 0.01484375 0.01875
2 0.875 0.29921875 0.025 0.028125
2 0.2328125 0.81640625 0.028125 0.03984375
2 0.15 0.93046875 0.0390625 0.04609375
2 0.7609375 0.7078125 0.0265625 0.02578125
2 0.734375 0.328125 0.08359375 0.175
2 0.31875 0.07578125 0.034375 0.04140625
2 0.2046875 0.21484375 0.1328125 0.190625
2 0.6609375 0.8796875 0.01796875 0.02578125
2 0.21484375 0.64140625 0.03046875 0.05390625
2 0.87109375 0.225 0.03046875 0.02265625
4 0.46875 0.21328125 0.11875 0.27578125
2 0.52265625 0.22734375 0.03125 0.05
2 0.85625 0.4890625 0.01796875 0.02734375
2 0.553125 0.82578125 0.0265625 0.03984375
2 0.55234375 0.75 0.040625 0.04609375
2 0.5703125 0.359375 0.04453125 0.03359375
0 0.68828125 0.95546875 0.040625 0.04921875
0 0.6734375 0.19453125 0.021875 0.03828125
2 0.615625 0.25078125 0.07265625 0.14375
2 0.309375 0.21015625 0.02734375 0.02265625
2 0.0390625 0.71796875 0.07578125 0.12109375
2 0.9765625 0.26171875 0.0265625 0.02578125
2 0.64296875 0.67265625 0.028125 0.03984375
2 0.2109375 0.71015625 0.0234375 0.02890625
2 0.6984375 0.60390625 0.01796875 0.03125
2 0.8015625 0.84765625 0.025 0.02578125
2 0.421875 0.9375 0.028125 0.04140625
2 0.3390625 0.2921875 0.040625 0.05234375
2 0.35625 0.08203125 0.025 0.05078125
2 0.2578125 0.30234375 0.05625 0.06484375