9 0.66796875 0.47890625 0.07734375 0.23515625
9 0.890625 0.02109375 0.0703125 0.040625
9 0.1359375 0.61015625 0.05078125 0.0375
9 0.065625 0.16640625 0.0375 0.028125
9 0.82265625 0.634375 0.02421875 0.08046875
9 0.7875 0.1265625 0.103125 0.09921875
2 0.81875 0.80625 0.03125 0.04609375
9 0.178125 0.02734375 0.0828125 0.04140625
9 0.109375 0.409375 0.0203125 0.05234375
9 0.06640625 0.21796875 0.1328125 0.05703125
2 0.4375 0.4953125 0.03515625 0.046875
9 0.153125 0.84765625 0.0734375 0.17734375
9 0.915625 0.82109375 0.04140625 0.04921875
9 0.16875 0.25 0.0203125 0.04609375
9 0.38203125 0.72421875 0.1609375 0.04140625
9 0.1296875 0.55625 0.04296875 0.03515625
9 0.0703125 0.06171875 0.06953125 0.12109375
2 0.065625 0.6859375 0.03125 0.04453125
2 0.5609375 0.64765625 0.0484375 0.065625
2 0.3484375 0.81328125 0.11328125 0.13828125
9 0.1015625 0.69765625 0.03359375 0.05390625
9 0.8828125 0.07734375 0.23359375 0.15234375
2 0.96484375 0.703125 0.03203125 0.078125
2 0.575 0.28984375 0.03046875 0.0375
2 0.57421875 0.42734375 0.03515625 0.05625
2 0.50625 0.14765625 0.04453125 0.040625
2 0.78359375 0.5375 0.05546875 0.07265625
2 0.04921875 0.3984375 0.05234375 0.109375
2 0.4515625 0.159375 0.03125 0.046875
2 0.1796875 0.725 0.04453125 0.07890625
9 0.8609375 0.92109375 0.04296875 0.14921875
9 0.9546875 0.53359375 0.08984375 0.12890625
9 0.575 0.94765625 0.31640625 0.075
2 0.25 0.2875 0.03359375 0.05625
2 0.67890625 0.803125 0.0859375 0.11484375
2 0.23828125 0.57421875 0.1 0.19453125
2 0.23125 0.80546875 0.04453125 0.07890625
2 0.125 0.4765625 0.03046875 0.06015625
2 0.234375 0.17578125 0.0890625 0.12421875
2 0.28359375 0.43125 0.04375 0.08671875
9 0.14765625 0.66484375 0.1 0.06875
2 0.109375 0.35234375 0.0484375 0.06484375
2 0.5125 0.23671875 0.03515625 0.05390625
2 0.890625 0.15546875 0.0296875 0.03984375
2 0.3234375 0.3015625 0.0546875 0.04140625
2 0.7046875 0.72734375 0.034375 0.03671875
2 0.459375 0.06015625 0.0484375 0.09140625
2 0.5953125 0.76171875 0.0515625 0.05
2 0.1703125 0.44921875 0.02734375 0.04609375
9 0.703125 0.35390625 0.0390625 0.059375
2 0.6390625 0.6875 0.028125 0.03359375
2 0.359375 0.43984375 0.04453125 0.09296875
9 0.2265625 0.44296875 0.08671875 0.10625
9 0.3171875 0.23359375 0.02734375 0.065625
9 0.41875 0.390625 0.034375 0.02578125
2 0.10234375 0.60703125 0.0375 0.05
2 0.16875 0.18984375 0.0265625 0.04296875
14 0.41484375 0.5 0.2265625 1
2 0.8984375 0.53671875 0.0625 0.19765625
2 0.346875 0.6359375 0.0765625 0.115625
2 0.7875 0.61953125 0.040625 0.05390625
2 0.021875 0.86015625 0.02890625 0.05390625