2 0.7609375 0.7171875 0.02109375 0.02265625
2 0.53359375 0.85703125 0.02109375 0.02265625
2 0.959375 0.71640625 0.04921875 0.04296875
2 0.54375 0.721875 0.01796875 0.02734375
2 0.1203125 0.27265625 0.0375 0.03359375
2 0.1125 0.35546875 0.0265625 0.02265625
2 0.97421875 0.51875 0.01953125 0.02890625
2 0.69609375 0.23828125 0.0234375 0.028125
16 0.93984375 0.23125 0.1203125 0.459375
4 0.4015625 0.3890625 0.19921875 0.69453125
2 0.3 0.29921875 0.02421875 0.03203125
2 0.3609375 0.25703125 0.0171875 0.03046875
2 0.50546875 0.834375 0.01328125 0.021875
2 0.0609375 0.90546875 0.021875 0.04140625
2 0.99296875 0.73046875 0.0140625 0.0265625
2 0.796875 0.72265625 0.02734375 0.040625
2 0.4234375 0.84453125 0.02421875 0.028125
2 0.57265625 0.865625 0.028125 0.02890625
2 0.290625 0.334375 0.03125 0.03203125
2 0.090625 0.27578125 0.01953125 0.028125
2 0.15 0.28046875 0.0234375 0.03125
2 0.2609375 0.053125 0.028125 0.02578125
2 0.1125 0.11015625 0.01640625 0.021875
2 0.1953125 0.77578125 0.028125 0.03125
2 0.5671875 0.24453125 0.0375 0.08359375
2 0.840625 0.94140625 0.0359375 0.028125
2 0.8328125 0.35859375 0.021875 0.028125
2 0.3984375 0.01796875 0.01796875 0.01796875
2 0.51171875 0.25546875 0.0171875 0.02734375
2 0.7890625 0.19921875 0.02890625 0.04453125
2 0.8 0.1140625 0.02109375 0.03203125
2 0.4359375 0.89296875 0.03125 0.04140625
2 0.2515625 0.275 0.0140625 0.02265625
2 0.77421875 0.375 0.02421875 0.0375
9 0.671875 0.30078125 0.19921875 0.109375
2 0.7734375 0.40546875 0.02265625 0.02265625
2 0.0875 0.88671875 0.01953125 0.02578125
2 0.4796875 0.2703125 0.02421875 0.03203125
2 0.9203125 0.37734375 0.0203125 0.03203125
2 0.325 0.034375 0.034375 0.01953125
2 0.8703125 0.60625 0.02109375 0.02734375
2 0.228125 0.0859375 0.01953125 0.02734375
2 0.0890625 0.97265625 0.0171875 0.02421875
2 0.30703125 0.87265625 0.025 0.03203125
2 0.38828125 0.86171875 0.01796875 0.02421875
2 0.490625 0.8890625 0.01796875 0.03125
2 0.5671875 0.7171875 0.02109375 0.03125
2 0.7359375 0.68984375 0.02734375 0.01953125
2 0.834375 0.97109375 0.01640625 0.03125
2 0.8765625 0.82109375 0.03125 0.04765625
2 0.40859375 0.5265625 0.025 0.04609375
2 0.84765625 0.18046875 0.02421875 0.02578125
2 0.38828125 0.24296875 0.021875 0.021875
2 0.140625 0.54765625 0.0203125 0.03125
2 0.0796875 0.46796875 0.103125 0.115625
2 0.08203125 0.0703125 0.05546875 0.05703125
2 0.1171875 0.91484375 0.01640625 0.021875
2 0.15 0.95625 0.0171875 0.03125
2 0.234375 0.8078125 0.02421875 0.03203125
2 0.34609375 0.83046875 0.0234375 0.03046875
2 0.52890625 0.74609375 0.025 0.02734375
2 0.78203125 0.98515625 0.0203125 0.021875
2 0.965625 0.97578125 0.0265625 0.02421875
2 0.978125 0.78515625 0.02734375 0.03671875
2 0.80625 0.39140625 0.03125 0.028125
2 0.5953125 0.28203125 0.02734375 0.03515625
2 0.8265625 0.1453125 0.0171875 0.02421875
2 0.0609375 0.54921875 0.02421875 0.03125
2 0.00625 0.5953125 0.01171875 0.02734375
2 0.5671875 0.47734375 0.02265625 0.03125
2 0.35625 0.03671875 0.01796875 0.02421875
2 0.6984375 0.42421875 0.01796875 0.028125
2 0.521875 0.79921875 0.01796875 0.028125
2 0.7390625 0.18828125 0.0203125 0.03515625
2 0.3125 0.80546875 0.02109375 0.01953125
2 0.01015625 0.95390625 0.0203125 0.03515625
2 0.20546875 0.81796875 0.02421875 0.03359375
2 0.709375 0.67109375 0.02421875 0.028125
2 0.2703125 0.63828125 0.028125 0.03359375
2 0.0203125 0.49453125 0.01640625 0.02421875
2 0.34921875 0.634375 0.01484375 0.021875
2 0.0328125 0.91484375 0.02265625 0.02578125
2 0.88125 0.37578125 0.02734375 0.05390625
2 0.94453125 0.94765625 0.0203125 0.02421875
2 0.8296875 0.9046875 0.02890625 0.03203125
2 0.28203125 0.86640625 0.0203125 0.03359375
2 0.9203125 0.55234375 0.01640625 0.02734375
2 0.853125 0.371875 0.0265625 0.03828125
2 0.615625 0.66015625 0.04140625 0.03515625
2 0.81640625 0.51796875 0.028125 0.03359375