2 0.36484375 0.6171875 0.08671875 0.134375
2 0.7953125 0.26796875 0.025 0.028125
2 0.7796875 0.971875 0.0375 0.0375
2 0.55859375 0.93984375 0.06640625 0.03828125
2 0.2515625 0.81875 0.06171875 0.08984375
2 0.60703125 0.9578125 0.028125 0.04140625
2 0.4671875 0.47734375 0.0234375 0.03203125
2 0.98984375 0.4609375 0.0203125 0.04765625
2 0.2546875 0.9125 0.0421875 0.06796875
2 0.321875 0.92109375 0.02265625 0.03203125
2 0.6640625 0.47421875 0.0546875 0.084375
2 0.296875 0.68984375 0.06171875 0.13984375
2 0.9703125 0.71796875 0.05859375 0.05078125
2 0.8484375 0.65703125 0.034375 0.04765625
2 0.81875 0.4921875 0.07265625 0.09921875
2 0.909375 0.38515625 0.13828125 0.21875
2 0.240625 0.2125 0.05625 0.06484375
2 0.515625 0.91484375 0.01796875 0.03671875
2 0.4078125 0.51875 0.0703125 0.08671875
2 0.634375 0.19765625 0.028125 0.0375
2 0.57109375 0.26796875 0.02734375 0.02578125
2 0.8265625 0.89140625 0.04921875 0.10703125
2 0.06484375 0.71328125 0.03125 0.07890625
4 0.56484375 0.525 0.5171875 0.95
2 0.2109375 0.16171875 0.01328125 0.021875
5 0.2203125 0.96953125 0.0421875 0.03203125
2 0.1203125 0.74765625 0.0296875 0.040625
2 0.378125 0.34921875 0.07578125 0.05
2 0.090625 0.85 0.06796875 0.046875
2 0.33671875 0.7625 0.03203125 0.03671875
2 0.3828125 0.7 0.02421875 0.06796875
2 0.4609375 0.5734375 0.04609375 0.084375
2 0.4265625 0.66171875 0.06875 0.06171875
2 0.57578125 0.98515625 0.04609375 0.021875
2 0.83125 0.33671875 0.065625 0.10625
2 0.4328125 0.25234375 0.03125 0.046875
5 0.640625 0.10078125 0.02421875 0.02734375
2 0.7140625 0.3640625 0.04609375 0.059375
2 0.525 0.01640625 0.0546875 0.03125
2 0.51796875 0.396875 0.103125 0.08203125
2 0.309375 0.82265625 0.02734375 0.05078125
2 0.5 0.74453125 0.0234375 0.03515625
5 0.89375 0.30546875 0.0421875 0.0375
2 0.7796875 0.0703125 0.04609375 0.07109375
2 0.57421875 0.12421875 0.01953125 0.01484375
2 0.503125 0.10234375 0.05546875 0.07421875
3 0.13515625 0.56484375 0.2703125 0.22734375
3 0.16953125 0.42734375 0.3390625 0.42734375
3 0.92578125 0.06953125 0.1484375 0.08359375
2 0.0234375 0.078125 0.0171875 0.03515625
2 0.15 0.375 0.0515625 0.059375
2 0.5609375 0.6390625 0.0484375 0.04453125
2 0.525 0.78671875 0.02734375 0.028125
2 0.22421875 0.73203125 0.04765625 0.040625
2 0.6125 0.98359375 0.01640625 0.02734375
2 0.9265625 0.63671875 0.01640625 0.02421875
2 0.66484375 0.16640625 0.0515625 0.07890625
2 0.6546875 0.23515625 0.0515625 0.0375
2 0.6 0.21015625 0.0171875 0.03125
5 0.6796875 0.09296875 0.05078125 0.06796875
2 0.0125 0.0171875 0.02421875 0.03203125
2 0.1625 0.578125 0.0359375 0.02421875
2 0.09375 0.9609375 0.04140625 0.05390625
2 0.03125 0.93125 0.0625 0.134375
2 0.1875 0.834375 0.04296875 0.021875
2 0.28984375 0.9046875 0.0171875 0.03515625
2 0.221875 0.01484375 0.0203125 0.02734375
2 0.440625 0.16640625 0.06953125 0.03828125
5 0.77578125 0.6734375 0.05546875 0.06953125
2 0.6953125 0.26640625 0.03203125 0.046875
2 0.125 0.81015625 0.02734375 0.0375
2 0.35625 0.71328125 0.02421875 0.0375
2 0.565625 0.4890625 0.10703125 0.11015625
2 0.4609375 0.09765625 0.02421875 0.03203125
2 0.83515625 0.16484375 0.0390625 0.059375
5 0.7671875 0.35 0.03828125 0.04453125
2 0.5390625 0.06484375 0.0234375 0.02578125
2 0.03515625 0.30078125 0.028125 0.028125
2 0.015625 0.34140625 0.03125 0.0515625
2 0.09921875 0.3953125 0.03125 0.05078125
2 0.425 0.93046875 0.1140625 0.11953125
2 0.2765625 0.05078125 0.0296875 0.0375
2 0.871875 0.92421875 0.034375 0.040625
2 0.890625 0.8703125 0.05703125 0.046875
2 0.2984375 0.01484375 0.02421875 0.02421875
2 0.9515625 0.784375 0.03515625 0.08125
2 0.7265625 0.7203125 0.03125 0.05
2 0.746875 0.60546875 0.03515625 0.05234375
2 0.6734375 0.57890625 0.0453125 0.04453125
2 0.9703125 0.9453125 0.059375 0.09296875
2 0.1078125 0.57890625 0.071875 0.08125
2 0.515625 0.96015625 0.06484375 0.07109375
2 0.171875 0.90390625 0.10859375 0.09765625
2 0.3453125 0.82265625 0.01171875 0.01015625
2 0.0375 0.69765625 0.03046875 0.03203125
2 0.3375 0.66875 0.03046875 0.03125
5 0.409375 0.71015625 0.03125 0.03125
2 0.740625 0.93359375 0.02109375 0.02734375
2 0.609375 0.0375 0.05625 0.05625
5 0.91484375 0.15078125 0.0515625 0.05859375
2 0.4046875 0.7765625 0.08671875 0.096875
2 0.625 0.82421875 0.02734375 0.03359375
2 0.63671875 0.30625 0.07578125 0.07265625
2 0.0953125 0.30234375 0.1015625 0.12890625
2 0.7671875 0.66484375 0.465625 0.31796875
2 0.59375 0.16875 0.03046875 0.028125
2 0.7578125 0.84296875 0.05625 0.08125
2 0.953125 0.66796875 0.034375 0.021875
5 0.7140625 0.01171875 0.0734375 0.021875
2 0.1671875 0.73203125 0.053125 0.10078125
2 0.0265625 0.76171875 0.05234375 0.08046875
2 0.240625 0.609375 0.0625 0.07421875
2 0.2296875 0.08828125 0.025 0.040625
2 0.840625 0.04609375 0.06875 0.06796875
2 0.0234375 0.24609375 0.03359375 0.040625
2 0.753125 0.15 0.103125 0.15703125
2 0.384375 0.44140625 0.0546875 0.05
2 0.6859375 0.95390625 0.06953125 0.08359375
2 0.203125 0.06484375 0.01328125 0.02421875
2 0.91640625 0.51328125 0.05078125 0.05390625
5 0.5078125 0.559375 0.0484375 0.06171875
2 0.55078125 0.1296875 0.01953125 0.03125
2 0.1171875 0.12734375 0.14609375 0.21171875
2 0.365625 0.84921875 0.02109375 0.01953125
2 0.615625 0.92109375 0.03046875 0.040625
2 0.065625 0.8125 0.0546875 0.05234375