2 0.28125 0.4 0.009375 0.02578125
2 0.30625 0.23828125 0.0671875 0.078125
0 0.81171875 0.03515625 0.0734375 0.06953125
2 0.16015625 0.45078125 0.01796875 0.01953125
2 0.1921875 0.06640625 0.02890625 0.06015625
2 0.09609375 0.3453125 0.0203125 0.040625
2 0.76484375 0.56328125 0.028125 0.04296875
5 0.5390625 0.45546875 0.02265625 0.03203125
5 0.9828125 0.84296875 0.034375 0.03828125
0 0.0296875 0.103125 0.059375 0.18125
2 0.0984375 0.17578125 0.03203125 0.04140625
2 0.85625 0.6484375 0.0234375 0.02265625
2 0.0375 0.625 0.075 0.084375
2 0.4828125 0.48984375 0.03046875 0.03671875
2 0.575 0.55546875 0.028125 0.02890625
2 0.95078125 0.50859375 0.040625 0.05
2 0.7265625 0.44765625 0.02890625 0.02734375
2 0.59453125 0.52890625 0.00703125 0.01015625
2 0.5875 0.46484375 0.01953125 0.02265625
2 0.6609375 0.44140625 0.0078125 0.015625
2 0.9125 0.57421875 0.01640625 0.04921875
2 0.49765625 0.43359375 0.0171875 0.01328125
2 0.44609375 0.43671875 0.02265625 0.021875
2 0.353125 0.54140625 0.01796875 0.021875
2 0.3828125 0.37890625 0.021875 0.01875
2 0.3265625 0.3828125 0.01640625 0.021875
2 0.2109375 0.328125 0.0515625 0.071875
2 0.15234375 0.309375 0.07421875 0.0625
2 0.1609375 0.9171875 0.0296875 0.02890625
2 0.2703125 0.83671875 0.0671875 0.08203125
2 0.0046875 0.9671875 0.009375 0.015625
2 0.24375 0.46015625 0.02421875 0.02265625
2 0.97421875 0.6515625 0.0375 0.03515625
2 0.846875 0.35390625 0.0265625 0.04609375
2 0.121875 0.72421875 0.0265625 0.03671875
2 0.2140625 0.9890625 0.02265625 0.021875
5 0.0125 0.2265625 0.025 0.03359375
5 0.346875 0.31796875 0.028125 0.028125
0 0.3265625 0.01171875 0.02421875 0.02265625
2 0.1875 0.834375 0.09609375 0.15078125
5 0.05390625 0.29921875 0.02734375 0.03671875
2 0.896875 0.7140625 0.028125 0.03125
2 0.9078125 0.48203125 0.0390625 0.04453125
2 0.428125 0.49609375 0.06953125 0.06484375
2 0.1859375 0.6015625 0.0421875 0.03828125
2 0.58125 0.51953125 0.009375 0.015625
2 0.63515625 0.47578125 0.015625 0.01875
2 0.315625 0.9859375 0.0359375 0.028125
2 0.23984375 0.975 0.0296875 0.05
2 0.35 0.8828125 0.03359375 0.02890625
2 0.275 0.76796875 0.01796875 0.015625
2 0.24375 0.74140625 0.01015625 0.02109375
2 0.6 0.78984375 0.0109375 0.01640625
2 0.1140625 0.421875 0.0203125 0.01953125
2 0.18125 0.64296875 0.01328125 0.02265625
2 0.07578125 0.61484375 0.02109375 0.03203125
2 0.00625 0.35234375 0.0109375 0.02109375
2 0.065625 0.17421875 0.04609375 0.06484375
2 0.146875 0.06640625 0.02109375 0.03046875
2 0.184375 0.00859375 0.03125 0.01640625
2 0.44375 0.03359375 0.04921875 0.04375
2 0.68828125 0.13828125 0.025 0.03984375
2 0.6640625 0.01796875 0.034375 0.0359375
2 0.9703125 0.79140625 0.01875 0.02890625
2 0.9203125 0.87109375 0.02265625 0.040625
2 0.809375 0.71640625 0.015625 0.01171875
2 0.7984375 0.52578125 0.02265625 0.01875
2 0.128125 0.8484375 0.05234375 0.04921875
2 0.05234375 0.98515625 0.028125 0.02890625
5 0.546875 0.78671875 0.021875 0.02734375
2 0.8375 0.81015625 0.03984375 0.08125
2 0.7546875 0.35859375 0.03359375 0.03828125
2 0.8375 0.66015625 0.009375 0.015625
2 0.0140625 0.84609375 0.02734375 0.04375
2 0.171875 0.2609375 0.05234375 0.05390625
2 0.04296875 0.69296875 0.01953125 0.0125
2 0.13046875 0.68515625 0.01953125 0.02890625
2 0.6859375 0.96484375 0.0171875 0.01640625
2 0.81484375 0.640625 0.0140625 0.021875
2 0.8578125 0.28984375 0.0875 0.09921875
2 0.12109375 0.38828125 0.05078125 0.04609375
2 0.021875 0.29296875 0.04296875 0.07421875
2 0.3890625 0.96015625 0.06640625 0.078125
2 0.671875 0.5796875 0.03203125 0.04609375
2 0.7609375 0.80078125 0.02578125 0.03125
2 0.6171875 0.9921875 0.03671875 0.015625
2 0.78671875 0.80546875 0.02734375 0.02265625
2 0.2390625 0.03515625 0.01953125 0.034375
2 0.3875 0.07109375 0.034375 0.03203125
2 0.9359375 0.92109375 0.01171875 0.01640625
2 0.8203125 0.97109375 0.05390625 0.04453125
5 0.74375 0.10390625 0.0203125 0.02421875
2 0.6765625 0.73515625 0.021875 0.021875
2 0.04296875 0.8828125 0.02734375 0.03203125
2 0.1046875 0.28359375 0.009375 0.02578125
2 0.6328125 0.825 0.01953125 0.03359375
2 0.01796875 0.44921875 0.0359375 0.05625
2 0.02890625 0.17421875 0.01640625 0.021875
2 0.99296875 0.75625 0.0140625 0.0375
2 0.9390625 0.6484375 0.02421875 0.03671875
2 0.07265625 0.72734375 0.02421875 0.04453125
2 0.95078125 0.01328125 0.0390625 0.0265625
2 0.1234375 0.09375 0.021875 0.02421875
2 0.12421875 0.34765625 0.0125 0.0125
2 0.63046875 0.703125 0.01796875 0.021875
2 0.1515625 0.36015625 0.01796875 0.021875
2 0.70390625 0.23046875 0.0609375 0.12109375
2 0.98046875 0.25703125 0.02109375 0.01796875
2 0.171875 0.65859375 0.02109375 0.021875
2 0.2296875 0.57109375 0.0625 0.06484375
2 0.0578125 0.4375 0.02265625 0.02890625
2 0.63515625 0.68125 0.0625 0.115625
5 0.75859375 0.47265625 0.025 0.0375
2 0.66875 0.95078125 0.00859375 0.0125
5 0.27109375 0.89921875 0.0203125 0.03203125
2 0.7640625 0.246875 0.06015625 0.07578125
0 0.4484375 0.16953125 0.2234375 0.3375
2 0.92578125 0.965625 0.1484375 0.06875
2 0.875 0.77578125 0.02578125 0.03125
2 0.740625 0.76328125 0.0203125 0.02109375
2 0.6921875 0.65390625 0.02265625 0.02734375
2 0.690625 0.76875 0.0125 0.01953125
2 0.8921875 0.89765625 0.01953125 0.02265625
2 0.96484375 0.69140625 0.015625 0.03828125
5 0.3515625 0.6 0.0546875 0.04140625
5 0.31328125 0.578125 0.03046875 0.04296875
5 0.65625 0.91953125 0.0265625 0.03515625
5 0.36484375 0.33984375 0.02421875 0.04609375
5 0.9171875 0.25 0.01796875 0.03203125
5 0.509375 0.68515625 0.01953125 0.02421875
0 0.2203125 0.1234375 0.02734375 0.05625
2 0.725 0.70625 0.09296875 0.0875
2 0.8140625 0.89609375 0.1390625 0.09921875
2 0.11796875 0.90234375 0.034375 0.06328125
2 0.03125 0.76171875 0.0625 0.11328125
2 0.06796875 0.83359375 0.06328125 0.08359375
2 0.328125 0.92109375 0.0453125 0.04296875
2 0.4234375 0.0953125 0.03828125 0.040625
2 0.878125 0.67265625 0.0140625 0.015625
2 0.6046875 0.71015625 0.06328125 0.0875
2 0.0640625 0.1078125 0.03984375 0.06015625
2 0.9015625 0.81640625 0.04140625 0.03671875
2 0.13125 0.63359375 0.0203125 0.03046875
5 0.1515625 0.86640625 0.02109375 0.03125
2 0.94296875 0.09375 0.1140625 0.16875
2 0.628125 0.36640625 0.0265625 0.03671875
2 0.653125 0.68984375 0.021875 0.03203125
2 0.75390625 0.184375 0.0625 0.05390625
5 0.3171875 0.79921875 0.0265625 0.0375
2 0.81875 0.66875 0.02421875 0.03359375
2 0.63125 0.5859375 0.0203125 0.03203125
2 0.25546875 0.64296875 0.04765625 0.06875
2 0.8484375 0.0859375 0.06640625 0.12421875
2 0.725 0.6109375 0.071875 0.07734375
2 0.40234375 0.4125 0.03046875 0.04765625
3 0.70703125 0.3375 0.5796875 0.14453125
2 0.621875 0.7265625 0.021875 0.01953125
2 0.209375 0.4453125 0.01875 0.03203125
2 0.1125 0.4515625 0.0234375 0.01640625
2 0.0703125 0.52265625 0.009375 0.01640625
2 0.00625 0.41640625 0.0125 0.01796875
2 0.284375 0.06796875 0.05625 0.05390625
2 0.3609375 0.15234375 0.02109375 0.02265625
2 0.85703125 0.1875 0.0703125 0.08125
2 0.87578125 0.6984375 0.01328125 0.01328125
2 0.76875 0.9671875 0.04375 0.065625
2 0.53515625 0.5140625 0.0265625 0.03671875
2 0.98125 0.196875 0.0375 0.07890625
2 0.47421875 0.921875 0.09765625 0.09140625
2 0.33984375 0.48359375 0.01640625 0.01796875
3 0.56640625 0.79921875 0.07265625 0.39296875
2 0.20625 0.51015625 0.015625 0.01796875
2 0.12265625 0.5765625 0.02109375 0.03125
8 0.38203125 0.53828125 0.03203125 0.05859375
5 0.303125 0.878125 0.02421875 0.03359375
5 0.5890625 0.971875 0.03515625 0.0375
5 0.684375 0.55390625 0.0234375 0.03203125
5 0.303125 0.10859375 0.0265625 0.03515625
5 0.1765625 0.81796875 0.03125 0.04140625
2 0.40625 0.74453125 0.26328125 0.22265625
2 0.6859375 0.50390625 0.065625 0.09140625
2 0.15 0.03515625 0.01875 0.02265625
2 0.4859375 0.57421875 0.09140625 0.06796875
2 0.8484375 0.51015625 0.07578125 0.125
2 0.1984375 0.74140625 0.0625 0.05
2 0.259375 0.140625 0.04296875 0.02890625
2 0.3828125 0.16875 0.0078125 0.01953125
2 0.634375 0.19296875 0.04765625 0.03984375
2 0.953125 0.90078125 0.01953125 0.02109375
2 0.7328125 0.9703125 0.02421875 0.059375
2 0.6578125 0.94765625 0.0109375 0.01328125
2 0.796875 0.6546875 0.01484375 0.02578125
2 0.3625 0.48984375 0.03203125 0.028125
2 0.61171875 0.75703125 0.0125 0.01640625
2 0.7859375 0.43515625 0.01796875 0.028125
2 0.4109375 0.44765625 0.01015625 0.01640625
2 0.66484375 0.8453125 0.1078125 0.10703125
2 0.5078125 0.52109375 0.01484375 0.01796875
2 0.60703125 0.8421875 0.02890625 0.01953125
2 0.18359375 0.94609375 0.04296875 0.04609375
2 0.72265625 0.4140625 0.04609375 0.028125
2 0.85859375 0.734375 0.00703125 0.01328125
2 0.490625 0.45859375 0.02265625 0.02265625
2 0.178125 0.36328125 0.01484375 0.015625
2 0.075 0.58046875 0.02109375 0.021875
2 0.1578125 0.98359375 0.01484375 0.01484375
2 0.1796875 0.99296875 0.01953125 0.01328125
2 0.65234375 0.484375 0.01171875 0.0125
2 0.94765625 0.5734375 0.0625 0.0875
2 0.55546875 0.52578125 0.0234375 0.02109375
2 0.4296875 0.453125 0.01484375 0.01875
2 0.0484375 0.3828125 0.06875 0.07265625
2 0.990625 0.59453125 0.01640625 0.03046875
2 0.7515625 0.06015625 0.07578125 0.10703125
2 0.35234375 0.3921875 0.025 0.01953125
2 0.05390625 0.553125 0.01796875 0.02421875
2 0.58203125 0.41484375 0.01953125 0.015625
2 0.021875 0.89765625 0.0265625 0.02109375
0 0.3765625 0.09921875 0.0296875 0.06015625
2 0.81328125 0.5921875 0.02265625 0.03671875
2 0.703125 0.98984375 0.0546875 0.01953125
2 0.35390625 0.51875 0.02421875 0.01953125
5 0.94765625 0.4296875 0.03203125 0.046875
2 0.1578125 0.70390625 0.0171875 0.015625
2 0.2421875 0.79296875 0.01640625 0.01796875
0 0.165625 0.228125 0.33125 0.240625
2 0.409375 0.58828125 0.03203125 0.01875
5 0.2046875 0.66484375 0.034375 0.06796875
2 0.165625 0.50390625 0.10078125 0.08125
2 0.24765625 0.88515625 0.0359375 0.078125
2 0.0875 0.97265625 0.04609375 0.05234375
2 0.26875 0.02109375 0.0171875 0.03515625
2 0.77265625 0.1359375 0.0453125 0.04296875
2 0.64296875 0.54609375 0.0359375 0.02578125
2 0.21171875 0.38046875 0.02421875 0.02265625
2 0.23203125 0.50234375 0.0203125 0.01953125
2 0.0265625 0.56875 0.021875 0.021875
2 0.3828125 0.58984375 0.0125 0.02421875
2 0.275 0.94609375 0.05546875 0.05625
2 0.7390625 0.5359375 0.02734375 0.01875
2 0.68046875 0.42109375 0.03359375 0.02890625
5 0.5140625 0.47890625 0.021875 0.03125
2 0.090625 0.53671875 0.03515625 0.06640625
2 0.275 0.9890625 0.01953125 0.021875
2 0.784375 0.5375 0.01640625 0.01875
2 0.23671875 0.70078125 0.021875 0.03203125
2 0.6625 0.7890625 0.0171875 0.02265625
2 0.98515625 0.88359375 0.0296875 0.0328125
2 0.2234375 0.946875 0.0421875 0.034375
2 0.575 0.490625 0.02109375 0.01875
2 0.7875 0.46796875 0.01328125 0.01484375
5 0.70859375 0.7828125 0.03046875 0.046875
2 0.275 0.31796875 0.0578125 0.06015625