2 0.6890625 0.7265625 0.128125 0.21640625
2 0.8625 0.79453125 0.0625 0.09140625
2 0.40625 0.58671875 0.05390625 0.07421875
2 0.5 0.92109375 0.1390625 0.15078125
2 0.265625 0.65 0.08046875 0.103125
5 0.390625 0.05703125 0.1171875 0.109375
2 0.365625 0.696875 0.06640625 0.07109375
8 0.2953125 0.36953125 0.3953125 0.365625
5 0.13125 0.11640625 0.08984375 0.17890625
2 0.86875 0.40234375 0.10859375 0.16796875
2 0.340625 0.11953125 0.13828125 0.109375
2 0.5671875 0.80859375 0.05078125 0.04609375
2 0.1453125 0.66640625 0.06953125 0.0875
2 0.353125 0.61171875 0.059375 0.04609375
2 0.93125 0.8859375 0.0140625 0.015625
2 0.9484375 0.59296875 0.0515625 0.04296875
2 0.8921875 0.22890625 0.0390625 0.06015625
2 0.390625 0.83828125 0.02421875 0.04140625
2 0.3125 0.98046875 0.0375 0.03828125
2 0.02421875 0.02578125 0.0484375 0.05078125
2 0.9875 0.96796875 0.025 0.06015625
2 0.7578125 0.95234375 0.05625 0.07421875
2 0.978125 0.38203125 0.0203125 0.06796875
2 0.05625 0.27578125 0.08203125 0.11953125
2 0.9578125 0.796875 0.06171875 0.06484375
2 0.87109375 0.58046875 0.06484375 0.11015625
2 0.365625 0.76328125 0.034375 0.05703125
2 0.06328125 0.065625 0.0546875 0.08828125
2 0.4734375 0.71484375 0.0375 0.065625
2 0.5375 0.55078125 0.04140625 0.084375
2 0.7828125 0.2265625 0.03359375 0.03671875
2 0.90625 0.05234375 0.07734375 0.06796875
2 0.0234375 0.66171875 0.046875 0.1515625
2 0.94453125 0.3328125 0.021875 0.04453125
2 0.5296875 0.67421875 0.021875 0.03359375
2 0.03828125 0.40859375 0.06875 0.10546875
2 0.5171875 0.3953125 0.0734375 0.10546875
2 0.484375 0.57265625 0.05546875 0.06171875
3 0.690625 0.24375 0.2453125 0.48515625
3 0.1078125 0.8609375 0.215625 0.265625
2 0.79140625 0.74921875 0.0703125 0.09765625
2 0.7140625 0.16171875 0.09609375 0.109375
2 0.1890625 0.5375 0.025 0.05078125
2 0.2640625 0.12578125 0.0578125 0.04453125