2 0.453125 0.32734375 0.0765625 0.05859375
2 0.74296875 0.98125 0.03828125 0.02734375
2 0.0421875 0.9921875 0.01953125 0.015625
2 0.9828125 0.6921875 0.01015625 0.03046875
2 0.64375 0.9890625 0.01953125 0.021875
2 0.46875 0.6265625 0.025 0.04296875
2 0.765625 0.45078125 0.02265625 0.028125
2 0.79375 0.65703125 0.0265625 0.03359375
2 0.9875 0.91875 0.0234375 0.046875
2 0.15625 0.07265625 0.05546875 0.14296875
2 0.85234375 0.85234375 0.0296875 0.046875
2 0.2296875 0.959375 0.04765625 0.021875
2 0.871875 0.62421875 0.0140625 0.02265625
2 0.50546875 0.946875 0.09765625 0.10625
2 0.24765625 0.87734375 0.04140625 0.04296875
2 0.54453125 0.84921875 0.08046875 0.10546875
2 0.328125 0.91484375 0.03046875 0.04296875
2 0.1796875 0.91171875 0.05234375 0.06171875
5 0.471875 0.2734375 0.05234375 0.065625
2 0.3421875 0.31328125 0.05546875 0.075
2 0.09140625 0.2 0.12578125 0.12890625
2 0.6515625 0.6203125 0.10390625 0.09296875
2 0.0984375 0.8203125 0.05625 0.0875
2 0.7828125 0.7609375 0.0421875 0.059375
3 0.52265625 0.21015625 0.9546875 0.41015625
2 0.521875 0.73359375 0.0578125 0.11875
2 0.98203125 0.13671875 0.0359375 0.04453125
2 0.3796875 0.903125 0.03359375 0.02890625
2 0.2546875 0.39609375 0.06015625 0.08046875
2 0.9453125 0.23125 0.05234375 0.06171875
2 0.7140625 0.6625 0.05625 0.059375
2 0.21328125 0.1734375 0.03359375 0.04296875
2 0.08515625 0.6546875 0.0171875 0.02734375
2 0.6890625 0.91484375 0.084375 0.103125
2 0.8890625 0.3359375 0.0375 0.02421875
2 0.30546875 0.82421875 0.090625 0.06875
8 0.4203125 0.44453125 0.2046875 0.18828125
2 0.1015625 0.11796875 0.0453125 0.03984375
2 0.06640625 0.93203125 0.0609375 0.07109375
2 0.2671875 0.46328125 0.0375 0.04609375
2 0.63671875 0.34296875 0.0515625 0.08125
2 0.93046875 0.78046875 0.0421875 0.04296875
2 0.159375 0.7890625 0.0734375 0.10546875
3 0.621875 0.26171875 0.15234375 0.51484375
3 0.2015625 0.6 0.403125 0.4125
2 0.44765625 0.8640625 0.040625 0.06953125
2 0.2390625 0.04140625 0.04453125 0.07265625
2 0.0546875 0.66171875 0.01796875 0.040625
2 0.734375 0.28203125 0.0484375 0.03828125
2 0.95625 0.85234375 0.04453125 0.07109375
2 0.96640625 0.4140625 0.0671875 0.096875
2 0.790625 0.54296875 0.03515625 0.02890625
2 0.4078125 0.58359375 0.03828125 0.05390625
2 0.653125 0.86484375 0.1046875 0.1625
2 0.0484375 0.78515625 0.03203125 0.05234375
2 0.921875 0.58984375 0.040625 0.06953125
2 0.821875 0.715625 0.04765625 0.065625