2 0.678125 0.315625 0.0265625 0.03203125
5 0.07265625 0.60859375 0.03203125 0.03125
5 0.6859375 0.60859375 0.03203125 0.0375
2 0.86015625 0.11015625 0.02734375 0.06796875
2 0.0625 0.1859375 0.0359375 0.046875
2 0.7203125 0.93984375 0.02734375 0.02734375
5 0.48046875 0.56640625 0.0578125 0.05234375
2 0.98046875 0.18359375 0.03125 0.028125
2 0.9875 0.71796875 0.02421875 0.05703125
5 0.146875 0.13828125 0.02890625 0.02734375
5 0.1890625 0.4515625 0.02421875 0.03046875
2 0.49453125 0.31953125 0.04375 0.09765625
5 0.6359375 0.6296875 0.02734375 0.03671875
5 0.5765625 0.95625 0.0234375 0.03125
5 0.0171875 0.30234375 0.025 0.03203125
2 0.9703125 0.83046875 0.059375 0.06171875
2 0.04921875 0.10390625 0.0421875 0.05390625
2 0.184375 0.07109375 0.0828125 0.08671875
5 0.36875 0.16640625 0.028125 0.03125
3 0.26953125 0.54296875 0.09765625 0.15859375
2 0.2203125 0.94453125 0.06484375 0.103125
2 0.8015625 0.68359375 0.034375 0.040625
3 0.9203125 0.61640625 0.1171875 0.27265625
2 0.81640625 0.9609375 0.0765625 0.06953125
2 0.49375 0.11484375 0.04453125 0.0875
2 0.134375 0.475 0.03203125 0.04140625
5 0.39609375 0.4171875 0.03203125 0.04140625
5 0.915625 0.19453125 0.02421875 0.03203125
5 0.11796875 0.09296875 0.021875 0.02578125
5 0.7125 0.04921875 0.01796875 0.021875
5 0.22109375 0.28515625 0.0234375 0.02265625
5 0.2484375 0.0671875 0.0203125 0.02421875
5 0.97421875 0.48515625 0.02890625 0.03203125
2 0.10078125 0.246875 0.034375 0.05
2 0.8890625 0.159375 0.05234375 0.046875
2 0.4640625 0.89609375 0.03515625 0.09765625
2 0.2671875 0.0953125 0.0421875 0.03046875
5 0.328125 0.65078125 0.02109375 0.03046875
5 0.3390625 0.434375 0.02421875 0.02890625
2 0.99140625 0.5734375 0.0171875 0.090625
5 0.13203125 0.66953125 0.028125 0.028125
5 0.665625 0.2171875 0.01796875 0.02578125
5 0.9875 0.15234375 0.025 0.04453125
5 0.7984375 0.34296875 0.03125 0.03203125
5 0.3 0.02578125 0.02421875 0.02421875
3 0.86953125 0.0765625 0.13828125 0.15078125
5 0.5171875 0.1640625 0.02109375 0.03046875
5 0.6109375 0.13359375 0.02109375 0.03125
2 0.1421875 0.36484375 0.01953125 0.02578125
2 0.52265625 0.87109375 0.04765625 0.07421875
3 0.91875 0.253125 0.1625 0.06015625
2 0.0375 0.3609375 0.075 0.103125
2 0.103125 0.36171875 0.05546875 0.059375
2 0.221875 0.24609375 0.06484375 0.04609375
2 0.5609375 0.04140625 0.08046875 0.08125
2 0.89609375 0.32578125 0.05078125 0.04765625
2 0.1375 0.5734375 0.09921875 0.18671875
2 0.29921875 0.09921875 0.0265625 0.03125
3 0.9234375 0.765625 0.07890625 0.25390625
2 0.6015625 0.41171875 0.01953125 0.028125
3 0.6484375 0.1359375 0.128125 0.246875
2 0.06875 0.01171875 0.03203125 0.021875
2 0.29375 0.20859375 0.0390625 0.06875
3 0.221875 0.81328125 0.44375 0.1484375
14 0.446875 0.48515625 0.4328125 0.58671875
2 0.7625 0.32578125 0.034375 0.0375
2 0.11171875 0.153125 0.03203125 0.04296875
2 0.1796875 0.98125 0.03671875 0.03203125
2 0.25546875 0.815625 0.03125 0.0375
2 0.434375 0.49765625 0.0390625 0.07265625
2 0.81875 0.17265625 0.0390625 0.05234375
3 0.6578125 0.2921875 0.2765625 0.353125
2 0.16484375 0.75234375 0.08984375 0.10234375
2 0.5984375 0.6296875 0.0703125 0.10078125
2 0.5796875 0.45390625 0.05859375 0.046875
2 0.56796875 0.309375 0.0296875 0.06171875
5 0.528125 0.234375 0.040625 0.046875
2 0.0765625 0.53671875 0.02734375 0.11484375
2 0.0734375 0.865625 0.05859375 0.1
2 0.1796875 0.2171875 0.03359375 0.03125
2 0.2625 0.22265625 0.034375 0.02890625
2 0.26015625 0.3046875 0.01796875 0.028125
2 0.48046875 0.65703125 0.053125 0.08671875
2 0.2984375 0.97734375 0.0734375 0.04296875
2 0.44375 0.96484375 0.01640625 0.03046875
2 0.8546875 0.95546875 0.03125 0.03203125
2 0.7203125 0.68515625 0.03671875 0.02890625
2 0.7328125 0.24609375 0.06640625 0.06796875
2 0.7171875 0.12265625 0.05625 0.059375
2 0.75390625 0.63671875 0.040625 0.08828125
2 0.92421875 0.46640625 0.05859375 0.10234375
2 0.3125 0.8078125 0.0359375 0.03203125
2 0.0296875 0.02578125 0.03515625 0.04921875
2 0.69609375 0.71171875 0.0390625 0.046875
2 0.66875 0.55859375 0.03046875 0.04140625
2 0.7765625 0.28203125 0.02734375 0.03359375
5 0.675 0.68984375 0.0265625 0.03359375
2 0.71328125 0.98203125 0.053125 0.02890625
2 0.34453125 0.246875 0.04453125 0.03828125
2 0.3234375 0.06171875 0.0984375 0.0375
2 0.02578125 0.20859375 0.03515625 0.02734375
2 0.2984375 0.284375 0.04765625 0.05
2 0.36796875 0.29921875 0.034375 0.02734375
2 0.325 0.7609375 0.02265625 0.03515625
2 0.64453125 0.5640625 0.01328125 0.01484375
5 0.803125 0.63359375 0.025 0.03671875
2 0.35 0.94140625 0.025 0.03125
2 0.7984375 0.78671875 0.121875 0.13828125
2 0.896875 0.98203125 0.05234375 0.02734375
2 0.5453125 0.59609375 0.05078125 0.05
2 0.5 0.48984375 0.05625 0.07734375
2 0.690625 0.28203125 0.02890625 0.04453125
2 0.084375 0.19453125 0.025 0.02578125
2 0.49453125 0.8109375 0.0453125 0.05
2 0.85625 0.63515625 0.034375 0.05546875
2 0.13125 0.19609375 0.028125 0.06171875
2 0.18828125 0.16796875 0.05078125 0.05390625
2 0.1515625 0.24296875 0.04609375 0.03203125
2 0.375 0.01796875 0.040625 0.03515625
2 0.33515625 0.15546875 0.0390625 0.06875
2 0.2625 0.35703125 0.065625 0.05
2 0.31953125 0.34921875 0.034375 0.08359375
2 0.34375 0.57421875 0.04765625 0.06171875
2 0.26640625 0.94375 0.04140625 0.0375
2 0.05859375 0.94453125 0.1171875 0.103125
2 0.31484375 0.68203125 0.025 0.02578125
5 0.37109375 0.70546875 0.02421875 0.03515625
5 0.353125 0.76875 0.03203125 0.040625
5 0.2109375 0.83359375 0.034375 0.040625
5 0.290625 0.75 0.025 0.03203125
5 0.1328125 0.97109375 0.02734375 0.03125
5 0.6828125 0.93359375 0.04921875 0.06875
5 0.69609375 0.759375 0.02734375 0.03203125
5 0.984375 0.8671875 0.02421875 0.02890625
2 0.5578125 0.7890625 0.02890625 0.08046875
2 0.86875 0.82421875 0.0375 0.0375
2 0.9109375 0.94453125 0.0625 0.059375
2 0.88359375 0.41640625 0.05546875 0.04609375
2 0.846875 0.54765625 0.025 0.04140625
2 0.625 0.5203125 0.02109375 0.02734375
2 0.59609375 0.17578125 0.025 0.02734375
2 0.08984375 0.93515625 0.0265625 0.03671875
2 0.2046875 0.20546875 0.025 0.01953125
2 0.52578125 0.66171875 0.0375 0.075
2 0.140625 0.91796875 0.06640625 0.05625
5 0.1234375 0.70859375 0.0265625 0.028125
5 0.14140625 0.84609375 0.02734375 0.03125
5 0.60625 0.78671875 0.02265625 0.02265625
5 0.434375 0.1171875 0.034375 0.04296875
2 0.484375 0.93984375 0.0515625 0.05703125
2 0.653125 0.90078125 0.02421875 0.04140625
2 0.5890625 0.98203125 0.03125 0.028125
2 0.86640625 0.36796875 0.0375 0.05078125
2 0.58125 0.72265625 0.121875 0.08828125
2 0.69609375 0.37265625 0.03515625 0.06796875
2 0.46015625 0.09921875 0.03125 0.05390625
2 0.3 0.159375 0.028125 0.03125
2 0.765625 0.04765625 0.04765625 0.05234375
5 0.6265625 0.05546875 0.028125 0.03359375
2 0.3375 0.01875 0.03828125 0.03203125
2 0.21328125 0.77109375 0.04140625 0.06015625
2 0.984375 0.37734375 0.03125 0.046875
2 0.015625 0.8078125 0.03125 0.06484375
2 0.3484375 0.3703125 0.0203125 0.06328125
2 0.3125 0.24140625 0.0203125 0.02265625
2 0.265625 0.4359375 0.040625 0.05546875
2 0.1859375 0.953125 0.02421875 0.03203125
2 0.2921875 0.93125 0.0359375 0.06796875
2 0.871875 0.715625 0.04375 0.05234375
2 0.1890625 0.13515625 0.0171875 0.02265625
2 0.4515625 0.259375 0.02734375 0.03203125
5 0.234375 0.42890625 0.0203125 0.02265625
2 0.953125 0.28984375 0.02109375 0.02421875
2 0.4515625 0.1890625 0.0390625 0.05703125
2 0.38125 0.653125 0.06015625 0.03203125
2 0.4265625 0.4078125 0.04296875 0.09296875
2 0.903125 0.08046875 0.06171875 0.04609375
2 0.4421875 0.84453125 0.0484375 0.05546875
2 0.671875 0.87734375 0.05078125 0.05234375
2 0.4171875 0.61484375 0.02109375 0.03125
2 0.215625 0.64453125 0.06484375 0.06875
5 0.80234375 0.12265625 0.02421875 0.03984375
2 0.021875 0.6734375 0.04375 0.078125
2 0.4015625 0.07890625 0.0515625 0.0375
2 0.9515625 0.16953125 0.0265625 0.065625
2 0.3890625 0.54453125 0.0375 0.06875
2 0.07421875 0.0671875 0.04140625 0.06796875
2 0.028125 0.26875 0.03203125 0.04296875
2 0.25625 0.14296875 0.0390625 0.05625
2 0.3328125 0.528125 0.08359375 0.04609375
2 0.0453125 0.6453125 0.0375 0.04296875
2 0.25625 0.02578125 0.03203125 0.046875
2 0.38515625 0.615625 0.04453125 0.040625
2 0.340625 0.45546875 0.0609375 0.08359375
2 0.153125 0.296875 0.0234375 0.04296875
2 0.4875 0.75859375 0.03203125 0.04453125
2 0.278125 0.66328125 0.05625 0.08203125
2 0.7125 0.85390625 0.02421875 0.028125
5 0.81484375 0.56953125 0.0234375 0.02890625
5 0.7359375 0.4671875 0.028125 0.03671875
5 0.71875 0.7890625 0.02890625 0.040625
2 0.665625 0.49609375 0.03125 0.05390625
5 0.71328125 0.42890625 0.025 0.0375
2 0.43984375 0.75546875 0.05546875 0.03984375
2 0.765625 0.48359375 0.0453125 0.08984375
2 0.7640625 0.8953125 0.11640625 0.06484375
2 0.59453125 0.91328125 0.06875 0.09296875
2 0.4015625 0.22890625 0.02734375 0.02578125
2 0.5390625 0.29453125 0.03046875 0.04921875
5 0.30390625 0.83828125 0.025 0.02890625
5 0.221875 0.68671875 0.021875 0.02734375
2 0.7453125 0.41484375 0.0421875 0.08671875
2 0.39296875 0.940625 0.040625 0.05625
2 0.39921875 0.19609375 0.0484375 0.03515625
2 0.7078125 0.484375 0.0203125 0.02578125
2 0.71171875 0.6546875 0.04609375 0.040625
2 0.8125 0.30234375 0.0203125 0.02734375
2 0.9609375 0.39609375 0.02890625 0.0375
2 0.78125 0.9421875 0.0390625 0.04296875
5 0.278125 0.72265625 0.0234375 0.0375
5 0.609375 0.81171875 0.0171875 0.02421875
5 0.76171875 0.69140625 0.025 0.03359375
2 0.340625 0.88671875 0.0546875 0.07109375
5 0.64609375 0.96328125 0.0265625 0.03359375
5 0.8109375 0.4328125 0.090625 0.153125
5 0.68046875 0.821875 0.02421875 0.03125
5 0.440625 0.64140625 0.0203125 0.03125
2 0.70625 0.52109375 0.04609375 0.05625
5 0.4859375 0.7125 0.0390625 0.04609375
5 0.034375 0.8609375 0.02421875 0.03125
5 0.9140625 0.9015625 0.02734375 0.02734375
2 0.3734375 0.84921875 0.04453125 0.05625
2 0.859375 0.20078125 0.065625 0.05625
5 0.534375 0.97265625 0.0375 0.040625
2 0.3796875 0.97890625 0.065625 0.03359375
2 0.59375 0.82421875 0.0453125 0.06796875
2 0.9671875 0.93125 0.06484375 0.06796875
2 0.840625 0.89765625 0.040625 0.05625
2 0.78828125 0.58828125 0.028125 0.040625
2 0.95859375 0.5921875 0.05078125 0.06015625
2 0.109375 0.29453125 0.040625 0.040625
2 0.00703125 0.178125 0.0140625 0.04140625
2 0.0296875 0.5328125 0.059375 0.16015625
2 0.14921875 0.41484375 0.06484375 0.06328125
2 0.47890625 0.05390625 0.021875 0.02421875
5 0.825 0.0671875 0.0296875 0.0375
5 0.7984375 0.08046875 0.025 0.03046875
5 0.490625 0.43515625 0.0234375 0.028125
5 0.1484375 0.09453125 0.0171875 0.028125
2 0.12109375 0.0515625 0.0484375 0.06328125
2 0.73125 0.02578125 0.0296875 0.040625
2 0.96953125 0.03671875 0.0609375 0.0734375
2 0.20703125 0.3953125 0.03515625 0.06953125
2 0.20625 0.51640625 0.03046875 0.06484375