2 0.1265625 0.6046875 0.11171875 0.12890625
2 0.371875 0.4328125 0.04453125 0.06796875
2 0.525 0.6875 0.0578125 0.084375
3 0.92265625 0.49921875 0.0796875 0.99375
2 0.275 0.03828125 0.07421875 0.06875
2 0.578125 0.66875 0.0625 0.06015625
3 0.28828125 0.721875 0.5765625 0.19609375
0 0.090625 0.93046875 0.10390625 0.1375
2 0.32265625 0.09140625 0.08671875 0.06171875
2 0.76875 0.19765625 0.04453125 0.059375
2 0.875 0.16171875 0.03359375 0.04453125
18 0.46640625 0.5015625 0.9328125 0.996875
2 0.3375 0.0203125 0.0640625 0.040625
2 0.221875 0.965625 0.1234375 0.06875
2 0.1984375 0.0515625 0.0671875 0.103125
2 0.1765625 0.85703125 0.046875 0.05859375
2 0.815625 0.03046875 0.0453125 0.06015625
2 0.721875 0.04921875 0.046875 0.06328125