2 0.2328125 0.62890625 0.01015625 0.02890625
2 0.365625 0.76796875 0.06328125 0.0375
2 0.37890625 0.890625 0.02421875 0.028125
2 0.4734375 0.8265625 0.04375 0.059375
2 0.56796875 0.0375 0.04140625 0.07265625
2 0.6140625 0.03046875 0.01796875 0.03046875
2 0.98203125 0.54609375 0.0140625 0.02421875
2 0.784375 0.653125 0.01953125 0.03515625
2 0.98828125 0.6921875 0.0234375 0.02734375
2 0.56875 0.2015625 0.0375 0.03203125
2 0.7484375 0.4796875 0.02421875 0.03203125
2 0.78984375 0.475 0.01953125 0.03359375
2 0.8671875 0.309375 0.03359375 0.02890625
2 0.8125 0.55625 0.02421875 0.02421875
2 0.51953125 0.04140625 0.0234375 0.03515625
2 0.90859375 0.51171875 0.02734375 0.040625
2 0.8140625 0.41015625 0.03203125 0.05546875
2 0.3640625 0.91171875 0.02109375 0.02578125
2 0.4828125 0.9171875 0.021875 0.02578125
2 0.3 0.04921875 0.02734375 0.03984375
2 0.446875 0.0578125 0.0265625 0.05390625
2 0.67421875 0.14140625 0.021875 0.03203125
2 0.746875 0.27421875 0.03359375 0.02890625
2 0.7703125 0.21953125 0.0203125 0.04453125
2 0.9171875 0.3171875 0.028125 0.04296875
2 0.871875 0.52890625 0.01953125 0.04140625
2 0.8234375 0.62265625 0.0234375 0.0375
2 0.946875 0.78984375 0.0234375 0.04140625
2 0.8390625 0.74765625 0.0296875 0.03125
2 0.48671875 0.89453125 0.021875 0.03359375
2 0.125 0.65078125 0.02734375 0.02734375
2 0.3984375 0.2140625 0.0265625 0.03671875
2 0.5890625 0.31953125 0.05546875 0.12421875
2 0.59453125 0.140625 0.03671875 0.05546875
2 0.6515625 0.36640625 0.03046875 0.03515625
2 0.81875 0.36796875 0.04609375 0.03984375
2 0.90625 0.56171875 0.0265625 0.03046875
2 0.98125 0.78984375 0.034375 0.05078125
2 0.63046875 0.50078125 0.04765625 0.07421875
2 0.471875 0.553125 0.01640625 0.01953125
2 0.28828125 0.28203125 0.0203125 0.02578125
2 0.953125 0.31953125 0.02734375 0.04453125
2 0.76171875 0.51484375 0.025 0.059375
2 0.809375 0.5140625 0.01953125 0.02578125
2 0.88125 0.74375 0.0203125 0.03359375
2 0.2046875 0.884375 0.021875 0.04609375
2 0.690625 0.1578125 0.02109375 0.03125
2 0.9828125 0.72265625 0.02734375 0.03515625
2 0.2859375 0.98203125 0.025 0.03125
2 0.409375 0.1359375 0.02890625 0.05390625
2 0.8296875 0.47421875 0.025 0.03671875
2 0.3390625 0.16484375 0.025 0.03515625
2 0.36953125 0.090625 0.0390625 0.06015625
2 0.8453125 0.42109375 0.0265625 0.03203125
2 0.66875 0.2890625 0.02421875 0.0375
2 0.271875 0.04453125 0.0203125 0.03125
2 0.97421875 0.6546875 0.02109375 0.02734375
2 0.8828125 0.79453125 0.03203125 0.0375
2 0.2453125 0.38125 0.02734375 0.03359375
2 0.2328125 0.2015625 0.0203125 0.03203125
2 0.01328125 0.865625 0.0265625 0.05078125
2 0.7421875 0.03046875 0.03203125 0.03984375
2 0.6765625 0.9859375 0.0234375 0.02265625
2 0.5984375 0.96328125 0.02109375 0.02578125
2 0.58203125 0.9625 0.01953125 0.021875
2 0.50625 0.94453125 0.0203125 0.03828125
2 0.65703125 0.7828125 0.01640625 0.02265625
2 0.0953125 0.10859375 0.06015625 0.06484375
2 0.33828125 0.359375 0.02734375 0.03984375
2 0.2453125 0.9125 0.03046875 0.04765625
2 0.80625 0.94921875 0.03125 0.04296875
2 0.53125 0.9671875 0.02421875 0.03359375
2 0.5484375 0.68125 0.0234375 0.02421875
2 0.5421875 0.64765625 0.02734375 0.028125
2 0.1953125 0.31953125 0.02890625 0.03515625
2 0.1265625 0.50234375 0.0390625 0.03203125
2 0.16171875 0.15703125 0.025 0.03203125
2 0.1859375 0.51171875 0.025 0.03046875
2 0.3890625 0.41875 0.0375 0.06015625
2 0.25234375 0.68671875 0.01953125 0.021875
2 0.03828125 0.80546875 0.021875 0.03203125
2 0.6328125 0.8546875 0.04140625 0.10234375
2 0.46484375 0.7578125 0.02421875 0.02421875
2 0.44765625 0.72578125 0.02421875 0.040625
14 0.49375 0.60546875 0.46484375 0.30234375
0 0.26875 0.6734375 0.01796875 0.04296875
2 0.20625 0.28359375 0.0234375 0.03515625
2 0.259375 0.8796875 0.028125 0.028125
2 0.88203125 0.91875 0.03828125 0.05546875
2 0.459375 0.62734375 0.0234375 0.046875
2 0.128125 0.34296875 0.0265625 0.04609375
2 0.115625 0.21953125 0.02265625 0.02734375
2 0.25859375 0.22734375 0.025 0.03828125
2 0.1578125 0.80078125 0.0265625 0.03359375
2 0.56796875 0.58984375 0.02109375 0.03359375
2 0.6546875 0.75234375 0.02421875 0.028125
2 0.434375 0.25703125 0.065625 0.05703125
2 0.3015625 0.43046875 0.0359375 0.04140625
2 0.6546875 0.60390625 0.0203125 0.02734375
2 0.31875 0.834375 0.028125 0.03203125
0 0.2875 0.59765625 0.01328125 0.028125
2 0.046875 0.48046875 0.0546875 0.065625
2 0.3296875 0.471875 0.02421875 0.02890625
2 0.1484375 0.20078125 0.025 0.02578125
2 0.2125 0.6921875 0.03046875 0.03046875
2 0.4234375 0.62734375 0.03046875 0.03359375
2 0.95859375 0.95390625 0.0265625 0.04140625
2 0.253125 0.73828125 0.03359375 0.02421875
2 0.16796875 0.25546875 0.0296875 0.05078125
2 0.27421875 0.30625 0.02421875 0.02890625
2 0.4796875 0.2 0.03125 0.021875
2 0.4140625 0.71328125 0.0234375 0.02578125
2 0.6296875 0.97734375 0.02734375 0.03203125
16 0.88046875 0.14921875 0.2390625 0.29609375
2 0.14140625 0.57578125 0.0234375 0.05390625