2 0.0984375 0.4984375 0.01953125 0.0375
2 0.4796875 0.7359375 0.04296875 0.07421875
2 0.4171875 0.81640625 0.01328125 0.02578125
2 0.17265625 0.3125 0.0171875 0.03125
0 0.95546875 0.05078125 0.03203125 0.02890625
2 0.8453125 0.68203125 0.034375 0.03984375
2 0.76953125 0.7078125 0.025 0.02578125
2 0.340625 0.69140625 0.02421875 0.03359375
2 0.1265625 0.98203125 0.03046875 0.02734375
2 0.24453125 0.609375 0.02734375 0.02265625
2 0.11796875 0.80703125 0.0265625 0.03359375
2 0.03828125 0.44296875 0.03046875 0.04453125
16 0.87578125 0.8203125 0.2484375 0.35
2 0.7421875 0.63828125 0.025 0.028125
2 0.45 0.13671875 0.02421875 0.040625
2 0.30703125 0.53984375 0.0234375 0.02890625
2 0.2390625 0.8125 0.021875 0.02578125
2 0.24453125 0.89296875 0.08203125 0.03359375
0 0.21015625 0.37578125 0.0390625 0.02578125
2 0.1828125 0.53203125 0.0375 0.06796875
2 0.234375 0.64453125 0.01328125 0.03671875
2 0.60078125 0.82890625 0.02421875 0.02890625
0 0.26796875 0.3671875 0.0203125 0.021875
3 0.96640625 0.3421875 0.0671875 0.09375
2 0.06875 0.44296875 0.02421875 0.03671875
2 0.19140625 0.68828125 0.04609375 0.05078125
2 0.14609375 0.88046875 0.021875 0.04609375
2 0.1453125 0.92890625 0.028125 0.03515625
2 0.296875 0.88515625 0.0265625 0.02265625
2 0.240625 0.56328125 0.02109375 0.03671875
2 0.390625 0.7015625 0.0265625 0.02421875
2 0.3171875 0.5828125 0.034375 0.02265625
2 0.109375 0.59453125 0.0234375 0.03046875
2 0.01015625 0.52421875 0.0203125 0.0375
2 0.0953125 0.86328125 0.021875 0.03515625
2 0.3171875 0.86953125 0.01640625 0.02890625
2 0.3765625 0.56796875 0.01953125 0.028125
2 0.0328125 0.66171875 0.02265625 0.02421875
2 0.13125 0.73515625 0.02109375 0.03515625
2 0.15 0.73203125 0.01953125 0.03515625
14 0.3140625 0.60546875 0.31953125 0.47734375
2 0.51875 0.4265625 0.01484375 0.03125
2 0.32265625 0.71484375 0.03203125 0.02421875
2 0.9203125 0.01640625 0.021875 0.02421875
2 0.775 0.29140625 0.01484375 0.021875
2 0.77265625 0.08515625 0.02734375 0.03671875
2 0.75625 0.15078125 0.028125 0.03125
2 0.6859375 0.125 0.02421875 0.021875
2 0.678125 0.07890625 0.01796875 0.02734375
2 0.784375 0.1515625 0.028125 0.03203125
2 0.65390625 0.25625 0.0390625 0.046875
2 0.78828125 0.47421875 0.06640625 0.05234375
2 0.7953125 0.525 0.02109375 0.028125
2 0.65234375 0.07890625 0.01796875 0.02734375
2 0.6515625 0.153125 0.01953125 0.03515625
2 0.7484375 0.41640625 0.02734375 0.02265625
2 0.7875 0.18046875 0.01953125 0.01875
2 0.5875 0.25 0.028125 0.02734375
2 0.6421875 0.11953125 0.02109375 0.02421875
2 0.9734375 0.078125 0.053125 0.14296875
2 0.39765625 0.1109375 0.0234375 0.028125
2 0.5109375 0.17421875 0.0265625 0.02890625
2 0.5796875 0.9703125 0.025 0.040625
2 0.71328125 0.55078125 0.0390625 0.02421875
2 0.6046875 0.27578125 0.03046875 0.03515625
2 0.846875 0.23671875 0.0234375 0.02421875
2 0.8484375 0.44375 0.02734375 0.06171875
2 0.978125 0.18515625 0.03359375 0.03359375
2 0.4890625 0.23203125 0.025 0.02890625
2 0.465625 0.23046875 0.0171875 0.02578125
2 0.2171875 0.1828125 0.02265625 0.02734375
2 0.896875 0.64453125 0.040625 0.03828125
2 0.7375 0.67109375 0.02421875 0.02734375
2 0.640625 0.6984375 0.03359375 0.03125
2 0.5609375 0.92421875 0.021875 0.01796875
2 0.54296875 0.875 0.02109375 0.04296875
2 0.58671875 0.6140625 0.0765625 0.08359375
2 0.578125 0.33828125 0.0203125 0.03671875
2 0.6390625 0.31953125 0.053125 0.046875
2 0.81640625 0.3046875 0.028125 0.03671875
2 0.90703125 0.10625 0.040625 0.05625
2 0.0390625 0.3828125 0.02421875 0.02421875
2 0.0796875 0.29453125 0.02109375 0.02734375
2 0.284375 0.19921875 0.0265625 0.02578125
2 0.271875 0.13671875 0.03125 0.04453125
2 0.5625 0.40078125 0.0515625 0.07109375
2 0.51953125 0.90546875 0.03359375 0.03125
2 0.6109375 0.92421875 0.03515625 0.05
2 0.71953125 0.14609375 0.0203125 0.02265625
2 0.9390625 0.47734375 0.0234375 0.040625
2 0.8859375 0.5125 0.07890625 0.11953125
2 0.6578125 0.53984375 0.03125 0.046875
2 0.709375 0.33515625 0.03203125 0.04453125
2 0.8953125 0.33359375 0.02890625 0.03515625
2 0.4203125 0.134375 0.02734375 0.040625
2 0.59140625 0.94453125 0.02109375 0.02421875
2 0.70703125 0.9453125 0.02109375 0.03359375
2 0.728125 0.79296875 0.03125 0.021875
2 0.7640625 0.625 0.0203125 0.03203125
2 0.43359375 0.40703125 0.0484375 0.0375
2 0.9609375 0.5953125 0.0265625 0.02421875
2 0.546875 0.96015625 0.02265625 0.02265625
2 0.6765625 0.78203125 0.03125 0.02421875
2 0.3828125 0.06640625 0.03125 0.04453125
2 0.4015625 0.2203125 0.0203125 0.02734375
2 0.45546875 0.07734375 0.03203125 0.04453125
2 0.45625 0.328125 0.02421875 0.03203125
2 0.1234375 0.4984375 0.01796875 0.02734375
5 0.04921875 0.01171875 0.0265625 0.021875
2 0.028125 0.14609375 0.03125 0.03203125
2 0.390625 0.3125 0.03046875 0.05
2 0.4828125 0.0328125 0.025 0.03359375
2 0.25625 0.02578125 0.06015625 0.05
2 0.37734375 0.36796875 0.02890625 0.02265625
2 0.98359375 0.575 0.0328125 0.078125
2 0.4375 0.98671875 0.034375 0.021875
2 0.6671875 0.7578125 0.01953125 0.02734375
2 0.159375 0.38671875 0.021875 0.03671875
2 0.171875 0.1921875 0.0203125 0.03203125
2 0.2375 0.17421875 0.02421875 0.02578125
2 0.515625 0.13203125 0.03046875 0.02578125
2 0.61875 0.96796875 0.021875 0.02265625
2 0.6453125 0.9140625 0.02734375 0.059375
2 0.58046875 0.71015625 0.02421875 0.03125
2 0.94296875 0.57109375 0.0234375 0.03203125