14 0.484375 0.31171875 0.653125 0.61875
2 0.85390625 0.625 0.0484375 0.075
2 0.57578125 0.84140625 0.0703125 0.08828125
2 0.234375 0.54375 0.040625 0.084375
2 0.0171875 0.1109375 0.034375 0.053125
2 0.34453125 0.26015625 0.03671875 0.05546875
2 0.5515625 0.21796875 0.11484375 0.17578125
2 0.90625 0.171875 0.18671875 0.34140625
2 0.48203125 0.80703125 0.05234375 0.07421875
2 0.653125 0.84296875 0.065625 0.07890625
2 0.9703125 0.48671875 0.04609375 0.05703125
2 0.121875 0.409375 0.04453125 0.08203125
2 0.6921875 0.33984375 0.06015625 0.06484375
2 0.45 0.42421875 0.053125 0.06015625
2 0.684375 0.50234375 0.06328125 0.065625
2 0.12734375 0.5765625 0.065625 0.08046875
2 0.3796875 0.453125 0.1046875 0.18359375
2 0.4671875 0.71484375 0.040625 0.06171875
2 0.5859375 0.91953125 0.0546875 0.08046875
2 0.86875 0.87109375 0.26171875 0.253125
2 0.140625 0.68046875 0.04375 0.06796875
2 0.40625 0.71953125 0.06640625 0.10546875
2 0.9765625 0.6890625 0.040625 0.05234375
2 0.546875 0.50546875 0.05234375 0.10546875
2 0.7453125 0.19140625 0.03515625 0.05
2 0.45 0.16171875 0.1421875 0.31015625
2 0.278125 0.9046875 0.128125 0.18203125