2 0.30625 0.0578125 0.05625 0.11328125
2 0.56328125 0.35390625 0.05859375 0.07109375
2 0.4734375 0.75703125 0.03203125 0.04140625
2 0.68046875 0.9765625 0.0859375 0.046875
2 0.49609375 0.94453125 0.03046875 0.028125
2 0.6328125 0.6609375 0.0296875 0.05234375
2 0.19375 0.490625 0.0375 0.05703125
2 0.5453125 0.26015625 0.021875 0.03125
2 0.49375 0.253125 0.02734375 0.03359375
2 0.11171875 0.546875 0.02421875 0.03203125
2 0.0671875 0.57265625 0.034375 0.034375
2 0.84375 0.31796875 0.01875 0.01796875
2 0.5484375 0.70859375 0.02265625 0.02734375
2 0.03359375 0.6203125 0.01953125 0.028125
2 0.434375 0.9125 0.025 0.0375
2 0.7015625 0.18515625 0.03203125 0.03359375
2 0.45625 0.06015625 0.03203125 0.04453125
2 0.78515625 0.2125 0.03046875 0.0375
2 0.5296875 0.04140625 0.03359375 0.03359375
2 0.72421875 0.67109375 0.02734375 0.03828125
2 0.3625 0.9140625 0.0296875 0.04296875
2 0.9375 0.61640625 0.025 0.02578125
2 0.94296875 0.48125 0.02734375 0.040625
2 0.2375 0.43515625 0.0234375 0.03125
2 0.58046875 0.20703125 0.0484375 0.06484375
2 0.240625 0.9546875 0.05546875 0.06328125
2 0.31640625 0.7234375 0.14375 0.16796875
2 0.6234375 0.43359375 0.0484375 0.084375
2 0.26328125 0.02109375 0.0296875 0.03359375
2 0.384375 0.59140625 0.06953125 0.10625
2 0.921875 0.1578125 0.07265625 0.05546875
2 0.9078125 0.01875 0.01953125 0.02890625
2 0.628125 0.21796875 0.03359375 0.03671875
5 0.47265625 0.54296875 0.1046875 0.12578125
2 0.1734375 0.57578125 0.08984375 0.11796875
5 0.0625 0.46640625 0.1171875 0.12265625
3 0.61328125 0.684375 0.271875 0.55078125
2 0.7515625 0.02890625 0.0421875 0.05546875
2 0.95234375 0.92890625 0.0296875 0.034375
2 0.15625 0.8734375 0.0359375 0.03515625
2 0.0765625 0.43125 0.10078125 0.09765625
3 0.084375 0.11953125 0.09453125 0.23203125
2 0.3890625 0.47734375 0.10703125 0.125
2 0.8234375 0.4765625 0.04140625 0.053125
2 0.753125 0.11953125 0.096875 0.08046875
2 0.44375 0.81484375 0.01484375 0.02265625
2 0.6875 0.78359375 0.02734375 0.04296875
3 0.0515625 0.91484375 0.10234375 0.16796875
2 0.834375 0.5625 0.03203125 0.05546875
2 0.178125 0.33671875 0.0390625 0.06875
2 0.2578125 0.47890625 0.0390625 0.04609375
2 0.496875 0.146875 0.04375 0.08203125
3 0.29765625 0.86953125 0.3546875 0.25703125
2 0.9359375 0.34296875 0.1234375 0.14453125
3 0.8234375 0.94453125 0.05 0.10390625
2 0.6125 0.12109375 0.04375 0.05
2 0.253125 0.37109375 0.04453125 0.02890625
2 0.79296875 0.72421875 0.01484375 0.021875
2 0.66796875 0.4234375 0.01953125 0.03046875
10 0.340625 0.22890625 0.128125 0.4578125