2 0.675 0.82421875 0.0515625 0.040625
2 0.6296875 0.11875 0.07890625 0.11953125
2 0.7859375 0.09609375 0.2578125 0.18671875
2 0.0328125 0.0703125 0.065625 0.13359375
2 0.1671875 0.24296875 0.06328125 0.07421875
2 0.6671875 0.29453125 0.059375 0.059375
2 0.28671875 0.64609375 0.0921875 0.09609375
2 0.09140625 0.49765625 0.053125 0.05390625
2 0.73671875 0.7875 0.1109375 0.1375
2 0.03828125 0.37109375 0.0359375 0.02734375
2 0.0328125 0.32578125 0.040625 0.046875
2 0.8234375 0.50859375 0.0546875 0.0875
2 0.9578125 0.62734375 0.06328125 0.12421875
2 0.5765625 0.9484375 0.065625 0.04453125
2 0.271875 0.48359375 0.08359375 0.05390625
2 0.0546875 0.66015625 0.06796875 0.05625
2 0.8765625 0.67578125 0.09765625 0.08125
2 0.95859375 0.4359375 0.0828125 0.09765625
3 0.18828125 0.54765625 0.21171875 0.55
2 0.04296875 0.74375 0.0859375 0.07109375
2 0.38125 0.9390625 0.18984375 0.10625
2 0.9578125 0.09140625 0.04296875 0.09921875
2 0.0828125 0.21953125 0.02734375 0.040625
2 0.4578125 0.87265625 0.0203125 0.01328125
2 0.90625 0.97265625 0.01484375 0.01484375
2 0.97578125 0.79921875 0.0484375 0.07265625
2 0.5671875 0.809375 0.04375 0.06171875
2 0.48671875 0.75703125 0.153125 0.10234375
2 0.57265625 0.87109375 0.0359375 0.05078125
3 0.96875 0.2484375 0.06171875 0.115625
2 0.325 0.45390625 0.03203125 0.06796875
3 0.5796875 0.096875 0.03125 0.04296875
2 0.01328125 0.24375 0.0265625 0.02265625
2 0.390625 0.7671875 0.02109375 0.04609375
2 0.59921875 0.02578125 0.01484375 0.028125
2 0.04921875 0.821875 0.0421875 0.06015625
2 0.0890625 0.98125 0.046875 0.0375
2 0.059375 0.89609375 0.0578125 0.05390625
2 0.75 0.31484375 0.08203125 0.09375
2 0.784375 0.2 0.09296875 0.08359375
2 0.371875 0.57421875 0.03046875 0.03125
2 0.8421875 0.91484375 0.05625 0.13984375
2 0.96953125 0.9125 0.0609375 0.153125
2 0.1375 0.05625 0.11328125 0.1
2 0.5171875 0.38671875 0.2625 0.4125
2 0.6796875 0.390625 0.08203125 0.125
3 0.80234375 0.615625 0.3953125 0.2875
2 0.178125 0.3046875 0.065625 0.05234375
2 0.2546875 0.9046875 0.0421875 0.06171875
2 0.54140625 0.078125 0.021875 0.02890625
2 0.4546875 0.6171875 0.1046875 0.06953125
2 0.04765625 0.1875 0.01953125 0.01484375
4 0.47578125 0.371875 0.9296875 0.74375
2 0.3703125 0.171875 0.25625 0.33671875
2 0.21328125 0.50859375 0.03359375 0.05703125
2 0.80390625 0.32578125 0.025 0.046875
2 0.365625 0.46953125 0.0546875 0.10546875