2 0.8421875 0.15078125 0.03125 0.06796875
2 0.75 0.9796875 0.03828125 0.02890625
2 0.6953125 0.30703125 0.0546875 0.06875
0 0.0390625 0.65078125 0.0515625 0.11015625
2 0.4796875 0.80546875 0.12890625 0.11015625
2 0.265625 0.5421875 0.05625 0.06015625
2 0.446875 0.12890625 0.034375 0.059375
2 0.046875 0.46015625 0.03203125 0.02890625
2 0.4671875 0.97734375 0.03828125 0.0375
0 0.125 0.0625 0.121875 0.11484375
2 0.5421875 0.9625 0.05078125 0.06171875
2 0.85625 0.43125 0.09375 0.06953125
0 0.05625 0.74140625 0.040625 0.06328125
2 0.415625 0.16171875 0.02421875 0.03125
2 0.6546875 0.69453125 0.06953125 0.11640625
2 0.384375 0.80078125 0.0765625 0.15625
2 0.9015625 0.53203125 0.05859375 0.06328125
2 0.05234375 0.23828125 0.046875 0.08515625
2 0.375 0.6734375 0.02890625 0.08671875
2 0.171875 0.41953125 0.05234375 0.10234375
2 0.13203125 0.74296875 0.034375 0.03515625
2 0.57421875 0.47421875 0.01484375 0.02265625
2 0.025 0.36953125 0.02734375 0.04609375
2 0.628125 0.02890625 0.06875 0.04140625
2 0.703125 0.18359375 0.05078125 0.06953125
2 0.76953125 0.19453125 0.03515625 0.071875
2 0.37109375 0.93203125 0.03046875 0.03359375
2 0.92421875 0.878125 0.04453125 0.04453125
2 0.2328125 0.57421875 0.04765625 0.06953125
2 0.071875 0.99375 0.025 0.0125
2 0.21875 0.128125 0.04765625 0.06328125
2 0.7734375 0.38671875 0.0625 0.05
2 0.990625 0.11953125 0.01796875 0.059375
2 0.5734375 0.14296875 0.02890625 0.034375
2 0.34375 0.60234375 0.06796875 0.06875
2 0.8296875 0.33203125 0.059375 0.06796875
2 0.215625 0.325 0.11328125 0.12578125
2 0.7375 0.76484375 0.0703125 0.19921875
2 0.965625 0.95390625 0.03125 0.03515625
4 0.62265625 0.46875 0.7546875 0.859375
2 0.3359375 0.21015625 0.03515625 0.04453125
2 0.621875 0.83046875 0.18828125 0.19921875