2 0.4609375 0.88828125 0.05859375 0.06171875
2 0.8515625 0.45859375 0.0875 0.07265625
4 0.609375 0.58046875 0.78125 0.48203125
2 0.5921875 0.69375 0.040625 0.04765625
2 0.409375 0.82578125 0.05234375 0.03984375
2 0.8984375 0.15078125 0.20234375 0.296875
2 0.4578125 0.1109375 0.11328125 0.14921875
2 0.2828125 0.971875 0.065625 0.0375
2 0.61796875 0.08515625 0.14296875 0.13359375
2 0.746875 0.07265625 0.12109375 0.1375
2 0.33515625 0.79296875 0.08203125 0.12578125
2 0.81875 0.25859375 0.040625 0.05546875
2 0.73984375 0.84921875 0.5203125 0.2921875
2 0.35703125 0.89609375 0.0828125 0.10234375
2 0.97578125 0.34453125 0.0484375 0.084375
2 0.22109375 0.9265625 0.10546875 0.140625
2 0.73125 0.3640625 0.0453125 0.04921875
2 0.19296875 0.765625 0.21875 0.21640625
2 0.6109375 0.31796875 0.23046875 0.32265625
2 0.08203125 0.85390625 0.1640625 0.28828125
2 0.75078125 0.446875 0.03046875 0.05234375
2 0.32421875 0.64375 0.11796875 0.16640625
2 0.8125 0.7453125 0.04140625 0.04140625
2 0.3578125 0.9703125 0.09453125 0.05078125
2 0.12265625 0.43671875 0.2453125 0.41953125
2 0.440625 0.66953125 0.08671875 0.17109375
2 0.4546875 0.2984375 0.11171875 0.25
2 0.9296875 0.475 0.05234375 0.04453125
2 0.2015625 0.178125 0.40234375 0.35625
2 0.72734375 0.74296875 0.02734375 0.0375
2 0.8875 0.3515625 0.07890625 0.08203125
2 0.90390625 0.53046875 0.0390625 0.06015625
2 0.746875 0.30859375 0.0515625 0.084375