2 0.58125 0.41640625 0.18359375 0.26875
2 0.06875 0.06875 0.05859375 0.08828125
2 0.41484375 0.48359375 0.0859375 0.08203125
2 0.34140625 0.04375 0.04921875 0.084375
2 0.8265625 0.2671875 0.02890625 0.04609375
2 0.521875 0.21171875 0.08046875 0.30859375
2 0.51796875 0.39765625 0.028125 0.065625
2 0.4328125 0.13359375 0.11796875 0.26484375
1 0.5 0.56484375 1 0.21171875
2 0.6265625 0.65546875 0.14296875 0.15078125
2 0.94609375 0.64921875 0.1078125 0.18046875
2 0.63203125 0.02265625 0.0765625 0.04296875
2 0.29921875 0.42890625 0.13515625 0.13984375
2 0.7015625 0.42421875 0.0734375 0.09296875
2 0.9546875 0.83046875 0.04609375 0.04921875
2 0.8421875 0.4390625 0.146875 0.16015625
2 0.690625 0.71484375 0.1796875 0.21875
3 0.9546875 0.19765625 0.08984375 0.39296875
2 0.22890625 0.159375 0.228125 0.315625
2 0.6984375 0.0796875 0.03125 0.04453125
2 0.4796875 0.36796875 0.03359375 0.04296875
2 0.08828125 0.33984375 0.10625 0.16328125
2 0.9203125 0.7140625 0.0515625 0.07734375
2 0.0109375 0.06015625 0.021875 0.05390625
2 0.46953125 0.75546875 0.096875 0.28125
2 0.1703125 0.85859375 0.340625 0.28046875
2 0.590625 0.89921875 0.1171875 0.16953125
2 0.4171875 0.40234375 0.0375 0.05703125
2 0.53515625 0.8015625 0.08046875 0.20546875
2 0.765625 0.92578125 0.0171875 0.02578125
2 0.71875 0.2359375 0.05859375 0.06875
2 0.2078125 0.35703125 0.12421875 0.07890625
2 0.565625 0.1734375 0.04296875 0.04609375