2 0.68359375 0.28046875 0.028125 0.04453125
3 0.48125 0.83828125 0.0984375 0.26015625
0 0.98515625 0.584375 0.0296875 0.23125
0 0.71875 0.47578125 0.03203125 0.0375
2 0.046875 0.0328125 0.05078125 0.065625
0 0.6828125 0.7140625 0.03125 0.03671875
0 0.0328125 0.32109375 0.03203125 0.03203125
2 0.684375 0.203125 0.021875 0.0375
3 0.68203125 0.88984375 0.0515625 0.07265625
2 0.0796875 0.65703125 0.01796875 0.021875
2 0.14453125 0.37265625 0.0234375 0.03359375
2 0.12109375 0.66328125 0.02421875 0.028125
2 0.04375 0.9015625 0.065625 0.078125
2 0.58359375 0.2484375 0.0359375 0.0375
0 0.484375 0.36953125 0.20859375 0.22578125
2 0.71875 0.39453125 0.06328125 0.06328125
0 0.19609375 0.98359375 0.0453125 0.02890625
3 0.59375 0.83046875 0.18828125 0.08203125
2 0.72734375 0.51640625 0.0234375 0.04140625
2 0.746875 0.2 0.0390625 0.12421875
2 0.915625 0.62109375 0.03203125 0.02421875
0 0.22109375 0.81328125 0.025 0.04140625
2 0.721875 0.44453125 0.02421875 0.028125
3 0.17734375 0.2890625 0.07265625 0.11015625
2 0.2796875 0.42578125 0.03671875 0.05
2 0.5703125 0.4546875 0.028125 0.05859375
2 0.6484375 0.51171875 0.05625 0.06015625
2 0.20625 0.4890625 0.096875 0.153125
2 0.7921875 0.05703125 0.03125 0.03671875
2 0.64921875 0.571875 0.028125 0.04140625
3 0.3203125 0.18046875 0.02890625 0.15703125
2 0.321875 0.79921875 0.0234375 0.02734375
3 0.8 0.46953125 0.08046875 0.37578125
2 0.9234375 0.01484375 0.05625 0.02890625
2 0.99140625 0.903125 0.0171875 0.0375
0 0.496875 0.61796875 0.0375 0.05
2 0.903125 0.8859375 0.103125 0.11328125
2 0.35234375 0.76640625 0.01953125 0.02734375
0 0.5625 0.97109375 0.02734375 0.046875
2 0.5140625 0.52578125 0.05234375 0.06015625
3 0.24296875 0.93671875 0.19921875 0.12109375
2 0.9453125 0.68203125 0.0203125 0.02578125
2 0.625 0.65859375 0.03359375 0.04609375
0 0.328125 0.9515625 0.103125 0.09375
2 0.134375 0.4390625 0.02265625 0.046875
8 0.45546875 0.49140625 0.06484375 0.09609375
2 0.090625 0.79296875 0.0234375 0.05078125
3 0.2671875 0.70078125 0.13203125 0.18671875
2 0.6109375 0.71953125 0.01484375 0.02578125
2 0.43828125 0.86328125 0.034375 0.03671875
2 0.25390625 0.78203125 0.02421875 0.02890625
2 0.6546875 0.07890625 0.02265625 0.04765625
2 0.28203125 0.94375 0.03046875 0.05078125
0 0.5546875 0.890625 0.04609375 0.06875
2 0.61953125 0.43515625 0.01953125 0.01484375
2 0.35625 0.71796875 0.053125 0.02890625
0 0.6703125 0.4125 0.06796875 0.10234375
2 0.04921875 0.75234375 0.0140625 0.03515625
2 0.2296875 0.62734375 0.0703125 0.075
2 0.0046875 0.91640625 0.009375 0.03671875
3 0.084375 0.71484375 0.11328125 0.04609375
2 0.7921875 0.796875 0.0265625 0.0375
2 0.1109375 0.91171875 0.0375 0.040625
3 0.63125 0.33671875 0.096875 0.05
2 0.015625 0.7875 0.03125 0.05625
3 0.5609375 0.775 0.10859375 0.44296875
0 0.16171875 0.60234375 0.12578125 0.21640625
2 0.04140625 0.95859375 0.021875 0.04140625
2 0.8984375 0.49296875 0.03125 0.05625
2 0.0765625 0.98828125 0.04609375 0.01953125
2 0.1 0.378125 0.05546875 0.04140625
2 0.9171875 0.075 0.05390625 0.04609375
2 0.9734375 0.77890625 0.053125 0.03671875
0 0.48671875 0.33828125 0.08671875 0.06015625
2 0.22890625 0.11796875 0.04453125 0.0875
2 0.0390625 0.465625 0.059375 0.08984375
2 0.79375 0.75234375 0.02421875 0.03671875
2 0.009375 0.28203125 0.01796875 0.07421875
2 0.28984375 0.85546875 0.08203125 0.07421875
2 0.6078125 0.26484375 0.0234375 0.0375
2 0.89375 0.13359375 0.03203125 0.03828125
0 0.76875 0.5296875 0.03671875 0.03203125
0 0.59375 0.51015625 0.03125 0.05
2 0.690625 0.33359375 0.021875 0.046875
0 0.121875 0.96015625 0.01640625 0.01796875
2 0.06875 0.534375 0.04140625 0.03671875
2 0.00859375 0.66015625 0.0171875 0.021875
2 0.59140625 0.690625 0.0453125 0.05078125
2 0.9078125 0.5828125 0.01484375 0.04453125
2 0.73671875 0.9015625 0.0359375 0.059375
2 0.60625 0.38828125 0.025 0.040625
2 0.89921875 0.340625 0.040625 0.084375
2 0.921875 0.46328125 0.02734375 0.03203125
2 0.7234375 0.36015625 0.02109375 0.01875
2 0.1578125 0.05859375 0.0265625 0.046875
2 0.740625 0.97265625 0.0390625 0.046875
3 0.91015625 0.815625 0.10703125 0.2875
2 0.87265625 0.42109375 0.053125 0.05390625
2 0.15078125 0.17109375 0.01484375 0.04609375
3 0.796875 0.92890625 0.08671875 0.134375
0 0.46875 0.9328125 0.04140625 0.09921875
2 0.1078125 0.88203125 0.02890625 0.02265625
0 0.7625 0.73671875 0.09921875 0.25390625
2 0.1265625 0.13828125 0.021875 0.04609375
2 0.065625 0.33984375 0.021875 0.02421875
2 0.8578125 0.62265625 0.07578125 0.12421875
2 0.9453125 0.1328125 0.05390625 0.06953125
0 0.97578125 0.87265625 0.04609375 0.16328125
2 0.74375 0.66484375 0.02734375 0.0375
3 0.0484375 0.2546875 0.06640625 0.109375
0 0.396875 0.53046875 0.04453125 0.04140625
2 0.3453125 0.81484375 0.01796875 0.02890625
2 0.68203125 0.6359375 0.0390625 0.075
2 0.353125 0.2703125 0.1 0.08671875
0 0.959375 0.36796875 0.08046875 0.17890625
2 0.6890625 0.13828125 0.02265625 0.04765625
2 0.6234375 0.9125 0.06875 0.06953125
0 0.40625 0.75234375 0.03828125 0.14140625
2 0.3171875 0.35703125 0.08671875 0.07421875
2 0.365625 0.8328125 0.01484375 0.028125
2 0.91640625 0.20078125 0.03828125 0.06328125
0 0.35 0.4796875 0.0703125 0.12890625
2 0.6078125 0.15546875 0.0453125 0.08203125
2 0.284375 0.2921875 0.01484375 0.028125
2 0.09375 0.07890625 0.02109375 0.0375
2 0.92265625 0.52109375 0.0234375 0.04921875
2 0.89921875 0.7671875 0.0203125 0.02734375
2 0.0203125 0.11015625 0.040625 0.0453125
2 0.065625 0.77421875 0.025 0.02890625
0 0.1921875 0.75859375 0.03671875 0.05234375
2 0.53828125 0.35234375 0.021875 0.0375
2 0.7203125 0.05703125 0.08046875 0.0875
0 0.009375 0.703125 0.01875 0.0375
2 0.84375 0.2078125 0.0734375 0.084375
0 0.8578125 0.96953125 0.06953125 0.05390625
2 0.15625 0.93984375 0.02734375 0.03828125
3 0.11953125 0.83359375 0.134375 0.03125
2 0.209375 0.03828125 0.03125 0.0765625
2 0.159375 0.26796875 0.0453125 0.075
2 0.2890625 0.7109375 0.02734375 0.05390625
2 0.8046875 0.15546875 0.06015625 0.05859375
2 0.85625 0.01796875 0.0359375 0.03359375
2 0.61875 0.08359375 0.025 0.02421875
0 0.11171875 0.16640625 0.021875 0.071875
2 0.2328125 0.30546875 0.03515625 0.05078125
2 0.440625 0.57421875 0.0734375 0.04765625
2 0.7828125 0.4125 0.03828125 0.078125
2 0.5 0.30234375 0.0765625 0.06484375
2 0.2828125 0.12734375 0.05625 0.059375
2 0.6484375 0.14609375 0.05078125 0.07109375
2 0.321875 0.75234375 0.0203125 0.02734375
0 0.803125 0.47578125 0.03515625 0.040625
3 0.1390625 0.13671875 0.1046875 0.21328125
2 0.13046875 0.1875 0.01953125 0.01796875
16 0.446875 0.1359375 0.3265625 0.26875
3 0.428125 0.66953125 0.17421875 0.10234375
2 0.1140625 0.48203125 0.03046875 0.028125
2 0.5859375 0.42421875 0.01953125 0.02578125
2 0.9859375 0.68515625 0.02109375 0.03515625
2 0.703125 0.534375 0.028125 0.03359375