5 0.1234375 0.80703125 0.096875 0.13046875
2 0.64375 0.14296875 0.25 0.2859375
5 0.97265625 0.89140625 0.0546875 0.08359375
2 0.95390625 0.44140625 0.02734375 0.04140625
2 0.90625 0.37421875 0.065625 0.128125
2 0.02890625 0.19921875 0.0578125 0.140625
2 0.1734375 0.69765625 0.13984375 0.12421875
5 0.6890625 0.70859375 0.11484375 0.14296875
5 0.3421875 0.04140625 0.1328125 0.08203125
2 0.1109375 0.08125 0.0453125 0.065625
2 0.21875 0.39140625 0.31171875 0.415625
5 0.0609375 0.34453125 0.12109375 0.16015625
2 0.17421875 0.26171875 0.12734375 0.17734375
2 0.17421875 0.05859375 0.17578125 0.11484375
5 0.1578125 0.44140625 0.09921875 0.128125
2 0.1984375 0.15 0.134375 0.07734375
2 0.81484375 0.9140625 0.128125 0.11875
5 0.88359375 0.1609375 0.2328125 0.26875
5 0.7 0.85078125 0.11015625 0.14453125
5 0.4828125 0.40078125 0.11171875 0.14765625
2 0.2984375 0.25546875 0.14921875 0.134375
2 0.2703125 0.86796875 0.2421875 0.26015625
2 0.05703125 0.08984375 0.1140625 0.171875
2 0.39296875 0.51171875 0.05859375 0.12890625
2 0.95859375 0.23046875 0.0828125 0.1453125
4 0.52265625 0.5578125 0.9546875 0.228125
2 0.725 0.31484375 0.12421875 0.06328125
2 0.4953125 0.215625 0.09140625 0.225
2 0.43203125 0.14453125 0.15390625 0.28828125
5 0.8390625 0.14453125 0.2328125 0.28828125
2 0.07265625 0.81484375 0.1453125 0.36875
2 0.5234375 0.52578125 0.0875 0.10625
2 0.8703125 0.375 0.028125 0.059375
2 0.8296875 0.30859375 0.05859375 0.05390625
2 0.3765625 0.36484375 0.05234375 0.08203125
2 0.52109375 0.8359375 0.3125 0.31953125
2 0.7921875 0.4046875 0.103125 0.11328125
2 0.3125 0.1484375 0.05546875 0.03671875
2 0.66796875 0.41640625 0.08359375 0.14921875
2 0.896875 0.78203125 0.20546875 0.421875
2 0.98046875 0.35859375 0.01328125 0.02734375
2 0.33515625 0.35703125 0.0390625 0.05546875
2 0.4390625 0.55546875 0.04375 0.07734375
2 0.7671875 0.621875 0.06171875 0.06015625
2 0.5859375 0.37734375 0.134375 0.25859375