2 0.66328125 0.40546875 0.11875 0.14296875
2 0.3765625 0.9078125 0.1328125 0.17578125
2 0.7734375 0.2609375 0.04921875 0.05078125
2 0.46875 0.86171875 0.03046875 0.03671875
2 0.1578125 0.45703125 0.315625 0.2265625
2 0.08984375 0.85078125 0.06640625 0.115625
2 0.95625 0.0515625 0.0875 0.103125
2 0.0515625 0.09765625 0.103125 0.19375
2 0.16328125 0.85703125 0.09296875 0.12578125
2 0.13515625 0.73828125 0.0359375 0.06328125
2 0.1109375 0.64609375 0.04453125 0.07421875
2 0.221875 0.69453125 0.02421875 0.04765625
2 0.63203125 0.825 0.034375 0.040625
2 0.765625 0.09296875 0.1109375 0.165625
2 0.746875 0.5375 0.0734375 0.06796875
9 0.078125 0.97890625 0.096875 0.03828125
14 0.38984375 0.49921875 0.4078125 0.9984375
2 0.5015625 0.32265625 0.16640625 0.28203125
2 0.87265625 0.171875 0.053125 0.06796875
2 0.60234375 0.11953125 0.1671875 0.2390625
2 0.22578125 0.89140625 0.06484375 0.17109375