0 0.7890625 0.84296875 0.42109375 0.31328125
3 0.13671875 0.1 0.1796875 0.2
3 0.48515625 0.1390625 0.06171875 0.13984375
3 0.653125 0.54609375 0.14453125 0.15078125
3 0.96640625 0.64296875 0.06640625 0.19453125
3 0.8359375 0.55546875 0.16875 0.16953125
3 0.09140625 0.45234375 0.159375 0.3296875
0 0.13359375 0.73203125 0.0609375 0.1
0 0.159375 0.86796875 0.0421875 0.04453125
0 0.1453125 0.81171875 0.04140625 0.03984375
0 0.1140625 0.796875 0.0390625 0.0328125
0 0.60234375 0.9328125 0.03359375 0.06484375
0 0.7703125 0.965625 0.07578125 0.06796875
0 0.8484375 0.921875 0.09375 0.15625
0 0.6734375 0.09921875 0.05625 0.08125
0 0.11796875 0.6390625 0.03359375 0.04375
0 0.05703125 0.35625 0.0796875 0.1140625
2 0.9859375 0.03671875 0.028125 0.05234375
2 0.01875 0.00859375 0.01875 0.0171875
2 0.05546875 0.1953125 0.1109375 0.078125
2 0.0390625 0.28046875 0.078125 0.0765625
2 0.26953125 0.16328125 0.128125 0.128125
2 0.36171875 0.0765625 0.21875 0.15234375
2 0.93828125 0.365625 0.12265625 0.20703125
2 0.96953125 0.1625 0.0390625 0.06328125
2 0.77578125 0.25078125 0.03984375 0.05390625
2 0.871875 0.0734375 0.040625 0.04921875
2 0.83828125 0.02109375 0.04921875 0.0421875
2 0.74765625 0.0546875 0.10546875 0.078125
2 0.58046875 0.07265625 0.0421875 0.06015625
2 0.621875 0.140625 0.0625 0.11953125
2 0.64765625 0.03125 0.05546875 0.03046875
2 0.5421875 0.1828125 0.09765625 0.11796875
2 0.1921875 0.3796875 0.384375 0.1546875
2 0.45078125 0.95859375 0.04296875 0.0828125
2 0.50625 0.84375 0.034375 0.03359375
2 0.54296875 0.7734375 0.07109375 0.07578125
2 0.53984375 0.65390625 0.06796875 0.096875
2 0.46640625 0.4921875 0.20859375 0.24765625
2 0.37265625 0.259375 0.22421875 0.240625
2 0.384375 0.96640625 0.025 0.02265625
2 0.19609375 0.975 0.03984375 0.0390625
2 0.36640625 0.72890625 0.04609375 0.06015625
2 0.26640625 0.87109375 0.1140625 0.2125
2 0.26640625 0.703125 0.071875 0.08203125
2 0.2 0.74375 0.05859375 0.090625
2 0.29140625 0.621875 0.06171875 0.0734375
2 0.18359375 0.64921875 0.10546875 0.07734375
2 0.2734375 0.51875 0.16171875 0.15
2 0.015625 0.74609375 0.03125 0.07890625
2 0.0546875 0.67890625 0.109375 0.1171875
2 0.02265625 0.884375 0.0453125 0.0984375
2 0.103125 0.8640625 0.0734375 0.1015625
2 0.0578125 0.803125 0.07890625 0.10078125
2 0.0828125 0.9625 0.165625 0.075
0 0.4078125 0.9265625 0.0484375 0.05234375
0 0.3609375 0.91796875 0.0453125 0.05234375
0 0.74765625 0.4375 0.0296875 0.05078125
0 0.78046875 0.41875 0.04921875 0.06328125
0 0.81328125 0.428125 0.03046875 0.0484375
0 0.68359375 0.20546875 0.03984375 0.04375
2 0.15546875 0.303125 0.19375 0.1515625
2 0.7359375 0.2890625 0.040625 0.06015625
2 0.72109375 0.2296875 0.02734375 0.04140625
2 0.69765625 0.25546875 0.02421875 0.04921875
2 0.653125 0.240625 0.05 0.040625
2 0.575 0.36015625 0.17890625 0.21328125
2 0.465625 0.8765625 0.0390625 0.0359375
2 0.42421875 0.865625 0.02578125 0.0484375
2 0.4625 0.6609375 0.05390625 0.0671875
2 0.4 0.62265625 0.05625 0.08828125
2 0.8703125 0.16953125 0.07109375 0.05390625
2 0.91875 0.24453125 0.03828125 0.028125
2 0.70546875 0.1109375 0.0453125 0.0671875
2 0.725 0.38515625 0.08359375 0.07265625
2 0.3875 0.80625 0.03125 0.034375
2 0.4734375 0.75078125 0.04375 0.05390625
2 0.1875 0.87265625 0.03828125 0.12578125
2 0.615625 0.815625 0.02421875 0.0609375
2 0.615625 0.73046875 0.034375 0.07265625
2 0.665625 0.71796875 0.05703125 0.0890625
2 0.77734375 0.15625 0.03359375 0.03046875
2 0.7953125 0.12734375 0.034375 0.04296875