2 0.1609375 0.28671875 0.0234375 0.021875
2 0.2328125 0.87421875 0.22109375 0.24921875
5 0.6375 0.52421875 0.0578125 0.06796875
2 0.3421875 0.4578125 0.0765625 0.0875
15 0.45625 0.54609375 0.0484375 0.071875
5 0.796875 0.66796875 0.0546875 0.078125
2 0.4890625 0.8546875 0.02734375 0.03515625
2 0.646875 0.44921875 0.06171875 0.08203125
2 0.12734375 0.13828125 0.07734375 0.078125
2 0.13671875 0.04375 0.08984375 0.0875
2 0.05625 0.9484375 0.04921875 0.09765625
2 0.19140625 0.33828125 0.034375 0.05
2 0.4359375 0.86875 0.040625 0.05
5 0.19296875 0.02109375 0.025 0.03671875
2 0.0109375 0.05625 0.021875 0.11015625
2 0.57109375 0.053125 0.0515625 0.09296875
2 0.559375 0.8796875 0.1203125 0.22734375
2 0.015625 0.80234375 0.03046875 0.05390625
5 0.9203125 0.7890625 0.05234375 0.06953125
5 0.2703125 0.44921875 0.04609375 0.06171875
5 0.921875 0.39609375 0.0484375 0.059375
2 0.61171875 0.053125 0.034375 0.03671875
2 0.221875 0.03984375 0.0453125 0.06796875
2 0.46171875 0.28046875 0.01171875 0.03203125
5 0.5796875 0.25625 0.04921875 0.06015625
2 0.09921875 0.98046875 0.04296875 0.03359375
2 0.609375 0.62734375 0.06015625 0.10234375
2 0.703125 0.55390625 0.06328125 0.04453125
15 0.340625 0.29609375 0.15390625 0.24609375
5 0.378125 0.88515625 0.03828125 0.05
2 0.8828125 0.34609375 0.03359375 0.05546875
2 0.4546875 0.1015625 0.02890625 0.04140625
5 0.02109375 0.20859375 0.0421875 0.07421875
2 0.57109375 0.5484375 0.0515625 0.059375
5 0.7171875 0.29140625 0.0453125 0.06796875
2 0.634375 0.28203125 0.23515625 0.24375
2 0.3765625 0.8375 0.028125 0.04296875
5 0.41328125 0.48203125 0.08046875 0.065625
2 0.74375 0.7921875 0.0578125 0.109375
5 0.540625 0.646875 0.04765625 0.07421875
5 0.7875 0.503125 0.05078125 0.06875
2 0.8796875 0.97265625 0.05546875 0.05
2 0.2515625 0.6171875 0.11328125 0.23671875
2 0.259375 0.1515625 0.14921875 0.1375
2 0.7265625 0.65703125 0.0890625 0.12890625
2 0.8453125 0.8703125 0.1078125 0.09609375
2 0.88515625 0.6328125 0.06484375 0.07265625
2 0.8984375 0.721875 0.08359375 0.05390625
5 0.7234375 0.975 0.0765625 0.046875
2 0.71875 0.45703125 0.07734375 0.11875
2 0.06875 0.6109375 0.13671875 0.26953125
2 0.3265625 0.0578125 0.0578125 0.06953125
2 0.0828125 0.71640625 0.10546875 0.09921875
2 0.07265625 0.86953125 0.05625 0.04765625
2 0.66875 0.97265625 0.0421875 0.04296875
2 0.96796875 0.4671875 0.0640625 0.15625
5 0.33203125 0.70546875 0.04921875 0.07265625
2 0.19296875 0.08515625 0.06171875 0.05
2 0.059375 0.15703125 0.06171875 0.08671875
2 0.4125 0.17421875 0.034375 0.040625
2 0.79375 0.9625 0.05859375 0.07265625
5 0.7625 0.34140625 0.0515625 0.078125
5 0.184375 0.92578125 0.04765625 0.065625
5 0.79375 0.29140625 0.0421875 0.07421875
2 0.1671875 0.240625 0.01953125 0.02421875
2 0.75 0.9265625 0.05625 0.07734375
2 0.21875 0.3171875 0.01328125 0.02734375
5 0.5796875 0.68046875 0.0515625 0.06015625
2 0.8453125 0.54453125 0.0625 0.09296875
2 0.346875 0.14140625 0.034375 0.03984375
5 0.35390625 0.23359375 0.05078125 0.06328125
2 0.9671875 0.9859375 0.03046875 0.02265625
5 0.075 0.31953125 0.05859375 0.09140625
2 0.48125 0.13671875 0.02265625 0.10546875
2 0.940625 0.965625 0.0203125 0.02578125
2 0.41015625 0.11640625 0.03203125 0.046875
5 0.734375 0.26796875 0.025 0.03671875
2 0.41796875 0.02109375 0.03515625 0.03984375
2 0.459375 0.06328125 0.02421875 0.02734375
2 0.6625 0.690625 0.01953125 0.04765625
2 0.33828125 0.5171875 0.0453125 0.03203125
2 0.8296875 0.62734375 0.05234375 0.05234375
2 0.0125 0.46328125 0.02421875 0.084375
5 0.05078125 0.07265625 0.07578125 0.10546875
2 0.8109375 0.759375 0.071875 0.134375
2 0.6234375 0.75390625 0.08515625 0.05390625
5 0.1875 0.5828125 0.03515625 0.05
16 0.9046875 0.21953125 0.18984375 0.43828125
2 0.3703125 0.57890625 0.05546875 0.08125
2 0.6453125 0.83203125 0.0796875 0.10234375
2 0.4484375 0.66484375 0.0734375 0.18203125
2 0.015625 0.91171875 0.03125 0.12890625
2 0.84609375 0.41953125 0.0390625 0.128125
5 0.7796875 0.153125 0.0765625 0.10703125
2 0.3953125 0.66875 0.040625 0.05546875
2 0.49296875 0.22734375 0.0421875 0.05234375
2 0.0734375 0.796875 0.065625 0.08359375
2 0.3484375 0.6375 0.05234375 0.04453125
2 0.7125 0.1203125 0.04609375 0.05
2 0.35625 0.97265625 0.128125 0.046875
2 0.47890625 0.47421875 0.12109375 0.21796875
2 0.91875 0.5671875 0.02421875 0.03203125
5 0.57109375 0.6109375 0.07578125 0.125
2 0.07265625 0.35859375 0.1453125 0.2
2 0.93984375 0.89765625 0.1203125 0.190625
2 0.703125 0.7484375 0.028125 0.04296875
2 0.14375 0.59453125 0.05546875 0.11015625
2 0.9734375 0.6859375 0.05234375 0.090625
2 0.8421875 0.95234375 0.034375 0.05546875
2 0.0359375 0.878125 0.02421875 0.05
2 0.24296875 0.378125 0.05078125 0.07421875
2 0.471875 0.00859375 0.075 0.0171875
2 0.62890625 0.015625 0.01640625 0.028125
2 0.64296875 0.92578125 0.040625 0.06796875
5 0.37578125 0.02890625 0.05078125 0.05703125
2 0.46875 0.03984375 0.0109375 0.02265625
5 0.665625 0.05234375 0.03359375 0.0375
5 0.7921875 0.3828125 0.028125 0.0375
5 0.753125 0.56640625 0.0421875 0.02265625
2 0.8765625 0.78515625 0.034375 0.046875
5 0.53125 0.02578125 0.04453125 0.046875
5 0.9546875 0.609375 0.03203125 0.046875
2 0.1890625 0.50078125 0.12890625 0.115625
2 0.3734375 0.12265625 0.040625 0.059375
2 0.75234375 0.04921875 0.134375 0.09765625
15 0.5078125 0.70546875 0.06171875 0.18671875