2 0.859375 0.58984375 0.12734375 0.134375
2 0.22109375 0.8296875 0.0390625 0.04453125
5 0.5203125 0.04453125 0.153125 0.0875
2 0.303125 0.94609375 0.18671875 0.09921875
2 0.52578125 0.91015625 0.2609375 0.17265625
2 0.5390625 0.771875 0.04921875 0.06875
2 0.953125 0.91640625 0.09296875 0.15078125
2 0.615625 0.75546875 0.0859375 0.11015625
2 0.9515625 0.5109375 0.096875 0.20703125
2 0.259375 0.4015625 0.51875 0.803125
2 0.56484375 0.1625 0.1 0.14765625
2 0.6015625 0.259375 0.04140625 0.05078125
2 0.91796875 0.74140625 0.1640625 0.15234375
2 0.0984375 0.83671875 0.071875 0.08203125
2 0.3203125 0.81328125 0.16328125 0.18046875
15 0.61875 0.4984375 0.6484375 0.996875
2 0.696875 0.953125 0.05234375 0.0375
2 0.7578125 0.38984375 0.2015625 0.24453125
2 0.44296875 0.71171875 0.1140625 0.128125
2 0.74375 0.53515625 0.0515625 0.046875
2 0.4078125 0.878125 0.040625 0.04140625
2 0.0890625 0.93046875 0.17734375 0.134375
5 0.21875 0.6375 0.1359375 0.10078125
2 0.88828125 0.321875 0.028125 0.028125
2 0.875 0.37421875 0.0453125 0.06015625
2 0.53125 0.64921875 0.05078125 0.10234375
2 0.684375 0.84296875 0.0703125 0.10234375
2 0.93125 0.3125 0.02421875 0.03359375
2 0.81796875 0.178125 0.3640625 0.35625
2 0.678125 0.17890625 0.04609375 0.03671875
2 0.2390625 0.7359375 0.07734375 0.125