0 0.925 0.08671875 0.14921875 0.17265625
0 0.41484375 0.92421875 0.10390625 0.14296875
11 0.32109375 0.4953125 0.6421875 0.98515625
14 0.45 0.53671875 0.471875 0.925
0 0.85546875 0.46484375 0.2390625 0.44296875
2 0.578125 0.63203125 0.103125 0.153125
0 0.5125 0.79140625 0.1046875 0.12109375
0 0.7203125 0.16796875 0.10703125 0.246875
0 0.71484375 0.75703125 0.103125 0.15625
0 0.6796875 0.909375 0.10078125 0.14140625
11 0.85234375 0.6703125 0.2953125 0.65
0 0.6234375 0.46015625 0.096875 0.23671875