2 0.05234375 0.97265625 0.040625 0.05
2 0.38046875 0.1140625 0.03125 0.04296875
2 0.82109375 0.23828125 0.04375 0.05390625
2 0.109375 0.04921875 0.0578125 0.065625
2 0.05 0.5 0.0421875 0.06796875
2 0.12734375 0.41015625 0.03359375 0.04140625
2 0.940625 0.66328125 0.0828125 0.08203125
2 0.5515625 0.971875 0.0453125 0.04765625
2 0.7375 0.9671875 0.05078125 0.05703125
2 0.046875 0.24609375 0.06015625 0.10078125
2 0.7234375 0.68515625 0.034375 0.05234375
2 0.934375 0.74296875 0.04140625 0.06328125
2 0.790625 0.6734375 0.06484375 0.06796875
2 0.50625 0.03515625 0.0625 0.05859375
14 0.5234375 0.5 0.840625 0.99765625
2 0.5296875 0.60859375 0.034375 0.05078125
2 0.9703125 0.23671875 0.053125 0.065625
2 0.2734375 0.4609375 0.04296875 0.05625
2 0.24453125 0.31796875 0.09140625 0.128125
2 0.35 0.4390625 0.05625 0.07109375
2 0.2875 0.12109375 0.0421875 0.05390625