2 0.75625 0.16015625 0.08984375 0.17734375
2 0.5765625 0.8453125 0.0390625 0.03203125
2 0.9796875 0.13359375 0.025 0.03125
2 0.8296875 0.78984375 0.0578125 0.08046875
2 0.5015625 0.54921875 0.0421875 0.07109375
2 0.725 0.4 0.04765625 0.04453125
2 0.10546875 0.7671875 0.1140625 0.14765625
2 0.9734375 0.4484375 0.053125 0.07734375
2 0.659375 0.12265625 0.05546875 0.11328125
2 0.8765625 0.1234375 0.071875 0.23125
14 0.6296875 0.34765625 0.7171875 0.69375
2 0.88359375 0.52578125 0.0375 0.0375
2 0.1328125 0.48828125 0.09375 0.16953125