2 0.509375 0.22421875 0.03515625 0.04140625
2 0.90625 0.16015625 0.02890625 0.04609375
2 0.3875 0.278125 0.0234375 0.03203125
2 0.7859375 0.23046875 0.07265625 0.121875
2 0.33828125 0.75546875 0.03125 0.03515625
2 0.1265625 0.12109375 0.0375 0.04453125
2 0.13359375 0.66640625 0.02734375 0.04609375
2 0.73828125 0.58828125 0.11015625 0.21640625
2 0.11875 0.06796875 0.0359375 0.04453125
2 0.04453125 0.0859375 0.04609375 0.05625
2 0.203125 0.571875 0.0296875 0.03671875
2 0.878125 0.6640625 0.12578125 0.16171875
2 0.20703125 0.1484375 0.03515625 0.03828125
0 0.3140625 0.97734375 0.07421875 0.04140625
14 0.4921875 0.5 0.28046875 0.99765625
2 0.140625 0.4578125 0.04765625 0.05703125