2 0.89375 0.22421875 0.0546875 0.06171875
2 0.9421875 0.91875 0.01796875 0.02578125
2 0.45546875 0.30234375 0.04453125 0.14296875
2 0.809375 0.0578125 0.03125 0.04921875
2 0.4375 0.73828125 0.0203125 0.06484375
2 0.6046875 0.24921875 0.01640625 0.03125
2 0.00859375 0.85390625 0.0171875 0.046875
2 0.3734375 0.75546875 0.028125 0.05078125
2 0.91015625 0.57265625 0.05625 0.06171875
2 0.9390625 0.74765625 0.065625 0.19375
2 0.221875 0.409375 0.0578125 0.03125
17 0.8890625 0.90546875 0.02109375 0.03359375
0 0.1390625 0.77265625 0.059375 0.06484375
2 0.5125 0.06640625 0.053125 0.05859375
2 0.6546875 0.109375 0.0421875 0.05
2 0.834375 0.40234375 0.0171875 0.02578125
14 0.80234375 0.5015625 0.2046875 0.996875
2 0.28828125 0.7140625 0.0359375 0.03671875
2 0.178125 0.52734375 0.06640625 0.04765625
0 0.0625 0.89765625 0.09375 0.14296875
2 0.2109375 0.625 0.02109375 0.021875
2 0.7203125 0.67578125 0.01640625 0.01796875
0 0.43046875 0.975 0.034375 0.046875
2 0.921875 0.07734375 0.03515625 0.04140625
2 0.81484375 0.1109375 0.0171875 0.02578125
0 0.096875 0.55859375 0.05625 0.07109375
2 0.04375 0.5859375 0.0203125 0.03515625
2 0.234375 0.24375 0.0421875 0.10078125
2 0.19921875 0.1234375 0.03515625 0.04609375
2 0.621875 0.83125 0.1140625 0.07421875
2 0.1453125 0.22734375 0.0375 0.06015625
2 0.415625 0.11328125 0.02109375 0.04609375
2 0.7390625 0.1015625 0.04921875 0.0875
2 0.65078125 0.77734375 0.01328125 0.01796875
14 0.4265625 0.328125 0.853125 0.65625
2 0.1765625 0.28359375 0.02421875 0.05078125