2 0.49296875 0.3703125 0.0125 0.01953125
2 0.653125 0.44296875 0.03203125 0.05859375
2 0.14765625 0.3796875 0.0375 0.06015625
2 0.815625 0.51484375 0.0078125 0.01015625
2 0.80859375 0.4953125 0.015625 0.01640625
2 0.91171875 0.42578125 0.00859375 0.0125
2 0.7234375 0.6703125 0.01171875 0.00703125
2 0.78125 0.9953125 0.02265625 0.009375
2 0.57578125 0.403125 0.009375 0.01015625
0 0.22578125 0.0609375 0.08671875 0.121875
0 0.72890625 0.1734375 0.33671875 0.32265625
2 0.059375 0.6796875 0.0078125 0.01953125
2 0.6625 0.36640625 0.00703125 0.01171875
2 0.253125 0.453125 0.034375 0.02734375
0 0.1125 0.05234375 0.09609375 0.10234375
2 0.521875 0.684375 0.0203125 0.04296875
2 0.5875 0.41328125 0.0078125 0.01015625
2 0.8015625 0.4765625 0.01015625 0.009375
2 0.1859375 0.37109375 0.05625 0.06953125
2 0.965625 0.78125 0.01015625 0.01953125
2 0.45234375 0.79453125 0.0265625 0.03359375
2 0.915625 0.6859375 0.0234375 0.05703125
3 0.3859375 0.20859375 0.77109375 0.30625
0 0.20625 0.24921875 0.0875 0.10625
2 0.109375 0.25390625 0.07890625 0.08125
2 0.5515625 0.5046875 0.01015625 0.00703125
2 0.98984375 0.76484375 0.0203125 0.06484375
2 0.3578125 0.98671875 0.04296875 0.02265625
2 0.16484375 0.73671875 0.01875 0.01640625
2 0.39453125 0.79453125 0.1359375 0.23515625
2 0.0125 0.74921875 0.01640625 0.01875
2 0.17890625 0.94375 0.0859375 0.10703125
2 0.678125 0.65859375 0.0078125 0.0125
2 0.5046875 0.70625 0.0078125 0.01640625
2 0.053125 0.271875 0.01484375 0.01640625
0 0.99140625 0.240625 0.0171875 0.06953125
2 0.959375 0.8890625 0.0125 0.02421875
2 0.5984375 0.45703125 0.0125 0.01328125
2 0.66171875 0.8625 0.00625 0.01015625
0 0.3515625 0.21796875 0.08671875 0.08203125
2 0.00625 0.4546875 0.0125 0.025
2 0.1328125 0.51328125 0.0484375 0.04453125
2 0.2859375 0.91015625 0.09375 0.171875
2 0.715625 0.97890625 0.0078125 0.01171875
4 0.5 0.575 0.3796875 0.19609375
0 0.53125 0.07265625 0.3078125 0.14453125
2 0.13125 0.71015625 0.01796875 0.02265625
2 0.6453125 0.82734375 0.01640625 0.01953125
2 0.70546875 0.659375 0.01015625 0.01015625
2 0.68046875 0.58671875 0.01171875 0.01875
2 0.83125 0.61484375 0.0140625 0.01875
2 0.9890625 0.91640625 0.01484375 0.01640625
2 0.4078125 0.43359375 0.04609375 0.040625
2 0.859375 0.65234375 0.01015625 0.02421875
2 0.8453125 0.36484375 0.0078125 0.01171875
2 0.8625 0.5859375 0.0078125 0.009375
0 0.95546875 0.18125 0.0890625 0.290625
2 0.48984375 0.47734375 0.01640625 0.01953125
2 0.9328125 0.34609375 0.0203125 0.021875
2 0.77421875 0.41484375 0.0484375 0.05078125
2 0.9640625 0.91953125 0.0234375 0.04140625
2 0.878125 0.88828125 0.1 0.16953125
2 0.5796875 0.834375 0.0140625 0.01015625
2 0.6734375 0.60703125 0.00859375 0.01171875
2 0.790625 0.95625 0.0578125 0.05859375
2 0.8484375 0.384375 0.01015625 0.015625
2 0.675 0.95859375 0.0234375 0.03125
2 0.340625 0.91796875 0.0078125 0.01015625
2 0.759375 0.68984375 0.02734375 0.01875
2 0.29609375 0.69609375 0.0171875 0.025
2 0.5171875 0.59921875 0.0265625 0.03984375
2 0.92734375 0.3703125 0.0171875 0.01875
2 0.7484375 0.559375 0.03125 0.02890625
2 0.6671875 0.64375 0.0109375 0.01171875
0 0.79921875 0.21953125 0.06875 0.09296875
2 0.046875 0.875 0.0515625 0.03515625
2 0.24140625 0.68671875 0.01328125 0.01640625
2 0.83125 0.5546875 0.009375 0.01171875
2 0.81640625 0.66015625 0.00859375 0.01015625
2 0.703125 0.93828125 0.02890625 0.01796875
2 0.828125 0.53984375 0.01015625 0.01015625
2 0.7921875 0.85703125 0.01015625 0.01328125
2 0.5140625 0.95859375 0.1046875 0.078125
2 0.8140625 0.684375 0.02265625 0.02109375
2 0.6734375 0.77734375 0.0078125 0.009375
0 0.0625 0.37265625 0.12421875 0.065625
2 0.4796875 0.85546875 0.01796875 0.01640625
2 0.3046875 0.65625 0.01875 0.03828125
2 0.1375 0.77109375 0.0296875 0.01875
2 0.4765625 0.4265625 0.0203125 0.034375
2 0.23203125 0.7125 0.009375 0.01171875
0 0.38828125 0.3125 0.30078125 0.11171875
2 0.984375 0.57890625 0.0140625 0.01640625