2 0.0640625 0.2671875 0.021875 0.03515625
2 0.090625 0.55390625 0.0375 0.04453125
2 0.775 0.80859375 0.03046875 0.03984375
2 0.03828125 0.24375 0.0265625 0.01953125
2 0.571875 0.03203125 0.03359375 0.03203125
2 0.46015625 0.79296875 0.0234375 0.08359375
2 0.2765625 0.028125 0.0375 0.04296875
2 0.96484375 0.69453125 0.0265625 0.03125
5 0.82109375 0.78671875 0.02109375 0.02578125
2 0.5828125 0.89609375 0.05390625 0.046875
2 0.86484375 0.546875 0.0203125 0.02734375
2 0.5609375 0.81875 0.040625 0.04296875
2 0.146875 0.44921875 0.04609375 0.03671875
2 0.828125 0.85859375 0.028125 0.028125
2 0.08515625 0.48828125 0.01328125 0.02265625
2 0.2671875 0.41484375 0.01484375 0.021875
2 0.04375 0.3875 0.0265625 0.03125
2 0.9109375 0.015625 0.02265625 0.028125
2 0.79921875 0.55078125 0.07890625 0.05546875
2 0.0296875 0.45390625 0.02109375 0.01953125
2 0.19765625 0.63671875 0.021875 0.03515625
2 0.2453125 0.7734375 0.065625 0.03671875
2 0.16328125 0.8078125 0.028125 0.021875
2 0.33203125 0.78984375 0.02109375 0.02421875
2 0.2984375 0.9046875 0.0453125 0.05390625
3 0.84375 0.96796875 0.18828125 0.06328125
2 0.9890625 0.21328125 0.02109375 0.096875
5 0.5609375 0.17265625 0.0171875 0.02265625
2 0.65078125 0.84140625 0.03125 0.040625
2 0.478125 0.95234375 0.11171875 0.084375
2 0.61796875 0.81640625 0.01796875 0.02265625
2 0.60546875 0.95625 0.0453125 0.065625
2 0.68125 0.7828125 0.01796875 0.028125
2 0.8671875 0.640625 0.06015625 0.05859375
2 0.9828125 0.38046875 0.025 0.02890625
2 0.903125 0.68515625 0.01640625 0.03125
2 0.315625 0.58359375 0.01328125 0.02265625
2 0.4046875 0.19921875 0.0140625 0.01953125
2 0.99140625 0.5890625 0.0171875 0.0375
16 0.6453125 0.41171875 0.36328125 0.40546875
2 0.153125 0.0234375 0.0453125 0.04453125
2 0.428125 0.74765625 0.025 0.01875
2 0.92734375 0.26640625 0.03046875 0.03515625
2 0.0421875 0.11171875 0.0140625 0.02734375
2 0.0171875 0.35859375 0.03359375 0.021875
2 0.09375 0.753125 0.01796875 0.03125
2 0.9140625 0.9453125 0.0234375 0.028125
2 0.1578125 0.775 0.05546875 0.03359375
2 0.1625 0.18671875 0.0390625 0.04609375
2 0.334375 0.71328125 0.08046875 0.12109375
2 0.934375 0.70546875 0.03359375 0.03515625
2 0.54296875 0.678125 0.0375 0.04453125
2 0.0484375 0.98125 0.01484375 0.02734375
2 0.98984375 0.03203125 0.0203125 0.04140625
2 0.6890625 0.04609375 0.05546875 0.059375
2 0.1953125 0.34296875 0.0203125 0.02734375
2 0.75703125 0.03828125 0.04609375 0.05
3 0.171875 0.5921875 0.115625 0.321875
2 0.35078125 0.43359375 0.06640625 0.09765625
2 0.5375 0.09765625 0.0421875 0.05703125
5 0.0390625 0.1984375 0.025 0.028125
2 0.8734375 0.23984375 0.0265625 0.04140625
2 0.1109375 0.25078125 0.021875 0.02578125
2 0.5546875 0.7484375 0.09375 0.08671875
2 0.253125 0.45859375 0.01796875 0.03203125
2 0.08671875 0.1390625 0.03203125 0.03125
2 0.7359375 0.91953125 0.0578125 0.046875
2 0.91953125 0.46171875 0.03203125 0.02578125
2 0.065625 0.91484375 0.03515625 0.05234375
2 0.74375 0.83984375 0.01953125 0.03203125
2 0.553125 0.95078125 0.0421875 0.05859375
2 0.0578125 0.42109375 0.01328125 0.02890625
2 0.8140625 0.88046875 0.025 0.03203125
2 0.82265625 0.65234375 0.040625 0.04140625
2 0.43125 0.28203125 0.02421875 0.03125
2 0.634375 0.86953125 0.01015625 0.02421875
2 0.8109375 0.24609375 0.03828125 0.03203125
2 0.8734375 0.82109375 0.0140625 0.02734375
2 0.015625 0.29921875 0.0171875 0.01875
2 0.625 0.6421875 0.03203125 0.040625
2 0.1265625 0.32109375 0.06328125 0.059375
8 0.4390625 0.5109375 0.06015625 0.11015625
2 0.759375 0.64921875 0.028125 0.04296875
2 0.8765625 0.46640625 0.0234375 0.0375
2 0.2296875 0.29921875 0.0234375 0.02421875
2 0.98125 0.98984375 0.0375 0.01796875
2 0.96015625 0.51640625 0.02109375 0.03359375
2 0.4984375 0.16328125 0.03671875 0.05234375
2 0.875 0.18046875 0.01328125 0.01796875
2 0.065625 0.52265625 0.0140625 0.02890625
2 0.75859375 0.71484375 0.02109375 0.03515625
2 0.3015625 0.5484375 0.034375 0.03515625
2 0.22734375 0.24140625 0.02734375 0.02734375
2 0.903125 0.54609375 0.0171875 0.02421875
2 0.171875 0.95625 0.0703125 0.08203125
2 0.29921875 0.04921875 0.0140625 0.02421875
2 0.30625 0.01015625 0.0140625 0.01953125
2 0.95625 0.86796875 0.08671875 0.18125
2 0.0203125 0.42109375 0.0125 0.02421875
2 0.96875 0.30546875 0.0375 0.075
2 0.4234375 0.43046875 0.02890625 0.02890625
2 0.2375 0.96796875 0.05546875 0.05703125
2 0.19140625 0.0609375 0.0359375 0.07421875
2 0.04375 0.31953125 0.01640625 0.02421875
2 0.10234375 0.0546875 0.0375 0.03828125
2 0.09375 0.94453125 0.034375 0.06875
2 0.89453125 0.11328125 0.01484375 0.01875
2 0.4828125 0.8453125 0.04609375 0.11328125
2 0.0265625 0.94921875 0.0171875 0.02890625
2 0.225 0.12578125 0.025 0.04921875
2 0.671875 0.12734375 0.0546875 0.08046875
2 0.3125 0.12578125 0.0359375 0.04140625
2 0.40234375 0.9421875 0.03828125 0.05625
3 0.65390625 0.11328125 0.03359375 0.18046875
2 0.7171875 0.9859375 0.06640625 0.02578125
3 0.578125 0.12734375 0.1109375 0.1625
2 0.465625 0.68515625 0.01953125 0.01875
2 0.5640625 0.13671875 0.0265625 0.04140625
2 0.94296875 0.95546875 0.02734375 0.04921875
2 0.478125 0.6375 0.01796875 0.02578125
2 0.11171875 0.0828125 0.034375 0.02578125
2 0.71015625 0.86875 0.025 0.03359375
2 0.34375 0.928125 0.01484375 0.02265625
2 0.7984375 0.615625 0.04453125 0.06171875
2 0.8453125 0.246875 0.0265625 0.028125
2 0.0765625 0.19453125 0.034375 0.0375
2 0.6859375 0.6265625 0.0484375 0.04296875
2 0.021875 0.11640625 0.01328125 0.021875
2 0.5296875 0.6140625 0.0359375 0.05390625
2 0.30390625 0.82578125 0.02734375 0.08828125
2 0.028125 0.5421875 0.0203125 0.05234375
2 0.4859375 0.67578125 0.01484375 0.02421875
2 0.91875 0.16484375 0.01484375 0.02734375
2 0.215625 0.81796875 0.02890625 0.03984375
2 0.621875 0.84140625 0.01484375 0.01875
2 0.0125 0.06796875 0.01640625 0.03203125
2 0.071875 0.359375 0.01484375 0.02578125
2 0.8875 0.72578125 0.025 0.03203125
2 0.45 0.89609375 0.0265625 0.02265625
2 0.8078125 0.72578125 0.01796875 0.02890625
2 0.04375 0.51875 0.0203125 0.040625
2 0.08984375 0.24765625 0.01640625 0.01875
2 0.41953125 0.68984375 0.0421875 0.05234375
2 0.0609375 0.70859375 0.01796875 0.02421875
2 0.66875 0.68046875 0.0265625 0.04609375
2 0.19453125 0.7296875 0.034375 0.06484375
2 0.1265625 0.96484375 0.028125 0.03046875
2 0.3109375 0.94453125 0.0140625 0.01796875
2 0.959375 0.21953125 0.0390625 0.06953125
2 0.09375 0.4046875 0.04140625 0.03203125
2 0.25546875 0.50234375 0.02734375 0.04453125
2 0.609375 0.02578125 0.02265625 0.03671875
3 0.3890625 0.20078125 0.2953125 0.13984375
2 0.81796875 0.19609375 0.01953125 0.02421875
2 0.08125 0.78515625 0.01640625 0.01875