2 0.925 0.00859375 0.01875 0.0171875
4 0.7984375 0.5 0.31640625 0.99765625
2 0.47109375 0.45859375 0.0171875 0.01640625
0 0.49296875 0.16328125 0.1046875 0.14921875
0 0.2359375 0.88984375 0.11171875 0.21484375
0 0.26015625 0.53984375 0.14921875 0.43203125
2 0.02421875 0.03046875 0.0484375 0.04921875
2 0.378125 0.8 0.02578125 0.05625
2 0.153125 0.47890625 0.11328125 0.103125
2 0.8125 0.23828125 0.03046875 0.03359375
0 0.49609375 0.3640625 0.08046875 0.08359375
2 0.0703125 0.05859375 0.071875 0.065625
2 0.921875 0.08203125 0.0265625 0.021875
2 0.75625 0.66796875 0.0234375 0.02578125
2 0.85 0.7203125 0.01171875 0.025
2 0.93984375 0.42578125 0.03359375 0.05703125
2 0.4015625 0.16640625 0.1359375 0.165625
2 0.20703125 0.03515625 0.1296875 0.0703125
2 0.44921875 0.85078125 0.0125 0.009375
0 0.0875 0.453125 0.175 0.90625
2 0.91640625 0.46484375 0.03828125 0.07890625
2 0.3046875 0.0234375 0.03046875 0.03125
2 0.73125 0.62109375 0.03671875 0.040625
2 0.9890625 0.56328125 0.021875 0.04140625
2 0.8046875 0.39453125 0.0171875 0.01953125
2 0.63515625 0.4890625 0.01640625 0.01640625