2 0.928125 0.34296875 0.0140625 0.01796875
2 0.653125 0.48125 0.04921875 0.04765625
2 0.0453125 0.43984375 0.090625 0.20390625
2 0.734375 0.778125 0.08359375 0.08125
2 0.615625 0.39921875 0.09453125 0.08828125
2 0.30078125 0.8859375 0.0375 0.06484375
2 0.9609375 0.91953125 0.03828125 0.06953125
2 0.5875 0.31328125 0.06875 0.08828125
2 0.4328125 0.640625 0.0453125 0.07109375
0 0.3046875 0.19296875 0.115625 0.15390625
2 0.94921875 0.98046875 0.03515625 0.03671875
0 0.0515625 0.678125 0.071875 0.065625
2 0.23984375 0.3015625 0.084375 0.103125
0 0.4765625 0.215625 0.21796875 0.13515625
2 0.5453125 0.98046875 0.02109375 0.02578125
2 0.690625 0.36171875 0.04140625 0.06328125
2 0.675 0.56484375 0.1171875 0.15859375
2 0.840625 0.621875 0.03046875 0.028125
0 0.29765625 0.03984375 0.13828125 0.078125
2 0.17734375 0.89140625 0.09296875 0.09140625
5 0.19296875 0.37734375 0.025 0.03359375
0 0.653125 0.528125 0.0546875 0.06484375
2 0.5578125 0.08359375 0.05859375 0.09375
0 0.3046875 0.69921875 0.0765625 0.10234375
2 0.6203125 0.97734375 0.03671875 0.0375
2 0.4421875 0.04765625 0.05859375 0.0875
0 0.12578125 0.04921875 0.0921875 0.0984375
2 0.95625 0.78984375 0.025 0.03671875
2 0.9828125 0.92109375 0.034375 0.05234375
0 0.44140625 0.08046875 0.1328125 0.16015625
0 0.3765625 0.63203125 0.07578125 0.11015625
2 0.4484375 0.72578125 0.04609375 0.096875
2 0.84375 0.37265625 0.01328125 0.01953125
2 0.903125 0.25703125 0.01953125 0.028125
2 0.96171875 0.671875 0.0765625 0.05625
2 0.86953125 0.6984375 0.02734375 0.05703125
2 0.909375 0.77578125 0.06796875 0.16171875
0 0.03828125 0.93828125 0.0765625 0.11875
0 0.1140625 0.7796875 0.040625 0.05078125
2 0.89765625 0.38359375 0.04375 0.10625
2 0.6734375 0.9078125 0.09140625 0.10078125
2 0.0625 0.58359375 0.05234375 0.05234375
2 0.48515625 0.61796875 0.06171875 0.05859375
2 0.26875 0.09921875 0.0171875 0.02265625
2 0.8546875 0.525 0.08984375 0.04453125
2 0.7 0.71328125 0.0453125 0.059375
2 0.765625 0.48828125 0.08359375 0.19765625
2 0.871875 0.6203125 0.02734375 0.03828125
5 0.09921875 0.934375 0.03359375 0.04765625
0 0.95 0.02578125 0.04453125 0.03515625
2 0.54609375 0.02109375 0.0734375 0.0421875
5 0.47890625 0.9171875 0.03046875 0.05
2 0.828125 0.2046875 0.18125 0.184375
2 0.8328125 0.0625 0.05546875 0.06328125
4 0.3703125 0.67109375 0.2109375 0.65546875
2 0.75703125 0.84296875 0.075 0.05078125
2 0.56484375 0.5578125 0.03125 0.0375
2 0.1328125 0.17265625 0.14765625 0.23515625
0 0.6890625 0.07421875 0.21875 0.1484375
2 0.509375 0.4359375 0.10390625 0.09296875
2 0.52734375 0.53203125 0.03203125 0.03828125
2 0.5296875 0.92890625 0.02421875 0.04453125
5 0.8421875 0.8515625 0.04453125 0.04453125
2 0.871875 0.0390625 0.03515625 0.04296875
2 0.52734375 0.840625 0.04453125 0.0875
2 0.80859375 0.64765625 0.05625 0.07890625
2 0.02734375 0.08671875 0.0546875 0.065625
5 0.378125 0.83359375 0.04765625 0.075
2 0.05234375 0.25390625 0.1046875 0.15078125
2 0.56875 0.89921875 0.059375 0.059375
2 0.34609375 0.25078125 0.0234375 0.03828125
5 0.5625 0.109375 0.0265625 0.03984375
0 0.6890625 0.59921875 0.1703125 0.16015625
2 0.584375 0.63046875 0.06015625 0.08359375
2 0.146875 0.971875 0.034375 0.0375
0 0.1265625 0.82421875 0.253125 0.14453125
0 0.0671875 0.078125 0.0171875 0.02890625
2 0.73515625 0.89453125 0.01953125 0.03359375
5 0.490625 0.66953125 0.02421875 0.03515625
2 0.52578125 0.76875 0.1484375 0.15859375
0 0.253125 0.47109375 0.05859375 0.07109375
2 0.82578125 0.58515625 0.01796875 0.02578125
0 0.1890625 0.36171875 0.1703125 0.14296875
2 0.43125 0.315625 0.04140625 0.03515625
2 0.9828125 0.9890625 0.01953125 0.01875
2 0.415625 0.54296875 0.0453125 0.059375
2 0.7171875 0.1671875 0.034375 0.04453125
2 0.640625 0.203125 0.1 0.19921875
2 0.4203125 0.49140625 0.0171875 0.01953125
2 0.23828125 0.96953125 0.06953125 0.05625
2 0.6375 0.8203125 0.08671875 0.05703125
2 0.97890625 0.4453125 0.0421875 0.146875
0 0.190625 0.61796875 0.04296875 0.05078125
2 0.7796875 0.62890625 0.01640625 0.03515625
0 0.7015625 0.46171875 0.03359375 0.046875
2 0.096875 0.18984375 0.025 0.021875
5 0.340625 0.55078125 0.04140625 0.065625
2 0.9890625 0.56484375 0.021875 0.07734375
0 0.3578125 0.94140625 0.04921875 0.07421875
2 0.30546875 0.94140625 0.0265625 0.028125
2 0.9359375 0.4078125 0.01953125 0.02578125
2 0.53671875 0.68203125 0.025 0.03125
2 0.40390625 0.95546875 0.0859375 0.08671875
2 0.2625 0.903125 0.06015625 0.11015625
2 0.94609375 0.16640625 0.1078125 0.24453125
2 0.528125 0.5859375 0.040625 0.03203125
2 0.96484375 0.6203125 0.0703125 0.05
2 0.49375 0.1859375 0.0375 0.03359375
2 0.5921875 0.50703125 0.04140625 0.059375
2 0.13671875 0.67578125 0.10390625 0.18515625
2 0.8296875 0.8109375 0.08203125 0.125
0 0.403125 0.37109375 0.01640625 0.02734375
2 0.246875 0.60546875 0.07734375 0.03828125
2 0.9015625 0.66015625 0.0296875 0.06875
2 0.17421875 0.52578125 0.03828125 0.06015625
2 0.84609375 0.47890625 0.03359375 0.04609375
2 0.578125 0.7828125 0.04296875 0.06015625
2 0.84140625 0.9375 0.16640625 0.11953125
2 0.0421875 0.0296875 0.07578125 0.05625
2 0.3671875 0.89140625 0.05625 0.0375
2 0.6390625 0.74609375 0.075 0.0875
2 0.34375 0.38046875 0.11171875 0.153125
2 0.39375 0.29765625 0.0203125 0.02265625
2 0.20625 0.709375 0.03828125 0.040625
0 0.3265625 0.80078125 0.08046875 0.09296875
2 0.6078125 0.10546875 0.0171875 0.028125
2 0.925 0.484375 0.04453125 0.05234375