5 0.0671875 0.58359375 0.1328125 0.17734375
2 0.40234375 0.77109375 0.1390625 0.13203125
2 0.60625 0.3125 0.2734375 0.11640625
2 0.5828125 0.13125 0.15 0.259375
2 0.33359375 0.89453125 0.25625 0.203125
2 0.60625 0.45546875 0.05234375 0.09296875
2 0.25 0.428125 0.5 0.296875
2 0.1015625 0.83359375 0.20234375 0.325
2 0.8015625 0.73828125 0.396875 0.51796875
5 0.9609375 0.20390625 0.07734375 0.1375
5 0.675 0.60703125 0.1015625 0.12109375
2 0.30625 0.24375 0.03203125 0.046875
2 0.290625 0.14296875 0.06328125 0.084375
14 0.4671875 0.54765625 0.690625 0.221875
2 0.7984375 0.24296875 0.14609375 0.19453125
2 0.6140625 0.70625 0.103125 0.11953125
2 0.5125 0.92265625 0.09921875 0.10625
2 0.6953125 0.17734375 0.0453125 0.08828125
2 0.51015625 0.65078125 0.0828125 0.07890625
2 0.196875 0.753125 0.15390625 0.17265625
2 0.85859375 0.0671875 0.2828125 0.134375
2 0.63125 0.23515625 0.05625 0.09140625
2 0.51796875 0.76640625 0.06875 0.14375
2 0.4515625 0.0171875 0.04921875 0.03203125
2 0.06875 0.24375 0.13671875 0.48515625
2 0.89921875 0.415625 0.2015625 0.215625
2 0.884375 0.17265625 0.1 0.13828125
2 0.2984375 0.72265625 0.0796875 0.10703125
2 0.2125 0.23671875 0.13515625 0.1
2 0.178125 0.0515625 0.0828125 0.10078125
2 0.371875 0.13671875 0.21171875 0.26953125
2 0.6984375 0.4171875 0.08359375 0.10078125
2 0.59765625 0.81484375 0.08046875 0.10546875