3 0.22265625 0.49140625 0.0546875 0.09765625
2 0.1015625 0.028125 0.04921875 0.05390625
2 0.15 0.02578125 0.065625 0.04921875
2 0.9796875 0.815625 0.040625 0.36015625
2 0.0578125 0.5375 0.06015625 0.05625
5 0.40859375 0.71328125 0.025 0.02890625
2 0.4640625 0.82578125 0.06875 0.07890625
2 0.01015625 0.41953125 0.0203125 0.03125
2 0.4296875 0.2640625 0.02890625 0.04453125
2 0.04140625 0.0515625 0.01640625 0.01796875
2 0.41875 0.91953125 0.01015625 0.02578125
2 0.49296875 0.97265625 0.04609375 0.03515625
2 0.2734375 0.08984375 0.04921875 0.08203125
2 0.08359375 0.159375 0.0265625 0.046875
2 0.5171875 0.86796875 0.0546875 0.075
2 0.0828125 0.403125 0.0796875 0.1
2 0.4828125 0.12265625 0.11796875 0.146875
2 0.9734375 0.40234375 0.053125 0.084375
2 0.0734375 0.20546875 0.04609375 0.03203125
2 0.3421875 0.60703125 0.134375 0.30390625
2 0.0921875 0.809375 0.02421875 0.05078125
2 0.0671875 0.47734375 0.0390625 0.04765625
5 0.66875 0.13203125 0.02421875 0.03203125
2 0.6671875 0.80703125 0.14140625 0.22734375
2 0.7046875 0.0859375 0.02109375 0.02421875
2 0.9765625 0.14140625 0.04609375 0.13984375
2 0.5390625 0.07578125 0.05390625 0.05546875
2 0.025 0.1 0.03359375 0.05
2 0.27734375 0.91328125 0.03828125 0.06015625
2 0.48671875 0.740625 0.03828125 0.09375
2 0.5625 0.11171875 0.0234375 0.02734375
2 0.203125 0.67890625 0.01171875 0.01875
2 0.9328125 0.73046875 0.0515625 0.11484375
2 0.1390625 0.89375 0.1328125 0.115625
2 0.55703125 0.16953125 0.0171875 0.021875
2 0.1421875 0.4390625 0.02109375 0.028125
2 0.80625 0.11640625 0.10390625 0.22109375
2 0.12890625 0.14296875 0.153125 0.146875
2 0.11171875 0.63046875 0.0625 0.14765625
2 0.99375 0.03203125 0.01171875 0.05
2 0.40625 0.784375 0.01953125 0.03671875
2 0.265625 0.85 0.0390625 0.046875
2 0.871875 0.41640625 0.03359375 0.040625
2 0.2046875 0.03671875 0.05234375 0.04765625
2 0.309375 0.89609375 0.03359375 0.03515625
2 0.284375 0.02109375 0.05 0.0421875
2 0.8296875 0.29140625 0.059375 0.05390625
2 0.00390625 0.19921875 0.0078125 0.04296875
2 0.15859375 0.8015625 0.08984375 0.09296875
2 0.15625 0.3984375 0.04609375 0.03671875
2 0.8328125 0.34453125 0.0203125 0.03984375
2 0.3265625 0.0328125 0.03125 0.05546875
2 0.0203125 0.48125 0.040625 0.046875
2 0.89453125 0.1328125 0.0390625 0.040625
2 0.3375 0.95625 0.06875 0.084375
3 0.4421875 0.32890625 0.29453125 0.26875
2 0.309375 0.315625 0.1640625 0.23125
5 0.12265625 0.240625 0.02890625 0.0375
2 0.3640625 0.8953125 0.06171875 0.0375
2 0.9203125 0.615625 0.0546875 0.08828125
2 0.3140625 0.08828125 0.0265625 0.03359375
2 0.58359375 0.959375 0.0984375 0.078125
2 0.45703125 0.49296875 0.0921875 0.09609375
2 0.209375 0.94140625 0.03359375 0.046875
3 0.4359375 0.4140625 0.14453125 0.078125
2 0.009375 0.55234375 0.01796875 0.02734375
2 0.1078125 0.76171875 0.0234375 0.015625
2 0.38046875 0.09609375 0.09375 0.18671875
2 0.875 0.190625 0.04765625 0.0375
2 0.37109375 0.83984375 0.01796875 0.01875
2 0.1640625 0.74296875 0.0140625 0.03046875
2 0.59609375 0.05703125 0.0734375 0.05859375
5 0.85390625 0.22265625 0.0265625 0.03359375
2 0.9671875 0.53046875 0.065625 0.134375
2 0.05078125 0.03828125 0.01953125 0.01953125
2 0.0671875 0.32421875 0.03515625 0.0375
2 0.359375 0.8125 0.03046875 0.03671875
5 0.11875 0.72265625 0.02890625 0.03671875
2 0.4609375 0.90703125 0.04453125 0.02265625
5 0.22109375 0.12734375 0.1421875 0.0375
2 0.24375 0.61640625 0.06015625 0.11875
2 0.8671875 0.34609375 0.0578125 0.05
2 0.02890625 0.3640625 0.0390625 0.059375
2 0.496875 0.2640625 0.08203125 0.146875
2 0.73828125 0.128125 0.03125 0.07109375
2 0.234375 0.18515625 0.04921875 0.07265625
2 0.28125 0.95390625 0.01328125 0.01875
2 0.19375 0.53203125 0.0421875 0.05625
2 0.240625 0.44609375 0.07734375 0.08828125
2 0.01953125 0.31953125 0.0171875 0.02421875
2 0.19765625 0.28046875 0.08046875 0.12265625
2 0.40625 0.903125 0.01328125 0.02890625
2 0.93046875 0.503125 0.10703125 0.11171875
2 0.0234375 0.53046875 0.0140625 0.02578125
2 0.9484375 0.209375 0.05078125 0.06484375
2 0.55078125 0.015625 0.0171875 0.02265625
2 0.903125 0.2546875 0.075 0.07421875
2 0.05546875 0.12890625 0.0421875 0.04609375
2 0.4046875 0.20859375 0.1109375 0.09765625
2 0.7578125 0.85625 0.02421875 0.075
2 0.9234375 0.34765625 0.02421875 0.028125
2 0.91953125 0.9796875 0.0625 0.0375
2 0.57265625 0.77578125 0.04609375 0.065625
2 0.428125 0.87890625 0.0140625 0.02890625
2 0.7015625 0.13828125 0.040625 0.02890625
2 0.0359375 0.4359375 0.01640625 0.03125
2 0.1875 0.734375 0.0203125 0.03359375
2 0.0296875 0.1640625 0.02421875 0.0375
2 0.75 0.19296875 0.04296875 0.04609375
2 0.4171875 0.68828125 0.01953125 0.03046875
2 0.4734375 0.02578125 0.09296875 0.046875
2 0.74375 0.91640625 0.2953125 0.15625
2 0.940625 0.41328125 0.03828125 0.05
2 0.85625 0.096875 0.034375 0.08828125
2 0.02734375 0.41015625 0.0203125 0.03203125
2 0.6640625 0.04140625 0.03203125 0.03671875
2 0.90234375 0.30703125 0.02421875 0.03984375
2 0.1984375 0.3640625 0.03828125 0.04296875
2 0.4140625 0.95703125 0.06953125 0.08046875
2 0.1703125 0.471875 0.0578125 0.10234375
2 0.009375 0.16953125 0.01171875 0.01640625
2 0.9203125 0.17578125 0.01953125 0.02421875
2 0.0203125 0.190625 0.01640625 0.01875
2 0.15859375 0.57578125 0.02734375 0.04453125
2 0.9328125 0.89609375 0.0578125 0.11328125
2 0.865625 0.88046875 0.05078125 0.059375
2 0.921875 0.0734375 0.1296875 0.146875
5 0.21484375 0.58828125 0.0265625 0.028125
2 0.2890625 0.43515625 0.01953125 0.04609375
2 0.4125 0.340625 0.07578125 0.09765625
5 0.8484375 0.3796875 0.028125 0.04140625
2 0.03984375 0.75859375 0.0796875 0.25703125
2 0.0203125 0.27265625 0.040625 0.0828125
2 0.3296875 0.77890625 0.0375 0.046875
2 0.44296875 0.7578125 0.04140625 0.08359375
2 0.828125 0.83203125 0.03671875 0.04921875
2 0.32890625 0.2265625 0.0234375 0.02265625
2 0.2828125 0.78203125 0.03125 0.03671875
2 0.3 0.16640625 0.059375 0.09296875
5 0.50390625 0.85390625 0.02421875 0.03671875
2 0.13046875 0.5234375 0.0296875 0.03671875
2 0.4046875 0.83046875 0.02734375 0.0375
5 0.5765625 0.9 0.03359375 0.03984375
2 0.6625 0.01953125 0.090625 0.03671875
2 0.5515625 0.20859375 0.040625 0.05078125
2 0.72578125 0.0390625 0.0828125 0.075
2 0.13671875 0.32421875 0.0578125 0.04453125
2 0.1 0.97734375 0.10390625 0.04296875
2 0.5 0.93828125 0.025 0.02421875
2 0.971875 0.28203125 0.05546875 0.06875
2 0.01953125 0.025 0.0390625 0.05
4 0.253125 0.7609375 0.17421875 0.25546875
2 0.2203125 0.83984375 0.0296875 0.05625
2 0.6140625 0.1453125 0.0875 0.11015625
2 0.26328125 0.38046875 0.04609375 0.03203125
5 0.5234375 0.9546875 0.0265625 0.03671875
16 0.72734375 0.49609375 0.365625 0.66953125