2 0.6546875 0.4296875 0.05625 0.11171875
2 0.33046875 0.5953125 0.1046875 0.134375
2 0.8875 0.51875 0.11171875 0.228125
15 0.740625 0.49765625 0.375 0.9953125
2 0.19296875 0.86796875 0.3859375 0.259375
2 0.6203125 0.98125 0.06875 0.03515625
2 0.921875 0.78671875 0.06171875 0.11875
2 0.94765625 0.4265625 0.1046875 0.303125
2 0.2890625 0.74296875 0.065625 0.08671875
2 0.84453125 0.2 0.3109375 0.4
2 0.4828125 0.91640625 0.17265625 0.14921875
2 0.44296875 0.83515625 0.04921875 0.04296875
2 0.62109375 0.56015625 0.0484375 0.059375
2 0.66875 0.6046875 0.08203125 0.06484375
2 0.7265625 0.775 0.22578125 0.23515625
2 0.88125 0.69453125 0.07421875 0.11875
2 0.6109375 0.9078125 0.0578125 0.09765625
2 0.3921875 0.69375 0.06328125 0.075
2 0.2390625 0.47265625 0.0515625 0.08125
2 0.41171875 0.78359375 0.0578125 0.06171875
2 0.775 0.93828125 0.15859375 0.12109375
2 0.2328125 0.60546875 0.10390625 0.09765625
2 0.6375 0.30390625 0.071875 0.08671875
2 0.278125 0.36171875 0.55546875 0.71875
2 0.515625 0.57109375 0.23359375 0.52421875
2 0.5796875 0.3046875 0.03125 0.05703125
2 0.940625 0.6359375 0.0484375 0.08359375
2 0.34765625 0.42421875 0.13515625 0.12421875
2 0.3875 0.52578125 0.07265625 0.07109375
2 0.0828125 0.0859375 0.165625 0.171875