2 0.2859375 0.86953125 0.065625 0.09375
2 0.00625 0.71484375 0.0125 0.0515625
2 0.34765625 0.89296875 0.03203125 0.03359375
2 0.05390625 0.15 0.0296875 0.03671875
2 0.246875 0.12109375 0.0234375 0.04609375
2 0.2671875 0.45859375 0.07734375 0.05390625
2 0.5328125 0.775 0.0671875 0.11171875
2 0.66015625 0.84140625 0.22578125 0.29609375
2 0.39375 0.93671875 0.0484375 0.075
4 0.46875 0.54609375 0.7734375 0.90625
2 0.3625 0.73515625 0.02734375 0.04609375
2 0.0359375 0.5265625 0.071875 0.096875
2 0.5203125 0.575 0.03203125 0.040625
2 0.7453125 0.66796875 0.0375 0.04609375
2 0.2875 0.03984375 0.09140625 0.07890625
2 0.7015625 0.17421875 0.03359375 0.03125
2 0.12734375 0.86171875 0.2546875 0.26796875
2 0.5640625 0.23828125 0.034375 0.046875
2 0.259375 0.70625 0.08671875 0.10625
2 0.46171875 0.15703125 0.26171875 0.31328125
2 0.27421875 0.33046875 0.07265625 0.11171875
2 0.8421875 0.47734375 0.31484375 0.50703125
2 0.171875 0.60234375 0.14765625 0.15234375
2 0.89765625 0.83828125 0.2046875 0.27265625
2 0.571875 0.36640625 0.09453125 0.12890625
2 0.1421875 0.73203125 0.05390625 0.05390625
2 0.6234375 0.50703125 0.028125 0.03203125
2 0.06640625 0.69296875 0.0765625 0.15234375
2 0.7171875 0.09921875 0.05625 0.07265625
2 0.5671875 0.91171875 0.0453125 0.059375
2 0.3890625 0.49296875 0.07578125 0.11171875
2 0.846875 0.12734375 0.30546875 0.253125