2 0.7890625 0.81484375 0.028125 0.0375
2 0.3140625 0.20390625 0.0375 0.03828125
2 0.4125 0.03203125 0.0234375 0.03203125
2 0.1109375 0.97890625 0.0421875 0.03359375
2 0.05234375 0.18046875 0.0265625 0.04609375
2 0.2140625 0.43984375 0.0171875 0.02421875
9 0.37109375 0.2484375 0.05234375 0.075
2 0.85 0.80859375 0.01796875 0.05390625
2 0.534375 0.22578125 0.0171875 0.02421875
2 0.7640625 0.7875 0.02109375 0.03515625
2 0.8578125 0.7125 0.01953125 0.03203125
2 0.35078125 0.71484375 0.03203125 0.07265625
2 0.184375 0.1765625 0.0390625 0.04140625
2 0.2765625 0.22890625 0.03359375 0.05234375
2 0.728125 0.28046875 0.06015625 0.075
2 0.75703125 0.6359375 0.103125 0.12578125
2 0.83203125 0.71171875 0.01953125 0.02265625
2 0.1265625 0.03046875 0.090625 0.05859375
2 0.96953125 0.87421875 0.0484375 0.046875
2 0.09375 0.17421875 0.0265625 0.040625
2 0.746875 0.1046875 0.0421875 0.075
2 0.19921875 0.4046875 0.02109375 0.03046875
2 0.38046875 0.85 0.0375 0.05546875
2 0.5296875 0.02109375 0.04375 0.03984375
2 0.484375 0.31796875 0.0234375 0.03203125
2 0.4859375 0.43515625 0.02734375 0.04609375
2 0.75234375 0.47421875 0.0390625 0.08671875
2 0.4265625 0.12890625 0.05625 0.06171875
2 0.84921875 0.7484375 0.025 0.03203125
2 0.1890625 0.725 0.04375 0.046875
9 0.2703125 0.66640625 0.0734375 0.50859375
2 0.7734375 0.98359375 0.03125 0.02578125
2 0.590625 0.42734375 0.05625 0.14765625
2 0.234375 0.25546875 0.040625 0.07265625
2 0.33125 0.36796875 0.13828125 0.10234375
2 0.8515625 0.35234375 0.03828125 0.03125
9 0.7171875 0.20234375 0.084375 0.40234375
2 0.871875 0.45859375 0.0234375 0.03125
14 0.334375 0.490625 0.66875 0.98125
2 0.7140625 0.7578125 0.0484375 0.059375
9 0.9 0.503125 0.04765625 0.17109375
2 0.85625 0.87265625 0.03828125 0.04453125
9 0.08984375 0.6140625 0.06015625 0.20234375
2 0.5140625 0.4171875 0.0375 0.05546875
9 0.9671875 0.4328125 0.06484375 0.078125
2 0.83515625 0.265625 0.053125 0.04140625
2 0.09375 0.259375 0.04765625 0.05390625
2 0.53515625 0.8453125 0.0265625 0.03203125
2 0.3625 0.51875 0.01640625 0.02890625
2 0.81875 0.21015625 0.0234375 0.028125
2 0.8390625 0.11875 0.07265625 0.10078125
2 0.96875 0.7265625 0.025 0.02265625
2 0.37265625 0.140625 0.0453125 0.09765625
2 0.9296875 0.78515625 0.09375 0.09296875
2 0.6875 0.42109375 0.028125 0.03359375
2 0.9203125 0.68203125 0.06328125 0.07109375
2 0.49296875 0.625 0.01796875 0.03203125
2 0.3890625 0.60390625 0.01640625 0.01953125
2 0.38046875 0.78203125 0.05546875 0.05546875
2 0.028125 0.29375 0.0234375 0.03125
2 0.121875 0.40546875 0.028125 0.0375
2 0.4921875 0.515625 0.0234375 0.03359375
2 0.43125 0.5375 0.0234375 0.02421875
2 0.9671875 0.97890625 0.05546875 0.03359375
2 0.3109375 0.87109375 0.09453125 0.06875
2 0.85390625 0.5046875 0.0203125 0.02578125
9 0.19453125 0.05546875 0.03203125 0.065625
2 0.77890625 0.9171875 0.0515625 0.05703125
2 0.5421875 0.17265625 0.028125 0.05234375
2 0.46953125 0.20546875 0.1109375 0.06484375
2 0.90859375 0.1640625 0.01953125 0.02734375
2 0.0796875 0.51640625 0.02109375 0.02578125
2 0.065625 0.4421875 0.03828125 0.04296875
2 0.2625 0.16640625 0.0484375 0.07421875
2 0.7015625 0.9265625 0.01796875 0.03125
2 0.459375 0.93984375 0.10546875 0.065625
2 0.47734375 0.54375 0.01484375 0.01953125
2 0.52109375 0.48046875 0.02421875 0.01796875
2 0.36875 0.4453125 0.0203125 0.028125
2 0.16875 0.37578125 0.02421875 0.028125
2 0.23984375 0.66953125 0.03203125 0.03125
2 0.90234375 0.82890625 0.01796875 0.03671875
2 0.3390625 0.81796875 0.0171875 0.02265625
2 0.984375 0.60859375 0.02421875 0.03203125
2 0.50625 0.28984375 0.02890625 0.05
9 0.56796875 0.59453125 0.0578125 0.05859375
2 0.15703125 0.79921875 0.14921875 0.15703125
2 0.725 0.928125 0.0171875 0.02265625
2 0.97890625 0.0734375 0.0421875 0.03125