0 0.5921875 0.58046875 0.0546875 0.12890625
2 0.98984375 0.596875 0.0203125 0.040625
0 0.2875 0.1296875 0.2953125 0.259375
2 0.675 0.54140625 0.0515625 0.05
2 0.1359375 0.73203125 0.0265625 0.03828125
2 0.6265625 0.36953125 0.06015625 0.04765625
0 0.6015625 0.77734375 0.1015625 0.13984375
2 0.16875 0.79921875 0.034375 0.04765625
2 0.7046875 0.4140625 0.08671875 0.05625
0 0.35546875 0.41171875 0.071875 0.06796875
0 0.32578125 0.83046875 0.10078125 0.11015625
2 0.4859375 0.453125 0.05234375 0.06953125
2 0.59375 0.3015625 0.03046875 0.03125
0 0.7265625 0.68984375 0.0890625 0.17109375
0 0.7359375 0.096875 0.07265625 0.190625
2 0.9890625 0.81640625 0.02109375 0.07109375
0 0.8453125 0.0265625 0.0421875 0.04609375
0 0.11953125 0.92109375 0.1421875 0.153125
2 0.23046875 0.9625 0.0453125 0.06953125
2 0.9796875 0.97734375 0.040625 0.04296875
2 0.3859375 0.74140625 0.05546875 0.0875
2 0.9578125 0.02265625 0.0546875 0.04453125
2 0.98203125 0.0421875 0.0359375 0.03359375
2 0.8546875 0.21171875 0.290625 0.26796875
2 0.4375 0.12265625 0.190625 0.24453125
2 0.825 0.84140625 0.0265625 0.02890625
2 0.2828125 0.59765625 0.24765625 0.23515625
2 0.60625 0.05546875 0.03046875 0.04296875
2 0.58046875 0.91171875 0.15546875 0.10234375
0 0.91171875 0.74296875 0.1765625 0.15078125
2 0.25234375 0.42265625 0.04140625 0.09296875
2 0.0296875 0.953125 0.059375 0.075
2 0.25390625 0.82734375 0.03046875 0.03125
0 0.04296875 0.05546875 0.0859375 0.1109375
2 0.91796875 0.32265625 0.1640625 0.2046875
2 0.07109375 0.75078125 0.11015625 0.13515625
2 0.8140625 0.9171875 0.2859375 0.16015625
2 0.47421875 0.71640625 0.0734375 0.10703125
2 0.4359375 0.89765625 0.13125 0.2
4 0.5015625 0.33515625 0.98671875 0.4625
2 0.1484375 0.63046875 0.034375 0.03125
2 0.3125 0.50703125 0.02734375 0.05546875
2 0.675 0.33984375 0.03671875 0.05390625
0 0.8171875 0.546875 0.1 0.06484375
2 0.4625 0.546875 0.12890625 0.15625
2 0.6015625 0.18125 0.1625 0.27890625
2 0.9296875 0.81484375 0.07578125 0.06953125
2 0.2671875 0.90703125 0.05859375 0.08359375
0 0.871875 0.47890625 0.1390625 0.05234375
0 0.115625 0.4265625 0.23125 0.471875