2 0.6453125 0.76796875 0.01484375 0.01484375
2 0.234375 0.87109375 0.0203125 0.02734375
0 0.390625 0.72265625 0.0171875 0.02578125
2 0.225 0.22890625 0.0828125 0.06484375
2 0.21875 0.6484375 0.06171875 0.06015625
2 0.315625 0.81875 0.06796875 0.08671875
0 0.228125 0.52578125 0.03671875 0.08203125
2 0.246875 0.015625 0.025 0.028125
14 0.521875 0.3796875 0.28203125 0.33203125
2 0.07421875 0.39609375 0.02734375 0.02734375
0 0.14375 0.553125 0.02265625 0.028125
2 0.21015625 0.30703125 0.0578125 0.05546875
2 0.48671875 0.01171875 0.03203125 0.02265625
0 0.51875 0.51171875 0.02421875 0.028125
2 0.80859375 0.6984375 0.01484375 0.0375
2 0.4640625 0.93828125 0.034375 0.04609375
2 0.1578125 0.66171875 0.03515625 0.05625
0 0.0265625 0.57421875 0.028125 0.028125
2 0.3515625 0.32421875 0.0234375 0.046875
0 0.5984375 0.48046875 0.07421875 0.04140625
2 0.509375 0.27421875 0.01328125 0.021875
0 0.81015625 0.5421875 0.3796875 0.15
0 0.8828125 0.6140625 0.02890625 0.03203125
2 0.0234375 0.1984375 0.025 0.046875
2 0.125 0.76953125 0.0234375 0.03359375
2 0.0640625 0.58828125 0.0234375 0.04453125
2 0.028125 0.43984375 0.05625 0.1125
2 0.2 0.08359375 0.04609375 0.06484375
2 0.11328125 0.51796875 0.06328125 0.02421875
2 0.0140625 0.35390625 0.028125 0.05234375
2 0.7625 0.26796875 0.05078125 0.134375
2 0.7828125 0.69375 0.01796875 0.02421875
2 0.7921875 0.03515625 0.028125 0.03515625
2 0.0125 0.246875 0.02421875 0.046875
0 0.1421875 0.409375 0.09453125 0.11640625
2 0.72109375 0.08984375 0.13203125 0.14453125
2 0.26015625 0.12578125 0.0484375 0.11640625
2 0.971875 0.1203125 0.05625 0.17578125
2 0.6828125 0.40703125 0.0140625 0.028125
2 0.19453125 0.9234375 0.0546875 0.06796875
2 0.0796875 0.28984375 0.0453125 0.06171875
2 0.22109375 0.78359375 0.03359375 0.0375
0 0.478125 0.63671875 0.01953125 0.04140625
2 0.53515625 0.0953125 0.021875 0.015625
2 0.13125 0.3890625 0.0734375 0.09765625
0 0.5 0.46640625 0.18671875 0.08046875
0 0.43984375 0.57890625 0.0390625 0.08125
2 0.31484375 0.12578125 0.03125 0.046875
2 0.8953125 0.11796875 0.04765625 0.065625
2 0.2171875 0.359375 0.01796875 0.028125
2 0.2953125 0.3375 0.06171875 0.09375
2 0.28515625 0.0515625 0.0484375 0.06875
2 0.28203125 0.75859375 0.0484375 0.05546875
0 0.02734375 0.39296875 0.01796875 0.02421875
2 0.609375 0.02578125 0.0578125 0.04921875
2 0.1375 0.60546875 0.0171875 0.02578125
2 0.70546875 0.64609375 0.01796875 0.03203125
2 0.51796875 0.38203125 0.04453125 0.06328125
2 0.03359375 0.5203125 0.03125 0.04296875
2 0.15625 0.12109375 0.0421875 0.12890625
2 0.36796875 0.19296875 0.0359375 0.06875
2 0.753125 0.86171875 0.01796875 0.03359375
2 0.1109375 0.68984375 0.059375 0.05234375
2 0.0859375 0.071875 0.171875 0.1375
2 0.18125 0.74453125 0.0484375 0.040625
0 0.3171875 0.3796875 0.12578125 0.13359375
2 0.4609375 0.30546875 0.0203125 0.03984375
2 0.47109375 0.09921875 0.025 0.02421875
2 0.28125 0.9 0.04296875 0.046875
0 0.3328125 0.5203125 0.14140625 0.17734375
2 0.3640625 0.11953125 0.0171875 0.04765625
2 0.9625 0.6875 0.02421875 0.03125
2 0.44609375 0.3859375 0.03515625 0.059375
0 0.5828125 0.56796875 0.06328125 0.040625