2 0.7421875 0.58515625 0.2984375 0.31171875
2 0.446875 0.284375 0.0671875 0.10078125
2 0.05625 0.934375 0.1125 0.125
2 0.328125 0.20390625 0.15546875 0.371875
2 0.1265625 0.3765625 0.0765625 0.09921875
2 0.1765625 0.6640625 0.02734375 0.05390625
2 0.95546875 0.15078125 0.0890625 0.09140625
5 0.86953125 0.47265625 0.0671875 0.0875
2 0.54765625 0.725 0.18671875 0.23515625
2 0.421875 0.55390625 0.29609375 0.38203125
2 0.2734375 0.7921875 0.09453125 0.11640625
2 0.22109375 0.63046875 0.07578125 0.15625
2 0.96015625 0.6421875 0.0796875 0.171875
2 0.47265625 0.96015625 0.03828125 0.0375
2 0.6796875 0.89375 0.03515625 0.096875
2 0.90625 0.57421875 0.02109375 0.03359375
2 0.9484375 0.9421875 0.103125 0.10546875
2 0.88359375 0.334375 0.2328125 0.390625
2 0.4046875 0.81015625 0.1109375 0.12421875
2 0.8515625 0.68984375 0.05546875 0.059375
2 0.0625 0.45390625 0.125 0.24921875
2 0.05234375 0.63515625 0.0609375 0.08203125
2 0.259375 0.44921875 0.08671875 0.10625
2 0.65 0.25703125 0.0828125 0.14296875
2 0.41875 0.19921875 0.0546875 0.10234375
2 0.81484375 0.92109375 0.1625 0.14921875
2 0.09765625 0.1640625 0.1953125 0.325
3 0.846875 0.87890625 0.30625 0.23671875
2 0.625 0.92578125 0.0875 0.12421875
2 0.040625 0.80703125 0.08125 0.1859375
2 0.68125 0.11171875 0.27421875 0.18828125
2 0.70859375 0.8375 0.040625 0.08125
2 0.15859375 0.9171875 0.0671875 0.07734375
2 0.1875 0.79609375 0.06953125 0.09296875
4 0.53984375 0.4578125 0.9203125 0.9125
2 0.40859375 0.92265625 0.07734375 0.13359375
2 0.8625 0.065625 0.11328125 0.09375
2 0.55703125 0.30078125 0.190625 0.25390625
2 0.2796875 0.94453125 0.1796875 0.103125
2 0.5609375 0.87265625 0.04375 0.05546875
2 0.47734375 0.89609375 0.06328125 0.0375
2 0.54375 0.95703125 0.0828125 0.08359375
2 0.47421875 0.10234375 0.14453125 0.125