2 0.7015625 0.78828125 0.02734375 0.03671875
2 0.32109375 0.9359375 0.065625 0.07421875
2 0.06015625 0.25859375 0.1203125 0.36484375
2 0.575 0.97421875 0.0515625 0.04296875
2 0.5453125 0.92734375 0.0578125 0.040625
2 0.0890625 0.26484375 0.0703125 0.21484375
2 0.7984375 0.09140625 0.06328125 0.096875
3 0.7484375 0.859375 0.11328125 0.19453125
2 0.2546875 0.42109375 0.06640625 0.12890625
2 0.1578125 0.81796875 0.0375 0.04609375
2 0.6375 0.09453125 0.121875 0.18125
2 0.8828125 0.19765625 0.21640625 0.39296875
2 0.70703125 0.97421875 0.065625 0.046875
2 0.74140625 0.04765625 0.1078125 0.0953125
3 0.3234375 0.340625 0.090625 0.09296875
2 0.16875 0.24375 0.01796875 0.02578125
2 0.01953125 0.034375 0.02734375 0.06328125
2 0.5328125 0.04453125 0.059375 0.08359375
2 0.0375 0.8859375 0.07421875 0.22265625
2 0.30390625 0.4078125 0.025 0.03125
2 0.971875 0.575 0.05625 0.115625
3 0.12265625 0.465625 0.2453125 0.19296875
2 0.965625 0.3515625 0.06875 0.21875
2 0.13359375 0.190625 0.071875 0.04609375
2 0.6375 0.87578125 0.153125 0.15234375
2 0.53125 0.71171875 0.10390625 0.13828125
2 0.1734375 0.43515625 0.09609375 0.10078125
2 0.0203125 0.6984375 0.040625 0.06875
2 0.73671875 0.1375 0.03046875 0.07734375
2 0.8609375 0.0484375 0.07734375 0.09375
2 0.97265625 0.49375 0.021875 0.065625
2 0.2359375 0.25703125 0.028125 0.03671875
2 0.8265625 0.93984375 0.16640625 0.11875
2 0.5125 0.821875 0.09765625 0.11171875
2 0.5703125 0.20703125 0.41015625 0.41328125
2 0.12109375 0.9078125 0.096875 0.17421875
2 0.9859375 0.90703125 0.028125 0.17890625
2 0.2015625 0.225 0.04921875 0.028125
3 0.1890625 0.6359375 0.37734375 0.26875
2 0.21875 0.48125 0.04921875 0.07265625
2 0.278125 0.16640625 0.0390625 0.06953125
2 0.2921875 0.80546875 0.2421875 0.38125
2 0.64921875 0.71640625 0.13125 0.096875
2 0.7859375 0.55078125 0.09375 0.20546875
2 0.20859375 0.07578125 0.3390625 0.1515625
2 0.8109375 0.18515625 0.06171875 0.05546875
2 0.8828125 0.46015625 0.16796875 0.13046875
2 0.3609375 0.09453125 0.0703125 0.103125
8 0.4375 0.62265625 0.20546875 0.33828125
3 0.61328125 0.528125 0.25078125 0.26875
2 0.890625 0.60078125 0.0765625 0.1125
2 0.78828125 0.375 0.09453125 0.12421875
2 0.4125 0.94921875 0.1390625 0.09609375
2 0.89921875 0.81875 0.2015625 0.33671875
2 0.1890625 0.2640625 0.0171875 0.03125