2 0.6109375 0.38359375 0.31171875 0.22734375
2 0.2984375 0.89453125 0.2984375 0.20546875
2 0.88046875 0.253125 0.2390625 0.50390625
2 0.321875 0.45625 0.1359375 0.359375
2 0.1890625 0.66015625 0.0796875 0.13359375
2 0.63671875 0.046875 0.246875 0.09140625
2 0.1015625 0.97578125 0.1015625 0.04609375
2 0.721875 0.66171875 0.55625 0.671875
2 0.4109375 0.55546875 0.03671875 0.03125
2 0.2828125 0.68046875 0.03046875 0.05625
2 0.81640625 0.33203125 0.10859375 0.12890625
2 0.19609375 0.53046875 0.06171875 0.09921875
2 0.26015625 0.56015625 0.0265625 0.03203125
2 0.5015625 0.9765625 0.0625 0.046875
14 0.5 0.64375 1 0.27734375
2 0.253125 0.78671875 0.11171875 0.03828125
2 0.41875 0.34609375 0.0703125 0.09765625
2 0.97734375 0.0734375 0.0453125 0.103125
2 0.25703125 0.25390625 0.5140625 0.5078125
2 0.94453125 0.02890625 0.03046875 0.028125
2 0.09609375 0.90859375 0.0734375 0.059375
2 0.10625 0.82421875 0.15546875 0.10703125
2 0.0203125 0.946875 0.040625 0.103125
2 0.4375 0.4421875 0.03125 0.05390625
2 0.625 0.23125 0.26640625 0.28203125