2 0.6328125 0.40703125 0.05625 0.05
2 0.47265625 0.815625 0.0828125 0.08046875
2 0.40078125 0.82109375 0.0375 0.059375
2 0.2875 0.25234375 0.1703125 0.196875
2 0.18515625 0.13671875 0.14609375 0.24609375
2 0.4234375 0.97109375 0.0796875 0.05
2 0.87890625 0.6515625 0.1046875 0.096875
2 0.5296875 0.490625 0.2984375 0.19375
2 0.19375 0.47265625 0.0859375 0.146875
2 0.04375 0.021875 0.0234375 0.03125
2 0.371875 0.89140625 0.06640625 0.08046875
2 0.09375 0.0578125 0.09375 0.078125
2 0.4328125 0.89140625 0.01796875 0.06953125
2 0.3421875 0.5203125 0.0453125 0.0375
2 0.56640625 0.28671875 0.10078125 0.15078125
2 0.8578125 0.56015625 0.04609375 0.065625
2 0.9671875 0.8546875 0.06484375 0.12421875
2 0.8109375 0.1859375 0.378125 0.371875
5 0.31796875 0.06328125 0.08203125 0.11328125
2 0.31875 0.80546875 0.11328125 0.15625
2 0.3015625 0.62578125 0.14921875 0.21171875
2 0.8046875 0.36796875 0.03828125 0.06875
2 0.76015625 0.51484375 0.1375 0.17734375
2 0.48984375 0.66875 0.24609375 0.23515625
2 0.27734375 0.94609375 0.084375 0.096875
2 0.7 0.85390625 0.45546875 0.28125
2 0.96953125 0.653125 0.0609375 0.1
2 0.96484375 0.9703125 0.0703125 0.05625
2 0.02890625 0.90859375 0.0578125 0.11875
2 0.20625 0.9484375 0.0484375 0.090625
2 0.0875 0.4375 0.175 0.7
2 0.0140625 0.04375 0.028125 0.053125
2 0.91171875 0.43125 0.1765625 0.12890625
2 0.12734375 0.12734375 0.06953125 0.06953125
2 0.1265625 0.88125 0.12578125 0.23203125
2 0.95625 0.54375 0.0875 0.103125
4 0.396875 0.4984375 0.45234375 0.996875
2 0.51328125 0.6296875 0.021875 0.03671875
5 0.72109375 0.6359375 0.11171875 0.13984375