0 0.9046875 0.97734375 0.06484375 0.04453125
14 0.1578125 0.80234375 0.315625 0.3921875
2 0.3015625 0.23125 0.0375 0.04765625
14 0.2546875 0.603125 0.509375 0.7875
2 0.93359375 0.22734375 0.02421875 0.06484375
2 0.8515625 0.46328125 0.034375 0.03203125
2 0.58828125 0.16875 0.02734375 0.084375
2 0.4015625 0.36875 0.03359375 0.05234375
2 0.6125 0.55703125 0.05625 0.08203125
2 0.6375 0.22734375 0.009375 0.021875
2 0.6703125 0.08515625 0.0453125 0.06953125
2 0.896875 0.778125 0.03515625 0.059375
2 0.5390625 0.21015625 0.01796875 0.04140625
2 0.590625 0.87734375 0.04453125 0.07109375
0 0.96640625 0.0109375 0.02890625 0.01875
2 0.9828125 0.15859375 0.03359375 0.08046875
2 0.646875 0.16953125 0.02734375 0.0375
2 0.046875 0.14140625 0.03828125 0.03359375
2 0.13046875 0.56015625 0.02734375 0.0375
2 0.03828125 0.45546875 0.021875 0.028125
2 0.525 0.265625 0.03125 0.03359375
2 0.6078125 0.75546875 0.0421875 0.04609375
2 0.8125 0.5515625 0.04296875 0.046875
2 0.7015625 0.621875 0.0171875 0.03359375
14 0.8921875 0.075 0.0796875 0.14765625
0 0.55625 0.1671875 0.42734375 0.334375
2 0.590625 0.06640625 0.0359375 0.04140625
2 0.7640625 0.640625 0.05234375 0.065625
2 0.46953125 0.671875 0.03671875 0.06953125
2 0.14453125 0.11640625 0.0234375 0.03515625
2 0.4671875 0.31484375 0.0421875 0.08828125
2 0.153125 0.6265625 0.03515625 0.06171875
2 0.834375 0.36640625 0.02421875 0.02578125
2 0.3921875 0.475 0.06640625 0.07109375
2 0.75 0.48125 0.040625 0.04765625
14 0.5359375 0.6203125 0.928125 0.75390625
2 0.87734375 0.40546875 0.01953125 0.01875
2 0.8015625 0.4125 0.0546875 0.04765625
0 0.81015625 0.6828125 0.3796875 0.49375
2 0.5609375 0.0140625 0.03125 0.028125
2 0.97421875 0.97109375 0.0515625 0.0515625
2 0.0859375 0.66875 0.03515625 0.04453125
2 0.6984375 0.66328125 0.0359375 0.04140625
2 0.153125 0.07578125 0.0203125 0.02421875