2 0.0765625 0.74609375 0.153125 0.10546875
2 0.4265625 0.8234375 0.0375 0.065625
2 0.478125 0.51171875 0.06640625 0.0875
2 0.26953125 0.6390625 0.1765625 0.23828125
2 0.45859375 0.97421875 0.0421875 0.04296875
2 0.7078125 0.78203125 0.23828125 0.42578125
2 0.4171875 0.03046875 0.06875 0.0609375
2 0.4484375 0.30078125 0.04453125 0.05234375
2 0.1359375 0.65234375 0.06484375 0.140625
2 0.1078125 0.125 0.04765625 0.08125
2 0.375 0.41171875 0.04765625 0.06875
2 0.83984375 0.2828125 0.21171875 0.53125
14 0.353125 0.49921875 0.49921875 0.99609375
2 0.94921875 0.8015625 0.1015625 0.1875
3 0.121875 0.48984375 0.24296875 0.38515625
2 0.03203125 0.22421875 0.04453125 0.05234375
2 0.4234375 0.178125 0.10546875 0.11640625
2 0.66875 0.12109375 0.12109375 0.240625
2 0.64375 0.47734375 0.17421875 0.22109375
2 0.2375 0.0515625 0.03515625 0.04453125
2 0.97421875 0.0296875 0.0515625 0.05390625
2 0.4984375 0.10625 0.04453125 0.09140625
2 0.3125 0.1140625 0.0984375 0.096875
2 0.97421875 0.43984375 0.0515625 0.0734375
2 0.0328125 0.94140625 0.06484375 0.109375
2 0.265625 0.86328125 0.14921875 0.271875
2 0.971875 0.19921875 0.05625 0.10546875
2 0.03125 0.83359375 0.06171875 0.06796875