2 0.36171875 0.51484375 0.03046875 0.03203125
0 0.72265625 0.48671875 0.04453125 0.040625
0 0.7609375 0.55234375 0.0234375 0.03515625
2 0.80234375 0.73828125 0.021875 0.04609375
2 0.88671875 0.09453125 0.08984375 0.02421875
0 0.96015625 0.50625 0.0796875 0.059375
0 0.73125 0.05078125 0.0203125 0.03359375
2 0.2234375 0.01171875 0.01640625 0.02265625
2 0.44609375 0.91484375 0.02109375 0.03203125
2 0.05 0.32890625 0.03125 0.03359375
2 0.83125 0.91796875 0.0375 0.10234375
2 0.76875 0.17421875 0.02109375 0.02421875
2 0.1640625 0.39453125 0.0234375 0.03125
2 0.1859375 0.51953125 0.01484375 0.02265625
2 0.27890625 0.92265625 0.01953125 0.03984375
0 0.94296875 0.60703125 0.053125 0.08359375
0 0.96875 0.29453125 0.04765625 0.08046875
2 0.21875 0.12265625 0.0109375 0.02578125
0 0.0359375 0.50078125 0.02265625 0.03125
2 0.2046875 0.33984375 0.02109375 0.02734375
2 0.8890625 0.1953125 0.07734375 0.09609375
3 0.5890625 0.6 0.0890625 0.06875
2 0.9234375 0.846875 0.02734375 0.04609375
2 0.865625 0.2875 0.0375 0.04765625
2 0.43046875 0.06953125 0.0140625 0.02578125
0 0.6796875 0.23359375 0.05234375 0.06171875
2 0.41640625 0.78046875 0.01796875 0.0375
2 0.2453125 0.26484375 0.03203125 0.03515625
2 0.17578125 0.73515625 0.01953125 0.02734375
2 0.18125 0.48515625 0.01640625 0.02890625
2 0.79296875 0.0640625 0.01953125 0.028125
0 0.8578125 0.48671875 0.040625 0.046875
0 0.86484375 0.0296875 0.05859375 0.059375
2 0.671875 0.47734375 0.028125 0.01796875
2 0.2046875 0.61640625 0.01484375 0.01796875
2 0.140625 0.82421875 0.0203125 0.03671875
2 0.078125 0.39296875 0.0484375 0.05546875
2 0.44765625 0.54453125 0.38671875 0.14296875
2 0.2328125 0.97265625 0.02109375 0.03515625
2 0.703125 0.68359375 0.0546875 0.05546875
2 0.871875 0.67109375 0.02890625 0.0375
2 0.07109375 0.25703125 0.0296875 0.03125
2 0.98046875 0.39609375 0.01953125 0.02734375
2 0.384375 0.85859375 0.03359375 0.046875
2 0.0203125 0.59453125 0.03359375 0.046875
0 0.653125 0.02734375 0.03203125 0.05078125
2 0.340625 0.63984375 0.05625 0.04609375
2 0.540625 0.93125 0.02109375 0.03203125
3 0.596875 0.8234375 0.1765625 0.28125
2 0.15078125 0.65859375 0.0109375 0.01328125
2 0.4765625 0.78671875 0.03046875 0.03359375
2 0.265625 0.9796875 0.03203125 0.03203125
2 0.8296875 0.83828125 0.03515625 0.04609375
2 0.7484375 0.70703125 0.02109375 0.04296875
0 0.640625 0.14140625 0.0515625 0.06484375
0 0.4296875 0.4078125 0.02109375 0.046875
2 0.590625 0.10625 0.03828125 0.0375
2 0.15078125 0.77734375 0.01953125 0.02890625
2 0.9046875 0.26796875 0.0265625 0.028125
2 0.0171875 0.8125 0.034375 0.04375
2 0.50703125 0.50234375 0.0546875 0.06171875
2 0.11875 0.303125 0.01640625 0.03125
2 0.465625 0.98203125 0.02421875 0.028125
2 0.83828125 0.690625 0.0171875 0.02890625
0 0.38125 0.65078125 0.025 0.03046875
3 0.4 0.3796875 0.040625 0.11953125
0 0.9046875 0.41640625 0.12421875 0.05
2 0.9296875 0.46015625 0.05859375 0.06328125
4 0.59921875 0.2296875 0.134375 0.09140625
0 0.79375 0.49609375 0.04140625 0.04453125
2 0.55859375 0.35 0.0609375 0.06875
2 0.75234375 0.80859375 0.04921875 0.04453125
0 0.90234375 0.50859375 0.01640625 0.01953125
2 0.896875 0.60703125 0.04765625 0.06796875
2 0.740625 0.578125 0.01484375 0.02890625
2 0.13203125 0.50390625 0.028125 0.0375
2 0.115625 0.34140625 0.01796875 0.02890625
2 0.9015625 0.79921875 0.02265625 0.02734375
2 0.16328125 0.8609375 0.01796875 0.028125
2 0.49609375 0.83046875 0.01796875 0.028125
0 0.0125 0.41171875 0.025 0.06875
2 0.65625 0.57421875 0.0234375 0.04765625
2 0.13359375 0.6640625 0.0109375 0.01875
0 0.75390625 0.22890625 0.2578125 0.45625
2 0.228125 0.746875 0.03515625 0.065625