2 0.01796875 0.05859375 0.03046875 0.03984375
2 0.4515625 0.95 0.096875 0.08671875
2 0.0875 0.6484375 0.0265625 0.03359375
2 0.075 0.25390625 0.02421875 0.021875
0 0.9203125 0.75078125 0.159375 0.23125
2 0.5203125 0.57109375 0.0234375 0.04296875
4 0.65703125 0.49765625 0.2015625 0.9953125
2 0.42578125 0.8375 0.0296875 0.059375
2 0.5921875 0.64765625 0.03203125 0.05390625
2 0.23203125 0.17265625 0.0359375 0.028125
2 0.43203125 0.6859375 0.05546875 0.07109375
2 0.95546875 0.14765625 0.028125 0.04609375
0 0.33671875 0.4984375 0.4796875 0.996875
2 0.9671875 0.02421875 0.0484375 0.040625
2 0.121875 0.13203125 0.034375 0.06328125
2 0.10625 0.5046875 0.01953125 0.028125
2 0.8296875 0.31953125 0.22109375 0.43671875
2 0.35078125 0.52109375 0.03203125 0.046875
2 0.0328125 0.30859375 0.06484375 0.11484375
2 0.2796875 0.48203125 0.0453125 0.04609375
2 0.3609375 0.384375 0.03515625 0.0375
2 0.0625 0.909375 0.02734375 0.02578125
2 0.03125 0.19375 0.05234375 0.08671875
0 0.015625 0.5265625 0.03046875 0.14765625
2 0.278125 0.08359375 0.1375 0.13125
2 0.55625 0.2703125 0.07265625 0.19375
2 0.55 0.41328125 0.15390625 0.128125
2 0.5453125 0.62734375 0.034375 0.0375
2 0.015625 0.853125 0.03125 0.053125
2 0.084375 0.16640625 0.0234375 0.03515625
2 0.2796875 0.70390625 0.0546875 0.08828125
2 0.1125 0.77109375 0.04375 0.04921875
2 0.2890625 0.78359375 0.03125 0.04296875
2 0.296875 0.96953125 0.03671875 0.05859375
2 0.2796875 0.1875 0.03046875 0.04453125
2 0.75703125 0.79453125 0.0140625 0.02734375
2 0.53671875 0.71171875 0.0390625 0.07421875
2 0.353125 0.84453125 0.03046875 0.04296875
2 0.63125 0.73359375 0.05546875 0.07421875
2 0.0921875 0.0515625 0.034375 0.03828125
2 0.48828125 0.31328125 0.11015625 0.13203125
2 0.81484375 0.6921875 0.1203125 0.18828125
2 0.1125 0.41484375 0.02734375 0.03515625
2 0.0453125 0.77265625 0.021875 0.0375
2 0.90390625 0.06640625 0.04921875 0.03671875
2 0.05 0.59765625 0.028125 0.040625
2 0.60078125 0.8203125 0.0484375 0.07109375
2 0.4171875 0.2125 0.04609375 0.040625