0 0.88671875 0.578125 0.2265625 0.0875
0 0.0640625 0.38828125 0.12734375 0.23671875
2 0.3109375 0.84765625 0.04921875 0.06953125
0 0.69453125 0.81484375 0.12734375 0.22265625
2 0.1640625 0.65234375 0.06875 0.075
2 0.8609375 0.41796875 0.08359375 0.12890625
2 0.6890625 0.428125 0.0859375 0.103125
2 0.371875 0.94453125 0.09140625 0.09765625
2 0.98203125 0.39609375 0.0359375 0.07890625
3 0.75078125 0.88671875 0.14140625 0.21484375
0 0.93828125 0.7171875 0.1234375 0.125
4 0.47578125 0.59296875 0.9515625 0.81171875
2 0.2859375 0.98359375 0.028125 0.02578125
2 0.578125 0.328125 0.1140625 0.16484375
2 0.328125 0.45625 0.0265625 0.03671875
2 0.06953125 0.7703125 0.0703125 0.075
2 0.28515625 0.46328125 0.040625 0.07734375
0 0.06640625 0.1453125 0.1328125 0.12578125
2 0.24609375 0.14609375 0.0890625 0.09296875
0 0.88984375 0.06015625 0.2203125 0.1203125