2 0.9234375 0.15234375 0.05546875 0.19765625
2 0.16640625 0.09453125 0.075 0.08671875
2 0.8609375 0.75859375 0.06953125 0.11484375
2 0.44453125 0.96015625 0.05234375 0.075
2 0.98359375 0.9375 0.0328125 0.11875
2 0.7453125 0.6765625 0.0578125 0.07890625
3 0.13671875 0.32890625 0.2734375 0.65078125
2 0.6296875 0.88828125 0.0625 0.05234375
2 0.96328125 0.61484375 0.04765625 0.05703125
2 0.24140625 0.6734375 0.06328125 0.11875
2 0.53828125 0.9015625 0.0609375 0.096875
2 0.85234375 0.35390625 0.0453125 0.07109375
2 0.53828125 0.8203125 0.04453125 0.065625
2 0.34375 0.76328125 0.090625 0.11171875
2 0.459375 0.34140625 0.565625 0.67734375
2 0.965625 0.55625 0.03359375 0.040625
2 0.76796875 0.13046875 0.075 0.10078125
2 0.821875 0.42265625 0.05078125 0.06015625
2 0.971875 0.74609375 0.05625 0.10546875
2 0.0578125 0.59609375 0.04609375 0.07890625