2 0.521875 0.08359375 0.01328125 0.01640625
2 0.859375 0.44921875 0.025 0.04140625
2 0.603125 0.48046875 0.0453125 0.06328125
2 0.5875 0.05234375 0.0203125 0.02734375
2 0.065625 0.45703125 0.021875 0.01875
2 0.534375 0.2890625 0.025 0.02734375
2 0.8875 0.34453125 0.02421875 0.03125
3 0.31796875 0.59453125 0.08203125 0.10546875
2 0.653125 0.50625 0.02421875 0.02578125
2 0.4125 0.47265625 0.05078125 0.05078125
2 0.4625 0.18984375 0.01171875 0.02421875
2 0.4375 0.9234375 0.06796875 0.05625
3 0.159375 0.96171875 0.24609375 0.07109375
2 0.7109375 0.83515625 0.06953125 0.06171875
2 0.4 0.66640625 0.040625 0.05546875
2 0.53125 0.740625 0.0265625 0.0375
0 0.965625 0.30703125 0.04609375 0.06015625
2 0.48984375 0.47265625 0.0359375 0.03828125
2 0.709375 0.96328125 0.08046875 0.06484375
2 0.94453125 0.459375 0.1109375 0.05
2 0.68046875 0.76640625 0.0625 0.06171875
2 0.15625 0.284375 0.034375 0.03984375
2 0.93984375 0.10078125 0.1203125 0.13984375
2 0.9703125 0.59296875 0.01640625 0.01953125
2 0.6578125 0.9140625 0.03203125 0.040625
2 0.9328125 0.23984375 0.034375 0.03671875
2 0.23671875 0.0859375 0.0140625 0.021875
3 0.9359375 0.9140625 0.12734375 0.16328125
0 0.053125 0.10625 0.10625 0.209375
2 0.46875 0.5296875 0.01953125 0.04296875
2 0.340625 0.2296875 0.028125 0.0375
2 0.5015625 0.02578125 0.02421875 0.046875
2 0.69375 0.23671875 0.15859375 0.16171875
2 0.5125 0.65390625 0.0484375 0.046875
2 0.94375 0.20546875 0.0234375 0.04296875
2 0.81875 0.08828125 0.0171875 0.02265625
3 0.8328125 0.68203125 0.334375 0.21328125
2 0.090625 0.35390625 0.02890625 0.04921875
2 0.0546875 0.71953125 0.04296875 0.07421875
2 0.2515625 0.03203125 0.0234375 0.04453125
2 0.5828125 0.09609375 0.0203125 0.028125
2 0.8484375 0.32890625 0.01328125 0.03125
2 0.6890625 0.35703125 0.05625 0.059375
2 0.4265625 0.62578125 0.03125 0.040625
2 0.590625 0.66171875 0.0203125 0.03515625
2 0.29921875 0.296875 0.0421875 0.05078125
2 0.2515625 0.67890625 0.021875 0.05390625
2 0.53671875 0.14375 0.03125 0.02890625
2 0.265625 0.34453125 0.01953125 0.03359375
4 0.4484375 0.48203125 0.7640625 0.20546875
0 0.81640625 0.88359375 0.1328125 0.21875
2 0.6796875 0.66171875 0.01328125 0.02578125
2 0.79453125 0.69609375 0.05625 0.04609375
2 0.9234375 0.30234375 0.0078125 0.03203125
2 0.3109375 0.0625 0.0171875 0.02578125
2 0.7390625 0.39296875 0.040625 0.05234375
2 0.78671875 0.18359375 0.02109375 0.028125
2 0.25546875 0.47734375 0.09375 0.08359375
2 0.46484375 0.66328125 0.0359375 0.03671875
2 0.81796875 0.22421875 0.01953125 0.02265625
2 0.12890625 0.69921875 0.040625 0.03359375
2 0.83984375 0.15546875 0.06640625 0.07421875
2 0.3734375 0.3234375 0.03671875 0.071875
3 0.17421875 0.12421875 0.1078125 0.2484375
2 0.540625 0.84921875 0.10859375 0.07265625
2 0.08671875 0.58046875 0.14140625 0.103125
2 0.60625 0.7484375 0.05625 0.06484375
2 0.35 0.02578125 0.025 0.028125
2 0.4578125 0.3734375 0.18984375 0.12578125
2 0.2234375 0.26015625 0.0546875 0.05546875