2 0.7703125 0.190625 0.03046875 0.02890625
14 0.4109375 0.17578125 0.209375 0.35078125
2 0.64140625 0.65078125 0.03359375 0.05546875
14 0.171875 0.71484375 0.2046875 0.565625
2 0.6671875 0.709375 0.02734375 0.03203125
2 0.2703125 0.61640625 0.04921875 0.121875
2 0.67578125 0.21328125 0.02734375 0.0375
2 0.7 0.86796875 0.0203125 0.04453125
2 0.765625 0.81875 0.028125 0.0375
2 0.49375 0.92109375 0.0265625 0.02890625
2 0.71953125 0.8203125 0.03671875 0.06015625
2 0.53984375 0.496875 0.0375 0.07109375
2 0.5125 0.76796875 0.03203125 0.046875
2 0.71875 0.6640625 0.02109375 0.02421875
2 0.5953125 0.81953125 0.02265625 0.03203125
2 0.590625 0.16328125 0.06796875 0.14140625
2 0.246875 0.9515625 0.03203125 0.04609375
14 0.2578125 0.49921875 0.253125 0.9984375
2 0.79375 0.11796875 0.034375 0.04140625
2 0.9390625 0.765625 0.03828125 0.065625
2 0.98984375 0.86796875 0.0203125 0.0359375
2 0.675 0.65546875 0.03671875 0.04140625
2 0.5 0.68203125 0.0734375 0.0875
2 0.73828125 0.62109375 0.03125 0.03671875
2 0.58046875 0.77578125 0.02421875 0.04453125
2 0.6375 0.3125 0.040625 0.05234375
2 0.6 0.44453125 0.0234375 0.02578125
2 0.78203125 0.44765625 0.2359375 0.20390625
2 0.80546875 0.71796875 0.01796875 0.028125
2 0.9515625 0.62890625 0.05390625 0.040625
2 0.959375 0.51328125 0.040625 0.05625
2 0.2859375 0.11171875 0.06484375 0.09296875
2 0.4875 0.4234375 0.03359375 0.0375
2 0.67421875 0.53984375 0.07265625 0.09921875
2 0.0140625 0.29296875 0.028125 0.03515625
2 0.68203125 0.05625 0.04140625 0.04609375