5 0.11875 0.4 0.06796875 0.07890625
2 0.759375 0.49453125 0.05078125 0.08359375
2 0.4734375 0.72421875 0.05625 0.08984375
2 0.2140625 0.096875 0.0796875 0.18515625
2 0.625 0.73671875 0.06328125 0.05546875
2 0.1515625 0.87734375 0.06875 0.096875
5 0.73125 0.10859375 0.02421875 0.05546875
2 0.8890625 0.971875 0.0390625 0.04765625
2 0.7171875 0.26875 0.034375 0.03515625
5 0.4515625 0.08359375 0.0578125 0.08125
2 0.61796875 0.44609375 0.01796875 0.02734375
2 0.83828125 0.47421875 0.10390625 0.12421875
2 0.8109375 0.17265625 0.1421875 0.18671875
5 0.82421875 0.86796875 0.04375 0.06953125
2 0.4171875 0.40546875 0.084375 0.11640625
2 0.940625 0.20859375 0.11875 0.41484375
2 0.4671875 0.2890625 0.0921875 0.11328125
2 0.39375 0.17734375 0.053125 0.10703125
5 0.70859375 0.50078125 0.03046875 0.03359375
2 0.0484375 0.5875 0.09609375 0.05390625
2 0.02109375 0.16171875 0.0421875 0.07421875
5 0.9234375 0.96953125 0.025 0.04140625
2 0.6921875 0.62890625 0.09296875 0.08828125
2 0.1 0.16484375 0.08671875 0.05078125
14 0.146875 0.96328125 0.0890625 0.06953125
2 0.22578125 0.8203125 0.0703125 0.13515625
5 0.9625 0.98671875 0.053125 0.02421875
5 0.9203125 0.45390625 0.06484375 0.075
2 0.44296875 0.51484375 0.08984375 0.1125
2 0.1859375 0.80078125 0.0265625 0.05703125
2 0.375 0.78046875 0.08984375 0.14921875
2 0.70625 0.75859375 0.1078125 0.18125
2 0.30078125 0.8640625 0.12421875 0.15859375
5 0.43515625 0.17890625 0.04921875 0.06328125
2 0.8671875 0.0640625 0.09921875 0.128125
2 0.5296875 0.6 0.07890625 0.146875
2 0.109375 0.64921875 0.05625 0.09375
2 0.921875 0.62578125 0.10859375 0.140625
2 0.8296875 0.69453125 0.20703125 0.31796875
2 0.221875 0.91953125 0.0171875 0.03203125
5 0.5484375 0.18046875 0.03203125 0.03828125
2 0.87109375 0.87734375 0.04609375 0.12890625
2 0.509375 0.45625 0.125 0.25078125
2 0.3640625 0.0140625 0.0375 0.028125
2 0.0171875 0.084375 0.034375 0.059375
5 0.0578125 0.21796875 0.0453125 0.06171875
2 0.70625 0.37890625 0.04765625 0.06953125
2 0.5453125 0.12265625 0.1484375 0.24453125
2 0.8125 0.57421875 0.09765625 0.078125
2 0.28828125 0.390625 0.04609375 0.09296875
2 0.6203125 0.640625 0.06875 0.05546875
2 0.3 0.15703125 0.09375 0.19375
2 0.40078125 0.92890625 0.18046875 0.13828125
2 0.2515625 0.50546875 0.13203125 0.14140625
2 0.3796875 0.63984375 0.15625 0.14453125
2 0.7015625 0.18046875 0.0609375 0.04765625
5 0.721875 0.31640625 0.04140625 0.05234375
2 0.6890625 0.8734375 0.17578125 0.25
5 0.0734375 0.81171875 0.05078125 0.06796875
5 0.740625 0.94140625 0.04921875 0.07421875
5 0.075 0.87890625 0.0484375 0.06484375
2 0.5875 0.50390625 0.02421875 0.0375
2 0.59765625 0.79140625 0.03828125 0.05390625
5 0.28984375 0.29453125 0.053125 0.06796875
2 0.44609375 0.825 0.0390625 0.040625
2 0.08359375 0.0953125 0.08046875 0.06171875
2 0.353125 0.37734375 0.0515625 0.059375
2 0.54921875 0.8546875 0.06875 0.28203125
2 0.3734375 0.28671875 0.09453125 0.075
2 0.15625 0.08984375 0.04140625 0.17890625
14 0.62734375 0.5390625 0.26953125 0.91953125
2 0.1859375 0.21484375 0.0546875 0.059375
5 0.596875 0.3640625 0.0578125 0.06953125
3 0.97109375 0.54140625 0.0578125 0.296875
2 0.253125 0.97265625 0.09296875 0.05078125
2 0.94921875 0.8703125 0.1015625 0.14375
2 0.77578125 0.378125 0.02734375 0.13515625
5 0.9578125 0.80078125 0.04453125 0.05
5 0.2828125 0.02265625 0.05078125 0.04453125
2 0.0140625 0.028125 0.028125 0.05390625
2 0.8375 0.3453125 0.1046875 0.15078125
2 0.0125 0.7046875 0.02421875 0.09609375
5 0.6578125 0.22734375 0.034375 0.05234375
2 0.24140625 0.2359375 0.04921875 0.09296875
2 0.371875 0.05078125 0.02734375 0.03515625
5 0.91640625 0.73203125 0.06484375 0.08671875
2 0.1953125 0.68046875 0.13671875 0.171875
2 0.715625 0.05546875 0.20859375 0.10625
2 0.6140625 0.28046875 0.1625 0.190625
5 0.296875 0.74765625 0.05859375 0.06953125
2 0.8359375 0.93046875 0.04765625 0.04296875
2 0.3421875 0.48359375 0.07890625 0.16328125
2 0.409375 0.04453125 0.04609375 0.06484375
5 0.828125 0.2140625 0.0546875 0.06328125
2 0.1203125 0.37265625 0.23984375 0.36640625
2 0.39921875 0.49296875 0.05625 0.06015625
2 0.0765625 0.70859375 0.09765625 0.12421875
5 0.47734375 0.65859375 0.0296875 0.0375