2 0.5015625 0.3828125 0.40625 0.328125
2 0.396875 0.81171875 0.05234375 0.06796875
2 0.15859375 0.82890625 0.03359375 0.04453125
2 0.1 0.903125 0.2 0.184375
2 0.66875 0.13515625 0.07421875 0.140625
2 0.16171875 0.625 0.065625 0.228125
2 0.4375 0.8828125 0.025 0.03203125
2 0.884375 0.13515625 0.0828125 0.07734375
2 0.45625 0.525 0.0703125 0.0875
2 0.59453125 0.04921875 0.0828125 0.0984375
2 0.90625 0.85625 0.021875 0.03203125
2 0.1890625 0.10625 0.115625 0.209375
2 0.971875 0.903125 0.05625 0.09375
2 0.0296875 0.3703125 0.059375 0.08125
2 0.834375 0.61875 0.3296875 0.36171875
2 0.89296875 0.94921875 0.06484375 0.05234375
2 0.3109375 0.153125 0.05859375 0.10546875
2 0.3375 0.95234375 0.0390625 0.04453125
5 0.49375 0.159375 0.23046875 0.296875
2 0.9203125 0.4140625 0.09765625 0.08828125
2 0.5140625 0.96015625 0.04453125 0.05859375
2 0.83671875 0.05078125 0.3265625 0.10078125
2 0.4203125 0.68984375 0.0515625 0.06875
2 0.971875 0.33203125 0.05625 0.10546875
15 0.25859375 0.49765625 0.3765625 0.9953125
2 0.21171875 0.7203125 0.06875 0.07265625