2 0.665625 0.67265625 0.17734375 0.13359375
14 0.37265625 0.51015625 0.7453125 0.97421875
2 0.97421875 0.9 0.0515625 0.0625
2 0.19375 0.7640625 0.15703125 0.29140625
2 0.75 0.07421875 0.1203125 0.125
2 0.484375 0.22421875 0.09609375 0.0875
2 0.825 0.89609375 0.11796875 0.14453125
2 0.659375 0.51875 0.05078125 0.05078125
2 0.190625 0.08984375 0.09609375 0.09296875
2 0.30625 0.03359375 0.034375 0.0671875
2 0.59375 0.16640625 0.07578125 0.09296875
2 0.734375 0.48359375 0.0828125 0.146875
9 0.06796875 0.58125 0.1203125 0.82421875
2 0.0421875 0.36796875 0.084375 0.15390625