2 0.15078125 0.04921875 0.01953125 0.021875
2 0.965625 0.63671875 0.03359375 0.03359375
2 0.078125 0.0765625 0.03671875 0.021875
2 0.4046875 0.4375 0.06171875 0.06015625
2 0.67734375 0.25859375 0.02421875 0.05
2 0.58046875 0.95703125 0.03046875 0.04921875
5 0.690625 0.02265625 0.01953125 0.04453125
2 0.584375 0.571875 0.025 0.0875
2 0.890625 0.85390625 0.21796875 0.28515625
2 0.4453125 0.0734375 0.03671875 0.05
2 0.1984375 0.1453125 0.0546875 0.075
2 0.3109375 0.44921875 0.03828125 0.05234375
0 0.278125 0.78671875 0.03125 0.03359375
0 0.93203125 0.73984375 0.02734375 0.02578125
2 0.0484375 0.81015625 0.025 0.03203125
0 0.521875 0.93671875 0.03203125 0.03203125
2 0.24375 0.25234375 0.065625 0.190625
0 0.03125 0.27109375 0.0515625 0.05078125
2 0.80234375 0.13671875 0.0203125 0.040625
2 0.3484375 0.234375 0.02265625 0.03671875
2 0.9328125 0.61328125 0.01640625 0.021875
2 0.37890625 0.340625 0.03203125 0.05546875
2 0.7 0.51640625 0.028125 0.04609375
2 0.4859375 0.490625 0.028125 0.04296875
0 0.7578125 0.88671875 0.04453125 0.06171875
5 0.2984375 0.55859375 0.04765625 0.125
2 0.0171875 0.81171875 0.03359375 0.04609375
2 0.15390625 0.453125 0.01953125 0.04296875
14 0.31015625 0.49765625 0.6203125 0.9953125
2 0.9625 0.0953125 0.04140625 0.04921875
2 0.41875 0.05859375 0.02421875 0.040625
5 0.340625 0.45546875 0.01328125 0.03515625
0 0.9890625 0.54609375 0.021875 0.08359375
2 0.925 0.81328125 0.02734375 0.02578125
2 0.59921875 0.2546875 0.025 0.03359375
2 0.234375 0.946875 0.0203125 0.03125
2 0.0921875 0.609375 0.0265625 0.03359375
2 0.2640625 0.50234375 0.04453125 0.04609375
2 0.9625 0.20390625 0.02109375 0.028125
2 0.3484375 0.06171875 0.08046875 0.059375
2 0.096875 0.7296875 0.0203125 0.03046875
2 0.91640625 0.86796875 0.0625 0.07421875
2 0.53828125 0.19140625 0.01796875 0.028125
5 0.85625 0.9359375 0.028125 0.05234375
2 0.7671875 0.52265625 0.0265625 0.04296875
2 0.078125 0.80625 0.0171875 0.02421875
2 0.81328125 0.0421875 0.02421875 0.01953125
2 0.2140625 0.84453125 0.1046875 0.096875