2 0.4859375 0.33125 0.35546875 0.3375
5 0.1109375 0.05625 0.13984375 0.1125
2 0.5328125 0.68046875 0.06328125 0.05234375
2 0.84375 0.8734375 0.06640625 0.10703125
2 0.684375 0.3265625 0.075 0.11875
2 0.38359375 0.91953125 0.21640625 0.15859375
2 0.6859375 0.8015625 0.028125 0.05703125
2 0.98828125 0.04296875 0.0234375 0.05390625
2 0.41171875 0.64921875 0.08984375 0.059375
2 0.97734375 0.19140625 0.0453125 0.1015625
4 0.5 0.72421875 1 0.50078125
2 0.3078125 0.18046875 0.0515625 0.065625
2 0.15078125 0.28515625 0.0375 0.04140625
2 0.525 0.1 0.07421875 0.19765625
2 0.840625 0.47421875 0.071875 0.07890625