2 0.56953125 0.6578125 0.01640625 0.03125
2 0.1671875 0.15859375 0.01953125 0.03203125
2 0.8734375 0.37734375 0.03515625 0.02265625
2 0.28671875 0.5 0.1984375 0.25
2 0.11328125 0.0671875 0.0875 0.09921875
2 0.734375 0.17421875 0.10703125 0.17578125
2 0.0625 0.12109375 0.05390625 0.08671875
2 0.9890625 0.65 0.02109375 0.06015625
2 0.89296875 0.49765625 0.096875 0.18984375
2 0.61875 0.13046875 0.028125 0.03515625
2 0.54453125 0.25703125 0.0625 0.05
2 0.65078125 0.07421875 0.0515625 0.078125
2 0.32421875 0.90703125 0.04765625 0.059375
2 0.2328125 0.265625 0.10390625 0.10078125
2 0.0765625 0.22734375 0.03203125 0.01953125
2 0.790625 0.45546875 0.08046875 0.04921875
2 0.56875 0.03515625 0.103125 0.0703125
2 0.9609375 0.403125 0.040625 0.06171875
3 0.27890625 0.8359375 0.10546875 0.325
2 0.39921875 0.03671875 0.13125 0.071875
2 0.665625 0.14609375 0.01640625 0.03203125
2 0.83984375 0.11484375 0.08046875 0.09609375
2 0.934375 0.6734375 0.0546875 0.11875
2 0.4203125 0.759375 0.05078125 0.08671875
2 0.24296875 0.028125 0.1109375 0.05625
2 0.4171875 0.38828125 0.0765625 0.075
2 0.8375 0.88359375 0.12421875 0.22421875
2 0.228125 0.15546875 0.06953125 0.10703125
2 0.5703125 0.57890625 0.028125 0.02578125
2 0.1828125 0.09453125 0.03828125 0.08359375
2 0.184375 0.49296875 0.0703125 0.14765625
2 0.5109375 0.1484375 0.06953125 0.08203125
2 0.54375 0.3171875 0.03359375 0.03046875
2 0.76484375 0.04609375 0.1015625 0.0921875
2 0.97578125 0.58671875 0.040625 0.04140625
2 0.66015625 0.54453125 0.07890625 0.09609375
2 0.665625 0.64375 0.0875 0.08828125
2 0.496875 0.31953125 0.0515625 0.06484375
2 0.45703125 0.53515625 0.03515625 0.05390625
2 0.08203125 0.446875 0.0515625 0.065625
2 0.51171875 0.65078125 0.0796875 0.07265625
2 0.621875 0.71171875 0.02109375 0.04140625
2 0.1703125 0.76328125 0.0765625 0.07890625
2 0.2046875 0.67734375 0.05859375 0.096875
2 0.875 0.29375 0.0484375 0.11171875
2 0.946875 0.19921875 0.0734375 0.08203125
2 0.41484375 0.2390625 0.17265625 0.134375
2 0.440625 0.13671875 0.0578125 0.03515625
2 0.0640625 0.55234375 0.06484375 0.12421875
2 0.021875 0.14140625 0.04296875 0.05546875
2 0.3046875 0.1546875 0.07578125 0.11328125
4 0.5140625 0.5328125 0.49375 0.92890625
2 0.51796875 0.40234375 0.0359375 0.0375
2 0.8453125 0.67734375 0.14296875 0.13203125
0 0.5640625 0.50546875 0.03515625 0.05625
2 0.80078125 0.54140625 0.07734375 0.07265625
2 0.634375 0.29140625 0.0625 0.11875
2 0.4703125 0.42109375 0.04609375 0.096875
2 0.0328125 0.0421875 0.06484375 0.08203125
2 0.0578125 0.6859375 0.0859375 0.10078125
3 0.3078125 0.79296875 0.4625 0.38984375
2 0.165625 0.196875 0.03359375 0.046875
2 0.9046875 0.05859375 0.103125 0.11484375
2 0.53671875 0.56640625 0.0390625 0.028125
2 0.0265625 0.8734375 0.05234375 0.14453125
2 0.29375 0.6859375 0.040625 0.06015625
2 0.14375 0.66953125 0.053125 0.06796875
2 0.5484375 0.20078125 0.04921875 0.06171875
2 0.1109375 0.77578125 0.04453125 0.075
2 0.01328125 0.21015625 0.0265625 0.03515625
2 0.7828125 0.346875 0.103125 0.12578125
2 0.2453125 0.41640625 0.053125 0.06171875
2 0.14765625 0.859375 0.07734375 0.084375
2 0.0796875 0.32578125 0.15859375 0.16953125
2 0.9796875 0.07421875 0.040625 0.1484375
2 0.9609375 0.30078125 0.07578125 0.08671875