2 0.8953125 0.08203125 0.03359375 0.06171875
14 0.43515625 0.61796875 0.8703125 0.76015625
2 0.2265625 0.94765625 0.01796875 0.021875
2 0.37890625 0.59140625 0.02421875 0.02734375
2 0.234375 0.58359375 0.03046875 0.04140625
2 0.48203125 0.06015625 0.0765625 0.06796875
2 0.27734375 0.95390625 0.03828125 0.05625
2 0.2171875 0.859375 0.03828125 0.05
2 0.4359375 0.9453125 0.040625 0.05
2 0.046875 0.63515625 0.034375 0.04453125
2 0.025 0.07421875 0.025 0.03203125
2 0.3671875 0.28671875 0.0453125 0.05
2 0.9421875 0.2296875 0.0265625 0.04921875
2 0.6546875 0.16640625 0.0375 0.03515625
2 0.303125 0.69453125 0.040625 0.04296875
14 0.6140625 0.40546875 0.771875 0.50625
14 0.4859375 0.06875 0.5859375 0.1375
2 0.9171875 0.97109375 0.06953125 0.05546875
2 0.6125 0.18515625 0.03125 0.0375
2 0.6828125 0.94375 0.0421875 0.06796875
2 0.7109375 0.8328125 0.034375 0.06015625
2 0.49609375 0.48203125 0.040625 0.06796875
2 0.534375 0.73203125 0.0203125 0.028125
2 0.6140625 0.25859375 0.08671875 0.07734375
2 0.7640625 0.85078125 0.025 0.03203125
2 0.396875 0.24453125 0.02734375 0.04296875
2 0.29375 0.20078125 0.0203125 0.04296875
2 0.3234375 0.89609375 0.0265625 0.0375
2 0.7515625 0.053125 0.03671875 0.04140625
2 0.9359375 0.3078125 0.03359375 0.04921875
2 0.88046875 0.03203125 0.02734375 0.04609375
2 0.5640625 0.90390625 0.0140625 0.02265625
2 0.25390625 0.9 0.03046875 0.05234375
2 0.4828125 0.72734375 0.0265625 0.04140625
2 0.9453125 0.11484375 0.02734375 0.04453125
2 0.20078125 0.79140625 0.021875 0.03359375
2 0.66796875 0.33359375 0.04765625 0.05234375
2 0.71875 0.78359375 0.025 0.0375
2 0.7734375 0.71796875 0.02734375 0.03203125
2 0.546875 0.94609375 0.02109375 0.03046875
2 0.4625 0.225 0.03046875 0.05859375
2 0.61484375 0.97421875 0.10078125 0.04765625
2 0.4671875 0.6453125 0.0421875 0.059375
2 0.11875 0.39140625 0.028125 0.04453125