0 0.64375 0.96015625 0.1625 0.078125
2 0.7359375 0.4390625 0.06875 0.07890625
2 0.5640625 0.48359375 0.096875 0.14765625
2 0.203125 0.79609375 0.0765625 0.08828125
2 0.9859375 0.83515625 0.028125 0.0875
2 0.4828125 0.24453125 0.071875 0.16953125
2 0.98515625 0.409375 0.0296875 0.0875
2 0.721875 0.19609375 0.08984375 0.14765625
0 0.07421875 0.04375 0.1 0.0875
2 0.3671875 0.26171875 0.096875 0.134375
2 0.93046875 0.640625 0.1390625 0.2625
0 0.39765625 0.93671875 0.190625 0.12421875
2 0.33359375 0.71953125 0.10078125 0.128125
2 0.890625 0.91328125 0.21796875 0.1625
2 0.08515625 0.7546875 0.09765625 0.11171875
2 0.828125 0.21328125 0.1171875 0.27734375
2 0.265625 0.90859375 0.11875 0.17734375
2 0.1484375 0.34765625 0.0578125 0.05390625
2 0.153125 0.1625 0.30625 0.325
2 0.775 0.53984375 0.0703125 0.09375
0 0.02734375 0.33046875 0.0546875 0.21875
2 0.45625 0.6765625 0.1046875 0.046875
2 0.72265625 0.29453125 0.03203125 0.04453125
2 0.46875 0.3890625 0.05546875 0.05234375
2 0.103125 0.9015625 0.20546875 0.18828125
2 0.284375 0.41484375 0.13046875 0.13515625
2 0.846875 0.034375 0.1046875 0.06328125
2 0.9046875 0.434375 0.03671875 0.04296875
2 0.76953125 0.6296875 0.071875 0.06015625
0 0.0875 0.59140625 0.17421875 0.24453125
2 0.65234375 0.4234375 0.06640625 0.07265625
2 0.0609375 0.64765625 0.0265625 0.03515625
2 0.12890625 0.43671875 0.05234375 0.09140625
2 0.3359375 0.10390625 0.04296875 0.05625
2 0.4796875 0.5546875 0.06875 0.11640625
2 0.3296875 0.82890625 0.0390625 0.05
2 0.3140625 0.565625 0.0765625 0.096875
2 0.77421875 0.77734375 0.17734375 0.13359375
2 0.2296875 0.5203125 0.04921875 0.04609375
2 0.4140625 0.62421875 0.0765625 0.05234375
2 0.9453125 0.21015625 0.028125 0.03125
2 0.375 0.01953125 0.04140625 0.03671875
2 0.7671875 0.05390625 0.04296875 0.06328125
2 0.603125 0.34296875 0.125 0.125
2 0.20625 0.721875 0.040625 0.03515625
2 0.04921875 0.45 0.07890625 0.09140625
2 0.9375 0.33515625 0.04765625 0.08046875
14 0.70625 0.25546875 0.5875 0.51015625
2 0.60390625 0.096875 0.25 0.19375
2 0.3765625 0.46171875 0.14609375 0.26796875
2 0.2453125 0.64609375 0.07890625 0.09765625
2 0.578125 0.84453125 0.38671875 0.265625
2 0.575 0.65703125 0.134375 0.15078125
2 0.6859375 0.58359375 0.10078125 0.20703125
2 0.9546875 0.09765625 0.02890625 0.146875