2 0.034375 0.58515625 0.06875 0.065625
0 0.08828125 0.646875 0.06953125 0.165625
0 0.6109375 0.53203125 0.15625 0.11484375
2 0.02109375 0.48828125 0.040625 0.06015625
2 0.575 0.43125 0.13203125 0.10546875
0 0.7484375 0.77578125 0.04609375 0.06328125
0 0.1859375 0.4328125 0.10625 0.20234375
0 0.6265625 0.33359375 0.0765625 0.09609375
2 0.3359375 0.5203125 0.09765625 0.14765625
0 0.07109375 0.065625 0.1421875 0.12890625
2 0.734375 0.2828125 0.02734375 0.08203125
2 0.4984375 0.94609375 0.159375 0.10234375
2 0.45 0.3234375 0.05859375 0.06328125
2 0.67890625 0.93046875 0.04375 0.04765625
0 0.8671875 0.16015625 0.07578125 0.08046875
2 0.74609375 0.85234375 0.1046875 0.10078125
0 0.4984375 0.52578125 0.025 0.03671875
2 0.9609375 0.9625 0.07734375 0.06953125
2 0.55234375 0.2703125 0.02421875 0.07265625
2 0.0765625 0.39609375 0.04296875 0.03984375
0 0.71875 0.15 0.06953125 0.0875
0 0.7078125 0.4890625 0.09375 0.18046875
0 0.44375 0.40234375 0.05625 0.08203125
0 0.596875 0.26015625 0.07265625 0.06328125
2 0.846875 0.984375 0.02421875 0.02265625
2 0.8 0.51171875 0.05234375 0.10234375
2 0.12109375 0.82578125 0.03203125 0.06875
2 0.715625 0.63359375 0.06171875 0.08203125
0 0.7921875 0.69921875 0.04140625 0.04140625
0 0.796875 0.0234375 0.06875 0.046875
0 0.9375 0.04921875 0.12421875 0.09765625
2 0.6828125 0.75703125 0.03515625 0.06953125
2 0.27578125 0.14453125 0.06171875 0.090625
0 0.9109375 0.525 0.17734375 0.8
0 0.69375 0.97578125 0.0671875 0.04296875
2 0.9484375 0.37421875 0.0625 0.08203125
2 0.0796875 0.934375 0.159375 0.12421875
0 0.19921875 0.26796875 0.06328125 0.128125
0 0.5421875 0.84765625 0.08359375 0.1125
3 0.265625 0.05234375 0.0796875 0.10234375
0 0.61796875 0.08125 0.0265625 0.04140625
0 0.7859375 0.33359375 0.06328125 0.08125
0 0.73828125 0.0609375 0.07734375 0.09296875
2 0.9078125 0.6859375 0.05859375 0.06875
2 0.60625 0.64921875 0.05546875 0.075
2 0.3875 0.07578125 0.0671875 0.10625
2 0.309375 0.35234375 0.021875 0.028125
0 0.4015625 0.75234375 0.25 0.39453125
2 0.64453125 0.9421875 0.03125 0.03203125
2 0.26875 0.9703125 0.04375 0.04609375
2 0.77265625 0.21953125 0.02734375 0.04921875
2 0.60703125 0.12578125 0.03203125 0.05390625
2 0.990625 0.23359375 0.01796875 0.03671875
2 0.109375 0.5375 0.1046875 0.08359375
2 0.4796875 0.52109375 0.0375 0.08203125
2 0.07109375 0.77109375 0.03515625 0.03359375
2 0.00546875 0.6578125 0.0109375 0.0125
2 0.2609375 0.70234375 0.0453125 0.03984375
2 0.115625 0.4578125 0.05234375 0.05
2 0.328125 0.18203125 0.034375 0.11171875
2 0.98984375 0.34921875 0.0203125 0.09296875
2 0.0171875 0.7640625 0.01484375 0.03359375
2 0.3953125 0.39296875 0.0359375 0.046875
2 0.14765625 0.06328125 0.13203125 0.125
2 0.90625 0.5140625 0.06328125 0.09296875
2 0.65625 0.87109375 0.04765625 0.05859375
2 0.225 0.96953125 0.03046875 0.01953125
4 0.3109375 0.56953125 0.62109375 0.84296875
3 0.66796875 0.38984375 0.27734375 0.56484375
3 0.21484375 0.45859375 0.11328125 0.54609375
0 0.48828125 0.15078125 0.3546875 0.3015625
2 0.7953125 0.77109375 0.01953125 0.040625
2 0.63515625 0.6984375 0.0765625 0.09609375
2 0.75625 0.97734375 0.028125 0.0375
2 0.98046875 0.52421875 0.01328125 0.040625
2 0.84921875 0.79609375 0.01953125 0.04296875
2 0.5046875 0.24140625 0.06171875 0.13046875
2 0.23984375 0.66484375 0.028125 0.02890625
3 0.0703125 0.28671875 0.13984375 0.171875
2 0.79375 0.07421875 0.03359375 0.06171875
2 0.22109375 0.7875 0.0859375 0.10546875
2 0.6703125 0.16171875 0.01796875 0.03828125
2 0.2328125 0.91015625 0.0140625 0.04921875
2 0.9734375 0.77421875 0.053125 0.1125
2 0.83125 0.22734375 0.0890625 0.05234375
2 0.7375 0.221875 0.040625 0.03203125
2 0.278125 0.85703125 0.03359375 0.04609375
2 0.178125 0.89921875 0.0265625 0.02734375