16 0.84296875 0.559375 0.3140625 0.440625
2 0.4828125 0.29375 0.0234375 0.01796875
2 0.0875 0.78671875 0.04296875 0.075
3 0.865625 0.16484375 0.26796875 0.32734375
2 0.753125 0.83125 0.01328125 0.02578125
2 0.64921875 0.91328125 0.0421875 0.046875
2 0.23984375 0.59296875 0.03046875 0.040625
2 0.00625 0.890625 0.01171875 0.03125
0 0.571875 0.63671875 0.02890625 0.03984375
2 0.2453125 0.55546875 0.025 0.02265625
2 0.1390625 0.89140625 0.028125 0.03515625
2 0.471875 0.11640625 0.0171875 0.028125
2 0.03828125 0.453125 0.0484375 0.05390625
2 0.634375 0.259375 0.0421875 0.03203125
2 0.6890625 0.33828125 0.021875 0.02578125
2 0.30859375 0.14296875 0.028125 0.028125
2 0.2953125 0.29765625 0.01796875 0.01953125
3 0.7875 0.16484375 0.21953125 0.14765625
4 0.5296875 0.615625 0.125 0.41171875
2 0.640625 0.30234375 0.02265625 0.021875
3 0.3421875 0.45390625 0.040625 0.28515625
2 0.98125 0.90234375 0.03203125 0.02265625
2 0.41875 0.36796875 0.03046875 0.03515625
2 0.503125 0.28203125 0.0203125 0.01953125
2 0.6671875 0.54921875 0.01796875 0.02734375
2 0.6359375 0.35546875 0.02421875 0.04140625
0 0.52890625 0.26015625 0.025 0.01796875
0 0.09140625 0.23203125 0.1828125 0.4625
2 0.7078125 0.35859375 0.01796875 0.02265625
2 0.7046875 0.72734375 0.0234375 0.05234375
2 0.5078125 0.32890625 0.01484375 0.021875
2 0.4359375 0.29453125 0.0546875 0.06015625
2 0.3109375 0.053125 0.040625 0.03671875
0 0.9015625 0.07890625 0.06015625 0.10234375
2 0.471875 0.54453125 0.0171875 0.03828125
2 0.98828125 0.35546875 0.0171875 0.02265625
0 0.578125 0.12265625 0.059375 0.24453125
2 0.57421875 0.98671875 0.01484375 0.02421875
2 0.284375 0.39375 0.0359375 0.075
2 0.1046875 0.74140625 0.01640625 0.02578125
2 0.46171875 0.19921875 0.0359375 0.06796875
2 0.371875 0.6328125 0.06171875 0.08828125
2 0.4703125 0.0140625 0.03125 0.02578125
2 0.2140625 0.41171875 0.034375 0.04296875
2 0.915625 0.98515625 0.040625 0.02421875
2 0.71953125 0.07890625 0.01640625 0.028125
2 0.4234375 0.92265625 0.0171875 0.03125
2 0.64765625 0.534375 0.02109375 0.01953125
2 0.73125 0.66875 0.0203125 0.04453125
0 0.57421875 0.2890625 0.0453125 0.05390625
2 0.125 0.7734375 0.0234375 0.03828125
0 0.00546875 0.98046875 0.0109375 0.03359375
2 0.1453125 0.02578125 0.05625 0.04609375
2 0.38125 0.3421875 0.0375 0.03359375
2 0.98828125 0.82890625 0.0234375 0.046875
2 0.5796875 0.94375 0.021875 0.02890625
0 0.9046875 0.92734375 0.0203125 0.02421875
0 0.2703125 0.1390625 0.0578125 0.11953125
2 0.9546875 0.20078125 0.025 0.03671875
2 0.5609375 0.88828125 0.03515625 0.02890625
0 0.234375 0.23203125 0.0453125 0.05078125
2 0.0125 0.67890625 0.0234375 0.02265625
0 0.77578125 0.03046875 0.0515625 0.0609375
2 0.3265625 0.16953125 0.02421875 0.02578125
0 0.2765625 0.93125 0.03671875 0.04296875
2 0.6125 0.56484375 0.0390625 0.06328125
2 0.68359375 0.58046875 0.01796875 0.02578125
2 0.5890625 0.38203125 0.01953125 0.02734375
2 0.0421875 0.20390625 0.071875 0.11640625
0 0.134375 0.46484375 0.08046875 0.09921875
0 0.015625 0.35625 0.03125 0.096875
2 0.91484375 0.1375 0.0296875 0.03125
2 0.43125 0.17109375 0.0390625 0.059375
0 0.84375 0.83515625 0.02890625 0.028125
0 0.8984375 0.21015625 0.03671875 0.0375
2 0.6921875 0.16484375 0.0203125 0.02734375
2 0.828125 0.97421875 0.0484375 0.04765625
2 0.12109375 0.96171875 0.0484375 0.05234375
2 0.0921875 0.90234375 0.03203125 0.08828125
0 0.8984375 0.303125 0.03125 0.046875
0 0.18203125 0.53671875 0.04765625 0.08125
0 0.39140625 0.47421875 0.0234375 0.03125
2 0.81640625 0.065625 0.03046875 0.04296875
2 0.7921875 0.34296875 0.03203125 0.0375
2 0.64375 0.19765625 0.025 0.0375
2 0.9203125 0.85 0.01640625 0.02265625
2 0.953125 0.83984375 0.01796875 0.021875
2 0.0515625 0.65859375 0.025 0.04609375
2 0.284375 0.7546875 0.028125 0.03125
2 0.23046875 0.746875 0.03359375 0.046875
2 0.2046875 0.26015625 0.08359375 0.11640625
2 0.215625 0.09453125 0.028125 0.03359375
2 0.5 0.14453125 0.02109375 0.03671875
2 0.465625 0.98671875 0.0390625 0.02265625
2 0.3375 0.26328125 0.0171875 0.01640625
0 0.25234375 0.82265625 0.04921875 0.06484375
2 0.68203125 0.8375 0.04765625 0.06484375
0 0.33125 0.97890625 0.03046875 0.03515625
0 0.2140625 0.03984375 0.07265625 0.078125
2 0.3828125 0.8640625 0.1453125 0.08046875
2 0.2265625 0.9046875 0.0453125 0.05390625
2 0.39609375 0.703125 0.03828125 0.04765625
0 0.3890625 0.546875 0.03046875 0.040625
2 0.1078125 0.634375 0.02890625 0.040625
2 0.6171875 0.41640625 0.0171875 0.05078125
2 0.4578125 0.66015625 0.0734375 0.11171875
2 0.0046875 0.81015625 0.009375 0.0375
0 0.534375 0.0484375 0.0265625 0.03515625
3 0.303125 0.66640625 0.10390625 0.125
3 0.659375 0.034375 0.05234375 0.06875
0 0.7609375 0.28203125 0.0421875 0.06953125
0 0.3265625 0.77734375 0.03046875 0.06171875
0 0.30078125 0.23125 0.053125 0.040625
0 0.20625 0.35390625 0.0625 0.09140625
2 0.1453125 0.72890625 0.05625 0.05390625
2 0.971875 0.0390625 0.01640625 0.015625
2 0.8484375 0.29375 0.028125 0.046875