2 0.4609375 0.05390625 0.11015625 0.09921875
2 0.546875 0.71796875 0.11875 0.16171875
2 0.3328125 0.775 0.41953125 0.34296875
2 0.25859375 0.07109375 0.0515625 0.06484375
2 0.1078125 0.33984375 0.0875 0.14296875
2 0.259375 0.34453125 0.06640625 0.08359375
2 0.1828125 0.14921875 0.034375 0.04296875
2 0.8984375 0.84296875 0.03203125 0.059375
2 0.0796875 0.14140625 0.03359375 0.04296875
2 0.61328125 0.42421875 0.2875 0.40234375
2 0.67421875 0.846875 0.04453125 0.04296875
2 0.021875 0.946875 0.04375 0.071875
2 0.9453125 0.12734375 0.10859375 0.153125
2 0.82421875 0.85078125 0.0453125 0.04296875
2 0.43125 0.490625 0.06484375 0.15625
2 0.534375 0.14765625 0.071875 0.08125
2 0.9671875 0.70859375 0.0578125 0.06328125
2 0.70859375 0.13671875 0.0359375 0.04609375
2 0.2875 0.65390625 0.03359375 0.05
2 0.81640625 0.59296875 0.13125 0.13046875
2 0.2234375 0.57421875 0.0453125 0.059375
2 0.2453125 0.2203125 0.0390625 0.040625