0 0.39296875 0.63203125 0.0421875 0.0375
2 0.3765625 0.18671875 0.028125 0.04296875
2 0.98359375 0.125 0.0328125 0.075
2 0.2328125 0.12734375 0.04296875 0.06015625
0 0.190625 0.75859375 0.06875 0.08203125
0 0.97421875 0.671875 0.0515625 0.646875
2 0.359375 0.3140625 0.04140625 0.05234375
3 0.0359375 0.38828125 0.0375 0.23984375
3 0.1640625 0.16640625 0.07265625 0.15703125
2 0.98828125 0.19609375 0.0234375 0.03515625
0 0.13203125 0.69296875 0.034375 0.03671875
2 0.93984375 0.17421875 0.02734375 0.03515625
2 0.90234375 0.06015625 0.01640625 0.02421875
2 0.975 0.828125 0.01484375 0.03515625
2 0.325 0.03046875 0.03046875 0.03203125
2 0.06640625 0.14765625 0.034375 0.0375
0 0.1953125 0.0171875 0.0421875 0.03203125
0 0.409375 0.05234375 0.02109375 0.02421875
0 0.12109375 0.84765625 0.2421875 0.28515625
2 0.503125 0.3734375 0.0484375 0.059375
0 0.3671875 0.53984375 0.05546875 0.04453125
2 0.27578125 0.96640625 0.07734375 0.04609375
2 0.0171875 0.953125 0.034375 0.04296875
3 0.17578125 0.6390625 0.1765625 0.03671875
2 0.73828125 0.05546875 0.03515625 0.03203125
2 0.41640625 0.53046875 0.01640625 0.0375
16 0.66796875 0.71953125 0.50234375 0.55703125
2 0.1640625 0.96328125 0.0625 0.06484375
0 0.1890625 0.24140625 0.10859375 0.11875
0 0.2171875 0.87265625 0.10625 0.128125
0 0.17265625 0.04140625 0.04765625 0.028125
2 0.4078125 0.09765625 0.01796875 0.03359375
0 0.03125 0.13828125 0.06171875 0.16171875
2 0.5546875 0.33125 0.03671875 0.05703125
0 0.4078125 0.278125 0.03203125 0.04296875
3 0.26875 0.42109375 0.06171875 0.59140625
2 0.7109375 0.15703125 0.04921875 0.08828125
0 0.396875 0.975 0.0453125 0.046875
0 0.621875 0.3828125 0.040625 0.03203125
0 0.33125 0.49453125 0.0390625 0.02890625
0 0.240625 0.36875 0.07421875 0.109375
2 0.934375 0.875 0.04140625 0.16953125
0 0.065625 0.38828125 0.13125 0.621875
0 0.090625 0.03984375 0.1078125 0.078125
0 0.0296875 0.72734375 0.059375 0.06484375
2 0.10703125 0.9640625 0.03828125 0.05859375
2 0.690625 0.33359375 0.03828125 0.04609375
2 0.834375 0.48828125 0.040625 0.05625
2 0.6625 0.16640625 0.0234375 0.04765625
2 0.97890625 0.03203125 0.0328125 0.0640625
2 0.584375 0.05859375 0.025 0.040625
0 0.2140625 0.0953125 0.03203125 0.03046875
2 0.8 0.42265625 0.0375 0.06015625
0 0.55625 0.5046875 0.0203125 0.02578125
0 0.3546875 0.66484375 0.03046875 0.02890625
2 0.26875 0.87734375 0.0453125 0.06328125
2 0.634375 0.2578125 0.01640625 0.02421875
0 0.2609375 0.0671875 0.03046875 0.02421875
0 0.1609375 0.5578125 0.10625 0.16953125
2 0.5734375 0.48359375 0.01796875 0.02265625
2 0.8484375 0.41171875 0.04453125 0.05625
2 0.890625 0.25 0.090625 0.07265625
2 0.9171875 0.3515625 0.02734375 0.03671875
2 0.3265625 0.590625 0.06484375 0.11171875
2 0.528125 0.08671875 0.02421875 0.01484375
3 0.3953125 0.76640625 0.121875 0.265625
0 0.38359375 0.73984375 0.0734375 0.11171875
2 0.35625 0.46328125 0.03671875 0.05234375
2 0.7859375 0.18984375 0.040625 0.0375
0 0.34375 0.84609375 0.06171875 0.15703125
0 0.14296875 0.3671875 0.06015625 0.15859375
2 0.89375 0.1875 0.0515625 0.04453125