2 0.38203125 0.55625 0.215625 0.20390625
2 0.4921875 0.21796875 0.2734375 0.43046875
5 0.2265625 0.95703125 0.18359375 0.08359375
2 0.0921875 0.8640625 0.18359375 0.26328125
5 0.26875 0.07421875 0.18046875 0.14453125
2 0.71875 0.76015625 0.5625 0.47421875
2 0.16171875 0.67890625 0.1140625 0.09609375
5 0.4234375 0.95625 0.0796875 0.084375
2 0.0765625 0.15703125 0.153125 0.31328125
2 0.175 0.80078125 0.128125 0.15625
2 0.840625 0.43046875 0.1765625 0.184375
2 0.7796875 0.2515625 0.12109375 0.17734375
2 0.06640625 0.43828125 0.10859375 0.26328125
2 0.028125 0.56953125 0.05625 0.240625
2 0.321875 0.771875 0.18046875 0.25703125
5 0.678125 0.35 0.17734375 0.23515625
2 0.2125 0.39765625 0.2140625 0.29609375
2 0.70859375 0.04140625 0.1453125 0.07890625
2 0.80703125 0.10625 0.240625 0.16640625
5 0.859375 0.29296875 0.1046875 0.13203125
2 0.984375 0.028125 0.03046875 0.05078125
2 0.96171875 0.18671875 0.0765625 0.16640625
18 0.58828125 0.40859375 0.753125 0.49140625
2 0.9640625 0.50546875 0.071875 0.14765625