2 0.1390625 0.50859375 0.071875 0.08203125
2 0.7921875 0.5 0.415625 0.559375
2 0.15234375 0.68203125 0.09296875 0.12265625
2 0.17890625 0.41640625 0.04375 0.05625
4 0.53828125 0.5 0.73828125 0.99765625
2 0.1203125 0.0578125 0.2265625 0.115625
2 0.39765625 0.0953125 0.134375 0.14765625
2 0.3984375 0.3078125 0.11484375 0.25859375
2 0.440625 0.9375 0.096875 0.11953125
2 0.5875 0.76796875 0.37265625 0.44765625
2 0.5546875 0.12265625 0.1421875 0.134375
5 0.9125 0.95078125 0.16015625 0.09296875
2 0.053125 0.60390625 0.10546875 0.575
2 0.134375 0.33125 0.04609375 0.065625
5 0.9703125 0.765625 0.059375 0.19453125