2 0.940625 0.17890625 0.0625 0.11015625
2 0.06796875 0.61640625 0.0234375 0.040625
2 0.325 0.40234375 0.034375 0.05
5 0.834375 0.60078125 0.03828125 0.059375
3 0.8578125 0.79765625 0.128125 0.40234375
2 0.246875 0.83828125 0.09609375 0.078125
5 0.43828125 0.77109375 0.0546875 0.06484375
3 0.6484375 0.38671875 0.209375 0.74140625
2 0.503125 0.1859375 0.2328125 0.36640625
2 0.95546875 0.3640625 0.0890625 0.26015625
2 0.4390625 0.56171875 0.0703125 0.07265625
2 0.26015625 0.76328125 0.034375 0.040625
2 0.41640625 0.70859375 0.0703125 0.11171875
2 0.35 0.90078125 0.31328125 0.18984375
5 0.98359375 0.1171875 0.0328125 0.09375
5 0.4671875 0.06328125 0.08046875 0.09921875
5 0.05 0.534375 0.0453125 0.06328125
2 0.1328125 0.65078125 0.09453125 0.20390625
5 0.4734375 0.37109375 0.0796875 0.1
3 0.54921875 0.32109375 0.5484375 0.51015625
14 0.41640625 0.33359375 0.61484375 0.66171875
2 0.065625 0.2765625 0.13125 0.528125
2 0.2609375 0.53203125 0.1734375 0.20234375
2 0.225 0.0921875 0.08203125 0.07734375
2 0.77265625 0.28984375 0.1625 0.35703125
2 0.0421875 0.75078125 0.08359375 0.06484375
5 0.0234375 0.703125 0.04609375 0.05625
2 0.1234375 0.87421875 0.13125 0.240625
2 0.86796875 0.40078125 0.02421875 0.046875
5 0.8125 0.096875 0.04921875 0.07265625
5 0.1484375 0.15078125 0.0546875 0.06875
3 0.7328125 0.7765625 0.16015625 0.18359375
2 0.546875 0.35859375 0.0796875 0.109375
2 0.30390625 0.32890625 0.0453125 0.08671875
2 0.9125 0.8609375 0.11015625 0.26953125
2 0.9484375 0.846875 0.04921875 0.05390625
2 0.88125 0.27109375 0.06875 0.18125
2 0.04375 0.9453125 0.08671875 0.09765625
2 0.1609375 0.41015625 0.071875 0.12890625
2 0.64609375 0.79609375 0.39296875 0.40078125
5 0.41171875 0.96640625 0.0375 0.04296875
5 0.953125 0.63203125 0.040625 0.02734375
2 0.2625 0.69453125 0.0515625 0.08359375
2 0.35625 0.79453125 0.0625 0.13046875
2 0.35546875 0.6859375 0.11171875 0.103125
2 0.225 0.69921875 0.0453125 0.06796875
5 0.778125 0.81015625 0.05546875 0.02578125
2 0.9328125 0.02578125 0.134375 0.05
2 0.9453125 0.49453125 0.09296875 0.15078125
2 0.6375 0.60390625 0.034375 0.03203125
2 0.215625 0.21796875 0.07578125 0.11953125
2 0.9515625 0.70078125 0.09609375 0.09296875
2 0.38515625 0.45234375 0.11328125 0.0875
2 0.85625 0.1015625 0.0421875 0.0875