2 0.4078125 0.69609375 0.04140625 0.06171875
2 0.69140625 0.44296875 0.028125 0.03359375
2 0.4875 0.60390625 0.04453125 0.05390625
2 0.0578125 0.0609375 0.11484375 0.121875
2 0.0703125 0.534375 0.13984375 0.08203125
2 0.5734375 0.19765625 0.05078125 0.08046875
5 0.39453125 0.78203125 0.0875 0.09375
2 0.209375 0.80234375 0.153125 0.171875
2 0.89609375 0.4046875 0.2078125 0.3125
2 0.875 0.08515625 0.24921875 0.16796875
2 0.43125 0.321875 0.0984375 0.13515625
2 0.1046875 0.23671875 0.17265625 0.21484375
2 0.18125 0.51640625 0.096875 0.06796875
2 0.52109375 0.86328125 0.13515625 0.26015625
2 0.7671875 0.68359375 0.08359375 0.11875
2 0.3078125 0.74921875 0.06171875 0.11640625
2 0.340625 0.8609375 0.0171875 0.02578125
5 0.02109375 0.91171875 0.0421875 0.15703125
2 0.271875 0.3703125 0.2390625 0.26953125
2 0.321875 0.22890625 0.16015625 0.096875
4 0.5 0.3875 1 0.65703125
2 0.103125 0.84453125 0.0765625 0.15625
2 0.61640625 0.22421875 0.04765625 0.07109375
2 0.1265625 0.97421875 0.09375 0.046875
2 0.7 0.05859375 0.0625 0.065625
2 0.0625 0.41015625 0.125 0.15390625
2 0.53359375 0.12109375 0.08203125 0.10546875
2 0.56640625 0.02578125 0.0703125 0.05078125
2 0.6484375 0.734375 0.059375 0.10078125
2 0.659375 0.55078125 0.05625 0.08359375
2 0.8125 0.47890625 0.159375 0.24453125
2 0.91953125 0.7875 0.1609375 0.41640625
2 0.81015625 0.83125 0.16015625 0.2
2 0.340625 0.07734375 0.3828125 0.15234375
2 0.6625 0.890625 0.06796875 0.084375