0 0.0921875 0.5453125 0.184375 0.19375
2 0.73203125 0.08046875 0.05234375 0.03828125
2 0.9375 0.31328125 0.0203125 0.04453125
0 0.084375 0.90859375 0.0796875 0.06953125
2 0.83046875 0.65859375 0.0484375 0.06796875
14 0.37265625 0.47421875 0.7453125 0.5375
2 0.69375 0.05390625 0.025 0.03125
2 0.471875 0.06484375 0.03828125 0.07265625
2 0.78203125 0.4171875 0.0546875 0.090625
0 0.2546875 0.303125 0.15859375 0.17109375
0 0.8734375 0.49921875 0.253125 0.9984375
2 0.63203125 0.20078125 0.05234375 0.06171875
0 0.0328125 0.7125 0.065625 0.09375
2 0.6375 0.64296875 0.03359375 0.03359375
0 0.096875 0.8296875 0.15859375 0.15234375
2 0.68984375 0.921875 0.07734375 0.096875
2 0.0875 0.17109375 0.02109375 0.03125
3 0.58125 0.825 0.1921875 0.346875
2 0.2 0.12421875 0.0453125 0.09609375
0 0.11796875 0.71171875 0.11875 0.13828125
2 0.409375 0.125 0.04921875 0.0375
0 0.1 0.90234375 0.2 0.1890625