2 0.30625 0.53203125 0.09453125 0.12578125
2 0.7 0.81796875 0.02734375 0.03984375
2 0.0796875 0.2078125 0.11484375 0.09609375
2 0.37109375 0.92421875 0.05625 0.075
2 0.80859375 0.60390625 0.10078125 0.21328125
2 0.8140625 0.046875 0.06328125 0.09140625
2 0.49375 0.6328125 0.08359375 0.059375
2 0.43046875 0.53359375 0.0609375 0.075
2 0.86484375 0.190625 0.04453125 0.06953125
2 0.45 0.97265625 0.0828125 0.046875
2 0.1234375 0.04609375 0.01640625 0.021875
2 0.0453125 0.890625 0.03359375 0.05
2 0.1859375 0.39609375 0.1171875 0.15078125
2 0.7890625 0.9453125 0.0234375 0.02578125
2 0.1609375 0.84453125 0.03203125 0.04296875
2 0.38515625 0.45859375 0.084375 0.096875
2 0.784375 0.19609375 0.0796875 0.08828125
4 0.5 0.7453125 1 0.10078125
0 0.44609375 0.31015625 0.17265625 0.19453125
2 0.346875 0.0625 0.2578125 0.12265625
2 0.54296875 0.02109375 0.0796875 0.040625
2 0.046875 0.60390625 0.0484375 0.06328125
2 0.7953125 0.98671875 0.02890625 0.02421875
2 0.74765625 0.8328125 0.01953125 0.03359375
2 0.73984375 0.89140625 0.028125 0.04609375
2 0.0359375 0.79765625 0.0578125 0.05546875
2 0.0921875 0.784375 0.0484375 0.06015625
2 0.2765625 0.16796875 0.115625 0.10703125
2 0.1734375 0.515625 0.08046875 0.09296875
2 0.10625 0.85234375 0.0625 0.05625
2 0.075 0.08359375 0.040625 0.046875
2 0.83515625 0.91015625 0.025 0.03125
0 0.1875 0.9421875 0.22265625 0.11015625
2 0.9171875 0.9359375 0.03125 0.03359375
2 0.6296875 0.23828125 0.303125 0.41796875
2 0.3234375 0.82734375 0.065625 0.07421875
2 0.89140625 0.12265625 0.065625 0.09765625
2 0.79140625 0.86875 0.02421875 0.04453125
2 0.59453125 0.85390625 0.07890625 0.08984375
2 0.4171875 0.90703125 0.03515625 0.0375
2 0.96015625 0.09375 0.0796875 0.13125
2 0.103125 0.14296875 0.03671875 0.06796875
2 0.88515625 0.0328125 0.09296875 0.06328125
2 0.15390625 0.26796875 0.06328125 0.121875
2 0.515625 0.42421875 0.03203125 0.03984375
2 0.23046875 0.50703125 0.03359375 0.04140625
0 0.2875 0.31328125 0.16640625 0.12578125
2 0.83671875 0.28671875 0.04453125 0.05703125
2 0.296875 0.41171875 0.04453125 0.06875
2 0.0625 0.42265625 0.125 0.21640625
2 0.7015625 0.671875 0.0515625 0.10234375
2 0.51328125 0.86171875 0.0703125 0.121875
2 0.0109375 0.18046875 0.021875 0.06796875
2 0.9140625 0.4078125 0.15859375 0.31875