2 0.86875 0.9265625 0.0203125 0.028125
2 0.6875 0.51171875 0.0609375 0.075
2 0.3578125 0.54140625 0.034375 0.07734375
2 0.89765625 0.87421875 0.0234375 0.03828125
2 0.75 0.52109375 0.02734375 0.03359375
2 0.2140625 0.35546875 0.0296875 0.05
2 0.396875 0.32890625 0.03515625 0.05390625
2 0.9828125 0.35859375 0.034375 0.06796875
2 0.628125 0.41875 0.03359375 0.05859375
2 0.471875 0.10703125 0.01015625 0.01796875
2 0.4609375 0.525 0.0265625 0.03125
2 0.1046875 0.49765625 0.0421875 0.05078125
2 0.8796875 0.9703125 0.028125 0.0375
2 0.309375 0.23984375 0.02734375 0.065625
2 0.4546875 0.67421875 0.02734375 0.02265625
2 0.34375 0.78984375 0.03125 0.03984375
0 0.9765625 0.26171875 0.03046875 0.04921875
2 0.73984375 0.15390625 0.040625 0.05234375
2 0.915625 0.24375 0.08203125 0.05
2 0.7046875 0.87578125 0.0234375 0.03359375
2 0.4015625 0.9 0.02734375 0.05546875
2 0.8671875 0.07734375 0.02109375 0.03125
2 0.8890625 0.0296875 0.0453125 0.059375
2 0.07890625 0.27421875 0.03125 0.03203125
2 0.97734375 0.02578125 0.03125 0.04921875
2 0.0234375 0.20234375 0.01953125 0.02578125
4 0.515625 0.6921875 0.96796875 0.60703125
2 0.4 0.02109375 0.03125 0.040625
9 0.5125 0.23515625 0.0484375 0.18046875
2 0.5078125 0.8796875 0.02265625 0.03671875
2 0.37578125 0.83984375 0.03046875 0.02578125
2 0.9421875 0.4625 0.0484375 0.040625
2 0.025 0.63046875 0.0203125 0.03125
2 0.1578125 0.52890625 0.03046875 0.028125
2 0.25 0.49140625 0.06484375 0.09765625
2 0.98828125 0.68203125 0.02109375 0.028125
2 0.1015625 0.9 0.125 0.13359375
2 0.5796875 0.10859375 0.05078125 0.05625
2 0.5984375 0.63984375 0.05546875 0.02890625
2 0.32109375 0.3390625 0.071875 0.05859375
2 0.58671875 0.909375 0.0359375 0.04140625
2 0.6453125 0.66015625 0.0484375 0.0375
2 0.55625 0.83359375 0.0265625 0.03671875
2 0.81796875 0.79609375 0.03359375 0.03125
2 0.078125 0.80078125 0.03671875 0.03671875
9 0.753125 0.3828125 0.14140625 0.17734375
2 0.5171875 0.715625 0.0515625 0.05234375
2 0.37109375 0.0484375 0.03203125 0.04296875
2 0.83046875 0.31328125 0.02421875 0.02734375