2 0.40078125 0.4421875 0.03359375 0.06484375
2 0.3640625 0.68046875 0.08359375 0.134375
2 0.0203125 0.696875 0.040625 0.13359375
2 0.28125 0.93984375 0.04140625 0.06328125
2 0.40625 0.86484375 0.06796875 0.11171875
2 0.11875 0.67265625 0.14296875 0.29140625
2 0.2 0.17265625 0.0765625 0.07109375
2 0.1265625 0.884375 0.215625 0.228125
2 0.09140625 0.26015625 0.1828125 0.27265625
2 0.1890625 0.03828125 0.103125 0.0765625
2 0.059375 0.49765625 0.07578125 0.09609375
2 0.4953125 0.9359375 0.11171875 0.09609375
2 0.2640625 0.60859375 0.12578125 0.23671875
2 0.58203125 0.28671875 0.115625 0.11875
2 0.628125 0.5578125 0.1390625 0.23125
2 0.79453125 0.503125 0.08046875 0.23515625
2 0.56875 0.10390625 0.07265625 0.15078125
2 0.15625 0.46484375 0.08359375 0.109375
2 0.421875 0.06328125 0.06015625 0.12421875
2 0.5984375 0.9 0.06015625 0.06328125
2 0.76171875 0.25703125 0.08203125 0.11953125
2 0.2796875 0.37265625 0.1 0.12109375
2 0.484375 0.66953125 0.14921875 0.29296875
2 0.7640625 0.78359375 0.1078125 0.14453125
2 0.471875 0.40546875 0.121875 0.22265625
2 0.05625 0.0421875 0.11171875 0.084375
2 0.825 0.26796875 0.04375 0.06796875
2 0.60390625 0.80390625 0.04609375 0.06796875
2 0.31484375 0.82578125 0.115625 0.19296875
2 0.9390625 0.15390625 0.121875 0.26953125
2 0.6828125 0.91640625 0.09453125 0.14296875
14 0.79296875 0.49765625 0.4140625 0.9953125
2 0.771875 0.1203125 0.09296875 0.128125
2 0.8640625 0.95859375 0.17421875 0.07734375
2 0.6578125 0.72421875 0.11015625 0.12265625