2 0.8046875 0.7078125 0.0453125 0.05
3 0.96640625 0.4765625 0.0671875 0.421875
2 0.0515625 0.92421875 0.0984375 0.15078125
2 0.3453125 0.9625 0.0765625 0.06953125
2 0.7109375 0.09609375 0.03046875 0.05
2 0.93515625 0.8609375 0.059375 0.05546875
14 0.8203125 0.5640625 0.35859375 0.86640625
3 0.2734375 0.4765625 0.39453125 0.953125
2 0.59375 0.00859375 0.078125 0.0171875
2 0.86875 0.84921875 0.04453125 0.08984375
2 0.8484375 0.97734375 0.03515625 0.0375
2 0.43046875 0.73359375 0.0625 0.084375
2 0.78671875 0.903125 0.0390625 0.05390625
2 0.64296875 0.284375 0.05078125 0.046875
2 0.61328125 0.69921875 0.09609375 0.11484375
2 0.60078125 0.52734375 0.040625 0.05234375
2 0.85 0.74140625 0.03046875 0.05234375
2 0.778125 0.3828125 0.0421875 0.08671875
2 0.553125 0.87578125 0.0671875 0.11953125
2 0.85546875 0.5203125 0.09609375 0.06953125
2 0.05546875 0.50078125 0.10859375 0.08671875
2 0.10546875 0.42109375 0.02734375 0.04140625
2 0.02890625 0.01640625 0.0578125 0.0328125
2 0.15625 0.24921875 0.084375 0.11171875
2 0.325 0.0859375 0.03671875 0.04609375
2 0.7140625 0.82890625 0.03125 0.0375
2 0.5078125 0.0203125 0.02734375 0.040625