2 0.08203125 0.11796875 0.0796875 0.05859375
2 0.7171875 0.80078125 0.13828125 0.15234375
2 0.734375 0.5609375 0.0546875 0.103125
2 0.675 0.36640625 0.06953125 0.109375
3 0.93359375 0.65625 0.1328125 0.684375
2 0.0421875 0.8421875 0.0546875 0.07890625
2 0.24453125 0.47421875 0.0515625 0.06484375
2 0.3109375 0.91953125 0.12109375 0.14921875
2 0.434375 0.9140625 0.12734375 0.16953125
2 0.634375 0.26328125 0.0671875 0.115625
2 0.515625 0.17578125 0.15546875 0.18046875
2 0.76171875 0.19453125 0.06328125 0.14375
2 0.19296875 0.05703125 0.065625 0.046875
2 0.0421875 0.75390625 0.07265625 0.08359375
2 0.17890625 0.76171875 0.0296875 0.03125
2 0.1109375 0.578125 0.0515625 0.040625
2 0.35625 0.04453125 0.0296875 0.046875
2 0.440625 0.54609375 0.09453125 0.08359375
2 0.428125 0.659375 0.06640625 0.10625
2 0.54375 0.06015625 0.02421875 0.02265625
2 0.6296875 0.6546875 0.1203125 0.27421875
2 0.59375 0.921875 0.1140625 0.153125
2 0.0578125 0.06953125 0.05625 0.05625
3 0.1234375 0.2109375 0.24609375 0.30078125
2 0.1875 0.296875 0.05390625 0.06484375
2 0.2796875 0.77265625 0.08671875 0.08671875
2 0.7265625 0.93515625 0.15546875 0.121875
2 0.28125 0.57578125 0.18828125 0.15703125
2 0.146875 0.91796875 0.134375 0.15625
2 0.0140625 0.615625 0.028125 0.04375
2 0.10390625 0.82109375 0.03828125 0.0375
2 0.053125 0.15859375 0.02421875 0.03515625
2 0.55625 0.3125 0.06484375 0.05234375
2 0.48671875 0.80390625 0.05234375 0.0875
2 0.42421875 0.09921875 0.11875 0.146875
2 0.6234375 0.16171875 0.05859375 0.05546875
2 0.83125 0.52734375 0.0875 0.21328125
2 0.8671875 0.73671875 0.0796875 0.11640625
2 0.16796875 0.67421875 0.04765625 0.08984375
2 0.940625 0.053125 0.11015625 0.10078125
2 0.9859375 0.803125 0.028125 0.084375
2 0.05390625 0.48828125 0.09375 0.13203125
2 0.8640625 0.275 0.23515625 0.44765625
2 0.1609375 0.54296875 0.05546875 0.09921875
2 0.65625 0.09453125 0.090625 0.17578125
2 0.95703125 0.14765625 0.065625 0.075
2 0.0203125 0.18125 0.040625 0.08125
2 0.1265625 0.43046875 0.065625 0.078125
3 0.3546875 0.3234375 0.22578125 0.21171875
14 0.4828125 0.49765625 0.965625 0.9953125