2 0.721875 0.1484375 0.0765625 0.103125
0 0.8171875 0.76953125 0.02109375 0.015625
0 0.353125 0.87734375 0.01796875 0.01875
0 0.7328125 0.79921875 0.021875 0.03125
2 0.8421875 0.17421875 0.03671875 0.06796875
0 0.57421875 0.884375 0.025 0.03125
2 0.8796875 0.86171875 0.01796875 0.03203125
0 0.8421875 0.79609375 0.021875 0.04296875
0 0.80078125 0.58359375 0.0234375 0.02890625
0 0.8234375 0.61640625 0.021875 0.02578125
0 0.44375 0.88359375 0.01484375 0.01328125
2 0.6265625 0.07421875 0.09453125 0.07265625
2 0.7734375 0.60703125 0.07421875 0.10078125
2 0.3328125 0.04921875 0.04765625 0.0875
2 0.9921875 0.38515625 0.01484375 0.04140625
0 0.0296875 0.52421875 0.01953125 0.02734375
3 0.7296875 0.06640625 0.23515625 0.11640625
2 0.559375 0.65546875 0.0890625 0.05078125
2 0.559375 0.75078125 0.071875 0.13515625
2 0.953125 0.08203125 0.09296875 0.09921875
0 0.0640625 0.84296875 0.0546875 0.08671875
0 0.0125 0.78515625 0.02421875 0.03125
2 0.440625 0.85703125 0.05078125 0.06171875
2 0.41796875 0.70859375 0.09609375 0.1125
2 0.36953125 0.56015625 0.06953125 0.16171875
2 0.2828125 0.4984375 0.0703125 0.1125
2 0.14609375 0.346875 0.090625 0.1
2 0.04453125 0.20390625 0.0890625 0.19609375
5 0.82890625 0.57265625 0.03359375 0.04296875
0 0.02578125 0.95859375 0.04296875 0.07890625
0 0.4953125 0.903125 0.10546875 0.08671875
0 0.86640625 0.88828125 0.02109375 0.02421875
0 0.025 0.8609375 0.05 0.084375
2 0.0640625 0.72265625 0.12265625 0.10625
2 0.6890625 0.9421875 0.04453125 0.07265625
2 0.11875 0.50859375 0.09296875 0.165625
0 0.75390625 0.75546875 0.0171875 0.01953125
0 0.6703125 0.69296875 0.01953125 0.03828125
0 0.85546875 0.66484375 0.02109375 0.02734375
2 0.20625 0.6453125 0.13671875 0.15625
2 0.140625 0.64609375 0.034375 0.05078125
2 0.16484375 0.05546875 0.03359375 0.03125
2 0.2703125 0.32421875 0.05390625 0.071875
2 0.27421875 0.23515625 0.05625 0.06953125
2 0.3375 0.24453125 0.05546875 0.04609375
2 0.384375 0.4421875 0.02890625 0.03203125
2 0.6609375 0.83671875 0.03125 0.01953125
0 0.70625 0.80703125 0.01484375 0.01796875
4 0.51015625 0.56171875 0.26640625 0.215625
3 0.9421875 0.57890625 0.11484375 0.06171875
2 0.4703125 0.7828125 0.0265625 0.03828125
2 0.5453125 0.54296875 0.0390625 0.03515625
2 0.52109375 0.778125 0.0703125 0.08359375
2 0.346875 0.91484375 0.03125 0.04296875
2 0.315625 0.7140625 0.0375 0.05
2 0.2234375 0.79609375 0.0453125 0.03125
2 0.1953125 0.74765625 0.0578125 0.05078125
0 0.90078125 0.540625 0.02734375 0.02734375
0 0.159375 0.92265625 0.2046875 0.14375
0 0.64609375 0.94296875 0.0359375 0.03515625
2 0.334375 0.7890625 0.0265625 0.040625
2 0.43125 0.56796875 0.0234375 0.06015625
2 0.090625 0.59140625 0.03125 0.03515625
2 0.91484375 0.684375 0.01953125 0.03359375
2 0.84765625 0.29296875 0.0265625 0.0375
0 0.35390625 0.98671875 0.07421875 0.02265625
2 0.4671875 0.24453125 0.06484375 0.06953125
2 0.41640625 0.23828125 0.06484375 0.11953125
2 0.5109375 0.86953125 0.02109375 0.03203125
2 0.03828125 0.3875 0.0765625 0.128125
2 0.6765625 0.78671875 0.01640625 0.01953125
2 0.07265625 0.640625 0.02421875 0.03125
3 0.2375 0.9125 0.10546875 0.171875
3 0.66328125 0.6671875 0.0765625 0.20546875
0 0.703125 0.91796875 0.290625 0.15859375
2 0.03984375 0.06328125 0.04921875 0.06171875
2 0.30859375 0.61171875 0.04609375 0.13046875
2 0.16796875 0.24140625 0.04921875 0.04609375
0 0.98046875 0.8859375 0.03359375 0.03515625
0 0.371875 0.90078125 0.03125 0.028125
2 0.0421875 0.4984375 0.03359375 0.03515625
2 0.609375 0.70078125 0.03671875 0.04296875
2 0.3734375 0.315625 0.08671875 0.08046875
2 0.921875 0.5421875 0.025 0.02734375
2 0.015625 0.49765625 0.03125 0.1015625
2 0.2984375 0.3984375 0.06796875 0.06328125
2 0.0921875 0.04921875 0.03671875 0.0375
2 0.221875 0.24140625 0.04765625 0.103125
2 0.1375 0.81953125 0.06484375 0.084375
0 0.403125 0.87265625 0.040625 0.05859375
2 0.8828125 0.72265625 0.028125 0.025
2 0.9140625 0.88828125 0.01953125 0.01875
2 0.38046875 0.77890625 0.04765625 0.05703125
2 0.9328125 0.41328125 0.040625 0.046875
2 0.98046875 0.93125 0.0375 0.04765625
0 0.01328125 0.56796875 0.0265625 0.03125
2 0.5171875 0.240625 0.0421875 0.08828125
2 0.7203125 0.7125 0.0625 0.09140625
2 0.7984375 0.36796875 0.07265625 0.10078125
2 0.2421875 0.3234375 0.01640625 0.03125
2 0.2109375 0.50546875 0.08671875 0.13828125
2 0.55390625 0.37109375 0.15625 0.18515625
2 0.77109375 0.5171875 0.05859375 0.06484375
2 0.4765625 0.0875 0.0765625 0.11875
2 0.3 0.159375 0.10078125 0.09296875
2 0.63515625 0.80546875 0.0359375 0.0375
2 0.3890625 0.03515625 0.0109375 0.01171875
0 0.9515625 0.86328125 0.0171875 0.02421875
2 0.2390625 0.36796875 0.01328125 0.01875
2 0.1046875 0.13515625 0.03125 0.03125
2 0.1953125 0.38125 0.01875 0.01328125
2 0.840625 0.38203125 0.04765625 0.06328125
2 0.903125 0.971875 0.0234375 0.04609375
0 0.97734375 0.83515625 0.0453125 0.0234375
2 0.984375 0.32890625 0.03125 0.04140625
2 0.7828125 0.209375 0.0421875 0.08671875
2 0.63828125 0.2578125 0.03203125 0.040625
2 0.25 0.39453125 0.0125 0.01171875
2 0.6203125 0.18984375 0.0171875 0.021875
2 0.984375 0.68359375 0.03125 0.05390625
2 0.703125 0.253125 0.07734375 0.11953125
2 0.8828125 0.41171875 0.05078125 0.103125
2 0.36796875 0.15546875 0.03828125 0.02421875
2 0.89375 0.67578125 0.01484375 0.01796875
2 0.9671875 0.52265625 0.0484375 0.06484375
2 0.3046875 0.959375 0.0203125 0.03125
0 0.9546875 0.9625 0.0671875 0.040625
2 0.71328125 0.53671875 0.04921875 0.059375
2 0.821875 0.51953125 0.03359375 0.06875
2 0.66171875 0.1859375 0.01484375 0.03359375
2 0.9171875 0.27265625 0.0375 0.04609375
2 0.8828125 0.91640625 0.04765625 0.05078125
2 0.6859375 0.01640625 0.06328125 0.03046875
3 0.4484375 0.37265625 0.0578125 0.19453125
2 0.1015625 0.16953125 0.0546875 0.046875
2 0.246875 0.4328125 0.01875 0.021875
2 0.91875 0.16640625 0.1625 0.30234375
2 0.48984375 0.9390625 0.21796875 0.11640625
2 0.5765625 0.22421875 0.03359375 0.028125
2 0.71875 0.3828125 0.08984375 0.16171875
2 0.52734375 0.075 0.03828125 0.05390625
2 0.803125 0.42578125 0.03046875 0.03671875
5 0.94765625 0.36875 0.021875 0.028125
2 0.9875 0.63203125 0.02421875 0.0375
2 0.0375 0.65625 0.009375 0.01875
2 0.41875 0.1203125 0.03828125 0.06328125
2 0.48046875 0.18984375 0.03125 0.04296875
2 0.3078125 0.81484375 0.0109375 0.02265625
0 0.78515625 0.81640625 0.04453125 0.08203125
2 0.8890625 0.48359375 0.02890625 0.03046875
2 0.9359375 0.346875 0.05625 0.08828125
2 0.87109375 0.503125 0.03046875 0.04140625
2 0.884375 0.3390625 0.0265625 0.03125
2 0.775 0.28671875 0.0796875 0.065625
2 0.75 0.02578125 0.059375 0.04921875
2 0.80859375 0.04921875 0.028125 0.05546875
2 0.953125 0.659375 0.01796875 0.03984375
2 0.92265625 0.74296875 0.04765625 0.075
2 0.7171875 0.58359375 0.03125 0.04453125
2 0.38359375 0.11953125 0.0234375 0.03203125
2 0.2140625 0.18046875 0.01171875 0.01875
2 0.43046875 0.08046875 0.0140625 0.01953125
0 0.865625 0.59765625 0.03828125 0.09140625
0 0.7890625 0.73984375 0.02109375 0.02578125
2 0.9734375 0.43046875 0.0265625 0.05625
2 0.365625 0.85859375 0.01953125 0.05390625
2 0.1 0.6390625 0.02890625 0.02890625
2 0.8390625 0.440625 0.02734375 0.04609375
2 0.5109375 0.16484375 0.028125 0.05234375
2 0.9296875 0.64453125 0.0109375 0.02265625
2 0.58515625 0.03515625 0.02109375 0.03046875
2 0.52265625 0.02265625 0.1015625 0.04296875
2 0.24140625 0.06953125 0.1140625 0.1390625
2 0.4234375 0.77890625 0.03359375 0.028125
2 0.0609375 0.31484375 0.0265625 0.03671875
2 0.1546875 0.12109375 0.06015625 0.09609375
2 0.0453125 0.01015625 0.0453125 0.01796875
2 0.1140625 0.26015625 0.0453125 0.065625
2 0.3109375 0.28671875 0.04765625 0.05234375
2 0.98515625 0.0359375 0.0296875 0.06875
2 0.98515625 0.7390625 0.0296875 0.05625
2 0.7953125 0.68984375 0.09375 0.06953125
2 0.909375 0.82265625 0.06875 0.078125
2 0.9765625 0.86015625 0.02890625 0.04609375
2 0.7765625 0.83203125 0.17265625 0.21640625
2 0.13984375 0.75546875 0.021875 0.04453125
2 0.165625 0.17421875 0.01328125 0.01796875
2 0.584375 0.85234375 0.0265625 0.02265625