2 0.95859375 0.2671875 0.0828125 0.18203125
2 0.921875 0.403125 0.025 0.03359375
2 0.80234375 0.40546875 0.078125 0.06015625
2 0.6515625 0.5484375 0.0203125 0.028125
2 0.8578125 0.3171875 0.03515625 0.04296875
2 0.875 0.51171875 0.02890625 0.034375
2 0.80390625 0.48671875 0.09453125 0.07890625
2 0.715625 0.378125 0.1078125 0.11484375
2 0.621875 0.64296875 0.06328125 0.05859375
2 0.925 0.36796875 0.075 0.05703125
2 0.60078125 0.59921875 0.025 0.02734375
2 0.7328125 0.32109375 0.0234375 0.02265625
2 0.78984375 0.24921875 0.134375 0.10234375
2 0.64296875 0.1859375 0.0265625 0.03984375
2 0.9890625 0.39140625 0.021875 0.02734375
2 0.8546875 0.43828125 0.025 0.05625
2 0.7171875 0.51171875 0.0765625 0.14453125
2 0.6453125 0.46796875 0.0390625 0.07578125
2 0.7515625 0.178125 0.02109375 0.02265625
2 0.6078125 0.415625 0.01875 0.028125
2 0.87578125 0.22265625 0.07265625 0.06953125
2 0.778125 0.17265625 0.021875 0.03671875
2 0.69296875 0.2671875 0.05 0.071875
2 0.9078125 0.61953125 0.053125 0.10546875
2 0.625 0.59140625 0.0265625 0.046875
2 0.63671875 0.36171875 0.0625 0.07421875
2 0.690625 0.15546875 0.04375 0.04296875
2 0.721875 0.20703125 0.0390625 0.06328125
2 0.678125 0.20078125 0.0375 0.06171875
2 0.79375 0.32890625 0.08359375 0.07265625
2 0.871875 0.27265625 0.02109375 0.02734375
2 0.6984375 0.9765625 0.03515625 0.03359375
2 0.6453125 0.94609375 0.05 0.05078125
2 0.47421875 0.66953125 0.028125 0.040625
2 0.809375 0.66171875 0.01953125 0.034375
2 0.69765625 0.12109375 0.02890625 0.028125
2 0.72890625 0.74296875 0.01484375 0.02421875
2 0.49375 0.4921875 0.0359375 0.06328125
2 0.515625 0.434375 0.03671875 0.05390625
2 0.1328125 0.05625 0.0234375 0.02265625
2 0.40625 0.5703125 0.0421875 0.04609375
2 0.08203125 0.73984375 0.06484375 0.10625
2 0.05234375 0.88046875 0.1046875 0.23828125
2 0.2265625 0.97265625 0.015625 0.03671875
2 0.878125 0.9296875 0.0359375 0.03828125
2 0.9859375 0.81484375 0.028125 0.05703125
2 0.5484375 0.825 0.04921875 0.04609375
2 0.48046875 0.7515625 0.05 0.075
2 0.39921875 0.86640625 0.0453125 0.05
2 0.33125 0.69296875 0.1078125 0.1875
2 0.77265625 0.72734375 0.065625 0.08671875
2 0.88515625 0.75078125 0.03125 0.046875
2 0.9109375 0.753125 0.034375 0.03828125
2 0.9359375 0.65390625 0.04921875 0.07890625
2 0.703125 0.08203125 0.0609375 0.04765625
2 0.62578125 0.04765625 0.02265625 0.02890625
2 0.59609375 0.06484375 0.01640625 0.02734375
2 0.53203125 0.49921875 0.03984375 0.06484375
2 0.0921875 0.08359375 0.01484375 0.01953125
2 0.4390625 0.59609375 0.0375 0.04609375
2 0.5734375 0.00703125 0.034375 0.01328125
0 0.5484375 0.934375 0.16015625 0.13125
2 0.8859375 0.86484375 0.11875 0.13515625
2 0.965625 0.89609375 0.06875 0.12265625
2 0.81875 0.91640625 0.03671875 0.06015625
2 0.7875 0.96015625 0.07890625 0.07890625
2 0.4515625 0.8921875 0.03046875 0.02734375
2 0.66171875 0.6484375 0.03046875 0.04921875
2 0.5421875 0.5609375 0.03203125 0.04140625
2 0.215625 0.70703125 0.03515625 0.06640625
2 0.221875 0.03046875 0.084375 0.0609375
2 0.034375 0.58125 0.059375 0.10078125
2 0.3421875 0.8921875 0.07109375 0.0625
0 0.7203125 0.86328125 0.0703125 0.096875
2 0.46796875 0.54609375 0.02265625 0.03125
2 0.0203125 0.25703125 0.040625 0.109375
2 0.334375 0.80703125 0.09453125 0.11875
2 0.6375 0.0203125 0.08984375 0.040625
2 0.56796875 0.07265625 0.0484375 0.0625
2 0.77734375 0.58984375 0.1 0.10078125
2 0.959375 0.98203125 0.040625 0.03203125
2 0.553125 0.4265625 0.0328125 0.034375
2 0.50390625 0.57578125 0.04453125 0.06171875
2 0.503125 0.83828125 0.01640625 0.02421875
2 0.8953125 0.09140625 0.209375 0.1828125
0 0.909375 0.5265625 0.05625 0.08125
2 0.44375 0.653125 0.04453125 0.046875
2 0.99140625 0.0171875 0.01484375 0.021875
2 0.13359375 0.87265625 0.05078125 0.10546875
2 0.85 0.70859375 0.06015625 0.03984375
2 0.06015625 0.06953125 0.0265625 0.046875
2 0.02890625 0.73828125 0.0578125 0.09609375
2 0.60859375 0.178125 0.021875 0.034375
2 0.7546875 0.04375 0.0578125 0.046875
2 0.615625 0.84140625 0.0328125 0.02734375
2 0.2453125 0.21640625 0.0171875 0.028125
2 0.44375 0.92890625 0.03203125 0.04453125
0 0.3171875 0.7453125 0.23359375 0.50703125
2 0.146875 0.00546875 0.025 0.0109375
2 0.5578125 0.7296875 0.01796875 0.025
2 0.1578125 0.96875 0.0640625 0.0625
2 0.5125 0.80078125 0.02109375 0.02421875
2 0.07890625 0.8328125 0.0359375 0.084375
2 0.5171875 0.6515625 0.0921875 0.096875
2 0.6765625 0.79921875 0.02109375 0.04296875
2 0.078125 0.10703125 0.0171875 0.02109375
2 0.18046875 0.146875 0.0390625 0.053125
2 0.4640625 0.51796875 0.02265625 0.028125
2 0.2171875 0.92890625 0.05859375 0.078125
2 0.9921875 0.746875 0.015625 0.01796875
2 0.6640625 0.86328125 0.021875 0.01484375
2 0.6453125 0.7359375 0.0359375 0.059375
0 0.06484375 0.37109375 0.0796875 0.115625
2 0.2453125 0.46875 0.0125 0.02578125
2 0.66796875 0.07890625 0.0359375 0.1578125
2 0.45625 0.453125 0.0375 0.07265625
2 0.03125 0.48671875 0.0296875 0.05546875
2 0.14375 0.11484375 0.0796875 0.06640625
2 0.0796875 0.490625 0.0703125 0.08828125
2 0.07734375 0.021875 0.01796875 0.01640625
2 0.71796875 0.78671875 0.0390625 0.06328125
2 0.9015625 0.9734375 0.0765625 0.05078125
14 0.5921875 0.49375 0.0890625 0.57421875
2 0.7 0.67734375 0.03359375 0.046875
2 0.09375 0.13984375 0.0203125 0.02734375
2 0.2421875 0.2953125 0.0171875 0.02265625
2 0.209375 0.09140625 0.03671875 0.04609375
2 0.303125 0.94296875 0.03046875 0.03515625
2 0.93515625 0.73203125 0.02265625 0.02265625
2 0.521875 0.73125 0.05 0.06796875
2 0.21875 0.15859375 0.0359375 0.040625
2 0.08359375 0.2140625 0.0625 0.10625
2 0.28984375 0.28203125 0.059375 0.07578125
2 0.2140625 0.23359375 0.01953125 0.02265625
2 0.27109375 0.40390625 0.01953125 0.03984375
2 0.6234375 0.8015625 0.02421875 0.0375
2 0.99453125 0.715625 0.0109375 0.025
0 0.1515625 0.58046875 0.1765625 0.42734375
2 0.38203125 0.38203125 0.03203125 0.09140625
2 0.5359375 0.365625 0.034375 0.034375
2 0.446875 0.17265625 0.01640625 0.03671875
2 0.334375 0.2765625 0.0109375 0.021875
2 0.325 0.37890625 0.0578125 0.06875
2 0.28203125 0.4265625 0.01953125 0.02265625
2 0.2296875 0.36171875 0.04921875 0.059375
2 0.3859375 0.53046875 0.05390625 0.04375
2 0.30859375 0.55390625 0.015625 0.02265625
2 0.4078125 0.42734375 0.01953125 0.05390625
2 0.56484375 0.33828125 0.021875 0.03515625
2 0.546875 0.26875 0.01640625 0.02734375
2 0.5328125 0.23359375 0.0359375 0.03203125
2 0.49296875 0.19921875 0.03984375 0.06171875
2 0.49609375 0.29375 0.0234375 0.04453125
2 0.35390625 0.54921875 0.03125 0.05
2 0.3984375 0.4859375 0.04453125 0.03203125
2 0.440625 0.34921875 0.103125 0.09765625
2 0.33125 0.19375 0.02265625 0.02265625
2 0.2796875 0.36640625 0.03046875 0.03046875
2 0.3171875 0.24765625 0.02265625 0.03671875
2 0.35625 0.075 0.08125 0.15
2 0.3421875 0.4796875 0.01484375 0.02265625
2 0.51875 0.10078125 0.0203125 0.03125
2 0.40625 0.215625 0.03515625 0.05859375
2 0.5171875 0.1671875 0.03359375 0.05078125
2 0.56640625 0.38359375 0.01796875 0.0375
2 0.4578125 0.05703125 0.084375 0.1140625
2 0.56171875 0.228125 0.0265625 0.05078125
2 0.4640625 0.24296875 0.05625 0.09921875
2 0.50859375 0.36953125 0.02734375 0.034375