2 0.06640625 0.81328125 0.1328125 0.23671875
2 0.5171875 0.8046875 0.11015625 0.13515625
2 0.8625 0.91640625 0.134375 0.16015625
2 0.4953125 0.17265625 0.21015625 0.19296875
2 0.2 0.66015625 0.13984375 0.16640625
2 0.8296875 0.4609375 0.0828125 0.134375
2 0.02734375 0.49609375 0.05078125 0.04765625
2 0.54375 0.6328125 0.184375 0.25859375
2 0.0734375 0.23671875 0.10546875 0.15234375
2 0.3890625 0.91875 0.21484375 0.15703125
4 0.94609375 0.02890625 0.1078125 0.05546875
2 0.03125 0.5734375 0.04921875 0.04453125
2 0.3 0.06796875 0.15234375 0.12890625
2 0.6328125 0.87734375 0.13515625 0.22578125
2 0.71484375 0.0921875 0.4015625 0.17421875
2 0.0359375 0.9734375 0.071875 0.046875
2 0.26640625 0.46171875 0.4265625 0.27265625
2 0.296875 0.81640625 0.03046875 0.03125
3 0.5 0.22265625 1 0.35625
2 0.928125 0.4125 0.0390625 0.059375
2 0.178125 0.92421875 0.09453125 0.12578125
3 0.6875 0.57265625 0.225 0.85234375
2 0.96015625 0.140625 0.0796875 0.11640625
2 0.4234375 0.6921875 0.0234375 0.059375