0 0.7796875 0.28984375 0.03671875 0.0375
0 0.653125 0.85234375 0.06328125 0.06875
0 0.2828125 0.8265625 0.190625 0.34140625
14 0.3609375 0.90546875 0.02734375 0.184375
0 0.72421875 0.28828125 0.0453125 0.065625
0 0.7625 0.7203125 0.221875 0.55625
0 0.1125 0.884375 0.0234375 0.03515625
0 0.07109375 0.8421875 0.1421875 0.31015625
0 0.01015625 0.4421875 0.0203125 0.18046875
0 0.4734375 0.03515625 0.0453125 0.06796875
0 0.7140625 0.35625 0.04921875 0.06796875
0 0.52578125 0.88046875 0.08359375 0.075
0 0.13671875 0.8953125 0.025 0.03046875
0 0.609375 0.646875 0.18984375 0.26796875
0 0.4328125 0.24375 0.05234375 0.05
0 0.57265625 0.90546875 0.03203125 0.04609375
0 0.6234375 0.80078125 0.0375 0.03828125
0 0.4234375 0.98359375 0.03203125 0.02890625
2 0.9421875 0.4609375 0.11484375 0.14453125
0 0.6015625 0.19765625 0.0765625 0.07265625
0 0.31875 0.034375 0.04765625 0.06875
14 0.5 0.25390625 1 0.46484375
14 0.90625 0.88359375 0.18671875 0.23046875
0 0.96640625 0.346875 0.0671875 0.1
0 0.121875 0.59453125 0.0453125 0.08828125
14 0.5078125 0.49921875 0.43515625 0.99609375
0 0.89375 0.22421875 0.084375 0.16328125
0 0.7046875 0.7484375 0.02890625 0.03203125
0 0.35 0.4921875 0.059375 0.075