8 0.4671875 0.43984375 0.57421875 0.84375
2 0.559375 0.96015625 0.20703125 0.07265625
2 0.69765625 0.67734375 0.0828125 0.11015625
2 0.9375 0.34765625 0.12109375 0.14921875
2 0.96875 0.69375 0.06171875 0.06796875
2 0.1953125 0.23515625 0.0765625 0.12421875
2 0.0375 0.20625 0.04765625 0.06328125
2 0.15390625 0.525 0.0453125 0.05859375
2 0.1703125 0.83359375 0.16796875 0.15078125
2 0.08125 0.95703125 0.1609375 0.08359375
2 0.171875 0.02265625 0.071875 0.04453125
2 0.58203125 0.703125 0.10390625 0.15078125
2 0.2765625 0.92578125 0.06875 0.0875
2 0.84375 0.94296875 0.06484375 0.109375
2 0.8109375 0.48828125 0.16953125 0.32109375
2 0.17890625 0.10859375 0.053125 0.08046875
2 0.828125 0.16953125 0.196875 0.328125
2 0.64296875 0.82109375 0.15703125 0.18828125
2 0.8890625 0.834375 0.0453125 0.05390625