2 0.653125 0.14453125 0.0265625 0.04453125
2 0.5875 0.25078125 0.06953125 0.06953125
14 0.5671875 0.5 0.4765625 1
2 0.5234375 0.98125 0.04375 0.0375
2 0.9734375 0.48671875 0.0171875 0.02734375
2 0.06171875 0.50859375 0.0421875 0.075
2 0.2296875 0.10078125 0.02109375 0.02734375
2 0.615625 0.30234375 0.028125 0.04296875
2 0.5078125 0.37265625 0.05078125 0.06171875
2 0.51875 0.48984375 0.01953125 0.04140625
5 0.04453125 0.3375 0.03828125 0.05390625
2 0.85390625 0.53046875 0.03203125 0.03828125
2 0.5890625 0.02578125 0.04140625 0.0375
2 0.4984375 0.1453125 0.10625 0.20390625
2 0.48359375 0.4640625 0.0296875 0.021875
0 0.2421875 0.90078125 0.05546875 0.05234375
2 0.59609375 0.9734375 0.0734375 0.053125
2 0.8859375 0.83515625 0.0203125 0.03203125
2 0.940625 0.54375 0.11875 0.09609375
2 0.98359375 0.21875 0.0328125 0.06875
2 0.88125 0.315625 0.034375 0.028125
2 0.2671875 0.15546875 0.02421875 0.046875
2 0.05625 0.14921875 0.0265625 0.03125