2 0.0734375 0.27734375 0.09453125 0.06015625
2 0.0953125 0.1125 0.190625 0.225
2 0.7875 0.02890625 0.13984375 0.05703125
9 0.7859375 0.2015625 0.08046875 0.040625
2 0.0140625 0.3140625 0.028125 0.053125
2 0.234375 0.16953125 0.0796875 0.18515625
2 0.965625 0.53984375 0.06875 0.28984375
2 0.83203125 0.37734375 0.17421875 0.16015625
2 0.63046875 0.01796875 0.0515625 0.03359375
2 0.33359375 0.40390625 0.075 0.04140625
2 0.0484375 0.7234375 0.096875 0.13125
2 0.72578125 0.60234375 0.05625 0.1
2 0.6546875 0.18984375 0.08515625 0.09765625
2 0.0953125 0.609375 0.1390625 0.16015625
2 0.1234375 0.453125 0.09765625 0.078125
2 0.4421875 0.18828125 0.08671875 0.075
2 0.19140625 0.3203125 0.1390625 0.140625
2 0.22265625 0.83515625 0.10703125 0.14921875
2 0.9765625 0.2828125 0.04609375 0.16796875
2 0.66640625 0.41640625 0.0828125 0.17109375
2 0.8625 0.56484375 0.0890625 0.08828125
2 0.7609375 0.87734375 0.06171875 0.10703125
2 0.6125 0.87734375 0.08671875 0.14765625
2 0.365625 0.01640625 0.05078125 0.03203125
2 0.7953125 0.76484375 0.06484375 0.06484375
4 0.31875 0.4984375 0.63671875 0.99453125
2 0.653125 0.69453125 0.0234375 0.046875
2 0.84921875 0.25234375 0.07734375 0.07421875
2 0.28671875 0.45078125 0.02734375 0.03125
2 0.2046875 0.68828125 0.18046875 0.21796875
2 0.96484375 0.16953125 0.04453125 0.06484375
9 0.890625 0.11015625 0.11484375 0.21796875
2 0.92421875 0.42578125 0.03828125 0.05703125
2 0.875 0.90703125 0.1484375 0.184375
2 0.875 0.7015625 0.1140625 0.11875
2 0.4078125 0.60234375 0.21875 0.25078125