2 0.36328125 0.04609375 0.04765625 0.05390625
2 0.1515625 0.79140625 0.02109375 0.028125
0 0.69453125 0.91171875 0.18359375 0.16953125
2 0.3515625 0.22734375 0.01328125 0.01328125
0 0.71875 0.86171875 0.02890625 0.040625
2 0.1125 0.60546875 0.01953125 0.02265625
16 0.33359375 0.865625 0.38515625 0.26328125
0 0.5765625 0.91015625 0.02421875 0.03203125
0 0.7859375 0.53984375 0.01640625 0.02421875
2 0.97265625 0.59921875 0.02421875 0.03125
2 0.059375 0.64140625 0.0234375 0.05078125
2 0.0671875 0.67578125 0.021875 0.01484375
0 0.94609375 0.92890625 0.0390625 0.04453125
0 0.80625 0.95859375 0.02109375 0.03125
2 0.1828125 0.79453125 0.0421875 0.06015625
0 0.1046875 0.0109375 0.02109375 0.021875
0 0.01171875 0.04140625 0.0234375 0.05390625
0 0.978125 0.89765625 0.025 0.03203125
2 0.27421875 0.74609375 0.02421875 0.02265625
4 0.45 0.34765625 0.17421875 0.54140625
0 0.32890625 0.26328125 0.01953125 0.021875
0 0.778125 0.87265625 0.04453125 0.046875
0 0.76953125 0.9859375 0.03125 0.02265625
2 0.45390625 0.140625 0.04765625 0.05234375
0 0.5765625 0.98359375 0.025 0.02890625
2 0.703125 0.09140625 0.01796875 0.02421875