2 0.71484375 0.965625 0.00859375 0.01171875
2 0.89375 0.55390625 0.009375 0.02109375
2 0.85 0.390625 0.02578125 0.02578125
2 0.8609375 0.92421875 0.02265625 0.034375
2 0.00859375 0.63203125 0.01171875 0.01484375
2 0.79453125 0.72890625 0.00859375 0.01328125
2 0.1234375 0.42890625 0.01328125 0.01640625
2 0.8125 0.88203125 0.0109375 0.01796875
2 0.9484375 0.0625 0.0140625 0.01640625
2 0.66875 0.653125 0.0234375 0.03828125
2 0.90390625 0.89140625 0.01640625 0.02734375
2 0.99453125 0.73046875 0.0109375 0.021875
2 0.0765625 0.1609375 0.02734375 0.053125
2 0.903125 0.58203125 0.0140625 0.01953125
2 0.47109375 0.93671875 0.01953125 0.02734375
2 0.9421875 0.7671875 0.0109375 0.021875
2 0.46015625 0.84140625 0.0140625 0.01796875
2 0.0140625 0.1125 0.02109375 0.03046875
2 0.1109375 0.03515625 0.015625 0.01640625
2 0.0671875 0.8671875 0.0203125 0.02890625
2 0.30703125 0.07578125 0.01484375 0.01484375
2 0.1734375 0.16484375 0.03046875 0.03671875
2 0.14375 0.553125 0.01015625 0.01484375
2 0.1734375 0.57265625 0.02265625 0.021875
2 0.2484375 0.02578125 0.01875 0.03046875
2 0.5734375 0.30234375 0.01953125 0.02109375
2 0.5484375 0.63671875 0.01484375 0.015625
2 0.33125 0.0984375 0.0109375 0.01875
0 0.41328125 0.95625 0.0734375 0.0875
2 0.003125 0.78359375 0.00546875 0.015625
2 0.61171875 0.81640625 0.0171875 0.01796875
2 0.06875 0.53359375 0.009375 0.01328125
2 0.69609375 0.9234375 0.009375 0.01796875
2 0.4828125 0.17421875 0.03828125 0.04453125
2 0.16875 0.9546875 0.01015625 0.02421875
2 0.02109375 0.13203125 0.0203125 0.009375
2 0.8546875 0.74765625 0.01328125 0.02109375
2 0.20625 0.3953125 0.01328125 0.015625
2 0.8796875 0.953125 0.0171875 0.02734375
2 0.5640625 0.40546875 0.01328125 0.02421875
2 0.6828125 0.7546875 0.02890625 0.03515625
2 0.525 0.80625 0.01328125 0.015625
2 0.8875 0.57578125 0.0125 0.01640625
2 0.16484375 0.13203125 0.01640625 0.028125
2 0.03671875 0.64609375 0.01328125 0.015625
2 0.1359375 0.01171875 0.0203125 0.01796875
2 0.534375 0.90546875 0.00859375 0.0125
2 0.83515625 0.55234375 0.015625 0.01953125
2 0.6625 0.14140625 0.0109375 0.01484375
2 0.6984375 0.14140625 0.05546875 0.06953125
2 0.1921875 0.10703125 0.0203125 0.01953125
2 0.8328125 0.825 0.009375 0.01328125
2 0.2265625 0.10859375 0.0109375 0.01875
2 0.4984375 0.2265625 0.03671875 0.034375
2 0.6015625 0.92734375 0.01171875 0.01484375
2 0.3671875 0.18046875 0.01171875 0.01484375
2 0.0640625 0.48359375 0.03046875 0.028125
2 0.06328125 0.64375 0.0203125 0.03359375
2 0.753125 0.86015625 0.02265625 0.04140625
2 0.1265625 0.7765625 0.02109375 0.01640625
2 0.81796875 0.90234375 0.025 0.01875
2 0.934375 0.8859375 0.0125 0.01875
2 0.06875 0.83828125 0.01328125 0.02109375
2 0.990625 0.78515625 0.0171875 0.03125
2 0.8796875 0.33203125 0.01015625 0.01484375
2 0.009375 0.04609375 0.01796875 0.040625
2 0.97734375 0.86484375 0.0171875 0.01875
2 0.0203125 0.15546875 0.03984375 0.04609375
2 0.43125 0.178125 0.01953125 0.021875
2 0.72265625 0.70546875 0.0453125 0.059375
2 0.1625 0.4203125 0.03828125 0.034375
2 0.72109375 0.81171875 0.0171875 0.025
2 0.3296875 0.83125 0.025 0.05390625
2 0.821875 0.8046875 0.01875 0.025
2 0.65546875 0.91640625 0.0109375 0.01796875
2 0.6875 0.79921875 0.01015625 0.01875
2 0.9296875 0.28984375 0.0140625 0.01953125
2 0.728125 0.87734375 0.0234375 0.02265625
2 0.88515625 0.72890625 0.0140625 0.01796875
2 0.8859375 0.86015625 0.01953125 0.025
2 0.8890625 0.61640625 0.0203125 0.01875
2 0.13125 0.57421875 0.02265625 0.01796875
2 0.1671875 0.06328125 0.02890625 0.03984375
2 0.14375 0.52421875 0.01328125 0.01796875
2 0.03515625 0.11640625 0.021875 0.01875
2 0.13125 0.171875 0.009375 0.01640625
2 0.396875 0.5296875 0.02421875 0.03203125
2 0.3296875 0.48203125 0.034375 0.025
2 0.3296875 0.44765625 0.015625 0.01328125
2 0.70546875 0.60859375 0.0109375 0.015625
2 0.96171875 0.5359375 0.0125 0.015625
2 0.9765625 0.28359375 0.0078125 0.01875
2 0.9546875 0.28671875 0.0203125 0.034375
2 0.8203125 0.27890625 0.02265625 0.02421875
2 0.746875 0.27890625 0.03046875 0.028125
2 0.771875 0.228125 0.02734375 0.03671875
2 0.33203125 0.87109375 0.0296875 0.02109375
2 0.53671875 0.96171875 0.0109375 0.01640625
2 0.59296875 0.79296875 0.02109375 0.02109375
2 0.63125 0.25078125 0.01484375 0.015625
2 0.85 0.15390625 0.01015625 0.01640625
2 0.75625 0.13984375 0.0140625 0.01171875
2 0.8671875 0.00859375 0.01640625 0.01640625
2 0.69921875 0.03203125 0.03046875 0.02890625
2 0.31875 0.28203125 0.01328125 0.01953125
2 0.39375 0.20234375 0.02578125 0.02109375
2 0.32265625 0.26015625 0.01328125 0.02578125
2 0.38359375 0.146875 0.01484375 0.02265625
2 0.3578125 0.146875 0.01171875 0.01796875
2 0.3015625 0.0421875 0.01015625 0.01484375
2 0.746875 0.95625 0.0125 0.01875
2 0.7703125 0.92734375 0.0328125 0.06640625
2 0.896875 0.98671875 0.046875 0.02578125
2 0.9453125 0.86015625 0.0109375 0.01171875
2 0.8703125 0.65234375 0.0203125 0.021875
2 0.75625 0.675 0.00859375 0.01015625
2 0.00703125 0.67890625 0.0109375 0.01484375
2 0.0375 0.55703125 0.01640625 0.015625
2 0.0546875 0.58125 0.02421875 0.02890625
2 0.1515625 0.57421875 0.01640625 0.01640625
2 0.30078125 0.00390625 0.0171875 0.0078125
4 0.5 0.59140625 1 0.57265625
3 0.30390625 0.94375 0.20703125 0.10703125
0 0.075 0.715625 0.10390625 0.07734375
2 0.003125 0.30234375 0.00625 0.0125
2 0.07109375 0.36640625 0.01328125 0.01796875
2 0.40703125 0.3375 0.0328125 0.05234375
2 0.55078125 0.55546875 0.01796875 0.03125
2 0.9609375 0.42734375 0.02109375 0.025
2 0.6796875 0.41484375 0.01484375 0.03125
2 0.69375 0.378125 0.02421875 0.03671875
2 0.69296875 0.31328125 0.01796875 0.02890625
2 0.853125 0.3421875 0.0125 0.01328125
2 0.9171875 0.18515625 0.0171875 0.01484375
2 0.9140625 0.1296875 0.0125 0.01953125
2 0.7875 0.17421875 0.01328125 0.01484375
2 0.4515625 0.925 0.0109375 0.01640625
2 0.80546875 0.15078125 0.025 0.021875
2 0.86875 0.12265625 0.0140625 0.009375
2 0.97578125 0.02890625 0.0453125 0.0578125
2 0.909375 0.06484375 0.01328125 0.015625
2 0.8953125 0.03359375 0.021875 0.02734375
2 0.6515625 0.00859375 0.01796875 0.01640625
2 0.703125 0.07734375 0.03125 0.02890625
2 0.4953125 0.12421875 0.02890625 0.02421875
2 0.315625 0.23671875 0.01015625 0.01796875
2 0.3859375 0.10234375 0.009375 0.01640625
2 0.3859375 0.0734375 0.05390625 0.04453125
2 0.41484375 0.01484375 0.0265625 0.0296875
2 0.3890625 0.02265625 0.0171875 0.03984375
2 0.69921875 0.81953125 0.02109375 0.01953125
2 0.8515625 0.984375 0.02109375 0.015625
0 0.90625 0.82734375 0.009375 0.01171875
2 0.9390625 0.93984375 0.02734375 0.04375
2 0.99296875 0.928125 0.0140625 0.028125
2 0.9171875 0.6609375 0.025 0.01875
2 0.009375 0.56875 0.01171875 0.015625
2 0.1015625 0.56953125 0.01796875 0.01953125
2 0.0671875 0.05234375 0.02421875 0.01953125
2 0.25 0.5765625 0.01015625 0.015625
2 0.75703125 0.64140625 0.00703125 0.01015625
2 0.9125 0.32109375 0.01875 0.02109375
2 0.3 0.3609375 0.0140625 0.01875
2 0.8203125 0.30234375 0.015625 0.01875
2 0.6640625 0.55625 0.0109375 0.01328125
2 0.53203125 0.53046875 0.0171875 0.025
2 0.82578125 0.36953125 0.0171875 0.02421875
3 0.97109375 0.16484375 0.0578125 0.046875
2 0.65 0.57734375 0.01328125 0.01171875
2 0.921875 0.2265625 0.0140625 0.01640625
0 0.140625 0.94140625 0.0265625 0.03125
0 0.9375 0.82421875 0.01953125 0.02421875
0 0.3828125 0.90078125 0.02421875 0.040625
2 0.08359375 0.3015625 0.0234375 0.04296875
2 0.834375 0.41640625 0.0171875 0.034375
2 0.2 0.559375 0.01171875 0.02109375
0 0.015625 0.946875 0.03125 0.03671875
2 0.0875 0.353125 0.0265625 0.02421875
2 0.29375 0.38515625 0.0125 0.01328125
2 0.040625 0.37265625 0.01328125 0.009375
2 0.7578125 0.3328125 0.0171875 0.015625
0 0.278125 0.16484375 0.04921875 0.06953125
2 0.6421875 0.37578125 0.01328125 0.01640625
0 0.1078125 0.11015625 0.0234375 0.03515625
2 0.76796875 0.509375 0.01015625 0.01875
2 0.0609375 0.4265625 0.02421875 0.01796875
2 0.07734375 0.25390625 0.01171875 0.02734375
0 0.9078125 0.21171875 0.01796875 0.01953125
0 0.565625 0.01640625 0.059375 0.0328125
0 0.78125 0.83828125 0.0140625 0.01640625
0 0.5140625 0.02265625 0.0359375 0.03828125
2 0.7125 0.34921875 0.01015625 0.02578125
3 0.8203125 0.94921875 0.034375 0.09609375
2 0.71875 0.51484375 0.00859375 0.01484375
3 0.1890625 0.5921875 0.10859375 0.09765625
2 0.8890625 0.384375 0.028125 0.03984375
0 0.45390625 0.02734375 0.0359375 0.0546875
2 0.415625 0.596875 0.015625 0.01484375
3 0.1203125 0.19765625 0.23984375 0.09140625
0 0.159375 0.84296875 0.125 0.128125
0 0.62734375 0.00703125 0.02109375 0.0125
0 0.865625 0.1828125 0.07578125 0.040625
3 0.765625 0.42578125 0.0546875 0.075
2 0.040625 0.334375 0.03359375 0.03828125
2 0.0734375 0.284375 0.00546875 0.00859375
2 0.00625 0.4640625 0.0125 0.015625
2 0.121875 0.31953125 0.0203125 0.01953125
2 0.3109375 0.43046875 0.0078125 0.01015625
2 0.9421875 0.55390625 0.02578125 0.02109375
2 0.578125 0.53515625 0.01640625 0.015625
0 0.865625 0.4390625 0.0125 0.01484375
2 0.915625 0.39296875 0.015625 0.02265625
2 0.809375 0.36484375 0.00859375 0.0125
2 0.6921875 0.44921875 0.02734375 0.025
2 0.56875 0.98671875 0.0125 0.02578125
2 0.45546875 0.10703125 0.0109375 0.015625
2 0.7109375 0.40390625 0.01328125 0.0125
2 0.51015625 0.94453125 0.03046875 0.02734375
2 0.83125 0.24765625 0.0296875 0.034375
2 0.36640625 0.834375 0.04140625 0.04140625
2 0.63125 0.92265625 0.01328125 0.01171875
3 0.890625 0.69140625 0.0796875 0.06015625
2 0.20546875 0.90859375 0.01171875 0.01484375
2 0.33125 0.78515625 0.02734375 0.02734375
2 0.790625 0.07734375 0.01796875 0.021875
2 0.3421875 0.73046875 0.0078125 0.0125
2 0.559375 0.10859375 0.0484375 0.06640625
2 0.103125 0.39453125 0.01328125 0.01796875
2 0.303125 0.3171875 0.05078125 0.04609375
2 0.35078125 0.7 0.0109375 0.025
2 0.6234375 0.96328125 0.00859375 0.01640625
2 0.61875 0.26328125 0.01328125 0.025
2 0.3171875 0.09609375 0.01484375 0.01796875
0 0.0703125 0.94296875 0.04921875 0.03515625
2 0.62265625 0.434375 0.01171875 0.01953125
2 0.734375 0.0078125 0.0140625 0.015625
2 0.6140625 0.83984375 0.059375 0.025
2 0.26953125 0.79609375 0.040625 0.0625
2 0.509375 0.98359375 0.0234375 0.02421875
2 0.0859375 0.87421875 0.01640625 0.01640625
2 0.5859375 0.15390625 0.01484375 0.01484375
2 0.5953125 0.14296875 0.01171875 0.01796875
2 0.48515625 0.04765625 0.021875 0.03359375
2 0.353125 0.1015625 0.01953125 0.015625
2 0.4015625 0.6296875 0.0203125 0.01796875
2 0.46953125 0.40859375 0.02265625 0.03046875
2 0.0390625 0.85390625 0.01171875 0.015625
2 0.83984375 0.00234375 0.0203125 0.0046875
2 0.525 0.29765625 0.0234375 0.040625
2 0.51796875 0.40390625 0.01171875 0.025
2 0.09609375 0.43828125 0.0140625 0.01484375
2 0.19765625 0.42890625 0.0125 0.025
2 0.1859375 0.25546875 0.0203125 0.028125
2 0.2375 0.240625 0.01796875 0.02265625
0 0.27421875 0.23984375 0.01484375 0.02421875
2 0.5421875 0.990625 0.0125 0.01875
2 0.146875 0.96953125 0.0140625 0.01484375
2 0.64453125 0.94921875 0.01015625 0.01171875
2 0.1796875 0.36953125 0.0234375 0.015625
2 0.246875 0.33203125 0.059375 0.08125
2 0.2734375 0.31640625 0.021875 0.01640625
2 0.2421875 0.42421875 0.0125 0.025
2 0.24375 0.83984375 0.0828125 0.05078125
2 0.471875 0.815625 0.0375 0.04765625
2 0.51171875 0.81875 0.01953125 0.02109375
2 0.4875 0.76953125 0.01640625 0.03046875
2 0.5890625 0.95546875 0.01484375 0.01640625
2 0.8265625 0.09140625 0.01796875 0.02109375
2 0.67578125 0.93125 0.01640625 0.02578125
2 0.7703125 0.01875 0.03828125 0.02265625
2 0.540625 0.37421875 0.0171875 0.01953125
2 0.53125 0.2171875 0.028125 0.03671875
2 0.4984375 0.3625 0.04609375 0.0375
2 0.40625 0.1203125 0.01796875 0.02578125
2 0.33984375 0.05078125 0.0234375 0.04140625
2 0.26796875 0.26015625 0.02890625 0.078125
2 0.290625 0.29375 0.015625 0.01171875
2 0.628125 0.940625 0.0125 0.01796875