4 0.5390625 0.3734375 0.37734375 0.20234375
2 0.4140625 0.52421875 0.08359375 0.08359375
0 0.6578125 0.15703125 0.06640625 0.0875
2 0.4390625 0.07890625 0.0875 0.15546875
3 0.34375 0.35546875 0.0765625 0.31875
5 0.9390625 0.51484375 0.05625 0.06953125
5 0.021875 0.72421875 0.04296875 0.06171875
2 0.2125 0.4359375 0.05625 0.11171875
2 0.465625 0.85078125 0.0765625 0.06484375
2 0.453125 0.25 0.0265625 0.075
2 0.2359375 0.12109375 0.059375 0.07421875
2 0.0640625 0.74375 0.0421875 0.08203125
2 0.2515625 0.2453125 0.03203125 0.028125
2 0.27578125 0.3828125 0.0453125 0.06484375
5 0.009375 0.87421875 0.01796875 0.06015625
2 0.60234375 0.48828125 0.01953125 0.02734375
2 0.52265625 0.52578125 0.0734375 0.11328125
2 0.1234375 0.48203125 0.11796875 0.1625
2 0.025 0.39765625 0.025 0.03515625
2 0.0703125 0.20625 0.025 0.02265625
2 0.090625 0.25390625 0.02421875 0.02890625
2 0.2015625 0.85625 0.025 0.03203125
2 0.2421875 0.878125 0.02265625 0.03359375
2 0.5 0.78515625 0.0484375 0.06171875
2 0.2796875 0.14375 0.0203125 0.02734375
2 0.375 0.06796875 0.03515625 0.03984375
2 0.0390625 0.81015625 0.05546875 0.05546875
2 0.178125 0.9 0.03203125 0.028125
2 0.265625 0.19609375 0.07265625 0.06796875
2 0.56875 0.98125 0.040625 0.03515625
2 0.325 0.16640625 0.02109375 0.028125
2 0.459375 0.18125 0.01796875 0.02734375
2 0.6671875 0.8265625 0.02109375 0.02734375
2 0.79453125 0.97890625 0.03203125 0.03515625
2 0.91640625 0.990625 0.025 0.01875
2 0.8359375 0.98671875 0.02109375 0.02421875
2 0.99453125 0.9796875 0.0109375 0.040625
2 0.984375 0.8171875 0.0125 0.01875
2 0.9203125 0.63515625 0.02890625 0.0375
2 0.328125 0.08984375 0.03046875 0.04921875
2 0.696875 0.82578125 0.0171875 0.01796875
2 0.571875 0.89375 0.02109375 0.02890625
2 0.459375 0.75703125 0.03046875 0.021875
2 0.95078125 0.94921875 0.03203125 0.02890625
2 0.9609375 0.99296875 0.01171875 0.01328125
2 0.94765625 0.98515625 0.00859375 0.009375
2 0.959375 0.803125 0.03828125 0.04296875
2 0.82421875 0.646875 0.03359375 0.03203125
2 0.87890625 0.709375 0.015625 0.03671875
2 0.8296875 0.5140625 0.01484375 0.03125
2 0.7984375 0.50546875 0.0125 0.01796875
2 0.9390625 0.64765625 0.03203125 0.06015625
2 0.7953125 0.73046875 0.0359375 0.034375
2 0.990625 0.53203125 0.01875 0.06328125
2 0.903125 0.76328125 0.0234375 0.02421875
2 0.6921875 0.61953125 0.02890625 0.03828125
2 0.86875 0.96328125 0.028125 0.07109375
2 0.9015625 0.96484375 0.01953125 0.025
2 0.84375 0.75546875 0.01171875 0.015625
2 0.021875 0.10625 0.0203125 0.01640625
2 0.75234375 0.89765625 0.059375 0.115625
2 0.5265625 0.83828125 0.01171875 0.01328125
2 0.69375 0.57578125 0.028125 0.03046875
2 0.4859375 0.93203125 0.02890625 0.03203125
2 0.875 0.89375 0.01171875 0.01875
2 0.61875 0.99453125 0.01953125 0.01015625
2 0.528125 0.93203125 0.02109375 0.05
2 0.8703125 0.57265625 0.01484375 0.03203125
2 0.4828125 0.5953125 0.01171875 0.02578125
2 0.76015625 0.71640625 0.02578125 0.06875
2 0.73984375 0.50234375 0.0171875 0.009375
2 0.88125 0.53828125 0.03515625 0.05
2 0.39921875 0.8265625 0.0171875 0.021875
2 0.98125 0.58828125 0.01328125 0.01796875