3 0.5 0.22734375 0.2484375 0.44921875
2 0.6125 0.5375 0.03203125 0.02734375
2 0.3484375 0.31953125 0.04765625 0.07890625
0 0.9078125 0.7703125 0.18359375 0.45390625
3 0.3359375 0.78359375 0.26015625 0.43203125
2 0.2703125 0.28984375 0.11484375 0.165625
2 0.1546875 0.53984375 0.14296875 0.21875
2 0.0765625 0.9265625 0.153125 0.13125
0 0.1828125 0.5 0.365625 0.996875
2 0.671875 0.94765625 0.1921875 0.10234375
2 0.196875 0.72890625 0.11875 0.19375
2 0.13515625 0.10234375 0.11875 0.16640625
2 0.98203125 0.028125 0.0359375 0.05390625
2 0.9703125 0.284375 0.05859375 0.30546875
2 0.515625 0.9234375 0.0828125 0.12109375
2 0.84140625 0.30078125 0.10390625 0.221875
2 0.02421875 0.03046875 0.0484375 0.04921875
2 0.7640625 0.875 0.028125 0.0375
2 0.7625 0.8359375 0.04453125 0.05078125
2 0.03125 0.52734375 0.06171875 0.25546875
2 0.8921875 0.4453125 0.1296875 0.13515625
4 0.54296875 0.47265625 0.7359375 0.9453125
2 0.740625 0.53515625 0.134375 0.13515625
2 0.5921875 0.72265625 0.12890625 0.14765625
0 0.73671875 0.67421875 0.08671875 0.20703125