2 0.878125 0.30078125 0.06953125 0.14140625
2 0.790625 0.334375 0.11171875 0.12734375
2 0.8140625 0.46015625 0.0875 0.11875
2 0.7859375 0.1703125 0.1109375 0.17890625
2 0.9390625 0.98203125 0.09453125 0.03515625
2 0.09375 0.34296875 0.04453125 0.04375
3 0.08046875 0.8984375 0.1609375 0.19453125
2 0.4359375 0.86875 0.1046875 0.25390625
3 0.87109375 0.5015625 0.2578125 0.996875
0 0.62578125 0.703125 0.346875 0.575
2 0.028125 0.30859375 0.02109375 0.03828125
2 0.10078125 0.38359375 0.03671875 0.03515625
2 0.3328125 0.0328125 0.1203125 0.065625
2 0.49140625 0.85234375 0.0375 0.075
8 0.48984375 0.37578125 0.4796875 0.72421875
3 0.4296875 0.09765625 0.08671875 0.18984375
2 0.05625 0.640625 0.11171875 0.31328125
2 0.2390625 0.378125 0.23359375 0.46875
2 0.02265625 0.18671875 0.0453125 0.09375
2 0.0640625 0.1921875 0.021875 0.03671875
2 0.009375 0.26796875 0.01796875 0.04921875
2 0.165625 0.18984375 0.1546875 0.14375
2 0.89375 0.10859375 0.0578125 0.146875
2 0.775 0.0359375 0.04765625 0.071875
2 0.68984375 0.0203125 0.06875 0.040625
0 0.309375 0.11875 0.18671875 0.21640625
2 0.25703125 0.80546875 0.290625 0.38125
2 0.0671875 0.43203125 0.06015625 0.08359375
2 0.0171875 0.42890625 0.034375 0.10703125
2 0.0546875 0.27890625 0.04765625 0.09765625