2 0.06484375 0.67578125 0.0234375 0.040625
2 0.2515625 0.82890625 0.23671875 0.12421875
2 0.44609375 0.890625 0.01953125 0.09765625
2 0.36015625 0.61171875 0.03359375 0.03671875
2 0.715625 0.75234375 0.46875 0.490625
2 0.10234375 0.53515625 0.0671875 0.07265625
2 0.4125 0.278125 0.0546875 0.09140625
2 0.840625 0.43984375 0.02421875 0.05078125
2 0.2 0.50078125 0.0625 0.09140625
2 0.97890625 0.75 0.0421875 0.121875
2 0.659375 0.04609375 0.0828125 0.090625
2 0.371875 0.50546875 0.028125 0.05
2 0.171875 0.37109375 0.05234375 0.07421875
2 0.26953125 0.68359375 0.11015625 0.11640625
2 0.075 0.74296875 0.06015625 0.06328125
2 0.08125 0.22890625 0.103125 0.103125
2 0.98203125 0.02109375 0.0359375 0.03984375
10 0.396875 0.3796875 0.3265625 0.759375
2 0.6234375 0.6578125 0.09453125 0.07734375
2 0.05625 0.4015625 0.1125 0.184375
2 0.69453125 0.46484375 0.03203125 0.03046875
2 0.8015625 0.40234375 0.04140625 0.05
2 0.4578125 0.97578125 0.028125 0.040625
2 0.4484375 0.11640625 0.18359375 0.23125
2 0.65703125 0.16640625 0.034375 0.03828125
2 0.91640625 0.3828125 0.05078125 0.05390625
2 0.8875 0.20390625 0.225 0.28828125
2 0.1484375 0.08515625 0.04453125 0.06328125