2 0.85 0.97734375 0.02578125 0.01640625
2 0.7765625 0.1671875 0.02265625 0.02265625
2 0.95078125 0.00859375 0.0125 0.01484375
2 0.5234375 0.35234375 0.01171875 0.015625
0 0.346875 0.29453125 0.04921875 0.05625
2 0.853125 0.45234375 0.02890625 0.034375
2 0.7921875 0.13125 0.009375 0.0125
2 0.9546875 0.48359375 0.0125 0.01484375
2 0.7140625 0.16953125 0.00703125 0.01015625
2 0.64375 0.41328125 0.0203125 0.02890625
3 0.7375 0.10234375 0.07265625 0.09765625
2 0.1234375 0.82421875 0.0296875 0.03046875
0 0.39140625 0.496875 0.07734375 0.05078125
2 0.1734375 0.69296875 0.05234375 0.06015625
2 0.24375 0.02578125 0.0234375 0.028125
2 0.99453125 0.16484375 0.01015625 0.01328125
2 0.7546875 0.82421875 0.01484375 0.0125
0 0.41875 0.3015625 0.0796875 0.08125
0 0.284375 0.21328125 0.015625 0.01953125
2 0.2609375 0.1015625 0.015625 0.01953125
0 0.546875 0.47265625 0.0109375 0.01796875
2 0.31015625 0.25234375 0.0125 0.01875
2 0.75703125 0.509375 0.0171875 0.01953125
0 0.64375 0.95859375 0.01328125 0.01328125
2 0.2859375 0.13203125 0.01328125 0.01796875
0 0.6484375 0.81484375 0.0328125 0.028125
2 0.765625 0.60078125 0.0125 0.021875
2 0.3046875 0.13203125 0.01875 0.01328125
2 0.6859375 0.3796875 0.01640625 0.02578125
2 0.48125 0.19453125 0.021875 0.028125
2 0.9203125 0.85546875 0.01640625 0.02109375
8 0.584375 0.51953125 0.0390625 0.05703125
2 0.70546875 0.29921875 0.02734375 0.03046875
2 0.321875 0.11640625 0.0203125 0.03359375
2 0.10546875 0.90078125 0.009375 0.015625
2 0.08125 0.91171875 0.0375 0.05
16 0.6078125 0.0828125 0.284375 0.1625
2 0.6390625 0.721875 0.04296875 0.053125
2 0.3140625 0.21484375 0.0140625 0.02109375
2 0.69375 0.15859375 0.0125 0.03515625
2 0.98125 0.18515625 0.0125 0.02734375
2 0.103125 0.9609375 0.01875 0.02890625
2 0.20625 0.1046875 0.04765625 0.03984375
2 0.7578125 0.43515625 0.11484375 0.1125
2 0.59609375 0.99375 0.01640625 0.0125
0 0.6796875 0.6984375 0.025 0.040625
2 0.11171875 0.23984375 0.0203125 0.02734375
2 0.18125 0.29765625 0.0140625 0.01953125
3 0.6390625 0.3171875 0.1328125 0.08828125
0 0.5125 0.43671875 0.02421875 0.0375
2 0.85703125 0.65078125 0.01015625 0.0125
2 0.7265625 0.56484375 0.0421875 0.046875
2 0.75546875 0.73359375 0.015625 0.01875
2 0.71875 0.7515625 0.01640625 0.021875
2 0.95546875 0.83359375 0.01875 0.015625
3 0.2359375 0.4125 0.46015625 0.18359375
0 0.65390625 0.90078125 0.05703125 0.06015625
0 0.6953125 0.6484375 0.02265625 0.034375
0 0.1953125 0.69140625 0.19609375 0.61640625
2 0.9609375 0.9671875 0.0234375 0.02734375
2 0.909375 0.9890625 0.0109375 0.01015625
3 0.965625 0.553125 0.06875 0.08203125
3 0.48671875 0.3171875 0.16953125 0.175
0 0.56484375 0.97890625 0.0390625 0.04140625
0 0.47421875 0.50859375 0.0828125 0.11796875
0 0.328125 0.4609375 0.03828125 0.05
2 0.9671875 0.69921875 0.01796875 0.01953125
2 0.85703125 0.68203125 0.01640625 0.01953125
2 0.74375 0.6015625 0.0171875 0.021875
2 0.7359375 0.93671875 0.015625 0.015625
2 0.23671875 0.5453125 0.01484375 0.02578125
2 0.128125 0.46953125 0.021875 0.01796875
0 0.140625 0.16171875 0.28125 0.3234375
3 0.3890625 0.55390625 0.165625 0.10625
0 0.85703125 0.48359375 0.01796875 0.02109375
3 0.90625 0.51171875 0.17109375 0.24453125
0 0.77890625 0.96875 0.05078125 0.0625
3 0.91015625 0.06328125 0.0546875 0.12421875
2 0.03984375 0.08046875 0.01953125 0.025
2 0.8265625 0.89140625 0.01953125 0.01953125
2 0.25859375 0.80546875 0.01953125 0.021875
2 0.78046875 0.7765625 0.01640625 0.01640625
0 0.87734375 0.4265625 0.0265625 0.03359375
2 0.08984375 0.74921875 0.01875 0.01953125
2 0.7546875 0.55703125 0.01015625 0.01171875
2 0.1515625 0.93828125 0.02421875 0.02265625
2 0.0296875 0.940625 0.01796875 0.021875
2 0.1 0.77109375 0.03515625 0.02734375
2 0.74296875 0.52265625 0.01640625 0.01875
0 0.5296875 0.83359375 0.03046875 0.03671875
2 0.73515625 0.77578125 0.02109375 0.01796875
2 0.0203125 0.26484375 0.040625 0.15390625
2 0.0484375 0.57265625 0.03203125 0.03515625
2 0.12890625 0.6890625 0.01328125 0.01875
2 0.20546875 0.94609375 0.009375 0.02109375
2 0.1125 0.5875 0.01875 0.02578125
0 0.3328125 0.7046875 0.0234375 0.02734375
0 0.7109375 0.97265625 0.05546875 0.05390625
2 0.884375 0.89296875 0.07109375 0.096875
0 0.5359375 0.7484375 0.2171875 0.421875
2 0.37578125 0.99375 0.0109375 0.0125
2 0.5296875 0.615625 0.075 0.06796875
2 0.0875 0.85390625 0.0109375 0.01640625
2 0.2765625 0.01953125 0.0171875 0.01953125
2 0.334375 0.01171875 0.01875 0.02265625
2 0.8640625 0.84453125 0.0265625 0.02421875
2 0.21484375 0.23828125 0.02421875 0.03828125
2 0.06171875 0.01953125 0.015625 0.02734375
2 0.50625 0.3140625 0.01484375 0.01953125
2 0.73125 0.25859375 0.01015625 0.0125
2 0.24453125 0.87265625 0.02734375 0.03046875
2 0.9140625 0.009375 0.01484375 0.01875
2 0.715625 0.9234375 0.0125 0.01953125
2 0.1140625 0.10859375 0.04296875 0.03359375
2 0.37578125 0.06328125 0.009375 0.01640625
2 0.3421875 0.9609375 0.028125 0.02578125
2 0.12734375 0.190625 0.0390625 0.05703125
2 0.121875 0.63203125 0.0125 0.01796875
2 0.2765625 0.53984375 0.02578125 0.040625
2 0.2421875 0.2125 0.025 0.02578125
2 0.1421875 0.2515625 0.01015625 0.01484375
2 0.08671875 0.24375 0.0078125 0.01796875
2 0.1390625 0.775 0.0234375 0.028125
2 0.65 0.83671875 0.0421875 0.046875
2 0.415625 0.06796875 0.0203125 0.03125
2 0.25625 0.01796875 0.01953125 0.01875
2 0.57734375 0.21328125 0.01953125 0.02265625
2 0.103125 0.28984375 0.0125 0.03125
2 0.2921875 0.83359375 0.01484375 0.02421875
2 0.4359375 0.92578125 0.028125 0.02421875
2 0.4015625 0.68671875 0.03984375 0.046875
2 0.24296875 0.59375 0.015625 0.03203125
2 0.1921875 0.50859375 0.025 0.04609375
2 0.7171875 0.80234375 0.009375 0.01484375
2 0.9359375 0.29921875 0.0375 0.034375
2 0.82265625 0.14453125 0.01328125 0.015625
2 0.846875 0.08671875 0.009375 0.01328125
2 0.7140625 0.07578125 0.0125 0.01640625
2 0.396875 0.34453125 0.02109375 0.053125
2 0.37421875 0.3734375 0.02890625 0.025
2 0.39921875 0.00546875 0.0171875 0.0109375
2 0.20625 0.14765625 0.01640625 0.01796875
2 0.234375 0.08671875 0.01015625 0.01328125
2 0.13125 0.290625 0.00625 0.01484375
2 0.2859375 0.08984375 0.034375 0.03671875
2 0.0734375 0.36484375 0.01328125 0.01640625
2 0.0734375 0.32109375 0.01328125 0.01484375
2 0.05703125 0.84296875 0.021875 0.01953125
0 0.1140625 0.7453125 0.01328125 0.01875
2 0.175 0.90859375 0.02109375 0.01796875
2 0.38671875 0.9296875 0.01484375 0.02421875
2 0.328125 0.76015625 0.04453125 0.05078125
2 0.203125 0.58671875 0.0265625 0.01640625
2 0.659375 0.93828125 0.0125 0.02109375
2 0.7 0.85390625 0.0125 0.01953125
2 0.821875 0.1046875 0.02421875 0.03203125
2 0.721875 0.10859375 0.0171875 0.021875
0 0.35234375 0.22421875 0.03515625 0.028125
2 0.2984375 0.2921875 0.009375 0.01953125
2 0.228125 0.26484375 0.0296875 0.02734375
2 0.228125 0.1796875 0.0140625 0.02578125
2 0.2578125 0.18046875 0.0234375 0.025
2 0.24609375 0.12578125 0.021875 0.01953125