2 0.8375 0.5078125 0.05625 0.08203125
2 0.69609375 0.50546875 0.021875 0.01640625
2 0.571875 0.79140625 0.028125 0.01953125
2 0.6046875 0.71328125 0.01875 0.04765625
2 0.58359375 0.7625 0.02265625 0.02265625
2 0.1203125 0.82421875 0.0140625 0.0125
2 0.5078125 0.56328125 0.021875 0.028125
2 0.665625 0.46171875 0.0265625 0.05390625
2 0.240625 0.98203125 0.0265625 0.02890625
2 0.07109375 0.98515625 0.01875 0.02890625
2 0.1265625 0.85078125 0.025 0.03203125
2 0.25625 0.73359375 0.05234375 0.06875
2 0.24375 0.803125 0.01328125 0.021875
2 0.70390625 0.484375 0.009375 0.015625
2 0.04375 0.77421875 0.040625 0.04921875
2 0.2421875 0.83984375 0.02890625 0.028125
2 0.503125 0.67265625 0.01953125 0.01640625
2 0.75625 0.49375 0.0890625 0.28046875
2 0.309375 0.95859375 0.0703125 0.08203125
2 0.3828125 0.59609375 0.05859375 0.10703125
2 0.0375 0.94921875 0.0328125 0.03203125
2 0.534375 0.60390625 0.0703125 0.07109375
2 0.4734375 0.58515625 0.01953125 0.03984375
2 0.659375 0.50390625 0.01015625 0.01953125
2 0.8359375 0.64296875 0.0328125 0.06484375
2 0.85 0.57734375 0.04453125 0.04375
2 0.128125 0.9515625 0.0140625 0.009375
2 0.1640625 0.9 0.0125 0.021875
2 0.04453125 0.86015625 0.0890625 0.16875
2 0.221875 0.94140625 0.03046875 0.03671875
2 0.1015625 0.8609375 0.0203125 0.02734375
2 0.475 0.15078125 0.028125 0.03671875
2 0.1890625 0.9921875 0.0203125 0.015625
2 0.3671875 0.86796875 0.03828125 0.04140625
2 0.4890625 0.99140625 0.01171875 0.01640625
2 0.8796875 0.825 0.0515625 0.046875
2 0.8921875 0.40078125 0.02421875 0.04296875
2 0.69140625 0.45859375 0.02890625 0.034375
2 0.4671875 0.23359375 0.02265625 0.03125
2 0.5359375 0.51328125 0.04296875 0.08125
2 0.93046875 0.30546875 0.0359375 0.06328125
2 0.7015625 0.31328125 0.01015625 0.01953125
2 0.8484375 0.04453125 0.053125 0.0875
2 0.76875 0.3484375 0.01484375 0.01796875
2 0.784375 0.83984375 0.0125 0.01796875
2 0.5953125 0.5015625 0.025 0.059375
2 0.28125 0.37578125 0.02265625 0.04609375
2 0.93125 0.08046875 0.025 0.01640625
3 0.46171875 0.3671875 0.03515625 0.05625
2 0.5828125 0.56171875 0.01640625 0.01953125
2 0.14609375 0.20234375 0.0203125 0.034375
2 0.63125 0.57421875 0.046875 0.12421875
2 0.20703125 0.29375 0.09296875 0.10625
3 0.37734375 0.03671875 0.16875 0.071875
2 0.23359375 0.38359375 0.01328125 0.02421875
2 0.45 0.90546875 0.0171875 0.01328125
0 0.86484375 0.61875 0.159375 0.28984375
2 0.90234375 0.0265625 0.0109375 0.02734375
2 0.41953125 0.13359375 0.07734375 0.14609375
2 0.05625 0.9859375 0.00859375 0.01171875
2 0.4859375 0.10546875 0.01796875 0.02265625
2 0.0609375 0.18828125 0.05078125 0.08359375
0 0.69375 0.78203125 0.065625 0.09609375
2 0.596875 0.90859375 0.0171875 0.03828125
2 0.178125 0.95546875 0.0328125 0.04140625
15 0.83125 0.54609375 0.2390625 0.54453125
2 0.92890625 0.56796875 0.04375 0.09453125
0 0.2625 0.8109375 0.17734375 0.19765625
2 0.0609375 0.29140625 0.12109375 0.16953125
2 0.5171875 0.74296875 0.0640625 0.08828125
2 0.24609375 0.1171875 0.1671875 0.234375
3 0.090625 0.05859375 0.18125 0.10078125
2 0.6765625 0.49453125 0.01953125 0.01953125
2 0.18046875 0.13203125 0.01875 0.046875
3 0.08046875 0.03671875 0.1609375 0.07265625
0 0.47421875 0.74296875 0.0578125 0.13203125
2 0.4765625 0.3625 0.0171875 0.01875
2 0.6796875 0.25234375 0.1078125 0.08203125
2 0.128125 0.97890625 0.0359375 0.04140625
2 0.3046875 0.87421875 0.021875 0.01953125
2 0.8875 0.921875 0.09375 0.15625
2 0.321875 0.59609375 0.06328125 0.06953125
16 0.090625 0.55078125 0.18046875 0.40859375
2 0.5171875 0.9828125 0.01171875 0.034375
2 0.534375 0.39609375 0.015625 0.02109375
2 0.578125 0.66484375 0.0546875 0.08515625
2 0.5625 0.27890625 0.01640625 0.03125
2 0.521875 0.88515625 0.12578125 0.125
3 0.75859375 0.1234375 0.128125 0.228125
2 0.1546875 0.175 0.01796875 0.03515625
0 0.2046875 0.53515625 0.02890625 0.05546875
0 0.6015625 0.928125 0.1140625 0.14375
2 0.99296875 0.49921875 0.0140625 0.05
2 0.8453125 0.1359375 0.0265625 0.025
2 0.3671875 0.109375 0.025 0.09765625
2 0.328125 0.90234375 0.01796875 0.02578125
0 0.7296875 0.65703125 0.1453125 0.10234375
2 0.953125 0.65703125 0.0328125 0.06953125
2 0.3421875 0.47578125 0.009375 0.01484375
2 0.95703125 0.921875 0.0859375 0.06875
2 0.684375 0.04765625 0.025 0.02578125
2 0.88046875 0.01328125 0.025 0.02421875
2 0.63203125 0.13828125 0.0125 0.05703125
2 0.07890625 0.9140625 0.03671875 0.03203125
2 0.346875 0.196875 0.05859375 0.03359375
2 0.47109375 0.646875 0.0375 0.06875
2 0.409375 0.2859375 0.02109375 0.03515625
2 0.4828125 0.02421875 0.084375 0.0484375
2 0.64375 0.00703125 0.01328125 0.01328125
2 0.8296875 0.3390625 0.0140625 0.01796875
0 0.4109375 0.95625 0.12890625 0.08203125
2 0.66640625 0.3921875 0.11328125 0.16875
2 0.98515625 0.771875 0.0296875 0.040625
2 0.621875 0.21953125 0.034375 0.04296875
2 0.90625 0.25 0.01328125 0.021875
3 0.4703125 0.51953125 0.09375 0.10625
0 0.01875 0.97890625 0.03671875 0.04140625
2 0.70234375 0.9296875 0.1171875 0.140625
2 0.6765625 0.0109375 0.01796875 0.021875
2 0.28046875 0.346875 0.0109375 0.01484375
2 0.4796875 0.25625 0.01484375 0.02421875
2 0.38984375 0.40078125 0.07421875 0.1
0 0.4046875 0.89921875 0.0375 0.040625
2 0.1328125 0.23984375 0.053125 0.12421875
2 0.36796875 0.28046875 0.08046875 0.13984375
2 0.87421875 0.1140625 0.0109375 0.01484375
2 0.8859375 0.46953125 0.0609375 0.09375
2 0.7734375 0.96953125 0.0359375 0.06015625
0 0.7671875 0.76796875 0.07734375 0.14453125
2 0.2140625 0.603125 0.04140625 0.05703125
2 0.22578125 0.3515625 0.0171875 0.021875
2 0.496875 0.6203125 0.01484375 0.025
2 0.67421875 0.58828125 0.046875 0.04921875
2 0.96484375 0.57734375 0.02890625 0.05625
3 0.2515625 0.66015625 0.3671875 0.296875
2 0.8859375 0.621875 0.02109375 0.046875
2 0.609375 0.2875 0.0125 0.009375
2 0.446875 0.42109375 0.05546875 0.08515625
5 0.38828125 0.46328125 0.0421875 0.05390625
2 0.8484375 0.29765625 0.025 0.05625
0 0.246875 0.91796875 0.025 0.0375
0 0.60234375 0.75859375 0.1 0.17421875
2 0.3484375 0.5203125 0.0765625 0.05625
0 0.25859375 0.75859375 0.071875 0.05703125
2 0.803125 0.35 0.03828125 0.05859375
0 0.13828125 0.76796875 0.0359375 0.06953125
2 0.8265625 0.87109375 0.02578125 0.04453125
2 0.20703125 0.81171875 0.021875 0.04921875
0 0.69140625 0.14921875 0.08046875 0.09140625
2 0.5078125 0.31171875 0.07421875 0.12265625
2 0.74375 0.87265625 0.04921875 0.090625
2 0.5828125 0.07109375 0.1 0.1421875
2 0.6125 0.1453125 0.02421875 0.02734375
0 0.815625 0.90859375 0.08671875 0.175
2 0.953125 0.39609375 0.053125 0.06015625
2 0.92421875 0.23984375 0.0171875 0.01328125
2 0.93046875 0.85 0.01953125 0.02734375
2 0.8078125 0.78671875 0.01484375 0.03203125
2 0.7109375 0.72578125 0.0203125 0.034375
2 0.51015625 0.80703125 0.03046875 0.03046875
3 0.80625 0.04296875 0.059375 0.0859375
3 0.6125 0.42578125 0.096875 0.09296875
2 0.1765625 0.409375 0.01640625 0.01484375
2 0.303125 0.340625 0.025 0.02890625
2 0.5640625 0.33828125 0.0234375 0.059375
2 0.646875 0.14921875 0.01953125 0.015625
2 0.884375 0.05546875 0.0140625 0.040625
2 0.515625 0.23828125 0.0265625 0.06953125
2 0.58125 0.1890625 0.0140625 0.02109375
2 0.9484375 0.09765625 0.103125 0.19453125
2 0.9671875 0.2390625 0.0484375 0.08046875
2 0.8546875 0.37578125 0.01953125 0.08203125
2 0.98671875 0.38203125 0.0265625 0.05234375
2 0.9734375 0.44296875 0.0109375 0.0125
2 0.9578125 0.98671875 0.0171875 0.01640625
2 0.7578125 0.83046875 0.01640625 0.03984375
2 0.44296875 0.8375 0.028125 0.04765625
2 0.64140625 0.08515625 0.02109375 0.02578125
2 0.58359375 0.25625 0.0203125 0.02265625
2 0.6015625 0.39765625 0.0296875 0.02109375
2 0.55390625 0.42734375 0.0171875 0.03828125
2 0.51328125 0.07578125 0.009375 0.01015625
2 0.1171875 0.1109375 0.01796875 0.03125
2 0.1703125 0.20703125 0.0140625 0.01953125
3 0.378125 0.44453125 0.0875 0.23203125
0 0.18203125 0.49296875 0.03671875 0.03203125
2 0.1921875 0.44453125 0.0375 0.04609375
0 0.246875 0.52890625 0.0234375 0.05234375
2 0.25625 0.55234375 0.05234375 0.075
2 0.27265625 0.50859375 0.0328125 0.05625
2 0.28203125 0.45546875 0.0234375 0.040625
2 0.33125 0.384375 0.00859375 0.01328125
2 0.2390625 0.45703125 0.07734375 0.12109375
2 0.6328125 0.05390625 0.02109375 0.02109375
2 0.65390625 0.03828125 0.01953125 0.04296875
2 0.46171875 0.07265625 0.05 0.04609375
0 0.95625 0.84140625 0.0875 0.11015625
2 0.85625 0.20234375 0.2328125 0.225
2 0.9390625 0.3265625 0.12109375 0.10234375
2 0.884375 0.28046875 0.0265625 0.02109375
2 0.971875 0.81640625 0.0265625 0.03515625
2 0.81171875 0.82109375 0.02421875 0.02109375
2 0.878125 0.77578125 0.115625 0.07109375
2 0.5890625 0.93125 0.06328125 0.10234375
2 0.896875 0.31953125 0.0140625 0.04609375
2 0.540625 0.02578125 0.0140625 0.03125
2 0.54609375 0.12734375 0.01328125 0.02578125
8 0.3796875 0.70390625 0.040625 0.07421875
5 0.5390625 0.26640625 0.0171875 0.02578125
2 0.27890625 0.66171875 0.0703125 0.09609375
2 0.315625 0.45078125 0.0234375 0.03515625
2 0.33359375 0.35 0.028125 0.04296875
2 0.321875 0.3109375 0.034375 0.03046875
3 0.515625 0.31953125 0.08359375 0.28515625
2 0.43984375 0.27578125 0.0546875 0.071875
2 0.65 0.17265625 0.0125 0.01953125
2 0.5109375 0.175 0.03828125 0.053125