0 0.6375 0.97890625 0.06171875 0.04140625
16 0.146875 0.1109375 0.29375 0.221875
2 0.621875 0.6640625 0.03046875 0.04140625
2 0.47578125 0.56015625 0.02421875 0.03359375
2 0.328125 0.88203125 0.03515625 0.0875
2 0.7484375 0.28203125 0.02734375 0.03671875
2 0.4484375 0.9421875 0.06875 0.115625
2 0.65859375 0.21328125 0.03515625 0.10234375
2 0.21015625 0.11875 0.01953125 0.03125
2 0.546875 0.48515625 0.02265625 0.02734375
2 0.49140625 0.39375 0.03359375 0.05390625
2 0.7421875 0.22421875 0.04921875 0.059375
2 0.56875 0.18046875 0.02109375 0.02578125
2 0.56875 0.88359375 0.0890625 0.090625
2 0.475 0.66875 0.02421875 0.04140625
2 0.58125 0.6890625 0.04453125 0.06640625
2 0.290625 0.87265625 0.05 0.05
2 0.578125 0.81953125 0.06171875 0.046875
2 0.8859375 0.75234375 0.0359375 0.05625
2 0.6265625 0.06328125 0.02265625 0.075
4 0.59609375 0.6625 0.58203125 0.4625
2 0.7796875 0.6015625 0.02109375 0.028125
0 0.396875 0.79453125 0.06875 0.09140625
0 0.2984375 0.28671875 0.03203125 0.04296875
2 0.671875 0.87421875 0.01171875 0.02265625
2 0.95625 0.54609375 0.0234375 0.02890625
2 0.675 0.32734375 0.0703125 0.07890625
2 0.115625 0.2453125 0.0265625 0.090625
2 0.8484375 0.44765625 0.03671875 0.05078125
2 0.8171875 0.534375 0.04609375 0.04453125
2 0.79140625 0.08125 0.02421875 0.04453125
2 0.7375 0.6015625 0.0234375 0.02578125
2 0.6828125 0.08828125 0.04375 0.06171875