2 0.725 0.22109375 0.00859375 0.03125
2 0.753125 0.0359375 0.015625 0.015625
2 0.384375 0.98203125 0.01484375 0.01875
2 0.63359375 0.9703125 0.01640625 0.01328125
2 0.4984375 0.71796875 0.01640625 0.02109375
2 0.55 0.6765625 0.01484375 0.025
2 0.99375 0.83359375 0.0125 0.02578125
2 0.73125 0.40546875 0.01171875 0.01796875
2 0.89140625 0.4421875 0.01640625 0.02578125
2 0.6625 0.41875 0.01640625 0.02265625
2 0.6234375 0.20234375 0.03125 0.034375
2 0.8796875 0.14453125 0.0140625 0.01796875
2 0.5671875 0.17734375 0.021875 0.02109375
2 0.7671875 0.26484375 0.01953125 0.02265625
2 0.278125 0.0390625 0.00703125 0.0125
2 0.7203125 0.9890625 0.0140625 0.01953125
2 0.471875 0.67734375 0.02421875 0.04296875
2 0.97265625 0.69296875 0.02109375 0.02109375
2 0.959375 0.77421875 0.028125 0.03125
2 0.9859375 0.81484375 0.021875 0.015625
2 0.7640625 0.51875 0.0171875 0.0125
2 0.94921875 0.5078125 0.02109375 0.01953125
2 0.66015625 0.18046875 0.02578125 0.02421875
2 0.675 0.09765625 0.03828125 0.05
2 0.9515625 0.09765625 0.01328125 0.01953125
0 0.53515625 0.553125 0.03046875 0.03671875
0 0.50390625 0.58203125 0.05859375 0.11875
2 0.15234375 0.16484375 0.01484375 0.01640625
2 0.0859375 0.22421875 0.01015625 0.02109375
2 0.0515625 0.26796875 0.034375 0.03984375
2 0.56953125 0.70546875 0.0109375 0.01484375
2 0.7171875 0.68359375 0.03046875 0.04921875
2 0.940625 0.71171875 0.03359375 0.04453125
2 0.79375 0.5546875 0.03984375 0.034375
2 0.92734375 0.51484375 0.0125 0.02734375
2 0.9140625 0.4109375 0.01484375 0.01953125
2 0.83515625 0.43984375 0.0203125 0.02265625
2 0.9015625 0.70234375 0.03203125 0.01953125
2 0.97890625 0.78125 0.01171875 0.01640625
2 0.6109375 0.69921875 0.01171875 0.021875
2 0.26171875 0.83203125 0.01484375 0.03046875
2 0.60625 0.78359375 0.028125 0.021875
2 0.696875 0.42421875 0.0234375 0.03984375
2 0.646875 0.4453125 0.0109375 0.01796875
2 0.58046875 0.68515625 0.01171875 0.02265625
2 0.934375 0.60625 0.01953125 0.025
8 0.5890625 0.54453125 0.09609375 0.115625
2 0.99140625 0.77890625 0.0140625 0.021875
2 0.9921875 0.68828125 0.01484375 0.021875
2 0.99609375 0.53125 0.0078125 0.01171875
2 0.646875 0.428125 0.0109375 0.009375
2 0.6625 0.00625 0.0203125 0.0125
2 0.97578125 0.42890625 0.02890625 0.021875
2 0.8109375 0.66484375 0.0265625 0.01796875
2 0.68125 0.71171875 0.02421875 0.03046875
2 0.665625 0.78984375 0.0234375 0.040625
2 0.03984375 0.12578125 0.03203125 0.0375
2 0.403125 0.11015625 0.0171875 0.02578125
2 0.24921875 0.08359375 0.0109375 0.01015625
2 0.5703125 0.49453125 0.01796875 0.01484375
2 0.7546875 0.19765625 0.0171875 0.02578125
2 0.3890625 0.20703125 0.02109375 0.02265625
2 0.684375 0.1921875 0.0140625 0.021875
2 0.43125 0.159375 0.0171875 0.02890625
2 0.4921875 0.178125 0.01875 0.021875
2 0.128125 0.15078125 0.02109375 0.02265625
2 0.375 0.478125 0.0125 0.03046875
2 0.61171875 0.43671875 0.0203125 0.02109375
2 0.7890625 0.15234375 0.03046875 0.03671875
2 0.05 0.52265625 0.02890625 0.025
2 0.40390625 0.97890625 0.01328125 0.025
2 0.409375 0.43671875 0.059375 0.04140625
2 0.175 0.1625 0.0140625 0.02734375
2 0.7578125 0.10078125 0.025 0.02890625
2 0.8015625 0.275 0.03203125 0.059375
2 0.1453125 0.61015625 0.015625 0.03203125
2 0.56875 0.97578125 0.0203125 0.028125
2 0.240625 0.3765625 0.01171875 0.01328125
2 0.1515625 0.0203125 0.025 0.0375
2 0.528125 0.16484375 0.0203125 0.03828125
2 0.22734375 0.11875 0.03671875 0.03359375
16 0.840625 0.82734375 0.31875 0.33984375
2 0.0734375 0.52109375 0.0125 0.02265625
2 0.884375 0.12578125 0.0140625 0.02421875
2 0.115625 0.89296875 0.04140625 0.01953125
2 0.46875 0.50546875 0.01796875 0.01953125
2 0.6484375 0.015625 0.015625 0.01875
2 0.1015625 0.209375 0.01796875 0.01953125
2 0.4109375 0.6578125 0.02421875 0.02578125
2 0.2859375 0.440625 0.0171875 0.025
7 0.8890625 0.01015625 0.221875 0.01796875
2 0.47890625 0.44765625 0.01640625 0.02265625
2 0.196875 0.13125 0.0140625 0.028125
2 0.0453125 0.35078125 0.04921875 0.04453125
2 0.259375 0.92734375 0.0140625 0.02421875
2 0.10625 0.32265625 0.0328125 0.03671875
2 0.83125 0.14921875 0.01484375 0.015625
2 0.1640625 0.403125 0.0265625 0.03046875
2 0.53984375 0.46484375 0.01640625 0.01875
2 0.04765625 0.20234375 0.0203125 0.025
2 0.70625 0.94453125 0.01484375 0.01953125
2 0.003125 0.82109375 0.00625 0.02421875
2 0.32578125 0.13125 0.01953125 0.02578125
2 0.6828125 0.94921875 0.0203125 0.01953125
2 0.31328125 0.8890625 0.02421875 0.01875
2 0.696875 0.240625 0.03046875 0.05078125
2 0.34375 0.96875 0.02265625 0.021875
2 0.2546875 0.16484375 0.0375 0.05234375
2 0.51953125 0.075 0.04765625 0.07421875
2 0.02265625 0.81875 0.01796875 0.01796875
2 0.5171875 0.6734375 0.0328125 0.04140625
2 0.4125 0.71328125 0.03046875 0.03984375
2 0.0171875 0.60703125 0.01640625 0.02421875
2 0.45625 0.95859375 0.0203125 0.04140625
2 0.74765625 0.9953125 0.0203125 0.009375
2 0.109375 0.3890625 0.021875 0.034375
2 0.1046875 0.58125 0.01484375 0.01328125
2 0.4953125 0.69296875 0.01953125 0.01484375
2 0.00625 0.28203125 0.01171875 0.02734375
2 0.3046875 0.428125 0.02109375 0.02109375
2 0.3484375 0.43203125 0.03125 0.02421875
2 0.340625 0.86015625 0.021875 0.02734375
2 0.4421875 0.76171875 0.05625 0.14296875
2 0.61328125 0.94140625 0.01484375 0.021875
2 0.6078125 0.98515625 0.021875 0.02421875
2 0.44375 0.62578125 0.0140625 0.01640625
2 0.1359375 0.35859375 0.01328125 0.01875
2 0.0734375 0.60546875 0.01640625 0.03046875
2 0.1203125 0.62578125 0.0140625 0.03125
2 0.003125 0.85546875 0.00625 0.02109375
2 0.28515625 0.89375 0.0140625 0.01484375
2 0.2484375 0.58515625 0.0234375 0.046875
2 0.2640625 0.47578125 0.02734375 0.03359375
2 0.275 0.65 0.021875 0.028125
2 0.0703125 0.77578125 0.0125 0.02578125
2 0.03125 0.85546875 0.02265625 0.0375
2 0.653125 0.9703125 0.0140625 0.025