2 0.93828125 0.2453125 0.1234375 0.25625
2 0.66875 0.025 0.03125 0.05
2 0.6234375 0.0859375 0.04140625 0.06640625
2 0.8890625 0.68984375 0.0515625 0.059375
2 0.55 0.48671875 0.05546875 0.05546875
2 0.3546875 0.72890625 0.0171875 0.01875
2 0.7203125 0.86484375 0.02265625 0.03984375
2 0.5 0.33984375 0.1203125 0.08046875
2 0.625 0.32265625 0.01796875 0.03203125
2 0.853125 0.37890625 0.0484375 0.084375
2 0.4703125 0.61640625 0.01875 0.01875
2 0.375 0.50546875 0.0484375 0.05625
2 0.5984375 0.93984375 0.06328125 0.05234375
2 0.7890625 0.66328125 0.04453125 0.07109375
2 0.7328125 0.025 0.07265625 0.05
2 0.0921875 0.4921875 0.184375 0.759375
2 0.659375 0.21640625 0.01875 0.02421875
5 0.76171875 0.46484375 0.02109375 0.109375
2 0.5078125 0.75078125 0.08046875 0.08203125
2 0.4140625 0.834375 0.0546875 0.07265625
2 0.2921875 0.62421875 0.02109375 0.01953125
2 0.75703125 0.5609375 0.075 0.11953125
2 0.8734375 0.1421875 0.02890625 0.06015625
2 0.8 0.19453125 0.096875 0.08828125
2 0.55078125 0.61640625 0.115625 0.05546875
2 0.596875 0.01484375 0.04375 0.0296875
2 0.86796875 0.5484375 0.10546875 0.16953125
0 0.0328125 0.6203125 0.065625 0.153125
2 0.7171875 0.92421875 0.03046875 0.0375
0 0.37109375 0.13984375 0.3515625 0.26953125
2 0.6125 0.278125 0.03359375 0.040625
2 0.9484375 0.653125 0.03828125 0.059375
2 0.403125 0.22265625 0.15859375 0.16640625
2 0.68671875 0.75078125 0.02109375 0.03125
2 0.3578125 0.76796875 0.01484375 0.02734375
2 0.7484375 0.32890625 0.02421875 0.03125
2 0.7671875 0.09921875 0.075 0.09921875
2 0.4515625 0.575 0.05703125 0.06171875
5 0.3796875 0.11796875 0.03046875 0.10546875
2 0.59375 0.67890625 0.0359375 0.03828125
2 0.525 0.4046875 0.0859375 0.12734375
2 0.76875 0.91015625 0.0296875 0.08125
5 0.571875 0.06953125 0.06640625 0.08203125
2 0.84375 0.01484375 0.04140625 0.02890625
2 0.05234375 0.025 0.1046875 0.05
2 0.653125 0.3359375 0.02734375 0.03125
2 0.2984375 0.97890625 0.03359375 0.02890625
2 0.7359375 0.83359375 0.02421875 0.034375
2 0.5390625 0.71484375 0.02734375 0.03046875
2 0.9109375 0.88046875 0.02421875 0.03515625
2 0.82578125 0.1078125 0.05 0.07421875
0 0.0828125 0.19765625 0.1484375 0.18203125
2 0.234375 0.86953125 0.0828125 0.18828125
2 0.22578125 0.21953125 0.04609375 0.059375
2 0.3328125 0.41015625 0.06796875 0.08828125
2 0.5421875 0.80390625 0.05625 0.07421875
2 0.3625 0.58671875 0.02421875 0.03671875
2 0.41875 0.47890625 0.0265625 0.02421875
2 0.5125 0.87265625 0.01875 0.03984375
2 0.690625 0.690625 0.0296875 0.05859375
2 0.71640625 0.7484375 0.02109375 0.02890625
2 0.884375 0.80078125 0.059375 0.06171875
2 0.815625 0.85078125 0.05078125 0.04453125
2 0.790625 0.74453125 0.0125 0.0125
2 0.80546875 0.259375 0.01953125 0.04609375
2 0.565625 0.15703125 0.103125 0.11796875
5 0.9015625 0.24765625 0.071875 0.07734375
0 0.14375 0.50703125 0.09765625 0.12890625
2 0.61484375 0.58828125 0.0203125 0.02890625
2 0.3875 0.71015625 0.0203125 0.02890625
2 0.325 0.49609375 0.0109375 0.01796875
2 0.51328125 0.50390625 0.0203125 0.02421875
2 0.62578125 0.84296875 0.05234375 0.05234375
2 0.67109375 0.83125 0.02109375 0.03515625
2 0.990625 0.8828125 0.01796875 0.071875
2 0.9953125 0.759375 0.009375 0.034375
2 0.953125 0.48203125 0.09296875 0.16328125
2 0.94921875 0.06328125 0.0984375 0.1265625
2 0.69453125 0.1125 0.05859375 0.128125
4 0.3828125 0.5 0.52421875 1
2 0.09140625 0.09296875 0.06953125 0.06484375
2 0.465625 0.6671875 0.034375 0.075