2 0.396875 0.5015625 0.06875 0.10703125
9 0.86875 0.12265625 0.1140625 0.07890625
2 0.92890625 0.00703125 0.0296875 0.0140625
5 0.0375 0.090625 0.06953125 0.17890625
2 0.2625 0.6140625 0.09296875 0.14765625
2 0.515625 0.04140625 0.178125 0.0828125
2 0.9421875 0.28046875 0.11484375 0.32109375
2 0.7015625 0.30546875 0.03515625 0.06015625
2 0.62578125 0.91953125 0.05234375 0.08828125
0 0.25078125 0.68203125 0.18359375 0.63515625
0 0.35390625 0.17265625 0.1171875 0.3453125
2 0.33046875 0.77109375 0.08671875 0.121875
2 0.44375 0.803125 0.11796875 0.0875
2 0.41875 0.31171875 0.06796875 0.08671875
2 0.8890625 0.0484375 0.04296875 0.06171875
2 0.58828125 0.27734375 0.0625 0.07265625
14 0.52890625 0.63515625 0.73046875 0.72734375
2 0.6109375 0.73828125 0.0296875 0.03125
9 0.115625 0.36171875 0.18046875 0.07421875
2 0.93359375 0.6453125 0.1328125 0.09296875
2 0.57890625 0.9859375 0.0390625 0.028125
9 0.5609375 0.334375 0.0703125 0.07265625
0 0.7515625 0.91015625 0.08515625 0.14296875
2 0.803125 0.38984375 0.09140625 0.11015625
2 0.8296875 0.0203125 0.04296875 0.040625
2 0.0546875 0.71875 0.109375 0.0875