9 0.0203125 0.953125 0.040625 0.08671875
14 0.6421875 0.46328125 0.21796875 0.346875
9 0.959375 0.81796875 0.08046875 0.184375
9 0.3421875 0.79140625 0.14921875 0.334375
9 0.884375 0.48671875 0.01796875 0.028125
9 0.50703125 0.71015625 0.340625 0.578125
2 0.6421875 0.0390625 0.06953125 0.075
9 0.478125 0.43515625 0.07734375 0.35078125
2 0.95 0.484375 0.03125 0.04375
9 0.12890625 0.81015625 0.11875 0.37109375
9 0.3296875 0.98125 0.04375 0.0375
2 0.78203125 0.41171875 0.03828125 0.04609375
2 0.9359375 0.71796875 0.0265625 0.03046875
2 0.90625 0.48515625 0.0296875 0.03359375
2 0.696875 0.73359375 0.021875 0.02578125
2 0.66875 0.7453125 0.021875 0.02890625
2 0.35625 0.24140625 0.0140625 0.01875
9 0.821875 0.3859375 0.35546875 0.75546875
9 0.7265625 0.9765625 0.12421875 0.03828125
2 0.76875 0.29296875 0.03046875 0.03828125
2 0.97578125 0.578125 0.02421875 0.034375
2 0.315625 0.89609375 0.04921875 0.05546875
2 0.31015625 0.19140625 0.015625 0.02265625
2 0.84765625 0.38515625 0.02734375 0.040625
2 0.5671875 0.25390625 0.02890625 0.02890625
2 0.346875 0.34453125 0.021875 0.025
2 0.8875 0.89453125 0.02421875 0.03984375
9 0.34375 0.00859375 0.0640625 0.01640625
2 0.309375 0.11171875 0.02265625 0.03046875
9 0.41875 0.01875 0.04375 0.03203125
9 0.6328125 0.08125 0.0203125 0.10625
2 0.95 0.3234375 0.0296875 0.04375
2 0.8828125 0.97734375 0.03828125 0.04453125
9 0.45625 0.8921875 0.18984375 0.07109375
2 0.0921875 0.4328125 0.04375 0.06171875
2 0.5515625 0.06796875 0.02890625 0.03671875
2 0.9203125 0.63828125 0.03515625 0.03125
2 0.88359375 0.4046875 0.01875 0.02578125
2 0.809375 0.7484375 0.02734375 0.03671875
2 0.840625 0.90859375 0.0265625 0.03203125
2 0.2921875 0.95390625 0.02265625 0.059375
2 0.4328125 0.21796875 0.0359375 0.04140625
2 0.05703125 0.00703125 0.0203125 0.0140625
2 0.0453125 0.52890625 0.03671875 0.04921875
2 0.9453125 0.8703125 0.0296875 0.04140625
2 0.91875 0.26171875 0.021875 0.03671875
2 0.4453125 0.7984375 0.03359375 0.03125
2 0.4640625 0.69765625 0.02734375 0.02265625
2 0.5609375 0.53671875 0.02421875 0.02890625
2 0.4859375 0.38828125 0.040625 0.04375
2 0.1390625 0.05703125 0.0171875 0.02109375
2 0.453125 0.73671875 0.03046875 0.0375
2 0.16796875 0.10234375 0.03671875 0.04921875
2 0.16796875 0.725 0.0296875 0.03359375
2 0.153125 0.76640625 0.01953125 0.02421875
2 0.3796875 0.97265625 0.02578125 0.03203125
2 0.0265625 0.721875 0.03515625 0.04609375
2 0.70625 0.69375 0.0375 0.04140625
2 0.68515625 0.50703125 0.02421875 0.03203125
2 0.56875 0.92578125 0.03515625 0.04921875
2 0.0859375 0.81796875 0.03046875 0.03359375