9 0.10078125 0.44296875 0.2015625 0.32109375
9 0.9 0.42578125 0.18671875 0.11875
2 0.5734375 0.62890625 0.16796875 0.11484375
2 0.0171875 0.8109375 0.034375 0.0625
9 0.1875 0.37109375 0.16328125 0.16015625
2 0.72734375 0.80859375 0.1140625 0.12890625
2 0.5390625 0.96796875 0.3515625 0.06328125
2 0.90703125 0.12578125 0.1828125 0.2515625
0 0.709375 0.67421875 0.1203125 0.15234375
2 0.44375 0.78046875 0.05234375 0.06171875
2 0.2921875 0.43671875 0.11015625 0.13046875
9 0.0703125 0.72890625 0.13984375 0.11015625
14 0.71484375 0.44609375 0.5703125 0.8921875
9 0.61640625 0.76796875 0.53125 0.45703125
2 0.984375 0.53046875 0.03125 0.12109375
2 0.121875 0.55625 0.16640625 0.14140625
9 0.1484375 0.29765625 0.296875 0.1421875
5 0.8328125 0.03359375 0.06875 0.06484375
2 0.29375 0.5828125 0.08359375 0.075
2 0.565625 0.46484375 0.0453125 0.07421875
2 0.6859375 0.1890625 0.321875 0.378125
2 0.25 0.17734375 0.45625 0.3546875
5 0.33359375 0.31015625 0.125 0.13515625
9 0.071875 0.16484375 0.090625 0.29609375
0 0.96328125 0.78359375 0.0734375 0.10390625
2 0.1390625 0.8828125 0.0546875 0.05