9 0.634375 0.8125 0.1109375 0.07109375
0 0.36953125 0.42421875 0.0765625 0.09453125
2 0.35 0.9421875 0.084375 0.115625
2 0.97109375 0.2046875 0.0578125 0.04609375
2 0.8859375 0.58671875 0.01484375 0.021875
2 0.5125 0.93046875 0.0203125 0.021875
2 0.5109375 0.96328125 0.03828125 0.05234375
2 0.96796875 0.5265625 0.0640625 0.11875
9 0.6390625 0.58046875 0.05234375 0.26875
2 0.85625 0.96484375 0.03203125 0.04765625
2 0.4453125 0.09609375 0.18359375 0.19140625
0 0.75859375 0.42734375 0.07578125 0.10625
2 0.32421875 0.9515625 0.0484375 0.096875
2 0.7578125 0.92265625 0.059375 0.06875
2 0.709375 0.94140625 0.05234375 0.05625
9 0.8578125 0.55703125 0.1171875 0.2625
0 0.9359375 0.06171875 0.121875 0.10078125
2 0.346875 0.82109375 0.0734375 0.0625
2 0.82421875 0.1484375 0.09375 0.10625
0 0.69765625 0.48515625 0.05625 0.07109375
2 0.55546875 0.76640625 0.06328125 0.15546875
2 0.90234375 0.99453125 0.021875 0.01015625
0 0.928125 0.209375 0.103125 0.1125
2 0.41875 0.94140625 0.0375 0.04921875
2 0.809375 0.91015625 0.02890625 0.04375
2 0.77890625 0.89453125 0.01953125 0.02890625
2 0.37890625 0.90859375 0.0296875 0.03984375
2 0.86875 0.03359375 0.06328125 0.06640625
2 0.98203125 0.7734375 0.0359375 0.078125
9 0.70859375 0.24140625 0.084375 0.16484375
2 0.75234375 0.95078125 0.0125 0.03671875
2 0.6421875 0.32109375 0.09140625 0.12265625
2 0.14375 0.95078125 0.10546875 0.09609375
2 0.8328125 0.4 0.065625 0.11015625
2 0.71875 0.98046875 0.10625 0.03828125
2 0.4703125 0.8625 0.0484375 0.04453125
9 0.64609375 0.21171875 0.02265625 0.12734375
2 0.8171875 0.971875 0.01953125 0.05625
2 0.075 0.784375 0.14921875 0.13828125
2 0.92265625 0.0859375 0.03203125 0.08671875
2 0.80703125 0.81484375 0.05703125 0.075
2 0.8875 0.93203125 0.02265625 0.02734375
2 0.76875 0.61171875 0.21640625 0.22265625
2 0.9734375 0.2640625 0.015625 0.015625
2 0.89296875 0.13359375 0.03515625 0.075
2 0.77265625 0.2078125 0.08125 0.12421875
2 0.7921875 0.9671875 0.03203125 0.065625
2 0.61484375 0.596875 0.0390625 0.05078125
2 0.48515625 0.9359375 0.0265625 0.03359375
2 0.9296875 0.73359375 0.04296875 0.09375
2 0.71953125 0.8046875 0.05 0.034375
2 0.734375 0.84375 0.1015625 0.07421875
2 0.6359375 0.90546875 0.13359375 0.15625
2 0.9265625 0.46640625 0.09921875 0.09609375
2 0.8984375 0.29765625 0.10703125 0.07578125
0 0.921875 0.88828125 0.0484375 0.03984375
2 0.896875 0.96640625 0.0296875 0.05625
2 0.85 0.909375 0.04921875 0.07109375
2 0.8890625 0.81640625 0.05625 0.12578125
2 0.4890625 0.83203125 0.02578125 0.02578125
2 0.9703125 0.36796875 0.05859375 0.12734375
9 0.91796875 0.9640625 0.0109375 0.071875
5 0.18671875 0.3015625 0.03359375 0.04375
5 0.671875 0.94609375 0.025 0.03359375
5 0.22890625 0.10390625 0.02578125 0.04453125
5 0.2828125 0.20703125 0.0140625 0.03203125
5 0.33125 0.3921875 0.015625 0.05
5 0.42890625 0.20859375 0.02421875 0.03046875
2 0.98046875 0.975 0.01171875 0.01328125
5 0.32578125 0.34140625 0.03828125 0.046875
2 0.9453125 0.965625 0.00546875 0.01015625
5 0.321875 0.27109375 0.03515625 0.040625
5 0.85859375 0.10390625 0.0234375 0.03203125
5 0.84296875 0.07890625 0.02734375 0.03046875
5 0.2578125 0.11796875 0.03828125 0.04296875
5 0.521875 0.83828125 0.02578125 0.05390625
2 0.121875 0.7015625 0.07890625 0.11875
2 0.26875 0.72109375 0.12578125 0.14921875
14 0.1109375 0.36875 0.221875 0.071875
2 0.21484375 0.240625 0.18671875 0.178125
14 0.590625 0.53671875 0.81875 0.92265625
2 0.2984375 0.0140625 0.0546875 0.028125
5 0.4671875 0.88671875 0.03984375 0.03671875
5 0.31328125 0.30390625 0.01953125 0.02890625
2 0.9828125 0.89296875 0.03359375 0.034375
2 0.06875 0.5671875 0.1375 0.3125
9 0.0484375 0.30234375 0.096875 0.08828125
2 0.0484375 0.2375 0.096875 0.146875
2 0.028125 0.95078125 0.0203125 0.03046875
2 0.0890625 0.0671875 0.17734375 0.13359375
0 0.6078125 0.42890625 0.07578125 0.15859375
2 0.4625 0.4546875 0.1875 0.52578125
0 0.20625 0.8078125 0.12578125 0.19296875
2 0.23359375 0.509375 0.2671875 0.28046875
5 0.35390625 0.26171875 0.03359375 0.04609375
5 0.57734375 0.7359375 0.03203125 0.046875
9 0.925 0.928125 0.08359375 0.053125
2 0.15390625 0.04375 0.08203125 0.08515625
2 0.70703125 0.11015625 0.3015625 0.2203125
2 0.2515625 0.05 0.14140625 0.1