2 0.6296875 0.53359375 0.01328125 0.01640625
14 0.66796875 0.5 0.5296875 1
2 0.9453125 0.90390625 0.04765625 0.02734375
2 0.8453125 0.96484375 0.01171875 0.01484375
2 0.85 0.27578125 0.03125 0.034375
2 0.9796875 0.04296875 0.040625 0.05078125
2 0.703125 0.4984375 0.02421875 0.040625
2 0.803125 0.48359375 0.01171875 0.01953125
0 0.9703125 0.91640625 0.059375 0.16640625
2 0.1109375 0.94609375 0.02890625 0.03515625
2 0.8328125 0.3625 0.01953125 0.071875
2 0.0953125 0.2375 0.0265625 0.04375
2 0.20390625 0.87734375 0.01953125 0.01953125
2 0.3546875 0.20078125 0.0109375 0.02265625
2 0.0859375 0.978125 0.0453125 0.04375
2 0.06875 0.9359375 0.06328125 0.03984375
2 0.5625 0.36640625 0.0171875 0.02734375
2 0.1953125 0.4515625 0.0328125 0.02421875
2 0.5859375 0.26171875 0.01484375 0.01640625
0 0.9859375 0.146875 0.02734375 0.10625
2 0.84375 0.65859375 0.01640625 0.01953125
2 0.98046875 0.30859375 0.0390625 0.04453125
0 0.984375 0.51796875 0.03046875 0.18828125
3 0.5453125 0.84921875 0.28828125 0.08984375
2 0.29375 0.096875 0.0171875 0.02421875
2 0.1984375 0.71953125 0.0453125 0.04765625
2 0.74921875 0.740625 0.01640625 0.025
2 0.875 0.18046875 0.0171875 0.021875
2 0.2796875 0.4734375 0.06875 0.05078125
0 0.97734375 0.725 0.0453125 0.10078125
2 0.1140625 0.81953125 0.096875 0.109375
2 0.33671875 0.234375 0.0171875 0.03046875
2 0.178125 0.1609375 0.08125 0.090625
2 0.2671875 0.18046875 0.0828125 0.05859375
2 0.4484375 0.07265625 0.0203125 0.021875
2 0.41875 0.2890625 0.01953125 0.04765625
2 0.26875 0.89140625 0.01484375 0.01953125
2 0.1140625 0.89140625 0.03828125 0.06171875
2 0.03828125 0.7578125 0.0203125 0.02421875
2 0.16875 0.0453125 0.09765625 0.090625
2 0.434375 0.0421875 0.0109375 0.01796875
2 0.40234375 0.515625 0.009375 0.015625
2 0.1140625 0.64765625 0.02890625 0.02421875
2 0.24296875 0.9640625 0.01640625 0.01953125
2 0.1828125 0.834375 0.0453125 0.03671875
2 0.3015625 0.87578125 0.01640625 0.02890625
2 0.0203125 0.4390625 0.040625 0.025
2 0.284375 0.75703125 0.0234375 0.02421875
2 0.49375 0.38359375 0.02421875 0.02890625
2 0.5484375 0.11953125 0.040625 0.03125
2 0.0875 0.75078125 0.0171875 0.01796875
2 0.240625 0.5515625 0.03359375 0.02265625
2 0.2609375 0.32109375 0.05546875 0.08203125
2 0.51328125 0.19296875 0.0390625 0.05078125
2 0.3453125 0.50546875 0.0171875 0.02109375
2 0.12109375 0.11796875 0.06328125 0.06328125
2 0.178125 0.64609375 0.06484375 0.040625
2 0.303125 0.83984375 0.01484375 0.034375
2 0.115625 0.29140625 0.0328125 0.02265625
2 0.5953125 0.03828125 0.015625 0.021875
2 0.43125 0.9703125 0.02890625 0.03359375
2 0.38125 0.93828125 0.02578125 0.02734375
2 0.28125 0.23984375 0.046875 0.05078125
2 0.13125 0.6015625 0.0171875 0.02109375
2 0.090625 0.434375 0.025 0.03046875
2 0.0765625 0.4828125 0.0109375 0.00859375
2 0.2984375 0.2796875 0.02109375 0.02109375
2 0.4375 0.56015625 0.0265625 0.02890625
2 0.315625 0.990625 0.0125 0.01875
2 0.24140625 0.09765625 0.03828125 0.06328125