2 0.75703125 0.15078125 0.04921875 0.05859375
2 0.03984375 0.6890625 0.02734375 0.034375
8 0.78984375 0.9203125 0.1953125 0.159375
2 0.11171875 0.27734375 0.03125 0.05078125
2 0.12578125 0.31796875 0.01875 0.02890625
2 0.0515625 0.16484375 0.0265625 0.01875
2 0.20859375 0.2 0.0171875 0.03359375
2 0.15625 0.06328125 0.03828125 0.04296875
8 0.8296875 0.21328125 0.340625 0.415625
2 0.07421875 0.28359375 0.015625 0.025
2 0.1375 0.37421875 0.0125 0.015625
2 0.2421875 0.059375 0.0875 0.08046875
2 0.315625 0.08125 0.03984375 0.05703125
2 0.96953125 0.27890625 0.025 0.05546875
2 0.01484375 0.86171875 0.0296875 0.07265625
2 0.77734375 0.65078125 0.0796875 0.04921875
2 0.0796875 0.2359375 0.04453125 0.04453125
2 0.0328125 0.26171875 0.03828125 0.025
2 0.021875 0.33515625 0.01171875 0.015625
2 0.6390625 0.94296875 0.03125 0.05
2 0.0140625 0.37421875 0.028125 0.0609375
8 0.321875 0.5171875 0.584375 0.965625
2 0.16328125 0.25078125 0.01015625 0.01796875
2 0.19140625 0.07578125 0.01171875 0.025
2 0.04375 0.0796875 0.0296875 0.05625
8 0.9375 0.60390625 0.125 0.42109375
2 0.59921875 0.53984375 0.02265625 0.03984375
2 0.97109375 0.33125 0.0578125 0.025
2 0.803125 0.53046875 0.07578125 0.090625
2 0.2515625 0.21328125 0.01171875 0.01640625
2 0.6546875 0.52890625 0.04453125 0.07578125
2 0.740625 0.53984375 0.02890625 0.065625
2 0.11640625 0.5265625 0.05625 0.10234375
8 0.621875 0.09453125 0.19921875 0.18828125
2 0.7828125 0.44765625 0.03203125 0.04453125
2 0.13046875 0.08359375 0.01640625 0.02109375
2 0.075 0.31640625 0.01875 0.03515625
2 0.89921875 0.31875 0.03046875 0.05390625
2 0.7984375 0.77421875 0.03046875 0.0375
2 0.4953125 0.87265625 0.03671875 0.03671875
2 0.803125 0.83671875 0.034375 0.05859375