2 0.0171875 0.6265625 0.034375 0.0875
2 0.9015625 0.72109375 0.0203125 0.03828125
2 0.8453125 0.8546875 0.05234375 0.06953125
14 0.3046875 0.43515625 0.60859375 0.86484375
2 0.19375 0.06171875 0.0359375 0.03203125
2 0.2703125 0.1265625 0.028125 0.03515625
14 0.853125 0.91484375 0.29296875 0.16640625
2 0.159375 0.871875 0.1765625 0.21875
14 0.33671875 0.58203125 0.6734375 0.82265625
2 0.928125 0.41484375 0.03671875 0.04296875
2 0.6875 0.6390625 0.01953125 0.03671875
2 0.621875 0.69765625 0.271875 0.42734375
2 0.3484375 0.95703125 0.0578125 0.05625