2 0.78046875 0.8140625 0.04765625 0.10078125
2 0.8734375 0.64921875 0.0234375 0.02578125
2 0.60859375 0.51796875 0.02421875 0.03203125
2 0.8375 0.21640625 0.0375 0.04921875
2 0.9546875 0.18515625 0.0796875 0.09921875
2 0.8171875 0.95 0.02265625 0.090625
2 0.91796875 0.734375 0.04765625 0.025
2 0.78671875 0.6421875 0.040625 0.07109375
0 0.0765625 0.47734375 0.03203125 0.05390625
2 0.08125 0.10546875 0.1625 0.2109375
2 0.8078125 0.16640625 0.0375 0.03046875
2 0.42890625 0.56015625 0.090625 0.07734375
2 0.7515625 0.95 0.0390625 0.04921875
2 0.453125 0.91328125 0.13515625 0.17265625
2 0.5921875 0.84140625 0.0296875 0.06796875
2 0.884375 0.9515625 0.05625 0.096875
2 0.865625 0.85390625 0.02265625 0.09609375
2 0.8390625 0.8203125 0.0171875 0.09140625
2 0.9734375 0.85625 0.03046875 0.125
2 0.8328125 0.38046875 0.03203125 0.04765625
2 0.73125 0.62109375 0.06328125 0.10625
2 0.53984375 0.47421875 0.0171875 0.02421875
2 0.90625 0.3703125 0.0171875 0.03671875
2 0.940625 0.28046875 0.0671875 0.090625
2 0.87578125 0.2765625 0.0390625 0.05390625
2 0.8296875 0.32109375 0.0546875 0.04921875
2 0.6703125 0.3765625 0.02734375 0.040625
2 0.71953125 0.44921875 0.03125 0.034375
2 0.64375 0.7328125 0.19296875 0.30234375
2 0.9078125 0.62734375 0.028125 0.03125
2 0.7625 0.5125 0.08984375 0.09921875
2 0.528125 0.6484375 0.02265625 0.10703125
2 0.853125 0.95234375 0.025 0.09453125
2 0.596875 0.43359375 0.025 0.065625
2 0.66875 0.56640625 0.0625 0.04140625
2 0.98125 0.4875 0.0375 0.09921875
2 0.8328125 0.66953125 0.0296875 0.04921875
2 0.8 0.8921875 0.02109375 0.02578125
2 0.9375 0.77890625 0.0171875 0.025
2 0.8359375 0.59609375 0.03359375 0.03671875
2 0.5796875 0.534375 0.01640625 0.01796875
2 0.58203125 0.92578125 0.07890625 0.05703125
2 0.575 0.41015625 0.0171875 0.02265625
2 0.7984375 0.27734375 0.0171875 0.02578125
2 0.6625 0.3171875 0.0578125 0.04921875
2 0.93125 0.36875 0.02109375 0.02578125
2 0.8671875 0.4125 0.02578125 0.03046875
2 0.865625 0.521875 0.04765625 0.059375
2 0.65546875 0.45625 0.0640625 0.07109375
2 0.9484375 0.64921875 0.025 0.03359375
2 0.9046875 0.83359375 0.04453125 0.12109375
2 0.9953125 0.3453125 0.009375 0.046875
2 0.778125 0.87421875 0.015625 0.02734375
2 0.725 0.21171875 0.06953125 0.09609375
2 0.91953125 0.69296875 0.03984375 0.065625
2 0.790625 0.5625 0.03125 0.02890625
2 0.978125 0.98984375 0.0234375 0.01953125
2 0.7125 0.3921875 0.025 0.03046875
2 0.790625 0.1140625 0.040625 0.075
2 0.74140625 0.8 0.03125 0.103125
2 0.1703125 0.73671875 0.01953125 0.01796875
2 0.5125 0.12890625 0.01328125 0.02890625
0 0.071875 0.703125 0.03046875 0.0375
2 0.4578125 0.66171875 0.03828125 0.034375
2 0.2546875 0.25390625 0.03125 0.040625
2 0.98984375 0.03984375 0.0203125 0.06796875
2 0.2734375 0.06015625 0.02109375 0.03359375
2 0.171875 0.22265625 0.02578125 0.03515625
2 0.934375 0.959375 0.025 0.05546875
2 0.471875 0.15859375 0.05546875 0.06796875
2 0.928125 0.05703125 0.09375 0.09765625
2 0.28359375 0.578125 0.015625 0.03671875
2 0.47734375 0.35234375 0.02265625 0.034375
2 0.3859375 0.15703125 0.115625 0.09140625
2 0.02578125 0.28984375 0.01796875 0.02109375
2 0.3671875 0.97578125 0.0296875 0.04609375
2 0.915625 0.58359375 0.04609375 0.06171875
3 0.4828125 0.80859375 0.20078125 0.18984375
2 0.95859375 0.384375 0.0203125 0.03515625
2 0.3125 0.50546875 0.01484375 0.05390625
2 0.1921875 0.5296875 0.109375 0.08671875
2 0.415625 0.44453125 0.03828125 0.028125
2 0.9015625 0.425 0.03359375 0.03125
2 0.26953125 0.409375 0.053125 0.06640625
3 0.5515625 0.43203125 0.09375 0.31328125
2 0.7140625 0.0625 0.08125 0.08515625
14 0.596875 0.34296875 0.52890625 0.32734375
2 0.45859375 0.25390625 0.084375 0.06796875
2 0.2625 0.12578125 0.028125 0.04921875
2 0.11015625 0.60390625 0.02890625 0.07265625
2 0.1375 0.7984375 0.03046875 0.04140625
2 0.31484375 0.9859375 0.05859375 0.028125
0 0.1359375 0.5 0.25234375 1
2 0.04296875 0.91640625 0.01484375 0.02734375
2 0.653125 0.04765625 0.13125 0.09453125
2 0.23671875 0.28203125 0.01015625 0.01484375
2 0.1921875 0.88984375 0.0109375 0.01796875
2 0.0140625 0.815625 0.0203125 0.02109375
2 0.3203125 0.93671875 0.01171875 0.015625
2 0.428125 0.3578125 0.0296875 0.025
2 0.365625 0.45625 0.0640625 0.06875
3 0.2421875 0.66796875 0.04296875 0.11328125
2 0.0390625 0.52734375 0.015625 0.02421875
2 0.1765625 0.021875 0.015625 0.01953125
2 0.15 0.27890625 0.0125 0.028125
2 0.1453125 0.72734375 0.02734375 0.02890625
2 0.3703125 0.59453125 0.01640625 0.02109375
2 0.52734375 0.93359375 0.02421875 0.04140625
0 0.5 0.91875 0.09140625 0.1625
2 0.51484375 0.17109375 0.0171875 0.01640625
2 0.32890625 0.76171875 0.03671875 0.06484375
2 0.4921875 0.52421875 0.00859375 0.01484375
2 0.3296875 0.55078125 0.01953125 0.02265625
2 0.08515625 0.41640625 0.01640625 0.03203125
2 0.3359375 0.83359375 0.01640625 0.08515625