3 0.70625 0.57265625 0.50625 0.62578125
3 0.82578125 0.02578125 0.3484375 0.0515625
2 0.4703125 0.9484375 0.103125 0.103125
2 0.72421875 0.346875 0.040625 0.04921875
2 0.2328125 0.74921875 0.19453125 0.171875
2 0.2171875 0.9921875 0.02421875 0.015625
2 0.96875 0.14609375 0.02578125 0.040625
2 0.5796875 0.078125 0.0296875 0.0375
2 0.00546875 0.64140625 0.0109375 0.03515625
2 0.94296875 0.09765625 0.01953125 0.03125
2 0.021875 0.35703125 0.02890625 0.04765625
2 0.55 0.0234375 0.03984375 0.04375
2 0.321875 0.34140625 0.07109375 0.06796875
2 0.16171875 0.94765625 0.08203125 0.065625
2 0.2546875 0.91171875 0.03046875 0.02578125
2 0.50859375 0.85234375 0.07578125 0.10546875
2 0.5734375 0.63984375 0.0328125 0.053125
2 0.61015625 0.903125 0.1265625 0.19375
2 0.834375 0.46796875 0.0515625 0.04375
2 0.653125 0.553125 0.0484375 0.071875
2 0.90859375 0.828125 0.1828125 0.178125
2 0.8171875 0.63359375 0.0953125 0.084375
2 0.9078125 0.72109375 0.02421875 0.01875
2 0.715625 0.9453125 0.01484375 0.015625
2 0.86875 0.303125 0.028125 0.02578125
14 0.5 0.48828125 1 0.221875
2 0.3375 0.84921875 0.0203125 0.02734375
2 0.0546875 0.025 0.109375 0.05
2 0.3265625 0.03671875 0.02421875 0.03671875
2 0.378125 0.609375 0.02109375 0.04140625
2 0.31015625 0.17890625 0.21640625 0.184375
2 0.7984375 0.91171875 0.0296875 0.02890625
2 0.1859375 0.33671875 0.03984375 0.08359375
2 0.809375 0.86171875 0.02421875 0.03828125
2 0.846875 0.946875 0.0265625 0.040625
2 0.40625 0.7890625 0.034375 0.05234375
2 0.35 0.71875 0.02890625 0.046875
2 0.0328125 0.75703125 0.03984375 0.03984375
2 0.7546875 0.23515625 0.09765625 0.090625
2 0.0171875 0.0953125 0.03359375 0.06171875
2 0.08359375 0.16015625 0.04140625 0.03828125
2 0.66875 0.7484375 0.034375 0.10390625
2 0.11875 0.24765625 0.1234375 0.11875
2 0.7390625 0.8640625 0.09296875 0.084375
2 0.5203125 0.70234375 0.0890625 0.07265625
2 0.0328125 0.18046875 0.05078125 0.08984375
2 0.4078125 0.346875 0.07265625 0.09453125
2 0.4421875 0.05859375 0.08984375 0.078125
2 0.64453125 0.0734375 0.0640625 0.12578125
2 0.159375 0.04609375 0.0265625 0.05703125
2 0.06875 0.89765625 0.03203125 0.04296875
2 0.37734375 0.93671875 0.02265625 0.02890625
2 0.596875 0.7203125 0.0546875 0.06640625
2 0.7171875 0.7953125 0.0546875 0.04453125
2 0.54296875 0.22578125 0.03359375 0.04296875
2 0.12421875 0.5984375 0.134375 0.07265625
2 0.321875 0.50625 0.17265625 0.13359375
2 0.4265625 0.72265625 0.0609375 0.04453125
2 0.74140625 0.975 0.0171875 0.05