2 0.00625 0.31328125 0.01171875 0.03515625
2 0.1546875 0.21328125 0.30078125 0.42578125
2 0.5109375 0.4234375 0.01484375 0.00859375
2 0.128125 0.65390625 0.0109375 0.01796875
2 0.1109375 0.73828125 0.0109375 0.01640625
2 0.3625 0.546875 0.05859375 0.0375
2 0.075 0.6796875 0.01484375 0.01796875
2 0.0125 0.42109375 0.025 0.0421875
2 0.1046875 0.653125 0.0109375 0.01953125
2 0.053125 0.33984375 0.03828125 0.059375
2 0.1546875 0.64140625 0.0421875 0.01953125
2 0.15390625 0.734375 0.02421875 0.028125
2 0.0046875 0.64921875 0.00859375 0.028125
2 0.1453125 0.48828125 0.0375 0.06875
2 0.0453125 0.4875 0.08984375 0.08671875
2 0.1671875 0.4265625 0.14765625 0.05625
4 0.346875 0.72890625 0.65390625 0.52265625
2 0.021875 0.89765625 0.02109375 0.02265625
2 0.33125 0.58671875 0.053125 0.046875
2 0.03125 0.7453125 0.02578125 0.025
5 0.36640625 0.83125 0.04453125 0.06015625
2 0.003125 0.82890625 0.00625 0.01875
2 0.234375 0.6765625 0.01953125 0.02578125
2 0.109375 0.70234375 0.0125 0.01171875
2 0.20625 0.70546875 0.01796875 0.028125
5 0.3171875 0.86640625 0.053125 0.071875
5 0.02890625 0.55859375 0.0578125 0.08671875
2 0.85234375 0.30625 0.0296875 0.04375
2 0.4859375 0.04765625 0.2671875 0.09453125
2 0.33828125 0.35859375 0.021875 0.02734375
2 0.8484375 0.54453125 0.0578125 0.046875
2 0.53125 0.67578125 0.28046875 0.46171875
2 0.0828125 0.78359375 0.05078125 0.05390625
2 0.65234375 0.09609375 0.0796875 0.12265625
2 0.52109375 0.13203125 0.04765625 0.05859375
2 0.9859375 0.55625 0.02734375 0.09140625
2 0.6484375 0.5953125 0.06328125 0.11875
2 0.5375 0.97265625 0.04453125 0.05390625
2 0.2515625 0.9484375 0.109375 0.103125
2 0.0765625 0.84921875 0.00859375 0.015625
5 0.2515625 0.49375 0.06875 0.03671875
5 0.58359375 0.3421875 0.0484375 0.06015625
5 0.33046875 0.71953125 0.0578125 0.078125
2 0.809375 0.3 0.0203125 0.03515625
2 0.7203125 0.41875 0.03828125 0.06015625
2 0.6765625 0.42421875 0.04453125 0.06328125
2 0.95078125 0.67109375 0.0984375 0.184375
2 0.878125 0.70390625 0.03359375 0.08515625
2 0.8453125 0.7359375 0.02578125 0.04375
2 0.0765625 0.63359375 0.0125 0.02734375
2 0.665625 0.8609375 0.0421875 0.07578125
2 0.01875 0.7109375 0.00859375 0.01328125
2 0.68671875 0.36796875 0.0546875 0.06015625
2 0.04609375 0.64609375 0.0203125 0.028125
2 0.0453125 0.82734375 0.01484375 0.02109375
2 0.01015625 0.79609375 0.0125 0.01484375
5 0.04921875 0.23359375 0.0484375 0.09609375
2 0.2359375 0.61796875 0.0578125 0.09375
5 0.7921875 0.7015625 0.05625 0.08125
5 0.14375 0.59765625 0.12421875 0.065625
2 0.7015625 0.57578125 0.07109375 0.07578125
2 0.74140625 0.18515625 0.15859375 0.26953125
5 0.3328125 0.490625 0.065625 0.08359375
5 0.2875 0.609375 0.05078125 0.05859375
5 0.08125 0.053125 0.0546875 0.084375
2 0.1828125 0.5109375 0.034375 0.05078125
2 0.10546875 0.46171875 0.03046875 0.01796875
2 0.59296875 0.95390625 0.0171875 0.01328125
2 0.365625 0.38046875 0.021875 0.02890625
2 0.1453125 0.88359375 0.03515625 0.084375
2 0.5734375 0.41875 0.0328125 0.09609375
2 0.61640625 0.15546875 0.084375 0.06484375
2 0.68359375 0.70859375 0.06875 0.103125
2 0.5953125 0.25546875 0.02890625 0.05
2 0.4296875 0.84765625 0.1546875 0.30390625
2 0.0890625 0.98046875 0.06640625 0.03828125
2 0.3203125 0.7953125 0.08984375 0.07265625
2 0.128125 0.70546875 0.015625 0.02265625
5 0.51015625 0.7921875 0.05078125 0.07890625
2 0.21328125 0.7796875 0.03671875 0.02578125
2 0.91796875 0.07890625 0.1640625 0.1578125
5 0.4171875 0.25078125 0.07265625 0.11171875
2 0.1796875 0.73359375 0.01875 0.01640625
2 0.740625 0.66484375 0.046875 0.07109375
5 0.4859375 0.32109375 0.071875 0.10234375
2 0.74453125 0.5421875 0.08984375 0.07734375
2 0.4296875 0.21171875 0.24296875 0.184375
2 0.0578125 0.81484375 0.01015625 0.01328125
2 0.42578125 0.44296875 0.025 0.01953125
2 0.175 0.55234375 0.01171875 0.01484375
2 0.82890625 0.8765625 0.3421875 0.24375
2 0.184375 0.65390625 0.0328125 0.04921875
5 0.38125 0.93671875 0.05234375 0.07109375
2 0.4125 0.38125 0.02578125 0.034375
2 0.8625 0.359375 0.27421875 0.30703125
5 0.6203125 0.41484375 0.065625 0.08984375
2 0.2390625 0.7125 0.03828125 0.046875
2 0.2078125 0.6765625 0.02421875 0.02734375
2 0.2875 0.3859375 0.03046875 0.04921875
5 0.27109375 0.4984375 0.1171875 0.12578125
2 0.6328125 0.9578125 0.02890625 0.04140625
2 0.3765625 0.33671875 0.04140625 0.046875