9 0.64921875 0.4 0.0125 0.021875
9 0.5296875 0.4453125 0.01328125 0.04921875
9 0.0078125 0.728125 0.01484375 0.028125
9 0.471875 0.33203125 0.01484375 0.04453125
2 0.9125 0.028125 0.04453125 0.05625
2 0.853125 0.01015625 0.0125 0.01484375
2 0.63671875 0.1890625 0.025 0.03359375
2 0.553125 0.33046875 0.07578125 0.03671875
2 0.85625 0.46640625 0.015625 0.021875
2 0.790625 0.49296875 0.05703125 0.06953125
2 0.921875 0.47578125 0.053125 0.06484375
2 0.81015625 0.01640625 0.0234375 0.0328125
2 0.4671875 0.1796875 0.02109375 0.02890625
2 0.584375 0.09140625 0.03125 0.04453125
2 0.6828125 0.14140625 0.025 0.03828125
9 0.809375 0.45859375 0.0390625 0.01953125
9 0.675 0.403125 0.02734375 0.015625
9 0.33671875 0.69921875 0.0203125 0.103125
2 0.98984375 0.22890625 0.0203125 0.0359375
9 0.453125 0.43203125 0.01796875 0.015625
2 0.62421875 0.01015625 0.0328125 0.0203125
9 0.66171875 0.40859375 0.0234375 0.02578125
9 0.54453125 0.49296875 0.0171875 0.06484375
2 0.90625 0.34453125 0.03125 0.04453125
9 0.4640625 0.940625 0.0359375 0.0625
9 0.98984375 0.7875 0.01640625 0.021875
2 0.9265625 0.08203125 0.03671875 0.040625
9 0.1328125 0.37578125 0.075 0.015625
2 0.090625 0.98203125 0.03828125 0.03515625
2 0.084375 0.32109375 0.03984375 0.05234375
2 0.0484375 0.92578125 0.0203125 0.03359375
2 0.184375 0.2265625 0.0421875 0.07578125
2 0.303125 0.90078125 0.0109375 0.03828125
2 0.50390625 0.94140625 0.05390625 0.06875
2 0.4125 0.97265625 0.02734375 0.05390625
2 0.9625 0.41953125 0.02578125 0.03671875
2 0.159375 0.9640625 0.04453125 0.05859375
2 0.5140625 0.70078125 0.025 0.02734375
9 0.965625 0.728125 0.0578125 0.01484375
2 0.7671875 0.96015625 0.046875 0.0625
9 0.390625 0.975 0.0140625 0.05
2 0.5796875 0.02890625 0.0296875 0.03359375
2 0.38203125 0.90703125 0.05546875 0.04921875
2 0.78125 0.2078125 0.0375 0.04765625
2 0.65859375 0.375 0.03671875 0.034375
9 0.434375 0.53203125 0.0234375 0.04453125
9 0.5890625 0.35703125 0.04453125 0.02734375
2 0.2734375 0.96953125 0.02109375 0.0125
2 0.1015625 0.40390625 0.02578125 0.03125
2 0.49375 0.25859375 0.05234375 0.0625
2 0.4 0.79453125 0.040625 0.05703125
2 0.928125 0.41640625 0.028125 0.03359375
2 0.3828125 0.3921875 0.0421875 0.04140625
2 0.45 0.53359375 0.02109375 0.03203125
2 0.57578125 0.79375 0.01328125 0.01328125
2 0.434375 0.940625 0.0234375 0.04453125
2 0.8984375 0.915625 0.13671875 0.16875
2 0.959375 0.80078125 0.0234375 0.04609375
2 0.02109375 0.81796875 0.0421875 0.17265625
2 0.3390625 0.24921875 0.1328125 0.16484375
2 0.0203125 0.05859375 0.040625 0.065625
2 0.946875 0.45390625 0.02578125 0.03046875
2 0.69375 0.86796875 0.16015625 0.25625
2 0.53359375 0.65859375 0.0328125 0.053125
9 0.7234375 0.4953125 0.08359375 0.04140625
9 0.5921875 0.3890625 0.04140625 0.04296875
2 0.61640625 0.21796875 0.03515625 0.0375
2 0.8234375 0.3578125 0.11484375 0.10546875
2 0.784375 0.4171875 0.021875 0.03125
2 0.53203125 0.20703125 0.025 0.03984375
2 0.88515625 0.27734375 0.0625 0.0625
2 0.9796875 0.31796875 0.03984375 0.0625
2 0.7984375 0.13125 0.01875 0.046875
9 0.68125 0.4265625 0.01015625 0.01875
9 0.68125 0.4796875 0.040625 0.03828125
9 0.6796875 0.4453125 0.040625 0.01953125
2 0.446875 0.72890625 0.034375 0.02109375
2 0.621875 0.340625 0.03515625 0.046875
2 0.1546875 0.5796875 0.0375 0.05859375
2 0.671875 0.30546875 0.040625 0.046875
9 0.6625 0.5296875 0.0421875 0.01796875
9 0.3875 0.48203125 0.00703125 0.015625
2 0.4453125 0.04609375 0.0234375 0.03515625
2 0.71953125 0.075 0.0265625 0.03125
2 0.83125 0.14453125 0.0421875 0.0625
2 0.39765625 0.74296875 0.025 0.03359375
2 0.96953125 0.6625 0.0609375 0.115625
2 0.8375 0.43203125 0.0125 0.01484375
2 0.4078125 0.109375 0.04375 0.04375
2 0.90703125 0.43046875 0.0140625 0.01796875
2 0.47421875 0.37734375 0.03828125 0.040625
2 0.9359375 0.6265625 0.0390625 0.05234375
2 0.553125 0.859375 0.09765625 0.075
2 0.3625 0.9765625 0.0375 0.046875
2 0.25390625 0.9296875 0.0765625 0.06171875
2 0.3359375 0.80390625 0.065625 0.078125
9 0.4421875 0.81875 0.01484375 0.02265625
2 0.6015625 0.6078125 0.07421875 0.08515625
2 0.0203125 0.33203125 0.040625 0.0859375
2 0.1109375 0.240625 0.02265625 0.04140625
2 0.509375 0.1296875 0.03515625 0.06015625
2 0.8046875 0.6625 0.0484375 0.06171875
2 0.89765625 0.7828125 0.0390625 0.08203125
2 0.1359375 0.85703125 0.0765625 0.06015625
2 0.12578125 0.93515625 0.03984375 0.0375
2 0.05625 0.596875 0.1125 0.25625
9 0.3515625 0.34453125 0.03125 0.01953125
2 0.38125 0.43671875 0.025 0.02265625
8 0.27734375 0.57421875 0.159375 0.51328125
2 0.196875 0.121875 0.1265625 0.12109375
2 0.2921875 0.0484375 0.0953125 0.096875
2 0.35234375 0.13203125 0.03359375 0.04140625
2 0.7390625 0.15234375 0.03203125 0.04609375
2 0.9 0.53984375 0.19921875 0.12109375
2 0.609375 0.90625 0.01015625 0.01796875
2 0.4703125 0.746875 0.01953125 0.025
2 0.0671875 0.87890625 0.0515625 0.05
2 0.4953125 0.5203125 0.03046875 0.03984375
2 0.26875 0.26484375 0.02421875 0.03203125
2 0.4125 0.021875 0.0359375 0.04375
2 0.35 0.078125 0.0328125 0.05703125
2 0.2140625 0.33671875 0.0171875 0.02265625
2 0.3359375 0.1609375 0.03515625 0.0375
2 0.275 0.11953125 0.06015625 0.053125
2 0.25546875 0.21015625 0.04609375 0.06640625