2 0.0203125 0.228125 0.040625 0.0625
2 0.8 0.0328125 0.034375 0.04140625
2 0.6484375 0.68515625 0.13125 0.18046875
2 0.9328125 0.28203125 0.065625 0.12578125
2 0.84375 0.11171875 0.1109375 0.08125
2 0.55625 0.659375 0.071875 0.14375
2 0.32890625 0.865625 0.2859375 0.26875
2 0.9359375 0.6640625 0.03671875 0.059375
14 0.41171875 0.49921875 0.71875 0.99609375
2 0.7484375 0.68359375 0.0515625 0.08359375
2 0.0359375 0.16796875 0.06328125 0.08828125
2 0.07109375 0.803125 0.0265625 0.03515625
2 0.534375 0.515625 0.059375 0.12265625
0 0.9046875 0.41484375 0.190625 0.25625
2 0.01796875 0.34609375 0.0359375 0.05546875
2 0.971875 0.16953125 0.05625 0.06171875
2 0.44140625 0.7734375 0.090625 0.109375
2 0.1140625 0.85390625 0.02890625 0.040625
2 0.17734375 0.7875 0.04453125 0.040625
2 0.8890625 0.5921875 0.04140625 0.06015625
2 0.45 0.4890625 0.103125 0.20703125
2 0.7375 0.5609375 0.0890625 0.10078125
2 0.59375 0.29140625 0.17578125 0.30078125
2 0.25234375 0.9375 0.21484375 0.125
2 0.753125 0.17734375 0.034375 0.06171875
2 0.75390625 0.8109375 0.06484375 0.17109375
2 0.8046875 0.78203125 0.05078125 0.11875
2 0.94375 0.984375 0.046875 0.03125
2 0.63125 0.48671875 0.1171875 0.09296875
2 0.709375 0.071875 0.0890625 0.14140625
2 0.58125 0.9578125 0.1734375 0.084375
2 0.93359375 0.07421875 0.0609375 0.06875