2 0.97265625 0.803125 0.05078125 0.075
2 0.9953125 0.90078125 0.00859375 0.05625
2 0.9421875 0.38046875 0.0234375 0.025
2 0.859375 0.70546875 0.0265625 0.02265625
2 0.696875 0.48984375 0.0515625 0.1
2 0.7984375 0.49453125 0.02421875 0.03046875
2 0.9015625 0.7765625 0.015625 0.02578125
2 0.99140625 0.60078125 0.0171875 0.08125
2 0.83046875 0.840625 0.025 0.0375
2 0.6640625 0.74609375 0.0296875 0.028125
2 0.86328125 0.89765625 0.03203125 0.04296875
2 0.646875 0.8484375 0.02421875 0.03828125
2 0.98828125 0.39140625 0.0234375 0.0359375
2 0.97421875 0.46328125 0.0515625 0.04609375
2 0.8953125 0.86015625 0.0171875 0.025
2 0.9734375 0.32421875 0.0234375 0.025
2 0.640625 0.925 0.03515625 0.06953125
2 0.6890625 0.77578125 0.0265625 0.03984375
2 0.89375 0.31796875 0.02421875 0.04921875
2 0.903125 0.43828125 0.0234375 0.02890625
2 0.89765625 0.50703125 0.015625 0.02890625
2 0.8234375 0.70390625 0.0171875 0.02265625
2 0.93671875 0.5140625 0.02734375 0.02421875
2 0.5390625 0.5125 0.025 0.02578125
2 0.59375 0.01328125 0.021875 0.0265625
2 0.040625 0.340625 0.04921875 0.034375
2 0.153125 0.17890625 0.04375 0.04140625
2 0.5984375 0.13046875 0.02890625 0.03828125
2 0.4359375 0.42890625 0.03828125 0.046875
2 0.5296875 0.6734375 0.01796875 0.02421875
2 0.084375 0.665625 0.0234375 0.03828125
2 0.98984375 0.03828125 0.0203125 0.02890625
2 0.975 0.18671875 0.01328125 0.01875
4 0.4234375 0.48046875 0.72265625 0.96015625
2 0.7078125 0.02265625 0.03125 0.04453125
2 0.0859375 0.19609375 0.03515625 0.04375
2 0.1140625 0.94140625 0.03125 0.0375
2 0.3671875 0.4640625 0.04609375 0.05
2 0.68125 0.25078125 0.01640625 0.0375
2 0.734375 0.1984375 0.02421875 0.03046875
2 0.8609375 0.12421875 0.03515625 0.04296875
2 0.7171875 0.13671875 0.05546875 0.09765625
2 0.046875 0.55546875 0.03125 0.05390625
2 0.2875 0.96484375 0.0390625 0.06796875
2 0.1140625 0.78984375 0.01953125 0.03125
2 0.38046875 0.85859375 0.02109375 0.03046875
2 0.3015625 0.803125 0.0390625 0.04609375
2 0.040625 0.89921875 0.02734375 0.02578125
2 0.37734375 0.53125 0.0375 0.05234375
2 0.328125 0.3171875 0.04453125 0.084375
2 0.0796875 0.63046875 0.02734375 0.03046875
2 0.53125 0.61875 0.015625 0.021875
2 0.60625 0.92890625 0.0296875 0.03046875
2 0.7703125 0.05703125 0.05078125 0.05234375
2 0.80625 0.3875 0.03203125 0.04375
2 0.0234375 0.30078125 0.025 0.040625
2 0.8921875 0.70390625 0.01875 0.02265625
2 0.25 0.5046875 0.01015625 0.03125
2 0.3296875 0.60078125 0.02734375 0.046875
2 0.0828125 0.07578125 0.01328125 0.01875
2 0.053125 0.234375 0.025 0.028125
2 0.284375 0.75546875 0.02421875 0.021875
2 0.9328125 0.05390625 0.01640625 0.025
2 0.5015625 0.490625 0.025 0.02421875
2 0.115625 0.72734375 0.02109375 0.03125
2 0.0515625 0.43984375 0.040625 0.065625
2 0.21640625 0.340625 0.02265625 0.028125
2 0.225 0.1421875 0.0515625 0.04921875
2 0.91640625 0.5375 0.02109375 0.03046875
2 0.83125 0.34296875 0.0484375 0.06796875
2 0.3890625 0.64140625 0.02421875 0.03125
2 0.1015625 0.90546875 0.02421875 0.02265625
2 0.07578125 0.81953125 0.021875 0.04375
2 0.1625 0.0125 0.03515625 0.025
2 0.98828125 0.12578125 0.0234375 0.0375
2 0.7734375 0.11875 0.021875 0.03125
2 0.1796875 0.4890625 0.021875 0.03125
2 0.74375 0.29375 0.03125 0.03203125
2 0.48828125 0.99453125 0.03359375 0.01015625
2 0.42890625 0.9671875 0.05546875 0.065625
2 0.74375 0.88125 0.02421875 0.03203125