2 0.56796875 0.2109375 0.37421875 0.39765625
2 0.296875 0.90859375 0.20078125 0.18046875
2 0.2015625 0.24453125 0.403125 0.478125
2 0.83125 0.68828125 0.0546875 0.09921875
14 0.96640625 0.90078125 0.0671875 0.19765625
2 0.54375 0.77578125 0.371875 0.41796875
14 0.5484375 0.65546875 0.85078125 0.68828125
2 0.91640625 0.08828125 0.13515625 0.17578125
2 0.1515625 0.66953125 0.30234375 0.36171875
2 0.646875 0.61640625 0.2578125 0.396875
2 0.7890625 0.95078125 0.06875 0.06953125
14 0.85234375 0.21328125 0.2953125 0.4265625