2 0.9484375 0.97109375 0.0328125 0.034375
2 0.6296875 0.03984375 0.01875 0.01640625
2 0.5375 0.21796875 0.0125 0.01796875
2 0.70703125 0.00859375 0.01640625 0.01640625
2 0.0359375 0.56328125 0.034375 0.04609375
2 0.5953125 0.2265625 0.03984375 0.06796875
2 0.984375 0.4484375 0.03125 0.046875
2 0.4625 0.96171875 0.04453125 0.06171875
2 0.91796875 0.00390625 0.0140625 0.0078125
2 0.9421875 0.175 0.01796875 0.02109375
2 0.8625 0.90703125 0.0125 0.01953125
3 0.62109375 0.61875 0.21875 0.29296875
2 0.903125 0.1859375 0.015625 0.01875
2 0.63125 0.0171875 0.01484375 0.021875
2 0.53125 0.44140625 0.02265625 0.03984375
2 0.5171875 0.10390625 0.01171875 0.028125
2 0.63828125 0.06328125 0.02109375 0.028125
2 0.40859375 0.3640625 0.03515625 0.05078125
2 0.5125 0.021875 0.01796875 0.01953125
2 0.6765625 0.12890625 0.009375 0.01328125
2 0.62109375 0.10546875 0.01015625 0.0125
2 0.9515625 0.34375 0.0171875 0.03359375
2 0.8609375 0.46484375 0.01796875 0.02734375
2 0.8859375 0.7953125 0.05546875 0.07890625
2 0.1984375 0.89765625 0.0546875 0.15390625
2 0.5859375 0.0171875 0.0125 0.034375
3 0.596875 0.553125 0.1484375 0.32109375
2 0.525 0.0734375 0.01171875 0.025
2 0.5078125 0.246875 0.025 0.028125
2 0.478125 0.49453125 0.02890625 0.05078125
2 0.54765625 0.00234375 0.0046875 0.0046875
2 0.61328125 0.18046875 0.0328125 0.02734375
2 0.6453125 0.82109375 0.05390625 0.06484375
2 0.60234375 0.75078125 0.01484375 0.025
2 0.7390625 0.37734375 0.0328125 0.04296875
2 0.821875 0.63203125 0.015625 0.01640625
2 0.72578125 0.45546875 0.0203125 0.046875
2 0.73203125 0.16796875 0.0078125 0.00703125
2 0.41015625 0.50390625 0.0140625 0.01640625
2 0.4546875 0.70390625 0.01015625 0.01640625
2 0.165625 0.24765625 0.03125 0.04765625
2 0.11875 0.14765625 0.01328125 0.009375
2 0.04375 0.084375 0.0078125 0.00703125
2 0.0640625 0.13515625 0.0125 0.01484375
2 0.0078125 0.07265625 0.01484375 0.01953125
2 0.04296875 0.12578125 0.0078125 0.0125
2 0.00390625 0.1375 0.0078125 0.01328125
2 0.0375 0.17421875 0.03515625 0.03046875
2 0.61875 0.83671875 0.0484375 0.059375
2 0.63125 0.621875 0.01484375 0.03203125
2 0.42890625 0.72734375 0.01015625 0.01328125
2 0.4453125 0.79453125 0.08046875 0.09921875
2 0.00625 0.428125 0.01171875 0.021875
2 0.121875 0.47109375 0.01015625 0.01484375
2 0.23046875 0.2546875 0.0421875 0.06171875
2 0.0875 0.0953125 0.02265625 0.02890625
2 0.009375 0.19765625 0.00625 0.01171875
2 0.2578125 0.72421875 0.05234375 0.04609375
2 0.13125 0.03984375 0.02734375 0.03359375
2 0.1765625 0.56015625 0.05859375 0.05625
2 0.6140625 0.73046875 0.02265625 0.02109375
2 0.3828125 0.70703125 0.0296875 0.04296875
2 0.075 0.16875 0.0109375 0.01328125
2 0.2296875 0.76796875 0.0203125 0.04296875
2 0.675 0.67890625 0.0125 0.03203125
2 0.6 0.709375 0.01171875 0.028125
2 0.73125 0.70078125 0.03125 0.05859375
2 0.6546875 0.56796875 0.0203125 0.02265625
2 0.690625 0.43828125 0.06484375 0.08984375
2 0.65625 0.51484375 0.01796875 0.046875
2 0.6703125 0.22109375 0.009375 0.02421875
2 0.6171875 0.2796875 0.0203125 0.01953125
2 0.4796875 0.565625 0.021875 0.02578125
2 0.3703125 0.628125 0.02890625 0.03203125
2 0.22734375 0.60390625 0.04140625 0.059375
2 0.259375 0.540625 0.04296875 0.08359375
2 0.16796875 0.71640625 0.015625 0.01953125
2 0.0828125 0.33984375 0.03203125 0.025
2 0.078125 0.29921875 0.06015625 0.04609375
2 0.01953125 0.30546875 0.0390625 0.04921875
2 0.19296875 0.23046875 0.01484375 0.02421875
2 0.01796875 0.04140625 0.01875 0.025
3 0.52734375 0.8640625 0.0796875 0.271875
2 0.5953125 0.3765625 0.07734375 0.05625
2 0.9484375 0.8453125 0.103125 0.11328125
2 0.30546875 0.6328125 0.02578125 0.04921875
3 0.77265625 0.77421875 0.153125 0.18046875
2 0.8359375 0.3390625 0.01015625 0.01328125
2 0.1015625 0.03671875 0.0078125 0.01484375
2 0.00625 0.56328125 0.01171875 0.01953125
2 0.115625 0.89765625 0.0359375 0.03125
2 0.059375 0.63046875 0.015625 0.02265625
2 0.9234375 0.80546875 0.00546875 0.0125
2 0.9328125 0.73828125 0.01875 0.028125
2 0.1640625 0.96171875 0.025 0.03125
2 0.0609375 0.7515625 0.0453125 0.08828125
2 0.95078125 0.928125 0.0703125 0.14375
2 0.68359375 0.928125 0.0765625 0.14375
2 0.43359375 0.55234375 0.01640625 0.02734375
2 0.6421875 0.30546875 0.053125 0.02890625
2 0.496875 0.828125 0.0234375 0.025
3 0.590625 0.96328125 0.146875 0.07265625
2 0.3875 0.46328125 0.0203125 0.02265625
2 0.9515625 0.62109375 0.01484375 0.021875
2 0.1734375 0.68203125 0.01796875 0.02578125
2 0.70234375 0.19140625 0.01953125 0.02890625
2 0.8765625 0.5265625 0.03515625 0.05625
2 0.1046875 0.7828125 0.01875 0.01640625
2 0.85 0.81328125 0.025 0.05
2 0.08828125 0.69765625 0.0265625 0.05390625
2 0.84453125 0.58125 0.03203125 0.03828125
2 0.8328125 0.27734375 0.01953125 0.02890625
2 0.896875 0.3578125 0.01015625 0.01796875
2 0.0359375 0.965625 0.0265625 0.02734375
2 0.7109375 0.378125 0.0296875 0.05
2 0.325 0.9875 0.0125 0.01640625
2 0.2921875 0.9578125 0.0234375 0.0375
2 0.1828125 0.6453125 0.01015625 0.01015625
2 0.23125 0.55703125 0.01328125 0.01953125
2 0.09921875 0.17265625 0.02421875 0.03203125
2 0.3765625 0.9703125 0.0203125 0.04921875
2 0.67578125 0.50234375 0.0109375 0.01796875
2 0.0109375 0.6234375 0.021875 0.028125
2 0.60625 0.6765625 0.04453125 0.05234375
2 0.99296875 0.9265625 0.0140625 0.01875
2 0.14453125 0.85625 0.02578125 0.03515625
2 0.80859375 0.5734375 0.025 0.02890625
2 0.6390625 0.74296875 0.0203125 0.03046875
2 0.41953125 0.9703125 0.04765625 0.059375
2 0.940625 0.54921875 0.01171875 0.03203125
2 0.8125 0.65078125 0.02265625 0.04140625
2 0.2484375 0.93046875 0.0203125 0.02421875
2 0.0859375 0.21640625 0.0390625 0.04140625
2 0.215625 0.52890625 0.01875 0.03125
2 0.5796875 0.26484375 0.01484375 0.02890625
2 0.1265625 0.82578125 0.025 0.040625
2 0.2625 0.2234375 0.03984375 0.04921875
2 0.509375 0.8875 0.0546875 0.075
2 0.2109375 0.0140625 0.0359375 0.028125
2 0.1125 0.2578125 0.0265625 0.03671875
2 0.78828125 0.21640625 0.07890625 0.15546875
2 0.4953125 0.94609375 0.04453125 0.040625
2 0.70625 0.68359375 0.01484375 0.01875
2 0.1328125 0.26015625 0.0234375 0.03046875
2 0.35 0.85703125 0.0125 0.01796875
2 0.740625 0.88515625 0.015625 0.021875
2 0.89453125 0.6515625 0.0578125 0.09296875
2 0.2734375 0.2765625 0.021875 0.02265625
2 0.71328125 0.14140625 0.01015625 0.015625
2 0.14375 0.90390625 0.0125 0.01796875
2 0.03125 0.06796875 0.01015625 0.01171875
2 0.121875 0.00546875 0.0125 0.0109375
2 0.7859375 0.32421875 0.0078125 0.01171875
2 0.059375 0.825 0.01328125 0.02734375
2 0.7921875 0.48515625 0.02265625 0.02421875
2 0.00546875 0.053125 0.009375 0.01328125
2 0.0109375 0.8171875 0.015625 0.02734375
2 0.4578125 0.8671875 0.05078125 0.05390625
2 0.68671875 0.34921875 0.00546875 0.00703125
2 0.88828125 0.91796875 0.03046875 0.05703125
2 0.14296875 0.8015625 0.0171875 0.025
2 0.559375 0.3578125 0.0734375 0.08046875
2 0.8015625 0.33671875 0.01328125 0.0125
2 0.6328125 0.53828125 0.02890625 0.06015625
2 0.125 0.72265625 0.03671875 0.040625
2 0.778125 0.62421875 0.01875 0.02890625
2 0.76171875 0.30390625 0.009375 0.01796875
2 0.0859375 0.40703125 0.015625 0.01640625
2 0.2671875 0.69296875 0.0078125 0.01328125
2 0.00859375 0.7109375 0.0171875 0.0875
2 0.45703125 0.66171875 0.03359375 0.04453125
2 0.39375 0.49140625 0.0140625 0.02109375
2 0.03359375 0.2375 0.0671875 0.07109375
2 0.759375 0.92578125 0.015625 0.01953125
2 0.33125 0.69609375 0.009375 0.02265625
2 0.6984375 0.60234375 0.0140625 0.04453125
2 0.8 0.61953125 0.01640625 0.03046875
2 0.1109375 0.07265625 0.03359375 0.03671875
2 0.7375 0.60546875 0.05234375 0.05703125
2 0.8203125 0.68828125 0.02265625 0.040625
2 0.40546875 0.7015625 0.03125 0.078125
2 0.1203125 0.29609375 0.0125 0.015625
2 0.8265625 0.89296875 0.09609375 0.06171875
2 0.0421875 0.02890625 0.0125 0.0125
2 0.0953125 0.93359375 0.0265625 0.05234375
2 0.7171875 0.4984375 0.03046875 0.03671875
2 0.178125 0.1703125 0.06875 0.059375
2 0.896875 0.56328125 0.0203125 0.02890625
2 0.95390625 0.71171875 0.03984375 0.08046875
2 0.97578125 0.93046875 0.034375 0.028125
2 0.384375 0.91640625 0.0171875 0.021875
2 0.71640625 0.92578125 0.046875 0.059375
2 0.7703125 0.32578125 0.01953125 0.03046875
2 0.71875 0.26484375 0.08046875 0.11640625
2 0.8296875 0.97265625 0.0140625 0.01328125
2 0.91796875 0.92890625 0.03125 0.0625
11 0.4640625 0.51484375 0.38671875 0.23125
2 0.81171875 0.14140625 0.05546875 0.08125
2 0.9171875 0.2625 0.02890625 0.053125
2 0.91328125 0.33828125 0.025 0.03515625
2 0.671875 0.03203125 0.0125 0.01328125
2 0.7359375 0.040625 0.02734375 0.07109375
2 0.59375 0.05390625 0.0203125 0.02421875
2 0.503125 0.12578125 0.01640625 0.025
2 0.61796875 0.20625 0.00703125 0.01015625
2 0.5609375 0.24921875 0.015625 0.01875
2 0.359375 0.38828125 0.01796875 0.025
2 0.9375 0.46484375 0.0234375 0.03515625
2 0.9171875 0.571875 0.03203125 0.084375
2 0.871875 0.734375 0.021875 0.02421875
2 0.81875 0.83984375 0.06953125 0.04296875
2 0.971875 0.97265625 0.01875 0.04375
2 0.79375 0.9390625 0.01484375 0.01796875
2 0.7828125 0.80078125 0.01953125 0.03984375
2 0.83125 0.76875 0.01328125 0.01640625
2 0.21953125 0.9890625 0.0328125 0.021875
2 0.00625 0.85 0.0125 0.028125
2 0.103125 0.58828125 0.02578125 0.053125
2 0.07265625 0.80625 0.0140625 0.02265625
3 0.984375 0.0640625 0.03125 0.128125
2 0.8984375 0.00625 0.0078125 0.0125
2 0.99140625 0.24765625 0.0171875 0.04140625
2 0.878125 0.20546875 0.00703125 0.01171875
2 0.9390625 0.3140625 0.0125 0.01796875
2 0.6078125 0.02734375 0.02578125 0.025
2 0.57265625 0.096875 0.06640625 0.06328125
2 0.6046875 0.15859375 0.01015625 0.01796875
2 0.59296875 0.14921875 0.01171875 0.01484375
2 0.6546875 0.19765625 0.00546875 0.0125
2 0.553125 0.31015625 0.01328125 0.01484375
2 0.4921875 0.37578125 0.0265625 0.05703125
2 0.48125 0.32890625 0.03203125 0.01953125
2 0.5140625 0.41953125 0.00859375 0.01484375
2 0.25625 0.40390625 0.04296875 0.03671875
2 0.8625 0.39453125 0.04765625 0.07109375
2 0.903125 0.41796875 0.0359375 0.04140625
2 0.909375 0.453125 0.01875 0.03984375
3 0.971875 0.6046875 0.05546875 0.28125
2 0.99453125 0.61875 0.0109375 0.01875
2 0.9046875 0.740625 0.02734375 0.034375
2 0.84765625 0.95078125 0.0171875 0.02421875
2 0.79609375 0.79609375 0.02109375 0.01640625
2 0.55 0.7734375 0.0578125 0.07109375
2 0.246875 0.996875 0.00859375 0.00625
2 0.0484375 0.878125 0.04140625 0.046875
2 0.09921875 0.66640625 0.021875 0.02265625
2 0.07578125 0.6265625 0.01171875 0.01796875
2 0.98515625 0.97109375 0.0296875 0.05703125
2 0.8875 0.02578125 0.0125 0.0125
2 0.140625 0.9234375 0.02109375 0.03046875
2 0.128125 0.7640625 0.03125 0.0375
2 0.571875 0.15234375 0.009375 0.02109375
16 0.4 0.17578125 0.26015625 0.328125
2 0.58828125 0.19453125 0.01484375 0.03046875
2 0.5453125 0.0609375 0.0203125 0.03046875
2 0.9671875 0.23671875 0.01015625 0.01953125
2 0.9796875 0.11640625 0.0171875 0.02265625
2 0.98125 0.21640625 0.0109375 0.01953125
2 0.85859375 0.1328125 0.03125 0.03671875
2 0.62578125 0.2171875 0.00703125 0.01640625
2 0.45625 0.3328125 0.015625 0.02421875
2 0.9828125 0.31796875 0.034375 0.07578125
3 0.859375 0.0609375 0.23359375 0.121875
2 0.95625 0.40234375 0.01015625 0.02109375
2 0.5703125 0.18671875 0.01953125 0.02265625
2 0.55 0.29140625 0.00703125 0.01875
2 0.8046875 0.51796875 0.0109375 0.015625
2 0.66953125 0.59375 0.0125 0.02578125
2 0.7234375 0.20234375 0.01484375 0.02109375
2 0.77421875 0.1625 0.01796875 0.05078125
2 0.5375 0.56953125 0.0140625 0.02578125
3 0.31875 0.53203125 0.215625 0.15546875
2 0.165625 0.6171875 0.0265625 0.02734375
2 0.1921875 0.61015625 0.009375 0.015625
2 0.3125 0.7484375 0.0140625 0.02421875
2 0.37265625 0.70390625 0.00546875 0.01171875
2 0.3703125 0.7703125 0.025 0.05625
2 0.9390625 0.59453125 0.01640625 0.034375
2 0.925 0.7828125 0.0109375 0.01796875
2 0.90703125 0.87734375 0.02890625 0.046875
2 0.76875 0.87421875 0.01484375 0.02578125
2 0.33984375 0.89453125 0.06640625 0.059375
2 0.3171875 0.95390625 0.02265625 0.025
2 0.27734375 0.840625 0.08515625 0.15625
2 0.215625 0.84765625 0.02421875 0.03671875
2 0.0078125 0.9875 0.0125 0.01875
2 0.0234375 0.9953125 0.015625 0.009375
2 0.0359375 0.92578125 0.0296875 0.03515625
2 0.084375 0.8421875 0.0203125 0.01640625
2 0.003125 0.590625 0.00625 0.015625
2 0.85 0.7484375 0.01015625 0.015625
2 0.29921875 0.990625 0.03125 0.01875
2 0.93984375 0.2140625 0.0234375 0.0375
2 0.52109375 0.99375 0.0140625 0.0125
2 0.665625 0.0875 0.0296875 0.021875
2 0.3265625 0.77109375 0.0125 0.01171875
2 0.64453125 0.11953125 0.01875 0.02734375
2 0.95546875 0.1296875 0.0171875 0.02109375
2 0.575 0.89609375 0.0625 0.14296875
2 0.253125 0.3078125 0.0359375 0.0375
2 0.64453125 0.49296875 0.02109375 0.03046875
2 0.375 0.51328125 0.01015625 0.01875
2 0.325 0.725 0.01171875 0.01875
2 0.26875 0.64609375 0.05234375 0.06328125
2 0.515625 0.72265625 0.0125 0.02890625
2 0.040625 0.3484375 0.08125 0.09375
2 0.165625 0.20546875 0.02109375 0.02578125
2 0.11875 0.35546875 0.04453125 0.040625
2 0.021875 0.52890625 0.04296875 0.03359375
2 0.78984375 0.9828125 0.0140625 0.034375
2 0.65703125 0.87890625 0.0125 0.01796875
2 0.12421875 0.96875 0.0421875 0.0625
2 0.346875 0.4625 0.00859375 0.02109375
2 0.7109375 0.11171875 0.0109375 0.01484375
2 0.1921875 0.08671875 0.0203125 0.03203125
2 0.31875 0.67890625 0.01953125 0.02265625
2 0.5421875 0.24921875 0.01015625 0.01171875
2 0.3703125 0.34296875 0.01484375 0.01875
2 0.5296875 0.7265625 0.01484375 0.01953125
2 0.2421875 0.18984375 0.03046875 0.05703125
2 0.33046875 0.3265625 0.01328125 0.0125
2 0.7390625 0.78046875 0.02421875 0.03828125
2 0.48203125 0.3046875 0.01796875 0.01953125
2 0.1515625 0.44609375 0.01640625 0.01875
2 0.09296875 0.00625 0.00703125 0.01171875
2 0.1578125 0.12265625 0.0265625 0.03359375
2 0.04921875 0.49296875 0.0265625 0.034375
2 0.2015625 0.6 0.01328125 0.021875
2 0.1296875 0.11953125 0.01484375 0.01796875
2 0.8265625 0.55859375 0.00859375 0.01171875
2 0.2828125 0.41796875 0.03828125 0.02421875
2 0.1796875 0.13046875 0.009375 0.009375
2 0.4515625 0.58203125 0.01328125 0.01640625
2 0.215625 0.13046875 0.0234375 0.03125
2 0.19453125 0.38828125 0.01484375 0.01796875
2 0.428125 0.64140625 0.025 0.028125
2 0.3046875 0.61171875 0.05703125 0.115625
2 0.5703125 0.05390625 0.00703125 0.01328125
2 0.640625 0.76796875 0.0140625 0.009375
2 0.3 0.7265625 0.009375 0.01796875
2 0.2625 0.35 0.01640625 0.0125
3 0.1109375 0.37265625 0.1375 0.11796875
2 0.3015625 0.44375 0.025 0.03515625
2 0.38125 0.8171875 0.0171875 0.03828125
2 0.6 0.33203125 0.01796875 0.028125
2 0.2203125 0.33984375 0.0109375 0.01328125
2 0.209375 0.68828125 0.03125 0.06953125
2 0.5609375 0.03828125 0.0078125 0.01640625
2 0.6859375 0.0828125 0.02265625 0.02734375
2 0.353125 0.48984375 0.03359375 0.03125
2 0.50625 0.60859375 0.0328125 0.053125
2 0.625 0.77109375 0.0296875 0.03515625
2 0.1390625 0.646875 0.0109375 0.01875
2 0.50390625 0.6609375 0.02890625 0.03828125
2 0.540625 0.17421875 0.01015625 0.025
2 0.15 0.01953125 0.01875 0.02265625