2 0.2515625 0.62421875 0.03359375 0.06953125
2 0.42734375 0.81875 0.01953125 0.02421875
2 0.1953125 0.80625 0.01484375 0.01953125
2 0.9265625 0.62265625 0.03984375 0.05078125
2 0.9484375 0.04921875 0.02578125 0.02109375
2 0.3453125 0.55078125 0.05859375 0.04765625
2 0.89375 0.44609375 0.0140625 0.02265625
2 0.80234375 0.62734375 0.0109375 0.02421875
2 0.434375 0.85546875 0.0140625 0.01953125
2 0.54453125 0.9703125 0.05546875 0.059375
2 0.8765625 0.2296875 0.0296875 0.03671875
2 0.56796875 0.1234375 0.0515625 0.06953125
2 0.128125 0.91953125 0.00859375 0.01953125
2 0.8390625 0.40390625 0.0140625 0.01484375
2 0.83046875 0.10078125 0.015625 0.01875
2 0.1625 0.91171875 0.02578125 0.01875
2 0.8859375 0.32890625 0.028125 0.06875
2 0.9484375 0.36015625 0.01328125 0.02734375
2 0.9125 0.27890625 0.03203125 0.059375
2 0.2359375 0.56484375 0.03203125 0.03046875
2 0.9140625 0.13828125 0.025 0.02421875
2 0.9546875 0.48203125 0.01640625 0.01953125
2 0.40390625 0.66015625 0.03046875 0.02734375
2 0.2859375 0.73828125 0.05234375 0.06796875
2 0.3109375 0.9046875 0.01640625 0.025
2 0.484375 0.51484375 0.61171875 0.96796875
2 0.0484375 0.9125 0.01796875 0.02421875
2 0.859375 0.35859375 0.01015625 0.01484375
2 0.9234375 0.77265625 0.0109375 0.01875
2 0.7203125 0.68203125 0.0125 0.028125
2 0.35625 0.89765625 0.0140625 0.01953125
2 0.88125 0.04140625 0.0265625 0.04375
2 0.76875 0.05546875 0.01875 0.02578125
2 0.98984375 0.45234375 0.01484375 0.04609375
2 0.38125 0.94140625 0.040625 0.02734375
2 0.9640625 0.240625 0.0140625 0.01484375
2 0.1109375 0.0171875 0.04609375 0.034375
2 0.95234375 0.56015625 0.01484375 0.01875
2 0.8453125 0.09609375 0.0125 0.01875
2 0.3953125 0.36953125 0.02109375 0.05859375
2 0.265625 0.49375 0.05390625 0.08359375
2 0.3109375 0.4796875 0.015625 0.01796875
2 0.99375 0.10546875 0.01171875 0.02265625
2 0.3765625 0.578125 0.01953125 0.02734375
2 0.8765625 0.27109375 0.02890625 0.05546875
2 0.7984375 0.453125 0.01484375 0.01875
2 0.246875 0.98828125 0.01953125 0.02265625
2 0.69921875 0.91640625 0.0546875 0.0375
2 0.9265625 0.86875 0.01953125 0.04296875
2 0.953125 0.10859375 0.01640625 0.01875
2 0.875 0.44375 0.01171875 0.01953125
2 0.8859375 0.390625 0.02890625 0.05
2 0.1953125 0.77109375 0.01796875 0.021875
2 0.990625 0.13359375 0.01796875 0.02578125
2 0.934375 0.40625 0.02109375 0.021875
2 0.2140625 0.85625 0.0125 0.01484375
2 0.28125 0.5953125 0.0203125 0.021875
2 0.2546875 0.84453125 0.009375 0.01640625
2 0.928125 0.10625 0.0234375 0.03046875
2 0.55703125 0.53359375 0.02421875 0.1125
2 0.93125 0.17421875 0.01796875 0.02109375
2 0.7484375 0.984375 0.034375 0.03125
2 0.9078125 0.84296875 0.02109375 0.034375
2 0.8703125 0.84453125 0.0140625 0.028125
2 0.94375 0.23125 0.0171875 0.03125
2 0.925 0.35078125 0.02109375 0.06640625
2 0.92265625 0.2 0.01171875 0.01875
2 0.9125 0.22734375 0.0234375 0.03359375
2 0.89375 0.47890625 0.0265625 0.02109375
2 0.8796875 0.46640625 0.009375 0.01171875
2 0.81484375 0.35859375 0.02734375 0.06015625
2 0.259375 0.684375 0.03515625 0.04375
2 0.2375 0.725 0.0125 0.02734375
2 0.44375 0.93125 0.0421875 0.05234375
2 0.5921875 0.9875 0.01875 0.025
2 0.390625 0.9828125 0.02109375 0.01953125
2 0.29140625 0.83984375 0.0109375 0.02578125
2 0.28828125 0.80859375 0.01328125 0.01640625
2 0.821875 0.84765625 0.00703125 0.0125
2 0.85859375 0.92421875 0.01328125 0.02421875
2 0.8765625 0.940625 0.03359375 0.03125
2 0.721875 0.30234375 0.0171875 0.02734375
2 0.79375 0.05390625 0.0203125 0.01953125
2 0.5390625 0.06796875 0.01484375 0.028125
2 0.8078125 0.29140625 0.009375 0.0125
2 0.5421875 0.6140625 0.015625 0.01640625
2 0.32109375 0.78125 0.02421875 0.03046875
2 0.0984375 0.56015625 0.02734375 0.05859375
2 0.0734375 0.23046875 0.01171875 0.01953125
2 0.7921875 0.92421875 0.0078125 0.01875
2 0.9484375 0.8703125 0.0109375 0.01640625
2 0.83515625 0.97421875 0.05390625 0.05078125
2 0.546875 0.25390625 0.0375 0.03125
2 0.61640625 0.02421875 0.0625 0.03828125
2 0.009375 0.95859375 0.01171875 0.01484375
2 0.678125 0.10703125 0.021875 0.04296875
2 0.89765625 0.99375 0.01015625 0.01171875
2 0.721875 0.39921875 0.0125 0.01796875
2 0.5640625 0.32265625 0.01328125 0.02734375
2 0.571875 0.0078125 0.01015625 0.015625
2 0.46953125 0.0484375 0.0625 0.06953125
2 0.08046875 0.84921875 0.0125 0.01875
2 0.29375 0.78671875 0.01015625 0.01640625
2 0.93125 0.803125 0.01796875 0.028125
2 0.8859375 0.83203125 0.025 0.046875
2 0.0125 0.98828125 0.01015625 0.01796875
2 0.9171875 0.97578125 0.0265625 0.021875
2 0.36328125 0.02265625 0.02421875 0.04453125
2 0.77421875 0.32890625 0.04296875 0.053125
2 0.0390625 0.47578125 0.0328125 0.03515625
2 0.74140625 0.3265625 0.0171875 0.01953125
2 0.78671875 0.03203125 0.0125 0.01875
2 0.69140625 0.0265625 0.0125 0.03203125
2 0.74921875 0.74453125 0.04921875 0.02265625
2 0.5546875 0.215625 0.028125 0.02578125
2 0.7453125 0.38125 0.01953125 0.02734375
2 0.75703125 0.01015625 0.0140625 0.0203125
2 0.83671875 0.47578125 0.02109375 0.02109375
2 0.95625 0.84296875 0.0078125 0.01484375
2 0.53359375 0.09375 0.0234375 0.02421875
2 0.38671875 0.44453125 0.01640625 0.03203125
2 0.7609375 0.21484375 0.04140625 0.075
2 0.39140625 0.1953125 0.02109375 0.03984375
2 0.2703125 0.0265625 0.03203125 0.053125
2 0.4171875 0.20390625 0.01796875 0.03203125
2 0.728125 0.56640625 0.01171875 0.01328125
2 0.94140625 0.71484375 0.03828125 0.046875
2 0.25625 0.09375 0.01953125 0.03046875
2 0.8578125 0.275 0.00703125 0.01640625
2 0.9078125 0.81015625 0.01875 0.02578125
2 0.9171875 0.49453125 0.021875 0.01796875
2 0.8390625 0.83984375 0.0109375 0.015625
2 0.465625 0.10625 0.0625 0.071875
2 0.85 0.6875 0.015625 0.015625
2 0.51640625 0.5703125 0.01875 0.01171875
2 0.41484375 0.43828125 0.01640625 0.025
2 0.4375 0.56953125 0.03359375 0.02421875
2 0.88125 0.32890625 0.015625 0.01640625
2 0.35390625 0.29921875 0.028125 0.034375
2 0.34375 0.03203125 0.01796875 0.02265625
2 0.96171875 0.653125 0.0078125 0.01875
2 0.9015625 0.9171875 0.021875 0.01796875
2 0.6609375 0.1671875 0.009375 0.02109375
2 0.4203125 0.90546875 0.015625 0.01875
2 0.35625 0.0859375 0.021875 0.01953125
2 0.865625 0.87734375 0.0109375 0.01875
2 0.0765625 0.8703125 0.015625 0.0125
2 0.31640625 0.50390625 0.015625 0.015625
2 0.4078125 0.61328125 0.03671875 0.04765625
2 0.44140625 0.3515625 0.03203125 0.05
2 0.9765625 0.57421875 0.01484375 0.02578125
2 0.83671875 0.71796875 0.015625 0.04296875
0 0.98203125 0.3953125 0.0359375 0.040625
2 0.51875 0.14296875 0.0265625 0.05234375
2 0.0359375 0.08984375 0.06484375 0.07109375
2 0.98984375 0.06171875 0.0203125 0.02890625
2 0.3671875 0.32890625 0.02109375 0.03046875
2 0.7578125 0.8328125 0.00703125 0.015625
2 0.9 0.953125 0.01328125 0.03125
2 0.390625 0.021875 0.0234375 0.03203125
2 0.9015625 0.8796875 0.01875 0.028125
2 0.88125 0.59140625 0.0328125 0.053125
2 0.996875 0.94609375 0.0046875 0.01015625
2 0.9625 0.94765625 0.01796875 0.01796875
2 0.846875 0.34765625 0.015625 0.01875
2 0.86796875 0.6703125 0.01875 0.04140625
2 0.471875 0.609375 0.02109375 0.01640625
2 0.38046875 0.165625 0.02890625 0.04609375
2 0.096875 0.725 0.0125 0.0125
2 0.384375 0.08515625 0.025 0.03515625
3 0.6953125 0.40625 0.3328125 0.8125
2 0.984375 0.9859375 0.021875 0.028125
2 0.7640625 0.59921875 0.03359375 0.02890625
2 0.85234375 0.6078125 0.01328125 0.04140625
2 0.51640625 0.07421875 0.0203125 0.01640625
2 0.8453125 0.77265625 0.03046875 0.06171875
2 0.3625 0.42734375 0.0359375 0.01953125
2 0.5328125 0.43828125 0.01015625 0.02109375
2 0.040625 0.65234375 0.02109375 0.04921875
2 0.55390625 0.01796875 0.0171875 0.01640625
2 0.7953125 0.16953125 0.03046875 0.05703125
2 0.97578125 0.89921875 0.02421875 0.04453125
2 0.4203125 0.2765625 0.0578125 0.09921875
2 0.81640625 0.51796875 0.01796875 0.028125
2 0.778125 0.46171875 0.0359375 0.08671875
2 0.7171875 0.59609375 0.0171875 0.02890625
2 0.7421875 0.603125 0.015625 0.01953125
2 0.8203125 0.68203125 0.02265625 0.028125
2 0.7375 0.66328125 0.01328125 0.01875
2 0.9578125 0.97109375 0.01328125 0.015625
2 0.93828125 0.91328125 0.0125 0.02421875
2 0.31328125 0.01796875 0.0203125 0.03515625
2 0.415625 0.0578125 0.01640625 0.02734375
2 0.025 0.21328125 0.05 0.0875
2 0.51015625 0.32890625 0.01640625 0.040625
2 0.478125 0.38828125 0.0390625 0.07890625
2 0.5078125 0.475 0.0265625 0.078125
0 0.5078125 0.79375 0.03828125 0.03671875
2 0.515625 0.65546875 0.015625 0.0125
2 0.984375 0.68203125 0.025 0.03515625
2 0.425 0.10234375 0.01796875 0.01953125
2 0.309375 0.23203125 0.03125 0.03125
2 0.4203125 0.46796875 0.015625 0.01953125
2 0.3515625 0.2484375 0.02734375 0.04296875
2 0.7421875 0.41015625 0.0171875 0.02421875
2 0.52421875 0.21796875 0.0203125 0.01484375
2 0.98203125 0.64453125 0.0359375 0.06015625
2 0.8078125 0.5984375 0.02578125 0.02109375
2 0.021875 0.0078125 0.03359375 0.015625
2 0.28515625 0.20390625 0.1546875 0.18359375
2 0.125 0.85703125 0.01640625 0.01640625
2 0.3359375 0.85 0.053125 0.078125
2 0.4546875 0.4546875 0.05390625 0.065625
2 0.41875 0.3796875 0.0234375 0.06484375
2 0.38828125 0.90390625 0.0125 0.01484375
2 0.21875 0.60390625 0.0125 0.01953125
2 0.365625 0.9703125 0.01015625 0.01953125
2 0.4109375 0.725 0.01796875 0.028125
2 0.82265625 0.63984375 0.01640625 0.015625
2 0.8359375 0.5640625 0.03203125 0.040625
2 0.7484375 0.52734375 0.03203125 0.03515625
2 0.9 0.73046875 0.01484375 0.01328125
2 0.940625 0.96015625 0.01328125 0.02421875
2 0.6359375 0.08984375 0.015625 0.021875
2 0.49140625 0.16796875 0.03203125 0.034375
2 0.153125 0.14140625 0.01796875 0.03046875
2 0.2421875 0.33984375 0.02265625 0.03125
2 0.24453125 0.45859375 0.0109375 0.01484375
2 0.3921875 0.53515625 0.02421875 0.05234375
2 0.33828125 0.72421875 0.04296875 0.03828125
2 0.3890625 0.24765625 0.04765625 0.040625
2 0.9390625 0.02265625 0.025 0.02890625
2 0.9109375 0.17109375 0.01875 0.01484375
2 0.89375 0.221875 0.01484375 0.025
2 0.9484375 0.28125 0.03984375 0.07265625
2 0.90234375 0.425 0.02109375 0.03984375
2 0.990625 0.4875 0.0125 0.01796875
2 0.3890625 0.75546875 0.07578125 0.04921875
2 0.30390625 0.58203125 0.01015625 0.01796875
2 0.6984375 0.85234375 0.03203125 0.05625
2 0.34609375 0.95703125 0.015625 0.025
2 0.371875 0.84140625 0.01796875 0.03515625
2 0.12421875 0.9734375 0.0390625 0.053125
2 0.475 0.87421875 0.01796875 0.02890625
2 0.940625 0.203125 0.00625 0.01171875
2 0.865625 0.35546875 0.01484375 0.03203125
2 0.77734375 0.56171875 0.01796875 0.03046875
2 0.85625 0.50859375 0.0328125 0.05234375
2 0.89921875 0.1671875 0.009375 0.01171875
2 0.9015625 0.12734375 0.0078125 0.01328125
2 0.97578125 0.14140625 0.009375 0.01328125
2 0.965625 0.796875 0.04765625 0.04296875
2 0.953125 0.90390625 0.01796875 0.03125
2 0.59296875 0.26171875 0.0140625 0.025
2 0.8765625 0.7671875 0.04140625 0.09140625
2 0.228125 0.91328125 0.0140625 0.05234375
2 0.2640625 0.3375 0.028125 0.05859375
2 0.9125 0.03125 0.015625 0.02421875
2 0.440625 0.2125 0.01640625 0.01640625
2 0.93984375 0.5203125 0.03828125 0.06484375
2 0.1796875 0.7453125 0.02109375 0.06015625
2 0.196875 0.89921875 0.0484375 0.05546875
2 0.8734375 0.42421875 0.0078125 0.009375
2 0.9171875 0.1546875 0.0109375 0.0125
2 0.8484375 0.36953125 0.01171875 0.02109375
2 0.46171875 0.6328125 0.015625 0.025
2 0.29765625 0.3 0.08984375 0.04921875
2 0.446875 0.528125 0.09609375 0.10078125
2 0.8078125 0.73203125 0.0390625 0.059375
2 0.73125 0.46328125 0.0359375 0.08359375
2 0.7421875 0.6375 0.01953125 0.021875
2 0.753125 0.70703125 0.028125 0.01953125
2 0.89375 0.6703125 0.01875 0.034375
2 0.42734375 0.08125 0.01796875 0.01875
2 0.16015625 0.33046875 0.03125 0.053125
2 0.88984375 0.14765625 0.01328125 0.025
2 0.97734375 0.31875 0.0453125 0.059375
2 0.890625 0.50078125 0.02578125 0.01484375
2 0.86640625 0.46484375 0.015625 0.015625
2 0.30625 0.81484375 0.015625 0.021875
2 0.31015625 0.9296875 0.0234375 0.028125
2 0.2515625 0.87734375 0.01796875 0.04296875
2 0.03515625 0.99140625 0.02890625 0.01640625
2 0.23046875 0.78359375 0.01953125 0.01953125
2 0.2484375 0.82109375 0.01640625 0.01953125
2 0.91171875 0.71171875 0.03046875 0.02734375
2 0.946875 0.14453125 0.0328125 0.04375
2 0.859375 0.40390625 0.01875 0.025
2 0.9171875 0.07109375 0.015625 0.03671875
2 0.4453125 0.96796875 0.0234375 0.015625
2 0.0484375 0.9734375 0.0125 0.01953125
2 0.8859375 0.18671875 0.00703125 0.009375
2 0.60625 0.915625 0.05546875 0.06015625
2 0.453125 0.66953125 0.0140625 0.01640625
2 0.88359375 0.425 0.01015625 0.01328125
2 0.9125 0.40390625 0.01796875 0.034375
2 0.090625 0.96328125 0.01171875 0.028125
2 0.9765625 0.21796875 0.02265625 0.02890625
2 0.96796875 0.0046875 0.01015625 0.009375
2 0.17890625 0.85859375 0.015625 0.02109375
2 0.9328125 0.37734375 0.0046875 0.00859375
2 0.9703125 0.02421875 0.0171875 0.025
2 0.28359375 0.8953125 0.01484375 0.02109375