2 0.15625 0.259375 0.0234375 0.028125
2 0.625 0.98984375 0.0265625 0.01953125
2 0.121875 0.20546875 0.02890625 0.03515625
2 0.9 0.84609375 0.0296875 0.0375
2 0.68828125 0.36953125 0.0328125 0.04921875
2 0.94921875 0.62734375 0.01328125 0.01171875
2 0.8203125 0.878125 0.03359375 0.03359375
2 0.3640625 0.27734375 0.009375 0.01796875
2 0.9109375 0.684375 0.0109375 0.01484375
2 0.409375 0.78203125 0.01015625 0.01953125
2 0.4734375 0.75078125 0.03203125 0.02890625
2 0.09375 0.68671875 0.04296875 0.04609375
2 0.85625 0.07578125 0.02109375 0.03359375
2 0.7046875 0.64140625 0.028125 0.03671875
2 0.8609375 0.49765625 0.03828125 0.0375
2 0.940625 0.803125 0.03125 0.034375
2 0.525 0.6234375 0.0625 0.05
2 0.421875 0.28671875 0.00859375 0.015625
2 0.5875 0.54140625 0.015625 0.025
2 0.31875 0.73125 0.0265625 0.03984375
2 0.34375 0.94296875 0.01484375 0.02890625
2 0.9328125 0.34765625 0.02109375 0.03203125
2 0.734375 0.98828125 0.03125 0.02265625
2 0.4125 0.34453125 0.021875 0.02421875
2 0.89375 0.04609375 0.0328125 0.08984375
2 0.90625 0.13828125 0.02265625 0.02890625
2 0.96796875 0.325 0.0640625 0.078125
2 0.5234375 0.05546875 0.0265625 0.03203125
2 0.9390625 0.25078125 0.05703125 0.075
2 0.721875 0.08984375 0.01171875 0.0125
2 0.65546875 0.13828125 0.01328125 0.01953125
2 0.7734375 0.3453125 0.00859375 0.009375
2 0.21875 0.73359375 0.028125 0.02578125
2 0.0609375 0.79296875 0.0171875 0.01875
2 0.81875 0.84296875 0.04453125 0.03515625
2 0.8390625 0.6640625 0.028125 0.02578125
2 0.9484375 0.65 0.021875 0.028125
2 0.9703125 0.63359375 0.01796875 0.025
2 0.928125 0.5453125 0.0390625 0.04140625
2 0.74375 0.540625 0.04609375 0.05
2 0.83671875 0.55390625 0.01796875 0.02578125
2 0.9625 0.3671875 0.01484375 0.03671875
2 0.653125 0.04765625 0.01953125 0.02421875
2 0.2515625 0.41640625 0.0359375 0.03203125
2 0.5875 0.859375 0.01953125 0.02734375
2 0.4890625 0.85859375 0.02578125 0.03515625
2 0.221875 0.64765625 0.02890625 0.0375
2 0.16875 0.78671875 0.01484375 0.02734375
2 0.15546875 0.49296875 0.02734375 0.05703125
2 0.93125 0.86328125 0.02109375 0.02265625
2 0.6859375 0.6765625 0.021875 0.03359375
2 0.4953125 0.2359375 0.02890625 0.05
2 0.425 0.89375 0.02890625 0.03828125
2 0.39296875 0.82734375 0.03125 0.05625
2 0.0125 0.93203125 0.025 0.05703125
2 0.134375 0.27734375 0.02265625 0.040625
2 0.0703125 0.16875 0.1359375 0.3375
2 0.940625 0.76484375 0.02734375 0.03125
2 0.859375 0.73046875 0.02265625 0.02265625
2 0.15859375 0.40859375 0.01328125 0.028125
2 0.8671875 0.25546875 0.02421875 0.03984375
2 0.94375 0.12890625 0.0296875 0.04921875
2 0.80625 0.56875 0.021875 0.02890625
14 0.4734375 0.44765625 0.634375 0.89453125
2 0.01015625 0.18046875 0.0203125 0.040625
2 0.2875 0.16171875 0.009375 0.01796875
2 0.6140625 0.10390625 0.02890625 0.02265625
2 0.5890625 0.75546875 0.03203125 0.04375
2 0.0578125 0.48203125 0.034375 0.05
2 0.14375 0.08046875 0.03203125 0.03671875
2 0.73046875 0.75859375 0.025 0.034375
2 0.75625 0.66484375 0.01796875 0.02265625
2 0.715625 0.6046875 0.02265625 0.0375
2 0.90078125 0.6375 0.01640625 0.025