0 0.47421875 0.31875 0.04765625 0.08671875
0 0.4015625 0.33515625 0.0671875 0.06328125
2 0.4265625 0.1765625 0.01484375 0.01328125
2 0.665625 0.15625 0.0046875 0.00859375
2 0.403125 0.28984375 0.01640625 0.028125
2 0.67109375 0.89609375 0.0109375 0.015625
0 0.625 0.44609375 0.02421875 0.04453125
2 0.48359375 0.7046875 0.021875 0.02734375
2 0.390625 0.753125 0.01484375 0.02421875
2 0.375 0.75390625 0.01796875 0.0375
2 0.6 0.634375 0.07734375 0.06640625
16 0.4265625 0.03671875 0.26171875 0.07265625
2 0.421875 0.96796875 0.01484375 0.01796875
2 0.45390625 0.82578125 0.0109375 0.0125
2 0.4703125 0.57734375 0.009375 0.01640625
2 0.37890625 0.49609375 0.01796875 0.05234375
3 0.5421875 0.52578125 0.03046875 0.05
2 0.0640625 0.89453125 0.025 0.028125
2 0.3984375 0.42421875 0.01796875 0.0375
2 0.38125 0.5640625 0.01484375 0.01484375
2 0.840625 0.34296875 0.00546875 0.00546875
2 0.8515625 0.31640625 0.01484375 0.01171875
2 0.97109375 0.178125 0.0171875 0.021875
2 0.875 0.18984375 0.0171875 0.01953125
2 0.7390625 0.3765625 0.0109375 0.01640625
2 0.70234375 0.36640625 0.0078125 0.00546875
2 0.4984375 0.24375 0.02109375 0.02734375
2 0.6984375 0.75078125 0.025 0.03515625
2 0.60078125 0.90390625 0.0234375 0.028125
2 0.3421875 0.11015625 0.0390625 0.06484375
2 0.1828125 0.47265625 0.01328125 0.0125
2 0.79375 0.85078125 0.01484375 0.01640625
2 0.7234375 0.19453125 0.01640625 0.02578125
2 0.36796875 0.19921875 0.01328125 0.02578125
2 0.82265625 0.54296875 0.0046875 0.00703125
2 0.82421875 0.9890625 0.0265625 0.021875
2 0.7046875 0.48359375 0.00859375 0.01171875
2 0.8765625 0.684375 0.00859375 0.01640625
2 0.7890625 0.89140625 0.01328125 0.01796875
2 0.696875 0.32265625 0.01875 0.01875
2 0.8265625 0.35546875 0.0046875 0.00625
2 0.72890625 0.478125 0.00625 0.01015625
2 0.1765625 0.23828125 0.01875 0.02109375
2 0.6609375 0.11328125 0.0171875 0.021875
2 0.7984375 0.09609375 0.009375 0.0125
2 0.24453125 0.33984375 0.0078125 0.01171875
2 0.6953125 0.35234375 0.0140625 0.01796875
2 0.7015625 0.075 0.01328125 0.01484375
2 0.53515625 0.9421875 0.0125 0.0125
2 0.45546875 0.24765625 0.01171875 0.02421875
2 0.2984375 0.33359375 0.01171875 0.01796875
2 0.79296875 0.20703125 0.03984375 0.05078125
2 0.8296875 0.0578125 0.00859375 0.01875
2 0.25625 0.259375 0.0484375 0.03671875
2 0.8078125 0.3078125 0.0203125 0.021875
2 0.940625 0.5890625 0.0078125 0.01484375
2 0.703125 0.453125 0.01484375 0.02109375
2 0.88046875 0.40859375 0.009375 0.01171875
2 0.759375 0.99609375 0.00546875 0.00703125
2 0.978125 0.56875 0.00703125 0.01484375
2 0.27578125 0.03515625 0.009375 0.0125
2 0.03046875 0.33359375 0.0609375 0.05078125
2 0.14375 0.37890625 0.01640625 0.03125
2 0.975 0.08203125 0.02734375 0.03828125
2 0.996875 0.709375 0.00546875 0.0125
2 0.7265625 0.25859375 0.06875 0.06015625
2 0.81875 0.9203125 0.01640625 0.02578125
2 0.23203125 0.31328125 0.015625 0.028125
2 0.6890625 0.02734375 0.02734375 0.04296875
2 0.1328125 0.06796875 0.0171875 0.02421875
2 0.72734375 0.3859375 0.00859375 0.01171875
0 0.475 0.39765625 0.01953125 0.03046875
2 0.8546875 0.7546875 0.009375 0.0125
2 0.76171875 0.9578125 0.021875 0.01953125
2 0.5625 0.93828125 0.0171875 0.02265625
2 0.18125 0.43515625 0.0109375 0.01796875
2 0.8234375 0.51953125 0.0046875 0.00703125
2 0.25625 0.41640625 0.01796875 0.025
2 0.253125 0.21640625 0.01484375 0.02734375
2 0.5703125 0.8984375 0.0234375 0.021875
2 0.9796875 0.67109375 0.01875 0.015625
2 0.29609375 0.0203125 0.009375 0.02421875
2 0.759375 0.29921875 0.03984375 0.040625
2 0.53984375 0.91484375 0.02109375 0.01640625
2 0.1640625 0.21328125 0.01328125 0.01484375
2 0.6484375 0.16640625 0.00703125 0.0125
2 0.8765625 0.11796875 0.015625 0.02265625
2 0.975 0.3890625 0.0078125 0.00859375
2 0.515625 0.3078125 0.009375 0.009375
2 0.146875 0.11484375 0.0171875 0.02734375
2 0.784375 0.37734375 0.0375 0.05546875
2 0.08671875 0.1109375 0.01484375 0.015625
2 0.5953125 0.06796875 0.0078125 0.009375
2 0.9125 0.58515625 0.0046875 0.00859375
2 0.8078125 0.63046875 0.00625 0.00703125
2 0.21171875 0.17265625 0.01875 0.02109375
2 0.4203125 0.15390625 0.01171875 0.01953125
2 0.846875 0.559375 0.00546875 0.00859375
2 0.0640625 0.18203125 0.00703125 0.015625
2 0.4171875 0.26796875 0.009375 0.015625
2 0.83125 0.79453125 0.0125 0.01015625
2 0.4609375 0.95859375 0.01328125 0.028125
2 0.21328125 0.38828125 0.01484375 0.01484375
2 0.6453125 0.74609375 0.0140625 0.02734375
2 0.2578125 0.31328125 0.01640625 0.02265625
2 0.8953125 0.66640625 0.01875 0.02421875
2 0.50546875 0.92890625 0.01171875 0.0125
2 0.29140625 0.21953125 0.0265625 0.03515625
2 0.91875 0.6390625 0.01875 0.02890625
2 0.9453125 0.6953125 0.0203125 0.01875
0 0.55390625 0.4609375 0.01171875 0.02109375
2 0.325 0.35625 0.01484375 0.01796875
2 0.24921875 0.11171875 0.00859375 0.01796875
2 0.75625 0.60625 0.00703125 0.00859375
2 0.8234375 0.7625 0.01796875 0.02109375
2 0.78046875 0.58671875 0.02109375 0.01328125
2 0.81015625 0.384375 0.01015625 0.009375
2 0.81640625 0.36484375 0.00703125 0.00859375
2 0.8375 0.32578125 0.0078125 0.009375
2 0.3328125 0.30234375 0.0109375 0.025
2 0.2890625 0.37734375 0.03046875 0.02265625
2 0.15234375 0.4328125 0.021875 0.02578125
2 0.16328125 0.3609375 0.0125 0.015625
2 0.01875 0.27734375 0.0234375 0.02890625
2 0.18125 0.16796875 0.0203125 0.025
2 0.925 0.28125 0.0140625 0.015625
2 0.9125 0.26171875 0.01640625 0.02421875
2 0.68125 0.23515625 0.01875 0.01875
2 0.6171875 0.24765625 0.01484375 0.034375
2 0.67890625 0.0734375 0.0171875 0.01640625
2 0.4640625 0.21953125 0.0203125 0.02578125
2 0.521875 0.91953125 0.00703125 0.01484375
2 0.7578125 0.59375 0.00703125 0.01484375
2 0.28046875 0.00703125 0.0171875 0.0140625
2 0.896875 0.53046875 0.0046875 0.00390625
2 0.99765625 0.50078125 0.0046875 0.01328125
2 0.140625 0.40859375 0.02265625 0.02265625
2 0.2265625 0.43203125 0.03046875 0.03359375
2 0.2609375 0.35625 0.0109375 0.0125
2 0.85625 0.8453125 0.00625 0.0125
2 0.78671875 0.94140625 0.0109375 0.015625
2 0.13671875 0.23203125 0.02578125 0.04453125
2 0.15546875 0.1875 0.0109375 0.02890625
2 0.09375 0.2140625 0.0140625 0.02890625
2 0.7421875 0.65546875 0.01640625 0.01640625
2 0.75625 0.37578125 0.01015625 0.01953125
2 0.715625 0.3734375 0.0140625 0.01875
2 0.68046875 0.28203125 0.02109375 0.025
2 0.615625 0.02890625 0.01796875 0.021875
2 0.55546875 0.12578125 0.0109375 0.01640625
2 0.490625 0.93671875 0.01171875 0.01796875
2 0.3359375 0.40390625 0.025 0.03359375
2 0.8265625 0.91328125 0.0125 0.0125
2 0.965625 0.853125 0.0078125 0.01328125
2 0.865625 0.68984375 0.01484375 0.01875
2 0.9109375 0.50546875 0.01640625 0.025
2 0.7609375 0.53984375 0.0125 0.01640625
2 0.76171875 0.71875 0.01796875 0.01640625
2 0.99765625 0.47421875 0.0046875 0.009375
2 0.99765625 0.4125 0.0046875 0.00859375
2 0.7796875 0.4625 0.0140625 0.015625
2 0.7578125 0.47734375 0.01328125 0.01953125
2 0.1703125 0.50703125 0.01484375 0.01953125
2 0.2171875 0.359375 0.01015625 0.015625
2 0.19609375 0.06953125 0.06640625 0.046875
2 0.8296875 0.38984375 0.00703125 0.00859375
2 0.221875 0.02890625 0.0421875 0.03671875
2 0.12421875 0.14765625 0.01640625 0.02890625
2 0.0375 0.42109375 0.00859375 0.01484375
2 0.6875 0.20390625 0.01875 0.03125
2 0.62421875 0.278125 0.01015625 0.0125
2 0.3734375 0.79765625 0.01171875 0.021875
2 0.3421875 0.92890625 0.01328125 0.01875
2 0.2046875 0.96015625 0.0203125 0.02109375
2 0.2625 0.94921875 0.01328125 0.01796875
2 0.3328125 0.68359375 0.01953125 0.02421875
2 0.33125 0.65234375 0.009375 0.01171875
2 0.3453125 0.59453125 0.02734375 0.04375
2 0.3796875 0.38359375 0.009375 0.021875
2 0.240625 0.76328125 0.01171875 0.01875
2 0.30703125 0.86484375 0.0140625 0.021875
2 0.1046875 0.95 0.02265625 0.034375
2 0.4046875 0.87421875 0.02734375 0.02890625
2 0.1203125 0.87734375 0.01640625 0.01796875
8 0.4875 0.4453125 0.19765625 0.134375
2 0.496875 0.575 0.01328125 0.021875
2 0.02421875 0.7140625 0.0234375 0.02734375
2 0.31875 0.51796875 0.02890625 0.03828125
2 0.290625 0.93984375 0.01328125 0.02109375
2 0.246875 0.69296875 0.0203125 0.04375
2 0.27265625 0.73828125 0.01640625 0.02734375
2 0.27421875 0.7890625 0.01953125 0.01875
0 0.540625 0.43046875 0.028125 0.059375
2 0.39921875 0.98046875 0.021875 0.021875
0 0.58046875 0.371875 0.059375 0.090625
2 0.22578125 0.61640625 0.01171875 0.01484375
2 0.4640625 0.80703125 0.00703125 0.01796875
2 0.51328125 0.38984375 0.04296875 0.140625
2 0.5609375 0.8640625 0.01953125 0.01640625
0 0.54453125 0.62265625 0.04921875 0.04609375
2 0.41796875 0.50546875 0.025 0.040625
2 0.22578125 0.57265625 0.01953125 0.021875
2 0.15546875 0.97578125 0.01796875 0.0375
2 0.534375 0.65703125 0.0171875 0.02109375
2 0.4109375 0.65234375 0.01328125 0.01640625
2 0.4296875 0.7328125 0.0125 0.01953125
2 0.47265625 0.63828125 0.03046875 0.02265625
2 0.3515625 0.5390625 0.01953125 0.03671875
2 0.3578125 0.478125 0.0203125 0.02265625
2 0.2015625 0.990625 0.021875 0.01875
2 0.0640625 0.69765625 0.0203125 0.03359375
2 0.4734375 0.86328125 0.0109375 0.0125
2 0.3390625 0.97734375 0.0109375 0.01640625
2 0.2890625 0.49296875 0.0203125 0.03828125
2 0.44140625 0.96640625 0.015625 0.01640625
0 0.615625 0.54765625 0.02734375 0.05078125
2 0.4421875 0.85 0.0109375 0.009375
2 0.41953125 0.45625 0.02578125 0.05703125
2 0.459375 0.36875 0.01640625 0.021875
2 0.35234375 0.35546875 0.01640625 0.021875
2 0.32734375 0.99375 0.0109375 0.0125
2 0.43046875 0.58203125 0.02109375 0.01796875
2 0.2203125 0.73046875 0.0171875 0.01640625