2 0.44453125 0.91171875 0.01015625 0.01484375
2 0.815625 0.89609375 0.0078125 0.01640625
2 0.80625 0.77890625 0.0078125 0.01328125
2 0.3375 0.88671875 0.05390625 0.08046875
2 0.45625 0.74296875 0.01640625 0.02578125
2 0.12890625 0.34140625 0.01796875 0.028125
2 0.246875 0.51015625 0.0171875 0.0375
2 0.178125 0.23125 0.015625 0.01796875
2 0.1828125 0.3234375 0.00546875 0.01171875
2 0.3390625 0.415625 0.009375 0.0125
2 0.98984375 0.965625 0.0203125 0.028125
2 0.5890625 0.59140625 0.01015625 0.0125
2 0.8015625 0.95078125 0.01171875 0.021875
2 0.52421875 0.7859375 0.00546875 0.01484375
2 0.140625 0.30703125 0.01484375 0.02890625
2 0.2984375 0.2234375 0.0078125 0.015625
2 0.3015625 0.01015625 0.0140625 0.015625
2 0.215625 0.09140625 0.0171875 0.01640625
2 0.09453125 0.28828125 0.0171875 0.01953125
2 0.43828125 0.94921875 0.01328125 0.01328125
2 0.79375 0.80390625 0.02109375 0.02578125
2 0.821875 0.73203125 0.0125 0.01484375
2 0.396875 0.85390625 0.0234375 0.03515625
2 0.3203125 0.77109375 0.01015625 0.02265625
2 0.365625 0.56796875 0.01875 0.03359375
2 0.209375 0.11796875 0.021875 0.02265625
2 0.18203125 0.04453125 0.1078125 0.0890625
2 0.0625 0.04765625 0.01484375 0.0125
2 0.19296875 0.34453125 0.0109375 0.01953125
2 0.20078125 0.39765625 0.021875 0.03125
2 0.51015625 0.39296875 0.01796875 0.02890625
2 0.24140625 0.10546875 0.01796875 0.01640625
2 0.7140625 0.8109375 0.0078125 0.01328125
2 0.50625 0.78203125 0.00703125 0.02109375
2 0.71484375 0.9953125 0.0140625 0.009375
2 0.553125 0.75703125 0.00703125 0.00859375
2 0.4796875 0.49296875 0.01875 0.02265625
2 0.49921875 0.80234375 0.009375 0.01328125
2 0.7359375 0.8484375 0.02265625 0.03046875
2 0.175 0.39921875 0.02265625 0.01875
2 0.521875 0.76328125 0.01328125 0.01796875
2 0.1640625 0.34453125 0.01171875 0.025
2 0.540625 0.64765625 0.00703125 0.01328125
2 0.32109375 0.82421875 0.0171875 0.01953125
2 0.57109375 0.55546875 0.01171875 0.01640625
2 0.45 0.53515625 0.01484375 0.02265625
2 0.70078125 0.81875 0.01015625 0.01796875
2 0.178125 0.37421875 0.01953125 0.0375
2 0.33125 0.38203125 0.0203125 0.03828125
2 0.9625 0.90546875 0.01171875 0.01875
2 0.88359375 0.60703125 0.00859375 0.01640625
2 0.2796875 0.2484375 0.0171875 0.03046875
2 0.2703125 0.675 0.0140625 0.025
2 0.72734375 0.81875 0.0109375 0.01328125
2 0.4765625 0.83359375 0.00859375 0.01015625
2 0.32109375 0.25703125 0.015625 0.02265625
2 0.134375 0.0078125 0.01484375 0.015625
2 0.13828125 0.24375 0.01875 0.034375
2 0.7859375 0.7828125 0.0125 0.03125
2 0.2921875 0.71015625 0.01015625 0.01015625
2 0.15625 0.33125 0.0046875 0.01015625
2 0.7234375 0.88828125 0.01875 0.02109375
2 0.165625 0.3234375 0.009375 0.01796875
2 0.7140625 0.91484375 0.015625 0.01328125
2 0.4640625 0.72265625 0.01796875 0.01953125
2 0.75625 0.96953125 0.01328125 0.0375
2 0.5546875 0.31171875 0.01953125 0.04609375
2 0.3046875 0.48046875 0.028125 0.02734375
2 0.2484375 0.25859375 0.02734375 0.04921875
2 0.125 0.22109375 0.0140625 0.01875
2 0.7640625 0.803125 0.0140625 0.015625
2 0.56015625 0.7234375 0.02109375 0.04765625
2 0.396875 0.58046875 0.01875 0.01953125
2 0.7125 0.78359375 0.01171875 0.025
2 0.5390625 0.96953125 0.0109375 0.01796875
0 0.52578125 0.05859375 0.0171875 0.02734375
8 0.465625 0.64765625 0.096875 0.11015625
3 0.94453125 0.71953125 0.1109375 0.125
3 0.7796875 0.36171875 0.15625 0.24140625
0 0.67421875 0.00703125 0.0171875 0.0140625
0 0.58671875 0.3 0.0390625 0.1125
0 0.6578125 0.3984375 0.0203125 0.02265625
0 0.6515625 0.82265625 0.07734375 0.05703125
0 0.5578125 0.40390625 0.07421875 0.11015625
0 0.515625 0.31171875 0.0921875 0.115625
0 0.515625 0.21171875 0.0984375 0.08515625
2 0.846875 0.03984375 0.01015625 0.009375
2 0.84921875 0.65546875 0.01328125 0.02578125
2 0.2171875 0.42890625 0.01484375 0.03359375
2 0.0796875 0.5078125 0.0109375 0.01640625
5 0.12890625 0.66171875 0.01953125 0.09296875
2 0.01875 0.76171875 0.009375 0.040625
2 0.64375 0.21171875 0.02890625 0.04140625
2 0.8359375 0.60625 0.01015625 0.01796875
0 0.47265625 0.084375 0.0625 0.16875
2 0.28984375 0.6953125 0.0109375 0.01796875
2 0.2625 0.70234375 0.015625 0.03125
2 0.2875 0.625 0.025 0.040625
2 0.42421875 0.14453125 0.01796875 0.02421875
2 0.1078125 0.0203125 0.0171875 0.040625
2 0.1234375 0.38203125 0.009375 0.02109375
2 0.178125 0.33203125 0.0078125 0.0125
0 0.4921875 0.07109375 0.02578125 0.034375
0 0.640625 0.58984375 0.078125 0.10234375
2 0.8796875 0.07109375 0.03359375 0.028125
2 0.778125 0.18515625 0.03671875 0.05
2 0.99140625 0.22578125 0.0078125 0.015625
0 0.6640625 0.45078125 0.01875 0.021875
0 0.66015625 0.51328125 0.0328125 0.03125
0 0.65625 0.7625 0.08125 0.0625
2 0.77890625 0.44609375 0.01796875 0.02265625
2 0.8890625 0.9921875 0.0171875 0.015625
2 0.55546875 0.97109375 0.01015625 0.028125
2 0.384375 0.7609375 0.0234375 0.02578125
2 0.571875 0.646875 0.01875 0.01875
2 0.4796875 0.784375 0.009375 0.01171875
2 0.49375 0.45078125 0.0203125 0.03046875
2 0.5375 0.33359375 0.0125 0.01796875
2 0.3140625 0.63515625 0.021875 0.03046875
2 0.43125 0.5734375 0.01328125 0.01328125
0 0.52109375 0.01171875 0.0171875 0.0234375
2 0.80234375 0.62734375 0.009375 0.02109375
2 0.21171875 0.7671875 0.0375 0.03046875
2 0.06015625 0.78125 0.01171875 0.01875
2 0.825 0.19921875 0.01171875 0.02421875
2 0.2421875 0.72109375 0.02265625 0.05
2 0.97578125 0.82578125 0.01484375 0.01953125
0 0.05546875 0.9609375 0.1109375 0.078125
2 0.246875 0.4578125 0.0296875 0.046875
2 0.928125 0.55078125 0.00703125 0.01015625
2 0.21796875 0.38046875 0.009375 0.01953125
2 0.11328125 0.70234375 0.02109375 0.01953125
2 0.01953125 0.67109375 0.028125 0.03984375
2 0.06953125 0.86171875 0.009375 0.021875
2 0.96875 0.4421875 0.0234375 0.03359375
2 0.8125 0.6171875 0.0125 0.01796875
2 0.228125 0.4 0.00546875 0.00859375
2 0.1375 0.61796875 0.03125 0.04296875
2 0.725 0.95625 0.01640625 0.021875
2 0.74375 0.73671875 0.01328125 0.01875
2 0.72421875 0.83515625 0.00703125 0.01015625
2 0.45234375 0.87734375 0.02109375 0.01875
2 0.5359375 0.74609375 0.00625 0.009375
2 0.57109375 0.62109375 0.01484375 0.01484375
2 0.575 0.60390625 0.01015625 0.01484375
2 0.5796875 0.57734375 0.00859375 0.01640625
2 0.30703125 0.66953125 0.03671875 0.05546875
2 0.48359375 0.75546875 0.01171875 0.009375
2 0.8 0.71328125 0.01015625 0.01484375
2 0.0171875 0.859375 0.0171875 0.02890625
0 0.6546875 0.68515625 0.084375 0.090625
0 0.625 0.95546875 0.06875 0.08828125
2 0.3703125 0.67421875 0.09375 0.1125
2 0.1890625 0.32890625 0.009375 0.009375
2 0.025 0.59609375 0.015625 0.015625
2 0.9375 0.496875 0.01171875 0.01484375
2 0.20625 0.3609375 0.0078125 0.009375
2 0.896875 0.56015625 0.009375 0.01484375
2 0.9265625 0.06328125 0.03046875 0.02578125
2 0.9125 0.29453125 0.00625 0.01171875
2 0.1109375 0.2046875 0.0328125 0.03203125
2 0.76328125 0.50078125 0.025 0.04453125
2 0.0875 0.48203125 0.01328125 0.01875
2 0.14453125 0.53359375 0.01875 0.03203125
2 0.04375 0.55859375 0.0078125 0.01328125
0 0.60234375 0.50625 0.0625 0.06640625
2 0.1625 0.91640625 0.0171875 0.04140625
2 0.74453125 0.6234375 0.01484375 0.02421875
2 0.6390625 0.28046875 0.01484375 0.03125
0 0.62890625 0.87890625 0.05078125 0.06875
2 0.903125 0.61484375 0.00546875 0.00859375
0 0.14453125 0.98125 0.0453125 0.0375
2 0.20390625 0.4703125 0.05546875 0.09453125
2 0.715625 0.40625 0.02890625 0.0375
2 0.85859375 0.565625 0.00703125 0.01015625
2 0.88125 0.67734375 0.01015625 0.01640625
2 0.0046875 0.6265625 0.009375 0.03125
2 0.8828125 0.03359375 0.00859375 0.00859375
2 0.87578125 0.653125 0.01171875 0.021875
2 0.14765625 0.71328125 0.02578125 0.02421875
2 0.471875 0.44921875 0.01171875 0.01796875
2 0.15390625 0.21875 0.02734375 0.03203125
0 0.68203125 0.54140625 0.0171875 0.01953125
0 0.5328125 0.15625 0.01875 0.03125
2 0.984375 0.20703125 0.00390625 0.00703125
2 0.865625 0.57890625 0.00859375 0.02109375
2 0.1453125 0.8109375 0.0203125 0.03828125
2 0.1 0.45078125 0.0109375 0.02109375
2 0.43125 0.37265625 0.01328125 0.02109375
0 0.68125 0.92109375 0.05625 0.11796875
2 0.903125 0.64140625 0.009375 0.01484375
2 0.9375 0.5328125 0.01328125 0.02421875
2 0.83984375 0.7203125 0.01171875 0.02578125
2 0.07109375 0.5671875 0.0140625 0.02421875
2 0.8640625 0.04921875 0.0109375 0.01171875
2 0.97265625 0.23359375 0.0109375 0.021875
2 0.4640625 0.85546875 0.0078125 0.01171875
2 0.78828125 0.1 0.021875 0.025
2 0.65234375 0.94921875 0.01953125 0.02734375
2 0.0859375 0.89453125 0.025 0.03046875
2 0.8625 0.67265625 0.0203125 0.02421875
2 0.8453125 0.14375 0.01015625 0.02109375
2 0.8984375 0.5953125 0.00703125 0.01171875
2 0.8203125 0.03046875 0.015625 0.0125
0 0.6046875 0.425 0.0578125 0.09921875
2 0.9421875 0.64453125 0.0109375 0.01640625