2 0.0640625 0.009375 0.03125 0.01875
2 0.1203125 0.31796875 0.23984375 0.35703125
2 0.0125 0.01875 0.0078125 0.0125
2 0.2984375 0.22890625 0.13046875 0.17109375
2 0.4078125 0.06953125 0.03359375 0.01640625
2 0.515625 0.0109375 0.0390625 0.021875
2 0.384375 0.02421875 0.021875 0.0484375
2 0.96953125 0.55859375 0.05859375 0.04921875
2 0.8359375 0.515625 0.04140625 0.04453125
2 0.8203125 0.54375 0.01171875 0.0125
2 0.990625 0.890625 0.01796875 0.02265625
2 0.915625 0.77890625 0.01015625 0.01953125
2 0.671875 0.4609375 0.01796875 0.05078125
2 0.690625 0.41171875 0.0375 0.04296875
2 0.74765625 0.27890625 0.01171875 0.009375
2 0.6890625 0.25625 0.0375 0.03359375
2 0.05859375 0.8703125 0.01640625 0.04140625
2 0.740625 0.36171875 0.02578125 0.03359375
2 0.446875 0.11015625 0.0296875 0.04296875
2 0.01875 0.80546875 0.0375 0.03984375
2 0.7890625 0.509375 0.015625 0.01640625
2 0.090625 0.0265625 0.02421875 0.03359375
2 0.703125 0.47734375 0.04765625 0.05234375
2 0.5625 0.44296875 0.0609375 0.05078125
2 0.79921875 0.8671875 0.1015625 0.265625
2 0.72109375 0.87734375 0.021875 0.02109375
2 0.096875 0.74921875 0.03046875 0.03515625
2 0.128125 0.49453125 0.08671875 0.125
2 0.0078125 0.12421875 0.01484375 0.01796875
2 0.3796875 0.09453125 0.01328125 0.02421875
2 0.41171875 0.15703125 0.01796875 0.015625
2 0.4546875 0.14921875 0.0125 0.028125
2 0.4328125 0.0234375 0.0265625 0.04375
2 0.853125 0.47265625 0.0109375 0.021875
2 0.99140625 0.75234375 0.01328125 0.01953125
2 0.3828125 0.81796875 0.05 0.08046875
2 0.0203125 0.853125 0.040625 0.06875
2 0.0765625 0.66640625 0.153125 0.21953125
2 0.73515625 0.33046875 0.028125 0.02578125
2 0.60859375 0.359375 0.02890625 0.03671875
2 0.70078125 0.42265625 0.01171875 0.02890625
2 0.7546875 0.690625 0.028125 0.05234375
2 0.7109375 0.36171875 0.01875 0.01875
2 0.06875 0.43359375 0.0265625 0.046875
2 0.075 0.09765625 0.13046875 0.11640625
2 0.0578125 0.0375 0.04765625 0.02578125
2 0.3125 0.08046875 0.09375 0.1609375
2 0.35703125 0.00703125 0.03359375 0.01328125
2 0.4671875 0.09765625 0.01953125 0.03828125
2 0.02109375 0.546875 0.0421875 0.06796875
2 0.79921875 0.3625 0.0140625 0.01640625
2 0.9125 0.50078125 0.01875 0.02265625
2 0.6265625 0.34609375 0.03984375 0.046875
2 0.8609375 0.4984375 0.01484375 0.02109375
2 0.753125 0.32421875 0.01796875 0.02109375
2 0.884375 0.5078125 0.021875 0.02265625
2 0.6796875 0.31015625 0.0796875 0.0875
2 0.58125 0.37265625 0.015625 0.02421875
2 0.775 0.47421875 0.0375 0.065625
2 0.384375 0.95703125 0.23515625 0.08515625
2 0.03203125 0.01640625 0.021875 0.03203125
2 0.578125 0.40625 0.02578125 0.03125
2 0.8671875 0.58984375 0.01640625 0.02578125
2 0.7171875 0.26328125 0.015625 0.01875
2 0.92109375 0.65 0.1578125 0.15625
2 0.7953125 0.70234375 0.0484375 0.06484375
2 0.37578125 0.06015625 0.0203125 0.01640625
2 0.0171875 0.95078125 0.01953125 0.02265625
2 0.24375 0.43828125 0.2828125 0.27734375
2 0.0546875 0.52578125 0.07109375 0.12421875
2 0.515625 0.7859375 0.20859375 0.221875
2 0.1046875 0.0453125 0.0296875 0.03125
2 0.67109375 0.83359375 0.0828125 0.10859375
2 0.1078125 0.85 0.06796875 0.09609375
2 0.8859375 0.85703125 0.021875 0.03515625
2 0.2796875 0.59609375 0.05 0.04453125
2 0.540625 0.9609375 0.0625 0.078125
2 0.41640625 0.09375 0.02890625 0.025
2 0.73984375 0.56328125 0.0359375 0.03125
2 0.784375 0.37578125 0.01171875 0.01015625
2 0.8984375 0.81640625 0.01875 0.03046875
2 0.36015625 0.021875 0.01484375 0.01875
2 0.0546875 0.82578125 0.021875 0.0375
2 0.3984375 0.75078125 0.05703125 0.075
2 0.39140625 0.1375 0.0203125 0.01875
2 0.090625 0.7875 0.02265625 0.02265625
2 0.88125 0.48203125 0.03203125 0.03046875
2 0.20546875 0.109375 0.14140625 0.21875
2 0.9171875 0.74609375 0.00703125 0.009375
2 0.71640625 0.2484375 0.00859375 0.015625
2 0.6875 0.9328125 0.0953125 0.09375
2 0.434375 0.18359375 0.02265625 0.025
2 0.89296875 0.37890625 0.01640625 0.01875
2 0.84375 0.3734375 0.03125 0.040625
2 0.97578125 0.2671875 0.0140625 0.02109375
5 0.1734375 0.71171875 0.1171875 0.13828125
2 0.978125 0.23984375 0.0171875 0.01640625
2 0.9921875 0.2640625 0.01015625 0.0125
2 0.9171875 0.303125 0.01953125 0.02734375
2 0.934375 0.44921875 0.040625 0.05859375
2 0.990625 0.50546875 0.01796875 0.05234375
2 0.40390625 0.3546875 0.03515625 0.04375
2 0.3640625 0.13125 0.02109375 0.01875
2 0.96796875 0.40234375 0.02265625 0.01328125
2 0.85 0.421875 0.02578125 0.01875
2 0.4171875 0.32578125 0.015625 0.02265625
2 0.39375 0.32265625 0.0140625 0.01875
2 0.378125 0.2515625 0.02578125 0.04375
2 0.56484375 0.1546875 0.2796875 0.30703125
2 0.8875 0.284375 0.015625 0.01484375
2 0.828125 0.334375 0.02109375 0.021875
2 0.81640625 0.39921875 0.025 0.0625
2 0.4875 0.07578125 0.02734375 0.03671875
2 0.903125 0.38359375 0.00625 0.01328125
2 0.7484375 0.2359375 0.0421875 0.03203125
2 0.89375 0.32109375 0.01796875 0.025
2 0.8625 0.3265625 0.0171875 0.02734375
2 0.9140625 0.27109375 0.01015625 0.01171875
2 0.97265625 0.30546875 0.0078125 0.01015625
2 0.90859375 0.45703125 0.00859375 0.01171875
2 0.99609375 0.3828125 0.0078125 0.0125
2 0.91328125 0.36171875 0.009375 0.01328125
2 0.9171875 0.4671875 0.015625 0.02421875
2 0.40625 0.278125 0.0375 0.06171875
2 0.9015625 0.4234375 0.00859375 0.01171875
2 0.4296875 0.34921875 0.01953125 0.01875
2 0.8875 0.3484375 0.03671875 0.03203125
2 0.3765625 0.15625 0.02265625 0.01953125
2 0.825 0.2578125 0.01015625 0.01484375
2 0.84765625 0.33125 0.00859375 0.015625
2 0.7953125 0.425 0.01015625 0.01171875
2 0.8796875 0.3734375 0.01171875 0.01875
4 0.496875 0.5 0.64375 1
2 0.97890625 0.48046875 0.03671875 0.03828125
2 0.83515625 0.40859375 0.025 0.02890625
2 0.17890625 0.8859375 0.0375 0.05
2 0.9015625 0.4015625 0.015625 0.01796875
2 0.84296875 0.22421875 0.0078125 0.01015625
5 0.9015625 0.93984375 0.196875 0.11953125
2 0.884375 0.4265625 0.01015625 0.02109375
5 0.5515625 0.57734375 0.1828125 0.2125
2 0.934375 0.34453125 0.01171875 0.01484375
2 0.8140625 0.34609375 0.0140625 0.021875
2 0.8546875 0.30234375 0.01796875 0.01484375
2 0.40078125 0.39453125 0.03984375 0.02578125
2 0.81484375 0.20546875 0.0296875 0.02890625
2 0.39375 0.42109375 0.025 0.025
2 0.8046875 0.2984375 0.01640625 0.03359375
2 0.44921875 0.32734375 0.028125 0.06328125
2 0.42265625 0.2234375 0.021875 0.0375
2 0.325 0.85859375 0.0484375 0.06484375
2 0.86875 0.43125 0.0109375 0.01484375
2 0.8234375 0.4625 0.02265625 0.03046875
2 0.85625 0.55078125 0.021875 0.046875
2 0.7234375 0.82734375 0.01953125 0.04375
2 0.6296875 0.43671875 0.07109375 0.09921875
2 0.76796875 0.32578125 0.0171875 0.046875
2 0.746875 0.30234375 0.0296875 0.015625
2 0.771875 0.26328125 0.0078125 0.009375
2 0.7265625 0.42734375 0.0359375 0.05390625
2 0.59296875 0.9109375 0.03671875 0.08359375
2 0.2484375 0.65859375 0.06171875 0.075
2 0.4140625 0.0375 0.01953125 0.02890625
2 0.896875 0.10390625 0.20625 0.2078125
2 0.47421875 0.01171875 0.0203125 0.0234375
2 0.08125 0.984375 0.1625 0.03125
2 0.0546875 0.7640625 0.0546875 0.05859375
2 0.18515625 0.60390625 0.0671875 0.09921875
2 0.2015625 0.528125 0.0703125 0.065625
2 0.95546875 0.24609375 0.015625 0.01953125
2 0.99453125 0.3140625 0.01015625 0.01484375
2 0.9890625 0.33828125 0.0078125 0.01484375
2 0.8640625 0.26796875 0.02890625 0.04609375
2 0.8859375 0.79296875 0.021875 0.021875
2 0.778125 0.65703125 0.0125 0.01796875
2 0.7609375 0.7234375 0.0234375 0.0375
2 0.76015625 0.65859375 0.009375 0.015625
2 0.7421875 0.9734375 0.05234375 0.053125
2 0.68125 0.6453125 0.125 0.278125