2 0.6375 0.70703125 0.009375 0.01640625
2 0.575 0.00234375 0.00859375 0.00390625
2 0.8953125 0.92421875 0.0140625 0.01328125
2 0.25546875 0.0734375 0.025 0.021875
2 0.9515625 0.90625 0.0125 0.015625
2 0.98828125 0.99375 0.0203125 0.0125
2 0.77421875 0.1140625 0.00625 0.00859375
2 0.81640625 0.46640625 0.0265625 0.034375
2 0.25625 0.04453125 0.02265625 0.02109375
2 0.30546875 0.09140625 0.1703125 0.1828125
2 0.79453125 0.0984375 0.00625 0.01015625
2 0.82890625 0.975 0.0390625 0.05
2 0.990625 0.42890625 0.01796875 0.01875
2 0.6328125 0.0171875 0.0125 0.015625
2 0.73046875 0.62109375 0.0078125 0.01328125
2 0.8765625 0.2484375 0.00859375 0.00859375
2 0.096875 0.29765625 0.00703125 0.01171875
2 0.07421875 0.5765625 0.0625 0.084375
2 0.71484375 0.984375 0.0171875 0.03125
2 0.8984375 0.65234375 0.125 0.15
2 0.803125 0.1234375 0.0171875 0.01171875
2 0.85546875 0.98046875 0.0296875 0.021875
2 0.98359375 0.84140625 0.0328125 0.04765625
2 0.2328125 0.646875 0.01796875 0.021875
2 0.0578125 0.46796875 0.02890625 0.025
2 0.8765625 0.33984375 0.00859375 0.00859375
2 0.7140625 0.5953125 0.034375 0.04296875
2 0.5671875 0.14609375 0.0109375 0.0125
2 0.703125 0.31328125 0.0109375 0.01484375
2 0.4046875 0.06953125 0.04375 0.05234375
2 0.984375 0.89140625 0.0203125 0.01796875
2 0.08125 0.3421875 0.0140625 0.01875
2 0.1328125 0.2453125 0.18359375 0.11796875
2 0.8125 0.65078125 0.0109375 0.01953125
2 0.60703125 0.63203125 0.0125 0.009375
2 0.678125 0.9671875 0.07734375 0.065625
2 0.65390625 0.74609375 0.07890625 0.121875
2 0.653125 0.70625 0.0046875 0.00859375
2 0.6203125 0.6125 0.0078125 0.00859375
2 0.58046875 0.84296875 0.01640625 0.02109375
2 0.5828125 0.6328125 0.00859375 0.01328125
2 0.5828125 0.5609375 0.00546875 0.01328125
2 0.8234375 0.52578125 0.0125 0.0125
2 0.6265625 0.934375 0.01171875 0.021875
2 0.55 0.02265625 0.0078125 0.0125
2 0.89375 0.46796875 0.04453125 0.03046875
2 0.6984375 0.246875 0.0265625 0.021875
2 0.5296875 0.39765625 0.128125 0.23203125
2 0.47890625 0.33359375 0.02421875 0.05859375
2 0.45625 0.62109375 0.01015625 0.0125
2 0.38515625 0.77109375 0.0265625 0.05234375
2 0.44765625 0.77109375 0.04609375 0.11640625
2 0.02890625 0.21875 0.01875 0.02265625
2 0.5421875 0.809375 0.015625 0.00859375
0 0.60703125 0.88515625 0.07421875 0.12734375
2 0.4375 0.278125 0.0296875 0.03203125
5 0.71796875 0.28125 0.015625 0.01328125
2 0.3796875 0.6921875 0.03203125 0.03984375
2 0.4359375 0.17109375 0.06484375 0.06484375
0 0.63359375 0.4875 0.0515625 0.11171875
2 0.42265625 0.11796875 0.03125 0.02734375
2 0.0125 0.396875 0.02421875 0.03984375
0 0.44296875 0.13828125 0.05234375 0.04609375
2 0.0171875 0.24375 0.034375 0.084375
2 0.4875 0.79453125 0.02421875 0.03359375
2 0.9515625 0.08203125 0.009375 0.01171875
2 0.453125 0.59453125 0.0078125 0.01953125
5 0.55703125 0.2234375 0.0140625 0.01796875
2 0.6890625 0.31328125 0.00859375 0.01171875
5 0.8328125 0.28515625 0.0203125 0.01484375
0 0.7921875 0.31015625 0.02734375 0.02734375
0 0.7375 0.3390625 0.0234375 0.03125
2 0.51953125 0.05078125 0.0890625 0.1015625
2 0.98125 0.52421875 0.0171875 0.01640625
2 0.653125 0.29375 0.0890625 0.14140625
2 0.78515625 0.284375 0.0125 0.01015625
2 0.95234375 0.82421875 0.015625 0.03203125
2 0.16328125 0.55078125 0.1953125 0.26171875
2 0.246875 0.7046875 0.0171875 0.02734375
2 0.6640625 0.91640625 0.021875 0.05234375
2 0.553125 0.98125 0.0359375 0.0375
2 0.78203125 0.66484375 0.0078125 0.021875
2 0.8796875 0.05546875 0.13046875 0.11015625
2 0.79296875 0.62421875 0.01640625 0.0125
2 0.7828125 0.45546875 0.021875 0.02421875
2 0.57109375 0.79921875 0.0078125 0.02265625
2 0.5234375 0.74296875 0.00546875 0.00703125
2 0.45390625 0.6375 0.009375 0.01171875
2 0.525 0.27109375 0.0296875 0.025
2 0.67265625 0.40390625 0.00703125 0.01328125
2 0.6375 0.42421875 0.05078125 0.06953125
5 0.45 0.43359375 0.01015625 0.01640625
2 0.3984375 0.29765625 0.0203125 0.01328125
2 0.9234375 0.93828125 0.01328125 0.01171875
5 0.55625 0.965625 0.009375 0.01640625
2 0.6640625 0.66875 0.04140625 0.04609375
2 0.59609375 0.00390625 0.0109375 0.0078125
2 0.55078125 0.00546875 0.01015625 0.01015625
2 0.48359375 0.96796875 0.02890625 0.06328125
2 0.51484375 0.9625 0.025 0.07421875
2 0.81015625 0.1125 0.0125 0.00859375
2 0.85234375 0.2015625 0.0078125 0.01015625
2 0.9203125 0.4265625 0.0078125 0.02421875
2 0.9421875 0.41796875 0.00625 0.00703125
2 0.06875 0.41640625 0.00625 0.009375
2 0.31875 0.39609375 0.01953125 0.02578125
2 0.2390625 0.29453125 0.00859375 0.015625
2 0.17421875 0.01015625 0.0171875 0.0203125
2 0.253125 0.02421875 0.01640625 0.01796875
0 0.9078125 0.8625 0.184375 0.18671875
0 0.7578125 0.8140625 0.05703125 0.06484375
0 0.528125 0.87265625 0.0703125 0.12109375
15 0.553125 0.65390625 0.046875 0.27578125
2 0.459375 0.70078125 0.0109375 0.02265625
2 0.4125 0.7171875 0.0203125 0.03203125
2 0.40234375 0.73671875 0.00703125 0.01015625
2 0.30625 0.63359375 0.0125 0.01015625
2 0.43828125 0.35703125 0.06015625 0.11953125
2 0.39375 0.16640625 0.01640625 0.01953125
2 0.478125 0.11875 0.025 0.02421875
2 0.853125 0.8265625 0.02578125 0.03046875
2 0.98046875 0.934375 0.0390625 0.04609375
2 0.7046875 0.9046875 0.025 0.040625
2 0.48984375 0.9265625 0.0796875 0.146875
2 0.62265625 0.98203125 0.0265625 0.02421875
2 0.7390625 0.63359375 0.01796875 0.01796875
2 0.603125 0.6859375 0.0796875 0.06484375
2 0.784375 0.47890625 0.01015625 0.01484375
2 0.99609375 0.39453125 0.0078125 0.0203125
2 0.80234375 0.7484375 0.171875 0.11015625
2 0.26953125 0.40234375 0.0984375 0.134375
2 0.34296875 0.43203125 0.009375 0.01640625
2 0.14921875 0.1046875 0.1578125 0.1625
2 0.04453125 0.096875 0.0890625 0.19375
2 0.2125 0.12578125 0.0203125 0.01640625
2 0.0296875 0.29453125 0.00859375 0.01328125
2 0.79375 0.26484375 0.00703125 0.00859375
2 0.76015625 0.07890625 0.0046875 0.00703125
2 0.928125 0.2234375 0.01484375 0.01796875
2 0.8546875 0.25859375 0.00546875 0.009375
5 0.7265625 0.28828125 0.01328125 0.01484375
0 0.41875 0.85234375 0.071875 0.05078125
0 0.2359375 0.76171875 0.04609375 0.05
0 0.7234375 0.4140625 0.08515625 0.078125
2 0.4296875 0.64609375 0.009375 0.0125
2 0.46796875 0.85859375 0.0203125 0.0625
2 0.4828125 0.24453125 0.0109375 0.01640625
2 0.4875 0.27109375 0.0171875 0.015625
2 0.29296875 0.65234375 0.04140625 0.05703125
0 0.80703125 0.796875 0.0625 0.06953125
5 0.590625 0.2890625 0.01171875 0.01875
5 0.61953125 0.81015625 0.02734375 0.04765625
0 0.54375 0.88671875 0.04765625 0.096875
0 0.6046875 0.79453125 0.06015625 0.09453125
0 0.90234375 0.11953125 0.1921875 0.2390625
2 0.728125 0.91640625 0.015625 0.02109375
2 0.9765625 0.971875 0.01484375 0.03046875
2 0.7796875 0.63046875 0.01015625 0.01328125
2 0.784375 0.91484375 0.0578125 0.08203125
2 0.94921875 0.978125 0.0359375 0.04375
2 0.7375 0.97421875 0.025 0.02734375
2 0.89375 0.23203125 0.02890625 0.028125
2 0.80078125 0.18125 0.01328125 0.01015625
2 0.67578125 0.20703125 0.01328125 0.01640625
2 0.98984375 0.49140625 0.00859375 0.015625
2 0.78125 0.18828125 0.00546875 0.00703125
2 0.25546875 0.65 0.01484375 0.01328125
2 0.00625 0.54296875 0.0125 0.0421875
2 0.04375 0.50546875 0.08671875 0.06796875
2 0.19765625 0.08046875 0.01015625 0.01953125
2 0.309375 0.23515625 0.16796875 0.16171875
2 0.0671875 0.3328125 0.015625 0.03515625
2 0.3875 0.81953125 0.02734375 0.025
2 0.6578125 0.3703125 0.0390625 0.0375
2 0.47265625 0.653125 0.0109375 0.02109375
0 0.48125 0.12421875 0.07734375 0.246875
0 0.76484375 0.69140625 0.11328125 0.07578125
2 0.59765625 0.48828125 0.01875 0.02109375
2 0.340625 0.6515625 0.0328125 0.059375
0 0.8140625 0.54921875 0.18515625 0.15234375
2 0.340625 0.75546875 0.04453125 0.08125
2 0.48671875 0.63984375 0.04765625 0.07734375
0 0.77734375 0.40703125 0.02421875 0.02734375
2 0.5 0.88828125 0.03203125 0.034375
2 0.459375 0.28515625 0.01875 0.02734375
0 0.99296875 0.68359375 0.0140625 0.08203125
2 0.03984375 0.44765625 0.01953125 0.015625
2 0.41875 0.46484375 0.16875 0.29765625
2 0.23671875 0.27109375 0.0171875 0.01875
2 0.49765625 0.715625 0.0140625 0.01484375
2 0.409375 0.68671875 0.0109375 0.02265625
2 0.3984375 0.69921875 0.0078125 0.01484375
2 0.4578125 0.39453125 0.01484375 0.025
2 0.3609375 0.64765625 0.00703125 0.009375
0 0.971875 0.64453125 0.05625 0.128125
5 0.753125 0.19140625 0.034375 0.03359375
5 0.709375 0.29296875 0.0078125 0.01328125
2 0.98828125 0.03359375 0.0234375 0.05390625
2 0.43515625 0.70546875 0.021875 0.0375
2 0.4171875 0.61328125 0.04296875 0.06640625
2 0.61796875 0.38984375 0.04453125 0.08984375
2 0.53125 0.53046875 0.04609375 0.03203125
2 0.32578125 0.31484375 0.01171875 0.01328125
5 0.75859375 0.03984375 0.009375 0.01796875
2 0.675 0.11171875 0.00703125 0.00859375
2 0.640625 0.02734375 0.0046875 0.00859375
2 0.859375 0.13671875 0.00546875 0.009375
2 0.79609375 0.24296875 0.01953125 0.025
2 0.9546875 0.26953125 0.0203125 0.02734375
2 0.990625 0.32265625 0.01640625 0.021875
2 0.996875 0.5328125 0.00546875 0.009375
2 0.9390625 0.56171875 0.0359375 0.07265625
2 0.90625 0.75703125 0.02265625 0.03515625
2 0.0296875 0.60078125 0.059375 0.0640625
2 0.15859375 0.34296875 0.14765625 0.17421875
2 0.203125 0.046875 0.01796875 0.021875
2 0.05625 0.23515625 0.01484375 0.01484375
0 0.871875 0.94375 0.0171875 0.01953125
0 0.61328125 0.12734375 0.01328125 0.021875
5 0.56875 0.22890625 0.0109375 0.01875
5 0.725 0.265625 0.01015625 0.01484375
0 0.6984375 0.82578125 0.10234375 0.13125
0 0.5734375 0.20078125 0.0921875 0.19453125
0 0.69375 0.5359375 0.1046875 0.07890625
2 0.6484375 0.07734375 0.0078125 0.01171875
2 0.61953125 0.034375 0.01328125 0.0125
2 0.8234375 0.175 0.0125 0.0125
2 0.946875 0.20859375 0.00859375 0.009375
2 0.72890625 0.24765625 0.0171875 0.0125
2 0.7953125 0.2765625 0.0046875 0.00859375
2 0.9078125 0.19609375 0.003125 0.00859375
0 0.9125 0.7171875 0.0859375 0.05234375
0 0.415625 0.77890625 0.03671875 0.075
2 0.1 0.31796875 0.01171875 0.009375
2 0.74296875 0.15078125 0.00546875 0.00703125
2 0.45078125 0.05703125 0.0203125 0.03828125
2 0.928125 0.42734375 0.00703125 0.00703125
2 0.278125 0.21875 0.02265625 0.01640625
2 0.33125 0.45546875 0.00703125 0.009375
2 0.4046875 0.096875 0.01484375 0.01328125
2 0.778125 0.10390625 0.0078125 0.01015625
2 0.83203125 0.25234375 0.0171875 0.01640625
2 0.2078125 0.71171875 0.05390625 0.08984375
2 0.9515625 0.01640625 0.00859375 0.01640625
2 0.865625 0.33828125 0.00546875 0.00703125
2 0.7171875 0.1 0.0046875 0.00546875
2 0.3359375 0.61015625 0.03125 0.03125
2 0.61875 0.05546875 0.00625 0.01015625
2 0.7875 0.07734375 0.01015625 0.01640625
2 0.078125 0.03515625 0.0125 0.01328125
2 0.090625 0.30234375 0.00546875 0.01328125
2 0.27421875 0.02890625 0.0125 0.01484375
2 0.66875 0.13046875 0.01328125 0.02265625
2 0.996875 0.35234375 0.00546875 0.021875
2 0.3015625 0.584375 0.084375 0.08359375
2 0.196875 0.01484375 0.01328125 0.02890625
2 0.78828125 0.14921875 0.00390625 0.00625