3 0.5828125 0.40859375 0.046875 0.11171875
3 0.153125 0.67109375 0.0890625 0.17265625
2 0.840625 0.74609375 0.009375 0.0125
2 0.178125 0.3015625 0.02109375 0.03125
2 0.075 0.46953125 0.0046875 0.00546875
2 0.10234375 0.27578125 0.0046875 0.00546875
2 0.9265625 0.93203125 0.01328125 0.02265625
2 0.940625 0.96015625 0.0046875 0.00546875
2 0.771875 0.91796875 0.00703125 0.009375
2 0.60234375 0.34296875 0.021875 0.02265625
2 0.8484375 0.67578125 0.01328125 0.01953125
2 0.73203125 0.871875 0.0203125 0.03203125
2 0.0078125 0.00546875 0.00625 0.00625
2 0.140625 0.125 0.01953125 0.02734375
2 0.17734375 0.16484375 0.01640625 0.03125
2 0.00625 0.33203125 0.00625 0.009375
2 0.053125 0.6625 0.021875 0.02890625
2 0.81484375 0.11953125 0.02734375 0.02578125
2 0.88984375 0.03671875 0.015625 0.028125
2 0.9890625 0.1078125 0.0078125 0.0125
2 0.77265625 0.25859375 0.00859375 0.01640625
2 0.978125 0.21328125 0.00625 0.01015625
2 0.93671875 0.28125 0.00546875 0.009375
2 0.9984375 0.33359375 0.0015625 0.01796875
2 0.940625 0.5328125 0.02265625 0.03671875
2 0.35625 0.8828125 0.01640625 0.01953125
2 0.2125 0.90234375 0.003125 0.00546875
2 0.2390625 0.91171875 0.00546875 0.009375
2 0.23359375 0.815625 0.00625 0.00625
2 0.36875 0.80703125 0.0078125 0.01015625
2 0.75546875 0.2734375 0.00703125 0.00703125
2 0.8484375 0.1875 0.01953125 0.02265625
2 0.571875 0.69609375 0.00625 0.0125
2 0.53671875 0.5515625 0.0078125 0.01015625
2 0.5359375 0.62578125 0.00625 0.00625
2 0.428125 0.58203125 0.00859375 0.00703125
2 0.14375 0.02109375 0.01328125 0.01484375
2 0.2265625 0.00234375 0.00390625 0.00390625
2 0.24609375 0.11484375 0.01015625 0.02421875
2 0.20234375 0.2015625 0.00859375 0.009375
2 0.159375 0.17578125 0.00703125 0.01640625
2 0.1453125 0.24296875 0.00390625 0.00625
2 0.10546875 0.37734375 0.01171875 0.02734375
2 0.071875 0.41640625 0.01796875 0.040625
2 0.00390625 0.621875 0.0078125 0.02890625
2 0.0171875 0.9046875 0.01484375 0.02265625
2 0.7953125 0.15390625 0.01015625 0.01875
2 0.8671875 0.084375 0.01953125 0.025
2 0.9546875 0.06953125 0.00546875 0.00859375
2 0.9796875 0.03046875 0.0140625 0.02421875
2 0.90546875 0.15703125 0.01328125 0.01328125
2 0.759375 0.3078125 0.0203125 0.03359375
2 0.925 0.296875 0.009375 0.01953125
0 0.99140625 0.7453125 0.0171875 0.02734375
2 0.96953125 0.77421875 0.02265625 0.03828125
3 0.31640625 0.5875 0.1328125 0.071875
2 0.453125 0.26640625 0.015625 0.01953125
2 0.171875 0.340625 0.00546875 0.00859375
2 0.240625 0.42421875 0.00625 0.01484375
2 0.096875 0.46015625 0.0078125 0.01171875
2 0.6171875 0.2671875 0.02109375 0.02734375
2 0.6328125 0.12734375 0.07109375 0.12265625
2 0.9296875 0.88046875 0.00703125 0.009375
2 0.9390625 0.98046875 0.00625 0.00625
2 0.93125 0.96640625 0.0046875 0.00625
2 0.8125 0.975 0.01015625 0.01015625
2 0.73984375 0.84765625 0.00703125 0.009375
2 0.8171875 0.7359375 0.01953125 0.021875
2 0.84375 0.5828125 0.02265625 0.02890625
2 0.7171875 0.90703125 0.00859375 0.009375
2 0.57890625 0.32265625 0.009375 0.0125
2 0.68203125 0.56484375 0.01484375 0.01328125
2 0.1390625 0.728125 0.00625 0.0125
2 0.32109375 0.98828125 0.00859375 0.01171875
2 0.46875 0.85078125 0.00625 0.00625
2 0.49609375 0.934375 0.01640625 0.02265625
2 0.6359375 0.83671875 0.01953125 0.025
2 0.5875 0.76796875 0.0046875 0.00546875
2 0.51171875 0.76796875 0.021875 0.02265625
2 0.340625 0.73125 0.03203125 0.028125
2 0.31640625 0.678125 0.00703125 0.00703125
2 0.2171875 0.52578125 0.01796875 0.03671875
2 0.4140625 0.39921875 0.00546875 0.01640625
3 0.0671875 0.88203125 0.13359375 0.1125
2 0.9 0.84140625 0.01328125 0.01171875
2 0.9390625 0.85078125 0.01015625 0.01484375
2 0.971875 0.8328125 0.0046875 0.00546875
2 0.98125 0.72734375 0.00546875 0.00625
2 0.75234375 0.0671875 0.03828125 0.134375
2 0.04375 0.11953125 0.00546875 0.00625
2 0.128125 0.32265625 0.00390625 0.00625
2 0.13125 0.21640625 0.00625 0.00703125
2 0.08984375 0.1296875 0.00859375 0.02109375
2 0.20078125 0.00390625 0.0046875 0.0078125
2 0.15703125 0.06796875 0.003125 0.00625
2 0.8421875 0.09140625 0.0234375 0.025
2 0.221875 0.74609375 0.00625 0.00703125
2 0.45078125 0.88203125 0.02265625 0.02890625
2 0.55625 0.35703125 0.015625 0.025
2 0.3359375 0.2296875 0.00703125 0.009375
2 0.31328125 0.23203125 0.009375 0.01328125
2 0.84765625 0.56171875 0.009375 0.015625
2 0.7125 0.6359375 0.00859375 0.0125
2 0.725 0.66640625 0.00703125 0.009375
2 0.67578125 0.07578125 0.009375 0.01484375
3 0.0828125 0.59140625 0.06328125 0.115625
2 0.3796875 0.3125 0.00859375 0.009375
2 0.1953125 0.46015625 0.009375 0.009375
2 0.91953125 0.903125 0.00546875 0.00859375
2 0.9125 0.91484375 0.0109375 0.01875
2 0.9671875 0.99375 0.009375 0.0125
2 0.7515625 0.803125 0.0078125 0.00859375
2 0.49140625 0.6234375 0.015625 0.01953125
2 0.18203125 0.78984375 0.00546875 0.00703125
2 0.2984375 0.90703125 0.01640625 0.02265625
2 0.9296875 0.24296875 0.00625 0.0125
2 0.05234375 0.9578125 0.0078125 0.01015625
2 0.1671875 0.984375 0.01875 0.01875
2 0.00625 0.734375 0.0125 0.0375
2 0.7609375 0.525 0.00703125 0.00703125
2 0.484375 0.1640625 0.02890625 0.03515625
2 0.85234375 0.48671875 0.0203125 0.05390625
2 0.30625 0.49921875 0.0140625 0.01875
2 0.3078125 0.70390625 0.00546875 0.009375
2 0.69375 0.53359375 0.01875 0.028125
2 0.33359375 0.203125 0.015625 0.025
2 0.53359375 0.32421875 0.0078125 0.01015625
2 0.284375 0.43046875 0.0140625 0.0125
2 0.365625 0.6234375 0.01171875 0.02421875
2 0.059375 0.49453125 0.0109375 0.01171875
2 0.18125 0.346875 0.0078125 0.00859375
0 0.065625 0.22109375 0.01484375 0.03125
2 0.8234375 0.3921875 0.025 0.01796875
2 0.11875 0.18671875 0.01171875 0.01015625
2 0.0734375 0.26953125 0.003125 0.00625
2 0.1359375 0.30859375 0.00859375 0.009375
2 0.8140625 0.2671875 0.01171875 0.01796875
2 0.1125 0.35625 0.02109375 0.01328125
2 0.83671875 0.43359375 0.0078125 0.009375
2 0.2203125 0.8078125 0.00625 0.01015625
2 0.08515625 0.00859375 0.0171875 0.0171875
2 0.1921875 0.1046875 0.01484375 0.0125
2 0.0921875 0.10078125 0.009375 0.01640625
2 0.2296875 0.14921875 0.02734375 0.03671875
2 0.0390625 0.03125 0.0078125 0.01484375
2 0.30234375 0.8890625 0.015625 0.01640625
2 0.4796875 0.91796875 0.01171875 0.02734375
2 0.2484375 0.6484375 0.0265625 0.03515625
2 0.7390625 0.53671875 0.01875 0.05
2 0.81015625 0.01171875 0.0078125 0.01171875
2 0.28125 0.775 0.02109375 0.02265625
2 0.29296875 0.82578125 0.01953125 0.02421875
5 0.4984375 0.89296875 0.01953125 0.02421875
2 0.09375 0.378125 0.015625 0.02109375
16 0.515625 0.08984375 0.396875 0.1796875
2 0.1578125 0.475 0.02421875 0.02890625
2 0.3078125 0.86953125 0.0078125 0.01171875
2 0.3265625 0.925 0.00390625 0.00390625
2 0.34921875 0.7796875 0.0046875 0.00625
2 0.4640625 0.9265625 0.00859375 0.0125
2 0.578125 0.97265625 0.01171875 0.01328125
2 0.5765625 0.93828125 0.0203125 0.02578125
2 0.6578125 0.96640625 0.0125 0.02265625
2 0.5921875 0.83828125 0.00703125 0.00703125
2 0.5625 0.77734375 0.02421875 0.02578125
2 0.525 0.81484375 0.00546875 0.00390625
2 0.2171875 0.45390625 0.02265625 0.028125
2 0.7390625 0.38984375 0.00703125 0.01015625
2 0.9296875 0.3296875 0.01328125 0.01796875
2 0.6609375 0.390625 0.0125 0.01953125
2 0.7234375 0.4296875 0.03046875 0.05234375
2 0.7109375 0.37734375 0.0078125 0.01328125
2 0.659375 0.63984375 0.00859375 0.01171875
2 0.603125 0.68671875 0.00625 0.00703125
2 0.7546875 0.45234375 0.00703125 0.009375
2 0.7875 0.34453125 0.0078125 0.01328125
2 0.88359375 0.28515625 0.01171875 0.028125
2 0.67109375 0.11953125 0.01328125 0.01796875
2 0.65 0.2328125 0.0046875 0.00859375
2 0.678125 0.24765625 0.0046875 0.009375
2 0.6890625 0.55 0.0125 0.01640625
2 0.6546875 0.67734375 0.03359375 0.040625
2 0.54609375 0.61171875 0.00625 0.00546875
2 0.534375 0.63828125 0.00703125 0.01171875
5 0.1375 0.39609375 0.01640625 0.021875
2 0.146875 0.54921875 0.028125 0.03671875
2 0.2671875 0.271875 0.01328125 0.01796875
2 0.4234375 0.2859375 0.00703125 0.01796875
2 0.540625 0.14453125 0.01640625 0.01953125
2 0.1140625 0.47265625 0.00625 0.01015625
2 0.309375 0.096875 0.00625 0.009375
2 0.7359375 0.34453125 0.00859375 0.01171875
2 0.6609375 0.61875 0.0109375 0.015625
2 0.4671875 0.61953125 0.0140625 0.01875
2 0.4265625 0.9765625 0.00625 0.00859375
2 0.30546875 0.74453125 0.00390625 0.00703125
2 0.67265625 0.45234375 0.01328125 0.01328125
2 0.6390625 0.33359375 0.01875 0.02578125
2 0.0171875 0.23984375 0.03359375 0.09609375
2 0.04375 0.540625 0.01015625 0.021875
2 0.26796875 0.75078125 0.1234375 0.096875
2 0.58828125 0.24765625 0.0140625 0.01328125
2 0.3546875 0.38203125 0.00703125 0.009375
2 0.43125 0.50234375 0.0046875 0.00625
2 0.8640625 0.64140625 0.0203125 0.021875
3 0.490625 0.3765625 0.1125 0.05625
2 0.69453125 0.68359375 0.01640625 0.03125
2 0.49921875 0.92109375 0.0046875 0.00546875
2 0.50625 0.86015625 0.01328125 0.01328125
2 0.0046875 0.1171875 0.009375 0.02734375
2 0.64140625 0.92578125 0.025 0.034375
2 0.746875 0.73984375 0.0140625 0.009375
2 0.55625 0.31875 0.00703125 0.009375
2 0.8953125 0.82265625 0.00625 0.00859375
2 0.3828125 0.97265625 0.01328125 0.025
2 0.2453125 0.81953125 0.00625 0.00546875
2 0.72109375 0.70546875 0.00546875 0.009375
2 0.93125 0.77578125 0.0125 0.01953125
2 0.61640625 0.3640625 0.0125 0.02109375
2 0.0875 0.45390625 0.0078125 0.00703125
3 0.6796875 0.859375 0.05859375 0.18046875
2 0.303125 0.00859375 0.0171875 0.01640625
2 0.24609375 0.47265625 0.009375 0.015625
2 0.72109375 0.77578125 0.0390625 0.03359375
2 0.96015625 0.88125 0.0203125 0.03515625
2 0.85859375 0.35390625 0.00546875 0.009375
2 0.79375 0.84296875 0.009375 0.01015625
2 0.6015625 0.22734375 0.01875 0.025
2 0.03515625 0.1078125 0.01171875 0.01796875
2 0.378125 0.34921875 0.009375 0.01875
2 0.1265625 0.509375 0.00546875 0.00703125
2 0.91015625 0.10390625 0.03359375 0.03828125
2 0.91796875 0.19765625 0.00390625 0.00625
2 0.396875 0.88125 0.01640625 0.021875
2 0.0453125 0.85234375 0.01484375 0.02109375
2 0.89375 0.7 0.06171875 0.0375
2 0.759375 0.2078125 0.0078125 0.01015625
2 0.828125 0.51796875 0.0078125 0.01015625
2 0.80625 0.36484375 0.00546875 0.00703125
2 0.73203125 0.20390625 0.00703125 0.00859375
2 0.7796875 0.15546875 0.003125 0.00625
2 0.7125 0.53984375 0.0078125 0.01171875
2 0.22734375 0.95546875 0.009375 0.01953125
2 0.53984375 0.31015625 0.0078125 0.01328125
2 0.1625 0.946875 0.009375 0.021875
2 0.55546875 0.30546875 0.00625 0.00703125
2 0.2046875 0.47265625 0.00625 0.00703125
2 0.82109375 0.55859375 0.00703125 0.01015625
2 0.82734375 0.76015625 0.015625 0.01484375
2 0.9609375 0.99609375 0.00546875 0.00703125
2 0.078125 0.06484375 0.01640625 0.01953125
2 0.346875 0.31953125 0.02109375 0.025
2 0.2421875 0.44609375 0.00546875 0.00859375
2 0.203125 0.23984375 0.01640625 0.03828125
2 0.8078125 0.51484375 0.0171875 0.01328125
2 0.428125 0.7609375 0.02109375 0.02421875
2 0.9171875 0.02265625 0.01171875 0.00859375
2 0.9796875 0.81953125 0.0109375 0.01796875
2 0.3890625 0.821875 0.00703125 0.00859375
2 0.525 0.97890625 0.034375 0.028125
2 0.675 0.5296875 0.01015625 0.03359375
2 0.7828125 0.77421875 0.0203125 0.021875
3 0.3578125 0.509375 0.05 0.11015625
2 0.45625 0.83515625 0.01484375 0.01640625
2 0.18125 0.94921875 0.00625 0.01171875
2 0.76015625 0.6828125 0.01953125 0.01953125
2 0.478125 0.5828125 0.01015625 0.0125
2 0.2703125 0.36484375 0.01328125 0.02109375
2 0.27109375 0.95546875 0.0078125 0.01796875
2 0.77578125 0.40078125 0.00703125 0.01015625
2 0.6390625 0.73125 0.015625 0.021875
2 0.496875 0.72890625 0.01015625 0.009375
2 0.0640625 0.88828125 0.0421875 0.034375
2 0.3765625 0.365625 0.00390625 0.00625
2 0.39375 0.26875 0.009375 0.01171875
2 0.2796875 0.2046875 0.0078125 0.01328125
2 0.1046875 0.521875 0.009375 0.01640625
2 0.0375 0.22890625 0.0046875 0.00703125
2 0.5703125 0.31171875 0.00546875 0.00625
2 0.571875 0.23203125 0.01640625 0.01484375
2 0.5609375 0.12109375 0.01640625 0.01640625
2 0.978125 0.85078125 0.009375 0.0125
2 0.971875 0.90703125 0.0234375 0.01640625
2 0.94296875 0.99140625 0.0140625 0.01640625
2 0.89609375 0.9921875 0.0203125 0.015625
2 0.8125 0.95546875 0.009375 0.01015625
2 0.75625 0.92109375 0.01015625 0.009375
2 0.853125 0.8015625 0.0296875 0.0375
2 0.8125 0.80859375 0.05 0.05859375
2 0.8125 0.703125 0.01328125 0.01484375
2 0.9765625 0.25 0.02265625 0.046875
2 0.1171875 0.07421875 0.00703125 0.00703125
2 0.25703125 0.08203125 0.0125 0.021875
2 0.2125 0.203125 0.01328125 0.02421875
2 0.159375 0.25 0.00625 0.00625
2 0.1390625 0.96953125 0.0140625 0.01875
2 0.20625 0.97578125 0.04140625 0.04765625
2 0.9546875 0.01953125 0.00546875 0.00625
2 0.7296875 0.30625 0.0078125 0.009375
2 0.9953125 0.2125 0.00625 0.01015625
2 0.87890625 0.26171875 0.00703125 0.01171875
2 0.996875 0.428125 0.00546875 0.01328125
2 0.9296875 0.4375 0.021875 0.01796875
2 0.90390625 0.73203125 0.01484375 0.01640625
2 0.8203125 0.5859375 0.01484375 0.02265625
2 0.88125 0.60390625 0.00859375 0.01015625
2 0.7453125 0.6421875 0.021875 0.034375
2 0.92578125 0.9953125 0.0140625 0.009375
2 0.95390625 0.96015625 0.0046875 0.00625
2 0.90625 0.81640625 0.009375 0.01328125
2 0.7859375 0.07578125 0.01015625 0.01171875
2 0.0296875 0.93984375 0.01796875 0.01328125
2 0.01875 0.81796875 0.01328125 0.01484375
2 0.84140625 0.01953125 0.00859375 0.00859375
2 0.9046875 0.45625 0.01328125 0.0125
2 0.89609375 0.47734375 0.02578125 0.025
2 0.990625 0.0390625 0.0046875 0.009375
2 0.9109375 0.26015625 0.01015625 0.021875
2 0.865625 0.11015625 0.00625 0.00703125
2 0.865625 0.2078125 0.01328125 0.0125
2 0.9953125 0.69140625 0.00546875 0.01015625
2 0.99375 0.63203125 0.0125 0.03359375
2 0.946875 0.66796875 0.00859375 0.02265625
8 0.640625 0.5390625 0.05625 0.078125
2 0.978125 0.621875 0.0125 0.02578125
2 0.796875 0.21640625 0.01171875 0.02734375
2 0.01796875 0.86171875 0.01484375 0.01796875
2 0.1828125 0.2203125 0.0046875 0.00703125
2 0.0953125 0.34765625 0.009375 0.01171875
2 0.115625 0.05546875 0.01171875 0.01796875
2 0.10078125 0.06796875 0.02265625 0.02265625
2 0.940625 0.50859375 0.0078125 0.0125
0 0.9546875 0.17890625 0.0171875 0.01953125
2 0.95 0.27109375 0.01875 0.034375
2 0.9546875 0.21796875 0.00703125 0.01015625
2 0.11796875 0.38515625 0.00859375 0.01171875
2 0.98125 0.15546875 0.00703125 0.0125
2 0.98984375 0.58671875 0.01640625 0.01953125
0 0.95 0.7046875 0.01953125 0.01953125
2 0.7140625 0.30390625 0.01796875 0.01484375
2 0.9296875 0.3640625 0.01796875 0.021875
2 0.99453125 0.2421875 0.0109375 0.015625
2 0.2234375 0.23984375 0.01015625 0.025
2 0.221875 0.02109375 0.03046875 0.01875
2 0.1375 0.8875 0.02109375 0.025
2 0.9703125 0.73828125 0.01875 0.01953125
2 0.975 0.42421875 0.00625 0.01015625
2 0.184375 0.12421875 0.01484375 0.01640625
2 0.090625 0.7140625 0.0171875 0.01875
2 0.053125 0.0734375 0.015625 0.01875