2 0.740625 0.7421875 0.01328125 0.021875
2 0.8640625 0.8546875 0.01484375 0.02109375
2 0.7015625 0.82109375 0.03125 0.059375
2 0.9609375 0.83515625 0.028125 0.02578125
2 0.73125 0.95390625 0.01640625 0.02109375
2 0.734375 0.8515625 0.01484375 0.04921875
2 0.7609375 0.81640625 0.025 0.03984375
2 0.70625 0.44375 0.015625 0.03203125
2 0.715625 0.34765625 0.01875 0.021875
2 0.30078125 0.5234375 0.0171875 0.021875
2 0.2234375 0.40859375 0.01640625 0.01484375
2 0.321875 0.8765625 0.01484375 0.01796875
2 0.38984375 0.77578125 0.0203125 0.02421875
2 0.1109375 0.934375 0.02890625 0.02734375
2 0.021875 0.77890625 0.01640625 0.02421875
2 0.04609375 0.628125 0.0203125 0.02421875
2 0.9921875 0.30546875 0.01484375 0.02109375
2 0.615625 0.48671875 0.02265625 0.028125
2 0.24296875 0.55703125 0.01640625 0.02109375
2 0.8390625 0.9390625 0.0203125 0.0625
2 0.8625 0.99375 0.0265625 0.0125
2 0.43125 0.8453125 0.05703125 0.09609375
2 0.5875 0.53828125 0.0078125 0.01484375
2 0.284375 0.65703125 0.04609375 0.05859375
2 0.234375 0.32890625 0.0484375 0.071875
2 0.19375 0.88203125 0.0359375 0.059375
2 0.421875 0.65625 0.03515625 0.084375
2 0.7109375 0.5890625 0.01484375 0.025
2 0.6625 0.675 0.028125 0.02734375
2 0.13671875 0.55703125 0.03125 0.040625
2 0.2703125 0.8828125 0.01328125 0.01328125
2 0.1828125 0.36640625 0.0546875 0.05703125
2 0.66484375 0.375 0.01640625 0.01953125
2 0.6703125 0.8921875 0.0171875 0.04765625
2 0.78828125 0.2265625 0.0125 0.01796875
2 0.234375 0.80703125 0.01640625 0.015625
2 0.17578125 0.57890625 0.03359375 0.028125
2 0.2234375 0.840625 0.0203125 0.02109375
2 0.221875 0.58359375 0.015625 0.02109375
2 0.73125 0.35546875 0.01328125 0.01796875
2 0.0375 0.5875 0.04375 0.05390625
2 0.690625 0.31015625 0.0171875 0.03671875
2 0.6921875 0.55546875 0.02265625 0.04296875
2 0.29296875 0.46640625 0.01953125 0.03046875
2 0.8609375 0.17109375 0.0203125 0.04921875
2 0.66171875 0.7265625 0.0171875 0.01875
2 0.08046875 0.17734375 0.01328125 0.015625
2 0.884375 0.97734375 0.021875 0.02421875
2 0.1453125 0.64140625 0.021875 0.02421875
2 0.7125 0.5125 0.02890625 0.040625
2 0.3625 0.984375 0.046875 0.03125
2 0.075 0.66171875 0.02421875 0.01875
2 0.296875 0.85078125 0.034375 0.04296875
2 0.653125 0.79609375 0.02265625 0.03984375
2 0.61875 0.40859375 0.01953125 0.021875
2 0.16875 0.759375 0.028125 0.02421875
2 0.253125 0.65 0.00859375 0.015625
2 0.3109375 0.79921875 0.0203125 0.021875
2 0.69609375 0.8953125 0.0328125 0.06640625
2 0.29765625 0.95625 0.03828125 0.05
2 0.8828125 0.81640625 0.075 0.13125
2 0.80703125 0.72421875 0.00546875 0.01484375
2 0.30625 0.76953125 0.02421875 0.01875
2 0.528125 0.43515625 0.02265625 0.025
2 0.3671875 0.85546875 0.01484375 0.01796875
2 0.2140625 0.6671875 0.05859375 0.065625
2 0.16484375 0.70625 0.0625 0.07421875
2 0.9421875 0.79296875 0.01875 0.025
2 0.86484375 0.5921875 0.0125 0.01953125
2 0.925 0.67109375 0.0125 0.01875
2 0.1859375 0.6046875 0.01796875 0.01640625
2 0.765625 0.72734375 0.02734375 0.03828125
2 0.046875 0.19453125 0.02265625 0.0375
2 0.971875 0.759375 0.01796875 0.01796875
2 0.8140625 0.62578125 0.021875 0.02890625
2 0.684375 0.4375 0.01640625 0.021875
2 0.0890625 0.60546875 0.0203125 0.02578125
2 0.75703125 0.43359375 0.01875 0.02109375
2 0.3578125 0.66796875 0.06953125 0.11953125
2 0.9953125 0.44453125 0.009375 0.01953125
2 0.80625 0.39765625 0.01171875 0.02109375
2 0.89296875 0.60078125 0.009375 0.01953125
2 0.059375 0.35859375 0.05546875 0.075
2 0.51484375 0.36875 0.02109375 0.015625
2 0.55625 0.3578125 0.02734375 0.065625
2 0.540625 0.1515625 0.00703125 0.009375
2 0.5984375 0.0453125 0.0171875 0.02421875
2 0.40078125 0.13359375 0.02265625 0.02421875
2 0.3453125 0.0421875 0.01640625 0.015625
2 0.43984375 0.00859375 0.0234375 0.0171875
2 0.68125 0.13046875 0.01796875 0.02578125
2 0.6921875 0.10703125 0.0140625 0.01484375
2 0.7109375 0.1359375 0.01640625 0.02265625
2 0.725 0.215625 0.01015625 0.021875
2 0.92265625 0.18359375 0.05078125 0.096875
2 0.7921875 0.42265625 0.0109375 0.01796875
2 0.46875 0.88984375 0.01953125 0.02421875
2 0.321875 0.91015625 0.021875 0.02109375
2 0.4078125 0.76953125 0.01328125 0.01171875
2 0.134375 0.8828125 0.02109375 0.04453125
2 0.546875 0.059375 0.01328125 0.01640625
2 0.7609375 0.1390625 0.03671875 0.04609375
2 0.675 0.17265625 0.03828125 0.03203125
2 0.421875 0.93203125 0.05 0.0375
2 0.34375 0.81640625 0.01953125 0.03984375
2 0.246875 0.84140625 0.015625 0.015625
2 0.1484375 0.9296875 0.01875 0.01953125
2 0.04296875 0.7703125 0.0296875 0.02421875
2 0.2453125 0.72734375 0.021875 0.02421875
2 0.2734375 0.71484375 0.01796875 0.025
2 0.2625 0.74921875 0.01640625 0.01875
2 0.1109375 0.74765625 0.01875 0.01953125
2 0.4828125 0.153125 0.03359375 0.0375
2 0.4078125 0.21640625 0.015625 0.02109375
2 0.6484375 0.37734375 0.01171875 0.015625
2 0.5703125 0.12578125 0.0078125 0.01015625
2 0.77265625 0.24140625 0.0140625 0.02109375
2 0.6390625 0.3203125 0.03046875 0.028125
2 0.5203125 0.2828125 0.01328125 0.01328125
2 0.7890625 0.10703125 0.01328125 0.01484375
2 0.6796875 0.22421875 0.0328125 0.04765625
2 0.64296875 0.27578125 0.03671875 0.03359375
2 0.6453125 0.0609375 0.03125 0.034375
2 0.6046875 0.0875 0.0140625 0.0125
2 0.98125 0.34296875 0.01171875 0.02109375
2 0.7984375 0.35234375 0.01953125 0.028125
2 0.78828125 0.2984375 0.1046875 0.07109375
2 0.9171875 0.40078125 0.04296875 0.06015625
2 0.2625 0.990625 0.025 0.01875
2 0.8765625 0.11015625 0.01953125 0.02109375
2 0.60078125 0.25859375 0.0234375 0.01640625
2 0.5609375 0.11015625 0.00859375 0.01484375
2 0.67109375 0.046875 0.0109375 0.01640625
2 0.9265625 0.45859375 0.01484375 0.01796875
2 0.5375 0.31328125 0.0109375 0.01015625
2 0.52265625 0.22265625 0.0296875 0.03359375
2 0.940625 0.68046875 0.01796875 0.021875
2 0.82734375 0.24609375 0.02265625 0.028125
2 0.58046875 0.1984375 0.0171875 0.01796875
2 0.5421875 0.17421875 0.0171875 0.01796875
2 0.50390625 0.2109375 0.02109375 0.02421875
2 0.56875 0.21953125 0.0125 0.015625
2 0.84296875 0.02578125 0.015625 0.021875
2 0.48046875 0.18828125 0.0203125 0.02421875
2 0.65234375 0.08671875 0.0203125 0.025
2 0.46796875 0.2234375 0.02578125 0.03515625
2 0.5265625 0.2984375 0.01328125 0.01171875
2 0.49609375 0.0984375 0.015625 0.01875
2 0.6015625 0.33515625 0.02265625 0.02890625
2 0.5 0.14921875 0.0125 0.02421875
2 0.7109375 0.10390625 0.01484375 0.028125
2 0.8078125 0.1375 0.0375 0.03515625
2 0.4671875 0.05078125 0.04921875 0.06015625
2 0.5296875 0.0890625 0.02265625 0.03203125
2 0.5125 0.01015625 0.02265625 0.01875
2 0.4515625 0.15703125 0.0140625 0.01796875
2 0.64375 0.40078125 0.025 0.028125
2 0.7578125 0.06796875 0.05 0.03046875
2 0.3875 0.07109375 0.0125 0.015625
2 0.42109375 0.13125 0.0171875 0.025
2 0.0671875 0.51171875 0.05703125 0.059375
2 0.0265625 0.46875 0.00703125 0.015625
2 0.0984375 0.27265625 0.0203125 0.02890625
2 0.85546875 0.884375 0.01484375 0.01796875
2 0.63046875 0.59296875 0.0703125 0.0375
2 0.265625 0.40390625 0.02265625 0.02265625
2 0.03125 0.4875 0.01484375 0.01640625
2 0.0453125 0.08046875 0.0328125 0.03515625
14 0.3859375 0.5 0.51953125 1
2 0.746875 0.77578125 0.021875 0.03671875
2 0.665625 0.51015625 0.01796875 0.01953125
2 0.7359375 0.5453125 0.01015625 0.01875
2 0.59375 0.44140625 0.04140625 0.046875
2 0.2140625 0.29296875 0.02890625 0.03984375
2 0.15 0.6125 0.01171875 0.015625
2 0.14765625 0.32265625 0.046875 0.065625
2 0.6234375 0.1265625 0.034375 0.04375
2 0.3421875 0.021875 0.0125 0.01796875
2 0.646875 0.70078125 0.01796875 0.01640625
2 0.99375 0.9296875 0.0125 0.02890625
2 0.99765625 0.98515625 0.0046875 0.01640625
2 0.8375 0.8171875 0.01484375 0.02109375
2 0.72578125 0.69140625 0.0390625 0.03515625
2 0.60625 0.54140625 0.01796875 0.02109375
2 0.10625 0.44921875 0.09296875 0.05546875
2 0.1796875 0.24453125 0.01953125 0.028125
2 0.63359375 0.47734375 0.01484375 0.021875
2 0.934375 0.2609375 0.0109375 0.015625
2 0.86328125 0.97421875 0.01875 0.01875
2 0.80078125 0.01015625 0.0109375 0.01953125