2 0.59375 0.88203125 0.01796875 0.02890625
2 0.5640625 0.47109375 0.0171875 0.01875
2 0.54296875 0.61328125 0.0171875 0.02890625
2 0.509375 0.4375 0.0109375 0.01328125
2 0.6265625 0.39921875 0.01796875 0.021875
2 0.7125 0.02734375 0.0125 0.01875
2 0.6375 0.00703125 0.01796875 0.01328125
2 0.559375 0.14375 0.009375 0.0125
2 0.48125 0.175 0.05078125 0.071875
2 0.4546875 0.11640625 0.0171875 0.021875
2 0.51328125 0.27578125 0.02421875 0.01953125
2 0.4671875 0.39453125 0.02109375 0.0375
2 0.6640625 0.9171875 0.01328125 0.0125
2 0.77109375 0.85390625 0.0234375 0.03203125
2 0.715625 0.7171875 0.01015625 0.01953125
2 0.1453125 0.88359375 0.01171875 0.01328125
2 0.3578125 0.93203125 0.021875 0.01875
2 0.334375 0.81640625 0.0390625 0.028125
2 0.3296875 0.68984375 0.046875 0.06484375
2 0.5421875 0.4296875 0.01640625 0.02421875
2 0.52265625 0.43828125 0.0171875 0.015625
2 0.7015625 0.06328125 0.0140625 0.03671875
2 0.56875 0.11875 0.01640625 0.028125
2 0.375 0.49453125 0.015625 0.01796875
2 0.0265625 0.2703125 0.053125 0.0625
2 0.2078125 0.1984375 0.0265625 0.02109375
2 0.3015625 0.14140625 0.01171875 0.01640625
2 0.31015625 0.01171875 0.01953125 0.02265625
2 0.109375 0.553125 0.0109375 0.01875
2 0.11875 0.478125 0.01171875 0.01640625
2 0.29296875 0.52734375 0.0296875 0.034375
2 0.24296875 0.5546875 0.0171875 0.02578125
2 0.2546875 0.71328125 0.02265625 0.02265625
2 0.0734375 0.76171875 0.0125 0.021875
2 0.00859375 0.75234375 0.0171875 0.021875
2 0.090625 0.63515625 0.01328125 0.01953125
2 0.68671875 0.00390625 0.0109375 0.0078125
2 0.60078125 0.22890625 0.015625 0.02109375
2 0.4625 0.00703125 0.01328125 0.01328125
2 0.45625 0.05859375 0.0171875 0.028125
2 0.5140625 0.31484375 0.0234375 0.03125
2 0.4625 0.31328125 0.01953125 0.01796875
2 0.4625 0.3640625 0.01015625 0.01796875
2 0.3109375 0.79296875 0.0125 0.01640625
2 0.753125 0.89375 0.02734375 0.01953125
2 0.53125 0.34609375 0.0296875 0.01875
2 0.3546875 0.0625 0.01328125 0.01875
2 0.3734375 0.090625 0.01171875 0.02890625
2 0.6171875 0.18359375 0.01328125 0.015625
2 0.5375 0.31171875 0.01875 0.02734375
2 0.46875 0.4484375 0.0125 0.021875
2 0.4328125 0.4328125 0.01875 0.02265625
2 0.6734375 0.22734375 0.0140625 0.01953125
2 0.18046875 0.8953125 0.04609375 0.05390625
2 0.4578125 0.73671875 0.0203125 0.021875
2 0.3984375 0.68828125 0.01328125 0.01640625
2 0.5203125 0.25234375 0.0234375 0.01640625
2 0.328125 0.95390625 0.01328125 0.01796875
2 0.4359375 0.39609375 0.01953125 0.02421875
2 0.3890625 0.309375 0.0671875 0.05
2 0.5 0.03671875 0.01015625 0.01640625
2 0.44609375 0.46953125 0.0140625 0.02578125
2 0.5671875 0.24140625 0.0125 0.01640625
2 0.5234375 0.15859375 0.01328125 0.01484375
2 0.7296875 0.15625 0.0140625 0.02265625
2 0.325 0.49296875 0.03203125 0.021875
14 0.640625 0.5 0.63203125 1
2 0.421875 0.14453125 0.01640625 0.01640625
2 0.09375 0.49296875 0.0125 0.01640625
2 0.48828125 0.58984375 0.04765625 0.059375
2 0.8921875 0.61640625 0.01171875 0.01875
2 0.81796875 0.71484375 0.0125 0.02109375
2 0.25234375 0.59921875 0.01484375 0.028125
2 0.128125 0.56953125 0.025 0.02734375
2 0.0328125 0.6421875 0.0140625 0.02265625
2 0.890625 0.43515625 0.0140625 0.015625
2 0.1375 0.26015625 0.01796875 0.01640625
2 0.509375 0.4609375 0.01328125 0.01484375
2 0.86015625 0.921875 0.01171875 0.021875
2 0.25625 0.25078125 0.0140625 0.01875
2 0.5171875 0.36328125 0.0125 0.015625
2 0.75703125 0.09140625 0.0234375 0.02578125
2 0.5125 0.12421875 0.01875 0.02109375
2 0.984375 0.2234375 0.01640625 0.028125
2 0.9859375 0.17421875 0.0203125 0.025
2 0.2390625 0.69296875 0.02578125 0.02890625
2 0.38828125 0.07109375 0.0171875 0.02421875
2 0.40625 0.46875 0.03046875 0.025
2 0.528125 0.38203125 0.0140625 0.01796875
2 0.271875 0.40859375 0.02578125 0.03125
2 0.8765625 0.66796875 0.03046875 0.02890625
2 0.99375 0.53125 0.0125 0.03046875
2 0.42578125 0.578125 0.01640625 0.02109375
2 0.93125 0.521875 0.0296875 0.06171875
2 0.925 0.39609375 0.02890625 0.02421875
2 0.453125 0.21171875 0.01796875 0.03125
2 0.76015625 0.70234375 0.01484375 0.015625
2 0.6984375 0.77734375 0.015625 0.02109375
2 0.7890625 0.69921875 0.03046875 0.03984375
2 0.4515625 0.4203125 0.01328125 0.02109375
2 0.15546875 0.95 0.3109375 0.1
2 0.5578125 0.06015625 0.02890625 0.03671875
2 0.2890625 0.88515625 0.015625 0.015625
2 0.0625 0.8921875 0.01015625 0.01484375
2 0.30390625 0.40234375 0.02265625 0.028125
2 0.01875 0.72109375 0.01171875 0.01484375
2 0.1640625 0.65546875 0.0109375 0.015625
2 0.8390625 0.88984375 0.01328125 0.0125
2 0.50625 0.3875 0.02734375 0.02265625
2 0.1875 0.028125 0.0203125 0.021875
2 0.596875 0.17578125 0.025 0.02265625
2 0.328125 0.44921875 0.0546875 0.06328125
2 0.15625 0.68671875 0.01484375 0.01953125
2 0.42421875 0.53671875 0.034375 0.03984375
2 0.534375 0.2078125 0.0578125 0.06796875
2 0.109375 0.81171875 0.01328125 0.02265625
2 0.46953125 0.1078125 0.0140625 0.01640625
2 0.13125 0.19453125 0.01328125 0.01171875
2 0.95390625 0.62109375 0.025 0.02734375
2 0.73125 0.115625 0.01484375 0.025
2 0.75625 0.03203125 0.065625 0.06328125
2 0.1953125 0.64765625 0.025 0.02265625
2 0.3921875 0.57890625 0.01875 0.03515625
2 0.43828125 0.30390625 0.025 0.03359375
2 0.24375 0.73671875 0.01171875 0.01484375
2 0.946875 0.59375 0.01328125 0.01796875
2 0.20625 0.734375 0.0125 0.01875
2 0.98046875 0.26640625 0.025 0.028125
2 0.1859375 0.11953125 0.03828125 0.06484375
2 0.9140625 0.4671875 0.0171875 0.03125
2 0.94765625 0.32265625 0.01015625 0.009375
2 0.40625 0.771875 0.05546875 0.078125
2 0.0859375 0.01171875 0.01640625 0.01640625
2 0.003125 0.884375 0.00625 0.01875
2 0.9171875 0.66640625 0.03125 0.03671875
2 0.5765625 0.08671875 0.02578125 0.02578125
2 0.1484375 0.4890625 0.01796875 0.028125
2 0.08125 0.81875 0.01484375 0.025
2 0.0546875 0.12734375 0.02421875 0.03125
2 0.01953125 0.64609375 0.0109375 0.01953125
2 0.8546875 0.41875 0.01796875 0.03515625
2 0.8921875 0.36484375 0.01484375 0.02265625
2 0.23359375 0.38359375 0.0359375 0.03671875
2 0.75546875 0.6046875 0.0203125 0.02265625
2 0.365625 0.24609375 0.009375 0.015625
2 0.80234375 0.6015625 0.01171875 0.0125
2 0.971875 0.11015625 0.01015625 0.01640625
2 0.1109375 0.26640625 0.01171875 0.01953125
2 0.92734375 0.275 0.01484375 0.01640625
2 0.2 0.5734375 0.01640625 0.01484375
2 0.3109375 0.36796875 0.01796875 0.03359375
2 0.9296875 0.309375 0.01328125 0.01875
2 0.0171875 0.15 0.034375 0.075
2 0.8359375 0.73515625 0.0140625 0.01796875
2 0.9640625 0.52734375 0.028125 0.040625
2 0.90078125 0.51328125 0.0265625 0.034375
2 0.8375 0.56640625 0.01015625 0.01796875
2 0.9453125 0.90234375 0.015625 0.02421875
2 0.98515625 0.65859375 0.02578125 0.053125
2 0.890625 0.56015625 0.0171875 0.02265625
2 0.8625 0.63671875 0.00859375 0.01328125
2 0.8265625 0.5390625 0.01484375 0.01875
2 0.1625 0.76484375 0.0296875 0.028125
2 0.0578125 0.61953125 0.03203125 0.046875
2 0.9046875 0.84609375 0.01484375 0.02890625
2 0.8015625 0.97734375 0.00859375 0.01640625
2 0.953125 0.87890625 0.0109375 0.02265625
2 0.86953125 0.71015625 0.0140625 0.01640625
2 0.909375 0.60625 0.02265625 0.02890625
2 0.853125 0.74140625 0.00703125 0.01328125
2 0.2625 0.68359375 0.02265625 0.02265625
2 0.9421875 0.340625 0.01328125 0.01875
2 0.165625 0.70625 0.01328125 0.021875
2 0.7828125 0.6296875 0.02890625 0.02734375
2 0.984375 0.47734375 0.03046875 0.02578125
2 0.875 0.54921875 0.015625 0.025
2 0.334375 0.28671875 0.01640625 0.01640625
2 0.9625 0.91328125 0.01484375 0.01640625
2 0.3109375 0.25078125 0.025 0.02421875
2 0.9296875 0.41796875 0.01328125 0.0125
2 0.95 0.228125 0.03125 0.03125
2 0.0640625 0.40078125 0.0390625 0.05
2 0.19765625 0.30234375 0.0171875 0.01953125
2 0.9828125 0.29375 0.0328125 0.028125
2 0.27578125 0.64921875 0.01484375 0.02265625
2 0.9078125 0.70625 0.0234375 0.02265625
2 0.84375 0.70078125 0.0125 0.021875
2 0.33828125 0.1359375 0.015625 0.021875
2 0.1203125 0.60703125 0.01796875 0.02265625
2 0.14609375 0.28359375 0.01015625 0.015625
2 0.15625 0.54140625 0.01328125 0.02734375
2 0.6734375 0.865625 0.04375 0.05234375
2 0.7203125 0.98984375 0.01796875 0.01953125
2 0.053125 0.834375 0.0203125 0.025
2 0.2234375 0.83046875 0.0171875 0.01796875
2 0.428125 0.6296875 0.01328125 0.021875
2 0.58203125 0.48046875 0.0109375 0.01328125
2 0.6546875 0.93671875 0.02109375 0.02265625
2 0.70625 0.91640625 0.0140625 0.01328125
2 0.7140625 0.88515625 0.02421875 0.03125
2 0.7859375 0.82734375 0.0234375 0.02421875
2 0.875 0.85859375 0.01796875 0.01640625
2 0.15703125 0.80546875 0.03203125 0.040625
2 0.271875 0.85703125 0.01875 0.028125
2 0.2453125 0.84140625 0.01875 0.01953125
2 0.334375 0.90703125 0.01171875 0.0125
2 0.36875 0.73359375 0.01171875 0.01484375
2 0.359375 0.75390625 0.00859375 0.01484375
2 0.5359375 0.54765625 0.0359375 0.03984375
2 0.70390625 0.17578125 0.0390625 0.01953125
2 0.66171875 0.82265625 0.02265625 0.02109375
2 0.60625 0.96875 0.02421875 0.040625
2 0.5140625 0.6375 0.01484375 0.015625
2 0.725 0.83046875 0.03828125 0.04453125
2 0.128125 0.85234375 0.0140625 0.03046875
2 0.96171875 0.44453125 0.01796875 0.03515625
2 0.3390625 0.6421875 0.03359375 0.03671875
2 0.40625 0.66640625 0.0125 0.01875
2 0.33125 0.7234375 0.0125 0.01484375
2 0.61875 0.48984375 0.01328125 0.01484375
2 0.20625 0.78671875 0.0265625 0.03671875
2 0.659375 0.95703125 0.015625 0.01484375
2 0.7125 0.75234375 0.01328125 0.01640625
2 0.753125 0.73359375 0.01953125 0.01484375
2 0.009375 0.8359375 0.0140625 0.015625
2 0.24921875 0.78515625 0.03515625 0.05703125
2 0.25625 0.81953125 0.0125 0.01796875
2 0.359375 0.853125 0.01953125 0.02890625
2 0.3796875 0.63515625 0.02890625 0.021875
2 0.5203125 0.4921875 0.0125 0.015625
2 0.815625 0.78828125 0.0234375 0.03671875
2 0.7296875 0.90859375 0.0109375 0.02109375
2 0.50625 0.47890625 0.0140625 0.01796875
2 0.971875 0.86484375 0.01484375 0.01875
2 0.828125 0.68671875 0.01796875 0.01875
2 0.8078125 0.84453125 0.01484375 0.025
2 0.6125 0.3640625 0.0890625 0.075
2 0.0890625 0.86171875 0.015625 0.02578125
2 0.425 0.71640625 0.0203125 0.028125
2 0.878125 0.49140625 0.0328125 0.04375
2 0.01953125 0.796875 0.0125 0.02578125
2 0.30625 0.62421875 0.01328125 0.02578125
2 0.28828125 0.71328125 0.03828125 0.04375
2 0.34765625 0.25 0.0125 0.01796875
2 0.303125 0.89140625 0.0109375 0.01796875
2 0.82734375 0.63828125 0.0328125 0.04765625
2 0.23671875 0.259375 0.01328125 0.015625
2 0.4484375 0.690625 0.009375 0.01796875
2 0.28671875 0.78046875 0.02578125 0.02734375
2 0.18203125 0.8625 0.0140625 0.01796875
2 0.5890625 0.41953125 0.01953125 0.02109375
2 0.3640625 0.71015625 0.0109375 0.01796875