2 0.0953125 0.21015625 0.03828125 0.06328125
2 0.32109375 0.965625 0.04921875 0.06015625
2 0.9015625 0.821875 0.0421875 0.03984375
2 0.809375 0.1484375 0.2109375 0.16796875
2 0.684375 0.7125 0.06875 0.11875
2 0.7796875 0.94921875 0.06484375 0.07265625
2 0.1171875 0.94921875 0.0875 0.08828125
2 0.58359375 0.196875 0.159375 0.17109375
2 0.60390625 0.6390625 0.103125 0.10625
2 0.8671875 0.56015625 0.0796875 0.09609375
2 0.0703125 0.53671875 0.07421875 0.15859375
2 0.6546875 0.26796875 0.08671875 0.11484375
14 0.37265625 0.4984375 0.59375 0.996875
2 0.7390625 0.37578125 0.11328125 0.30546875
2 0.4109375 0.08046875 0.13671875 0.16015625
2 0.0265625 0.096875 0.05234375 0.08125
2 0.903125 0.375 0.19375 0.28515625
2 0.8578125 0.65546875 0.06328125 0.08984375
2 0.06875 0.71796875 0.13671875 0.2125
2 0.93125 0.67578125 0.03203125 0.03671875
2 0.05078125 0.04609375 0.05546875 0.07734375
2 0.234375 0.77265625 0.0484375 0.06953125
2 0.475 0.24140625 0.06015625 0.11484375
2 0.784375 0.67578125 0.12109375 0.22578125
2 0.334375 0.8734375 0.03203125 0.03203125
0 0.2125 0.640625 0.425 0.71875