2 0.6390625 0.26796875 0.10625 0.13125
2 0.478125 0.75703125 0.03671875 0.03671875
2 0.3421875 0.0890625 0.0375 0.04375
2 0.79375 0.1984375 0.06953125 0.05390625
2 0.85546875 0.64609375 0.0546875 0.07890625
2 0.13671875 0.8640625 0.03359375 0.040625
2 0.8265625 0.49296875 0.03046875 0.04765625
2 0.721875 0.0578125 0.028125 0.03515625
2 0.2296875 0.965625 0.040625 0.06875
2 0.5 0.33828125 0.1140625 0.27578125
2 0.546875 0.7640625 0.090625 0.22734375
2 0.828125 0.15234375 0.01640625 0.02421875
2 0.740625 0.84140625 0.053125 0.06171875
2 0.90625 0.36953125 0.0265625 0.0375
1 0.50078125 0.59375 0.9984375 0.421875
2 0.26875 0.9484375 0.0296875 0.03125
2 0.040625 0.9671875 0.0265625 0.03828125
2 0.3625 0.20625 0.05078125 0.05234375
2 0.5640625 0.15703125 0.02421875 0.05546875
2 0.5859375 0.30078125 0.08046875 0.06328125
2 0.6109375 0.16875 0.07734375 0.06171875
2 0.4328125 0.1984375 0.03671875 0.03515625
2 0.703125 0.3515625 0.03359375 0.06015625
2 0.8453125 0.02421875 0.04921875 0.03828125
2 0.80625 0.98515625 0.0296875 0.02890625
2 0.8984375 0.84921875 0.03203125 0.025
2 0.4046875 0.33515625 0.028125 0.046875
2 0.0484375 0.90390625 0.06484375 0.07578125
2 0.93203125 0.80625 0.03515625 0.04765625
2 0.953125 0.45 0.02734375 0.03515625
2 0.2390625 0.90234375 0.0328125 0.04375
2 0.1015625 0.93515625 0.028125 0.03125
2 0.4671875 0.88828125 0.03359375 0.04609375
2 0.5921875 0.87734375 0.0421875 0.03984375
2 0.4796875 0.1625 0.034375 0.05390625
2 0.690625 0.25078125 0.02421875 0.03671875
2 0.1390625 0.23046875 0.0671875 0.05
2 0.975 0.12578125 0.03046875 0.04375
2 0.34921875 0.63671875 0.03515625 0.05546875
2 0.37578125 0.825 0.03046875 0.03515625
2 0.0765625 0.84453125 0.02890625 0.03203125
2 0.76875 0.5796875 0.0921875 0.071875
2 0.88359375 0.12890625 0.0234375 0.02890625
2 0.34375 0.9265625 0.02421875 0.03828125
2 0.940625 0.6734375 0.0421875 0.11875
2 0.17578125 0.8484375 0.02890625 0.04453125
2 0.209375 0.14140625 0.03125 0.04609375
2 0.9890625 0.81015625 0.0140625 0.02578125
2 0.2875 0.71796875 0.04296875 0.03671875
2 0.91875 0.25390625 0.03828125 0.03515625
2 0.0125 0.89609375 0.025 0.0546875
2 0.3421875 0.57890625 0.06015625 0.06640625
2 0.2765625 0.0453125 0.01796875 0.01875
2 0.928125 0.14296875 0.021875 0.04375
2 0.87109375 0.30234375 0.046875 0.040625
2 0.115625 0.01015625 0.034375 0.0203125
2 0.359375 0.29921875 0.134375 0.109375
2 0.16484375 0.07734375 0.0359375 0.05
2 0.53515625 0.88828125 0.03046875 0.03125
2 0.74140625 0.40234375 0.0609375 0.09921875
2 0.071875 0.76171875 0.07265625 0.07265625
2 0.15 0.75234375 0.05625 0.078125
2 0.0125 0.73125 0.025 0.065625
2 0.01875 0.478125 0.0375 0.03125
2 0.278125 0.403125 0.04453125 0.04453125
2 0.009375 0.20390625 0.01796875 0.02421875
2 0.2140625 0.6875 0.02265625 0.02578125
2 0.26875 0.60234375 0.028125 0.04375
2 0.371875 0.37734375 0.02578125 0.04609375
2 0.009375 0.26015625 0.01875 0.025
2 0.8421875 0.08984375 0.06171875 0.053125
2 0.6203125 0.9515625 0.1015625 0.09609375
2 0.87421875 0.93671875 0.028125 0.03828125
2 0.965625 0.92734375 0.0109375 0.01484375
2 0.10625 0.51328125 0.0609375 0.0875
2 0.1765625 0.9484375 0.01953125 0.03203125
2 0.25 0.540625 0.01953125 0.02734375
2 0.66875 0.8765625 0.015625 0.02265625
2 0.93125 0.33125 0.021875 0.03359375
2 0.53125 0.93671875 0.02109375 0.01875
2 0.67109375 0.72890625 0.03671875 0.02578125
2 0.1375 0.32734375 0.01640625 0.02578125
2 0.43046875 0.24453125 0.0390625 0.01953125
2 0.3875 0.62265625 0.01640625 0.02734375
2 0.228125 0.065625 0.02421875 0.00859375
2 0.5359375 0.07890625 0.02578125 0.021875
2 0.821875 0.34921875 0.02421875 0.02578125
2 0.8234375 0.440625 0.0546875 0.04375
2 0.5265625 0.98203125 0.02578125 0.03359375
2 0.6015625 0.80390625 0.034375 0.03515625
2 0.875 0.8359375 0.01875 0.015625
2 0.84140625 0.78359375 0.065625 0.05859375
2 0.7828125 0.7703125 0.065625 0.05234375
2 0.98046875 0.846875 0.0390625 0.03125
2 0.68125 0.11015625 0.02578125 0.03828125
2 0.934375 0.50078125 0.0421875 0.0375
2 0.43984375 0.01640625 0.0328125 0.0328125
2 0.9859375 0.8890625 0.028125 0.03515625
2 0.89140625 0.24453125 0.03125 0.03046875
2 0.39765625 0.67890625 0.025 0.03515625
2 0.18515625 0.3625 0.01484375 0.0375
2 0.16875 0.19609375 0.03515625 0.02578125
2 0.9140625 0.4484375 0.03203125 0.02421875
2 0.80078125 0.2609375 0.0296875 0.02578125
2 0.6953125 0.16015625 0.0328125 0.04296875
2 0.9328125 0.05859375 0.01171875 0.01875
2 0.4171875 0.9546875 0.075 0.08125
2 0.70625 0.95 0.0234375 0.04140625