2 0.51328125 0.17890625 0.01484375 0.021875
2 0.7046875 0.825 0.04296875 0.03125
16 0.840625 0.34296875 0.31875 0.5375
2 0.496875 0.3203125 0.02265625 0.04375
2 0.22734375 0.15703125 0.0421875 0.040625
2 0.103125 0.74296875 0.01328125 0.015625
2 0.0328125 0.50078125 0.06484375 0.18125
2 0.8 0.84296875 0.1703125 0.20546875
2 0.0328125 0.759375 0.0109375 0.01328125
2 0.325 0.66875 0.04453125 0.05
2 0.22109375 0.61953125 0.02421875 0.05390625
2 0.03125 0.8390625 0.01640625 0.01796875
2 0.4421875 0.72265625 0.028125 0.02265625
3 0.2484375 0.32890625 0.4171875 0.21171875
2 0.296875 0.5640625 0.11796875 0.16796875
2 0.125 0.5671875 0.10859375 0.16953125
2 0.621875 0.61796875 0.00859375 0.015625
2 0.109375 0.78125 0.05 0.06015625
2 0.26953125 0.72421875 0.01015625 0.01484375
2 0.21015625 0.54921875 0.02265625 0.03359375
2 0.265625 0.0875 0.0203125 0.028125
2 0.4671875 0.69609375 0.01875 0.03046875
2 0.56640625 0.3015625 0.02421875 0.02578125
2 0.09375 0.92265625 0.01640625 0.01875
2 0.55390625 0.15 0.03046875 0.065625
2 0.5265625 0.92734375 0.0265625 0.0875
2 0.215625 0.47578125 0.0703125 0.06484375
2 0.53515625 0.21171875 0.0125 0.01796875
2 0.103125 0.90390625 0.0078125 0.0125
2 0.20625 0.690625 0.0234375 0.05625
2 0.459375 0.65546875 0.0390625 0.04296875
2 0.2984375 0.94140625 0.01640625 0.01796875
2 0.16015625 0.87890625 0.0625 0.228125
2 0.571875 0.81796875 0.03515625 0.03359375
2 0.07421875 0.60859375 0.02109375 0.03203125
2 0.2125 0.00703125 0.0734375 0.01328125
2 0.25 0.0421875 0.0125 0.01328125
2 0.57265625 0.45390625 0.0359375 0.046875
2 0.2734375 0.45 0.02890625 0.04453125
2 0.525 0.490625 0.01875 0.025
2 0.4109375 0.88125 0.09453125 0.14375
2 0.20625 0.21640625 0.078125 0.103125
2 0.034375 0.80859375 0.00859375 0.01328125
2 0.54296875 0.42421875 0.0375 0.03984375
2 0.296875 0.67578125 0.01328125 0.021875
2 0.45 0.76875 0.0328125 0.03515625
2 0.1578125 0.4375 0.02421875 0.02734375
2 0.496875 0.79140625 0.0578125 0.15
2 0.134375 0.7109375 0.05 0.11015625
2 0.46328125 0.52734375 0.08984375 0.153125
2 0.64375 0.15703125 0.04296875 0.04296875
2 0.0890625 0.20703125 0.178125 0.28203125
2 0.0828125 0.86015625 0.009375 0.01640625
2 0.275 0.67265625 0.03046875 0.03515625
0 0.66796875 0.38203125 0.0515625 0.21328125
2 0.6234375 0.32109375 0.03671875 0.04921875
2 0.01015625 0.84140625 0.0203125 0.025
0 0.9875 0.68515625 0.02421875 0.046875
2 0.053125 0.87578125 0.00703125 0.02109375
0 0.90234375 0.81875 0.1953125 0.3625
2 0.0625 0.9234375 0.0375 0.06796875
2 0.0125 0.95546875 0.02421875 0.06015625
2 0.5015625 0.1296875 0.0515625 0.084375
2 0.0171875 0.38984375 0.03359375 0.04453125
2 0.38671875 0.6 0.10390625 0.16796875
2 0.47734375 0.38671875 0.01640625 0.01640625
2 0.56796875 0.38984375 0.04375 0.08359375
2 0.51875 0.29921875 0.0171875 0.01953125
2 0.9640625 0.659375 0.03125 0.05
2 0.2921875 0.12265625 0.0578125 0.07421875
3 0.3875 0.23046875 0.225 0.146875
0 0.98046875 0.7515625 0.0390625 0.05390625
0 0.48828125 0.96796875 0.04921875 0.05546875
2 0.5125 0.03359375 0.00703125 0.015625
2 0.74609375 0.02421875 0.0328125 0.04296875
2 0.253125 0.1953125 0.03359375 0.07734375
2 0.271875 0.82890625 0.04296875 0.05234375
3 0.590625 0.06015625 0.0375 0.1203125
2 0.2296875 0.0734375 0.00859375 0.015625
2 0.4453125 0.1140625 0.0390625 0.03984375
3 0.36953125 0.0921875 0.065625 0.18125
2 0.025 0.0296875 0.0125 0.03828125
2 0.796875 0.0453125 0.04296875 0.04140625
0 0.3796875 0.03984375 0.15546875 0.07890625
8 0.35546875 0.45234375 0.1015625 0.140625
2 0.08046875 0.65859375 0.040625 0.0375
2 0.55703125 0.10234375 0.01015625 0.01328125
2 0.475 0.01328125 0.0109375 0.01484375
2 0.9375 0.13671875 0.01875 0.028125
2 0.7203125 0.12578125 0.0328125 0.11484375
2 0.9046875 0.09609375 0.02890625 0.02734375
2 0.909375 0.04609375 0.03125 0.053125
3 0.2203125 0.85390625 0.0625 0.28359375
2 0.42734375 0.9703125 0.01328125 0.01953125
2 0.3 0.72578125 0.03828125 0.05859375
2 0.1984375 0.64765625 0.0203125 0.02734375
2 0.5015625 0.39453125 0.04765625 0.11328125
2 0.60703125 0.40859375 0.0265625 0.03515625
2 0.4703125 0.19921875 0.0453125 0.05234375
2 0.4 0.11796875 0.04375 0.06796875
3 0.1078125 0.034375 0.075 0.05234375
2 0.9453125 0.04296875 0.02265625 0.02578125
2 0.45 0.16171875 0.03671875 0.04609375
2 0.39375 0.3078125 0.05234375 0.06796875
2 0.1734375 0.06484375 0.040625 0.05
0 0.303125 0.90078125 0.11875 0.190625
2 0.0578125 0.04296875 0.02265625 0.025