2 0.5703125 0.9359375 0.04453125 0.06015625
2 0.50703125 0.9265625 0.03046875 0.04140625
2 0.1828125 0.96328125 0.04609375 0.06484375
2 0.73984375 0.42109375 0.05234375 0.06953125
2 0.01875 0.9203125 0.0375 0.1
2 0.73125 0.559375 0.04609375 0.05625
4 0.5 0.51796875 1 0.68046875
2 0.575 0.3640625 0.09609375 0.11328125
2 0.5 0.18671875 1 0.37109375
2 0.24140625 0.59453125 0.06953125 0.08046875
2 0.21640625 0.82265625 0.1296875 0.10546875
2 0.8578125 0.82109375 0.04921875 0.059375
2 0.6671875 0.85625 0.04296875 0.075
2 0.775 0.51640625 0.03203125 0.04296875
2 0.40859375 0.815625 0.1625 0.1375
0 0.10234375 0.49140625 0.2046875 0.46640625
2 0.2828125 0.6796875 0.1140625 0.14375
2 0.1078125 0.88671875 0.09453125 0.12890625
2 0.5125 0.8328125 0.06484375 0.08203125
2 0.75234375 0.84921875 0.0390625 0.07109375
2 0.5296875 0.60234375 0.05625 0.05625
2 0.3734375 0.509375 0.0703125 0.06953125