2 0.31875 0.95078125 0.065625 0.0875
2 0.6609375 0.24140625 0.0578125 0.07265625
2 0.73203125 0.125 0.05234375 0.06796875
2 0.8890625 0.98125 0.0546875 0.02890625
2 0.846875 0.2203125 0.2078125 0.16328125
2 0.796875 0.59453125 0.40546875 0.5875
2 0.540625 0.9171875 0.29765625 0.15703125
2 0.54375 0.49609375 0.07734375 0.10703125
2 0.078125 0.1140625 0.15625 0.228125
2 0.3078125 0.23203125 0.11484375 0.14921875
2 0.5203125 0.1484375 0.12109375 0.1625
2 0.728125 0.03671875 0.06875 0.06328125
2 0.6515625 0.6671875 0.0734375 0.07890625
2 0.415625 0.23046875 0.0859375 0.165625
2 0.06484375 0.63828125 0.1296875 0.25546875
2 0.2046875 0.528125 0.409375 0.45234375
2 0.19921875 0.17890625 0.025 0.046875
2 0.01015625 0.79375 0.0203125 0.0875
2 0.03125 0.9296875 0.06171875 0.13046875
2 0.5109375 0.04140625 0.10859375 0.078125
2 0.1953125 0.9484375 0.1078125 0.10078125
2 0.97421875 0.35234375 0.0515625 0.13359375
2 0.8296875 0.97734375 0.03359375 0.04140625
2 0.140625 0.859375 0.13515625 0.17890625
2 0.4828125 0.73984375 0.178125 0.17421875
2 0.7796875 0.37890625 0.06640625 0.16484375
2 0.9015625 0.04453125 0.03125 0.05390625
2 0.425 0.4265625 0.10078125 0.109375
2 0.2203125 0.1140625 0.028125 0.05078125
15 0.3859375 0.60625 0.70390625 0.77890625
2 0.734375 0.8203125 0.1328125 0.21640625
2 0.621875 0.07578125 0.103125 0.14921875
2 0.7046875 0.3203125 0.03359375 0.06875
2 0.5375 0.32421875 0.08984375 0.07734375
2 0.9734375 0.059375 0.05234375 0.1125
2 0.8390625 0.06171875 0.03046875 0.06171875