0 0.653125 0.89296875 0.1 0.128125
2 0.34921875 0.990625 0.0296875 0.01875
2 0.453125 0.01015625 0.02421875 0.01953125
2 0.4515625 0.5765625 0.2359375 0.52734375
2 0.50546875 0.01640625 0.04140625 0.03203125
16 0.15 0.89765625 0.2984375 0.20390625
2 0.64453125 0.72421875 0.128125 0.16640625
2 0.1234375 0.7421875 0.08515625 0.10234375
2 0.390625 0.98984375 0.01328125 0.01796875
2 0.34921875 0.9375 0.03359375 0.06328125
2 0.55703125 0.65 0.02109375 0.03984375
2 0.43203125 0.97578125 0.03359375 0.03203125
2 0.190625 0.44453125 0.11484375 0.06953125
4 0.5 0.43359375 1 0.778125
2 0.35625 0.2828125 0.03203125 0.05
2 0.68359375 0.18515625 0.07265625 0.14921875
2 0.95859375 0.19921875 0.0828125 0.271875
2 0.7640625 0.35390625 0.09375 0.11328125
2 0.0625 0.52578125 0.125 0.146875
2 0.8171875 0.21796875 0.2234375 0.11015625
2 0.1953125 0.1640625 0.04453125 0.05078125
2 0.084375 0.27421875 0.16796875 0.309375
2 0.0328125 0.646875 0.06484375 0.13359375
2 0.19375 0.61640625 0.11328125 0.22578125
2 0.803125 0.11953125 0.1296875 0.10234375
2 0.115625 0.02734375 0.13984375 0.04765625
2 0.65 0.16796875 0.278125 0.33046875
2 0.2890625 0.67890625 0.06875 0.09609375
2 0.28984375 0.53671875 0.0921875 0.18359375
2 0.6109375 0.55546875 0.0203125 0.03359375
2 0.2234375 0.0390625 0.02734375 0.0375
2 0.5265625 0.86171875 0.12421875 0.12890625
2 0.81015625 0.015625 0.0390625 0.028125
0 0.27890625 0.21328125 0.22265625 0.13828125
2 0.9671875 0.00859375 0.065625 0.0171875