5 0.1515625 0.61796875 0.02734375 0.03984375
5 0.6734375 0.9765625 0.03125 0.03828125
5 0.4328125 0.0625 0.025 0.03125
5 0.5140625 0.95390625 0.02890625 0.03125
0 0.74296875 0.41484375 0.05859375 0.03203125
2 0.7859375 0.90078125 0.0203125 0.02734375
5 0.6859375 0.93046875 0.02421875 0.02890625
2 0.38203125 0.90859375 0.0265625 0.03515625
2 0.178125 0.8984375 0.03125 0.03125
2 0.059375 0.52578125 0.08046875 0.08046875
2 0.08515625 0.87734375 0.03515625 0.046875
2 0.5828125 0.7203125 0.0515625 0.17734375
2 0.2953125 0.54140625 0.1171875 0.13359375
5 0.59609375 0.2765625 0.01953125 0.02734375
2 0.446875 0.32578125 0.059375 0.075
2 0.6390625 0.33359375 0.19296875 0.20546875
2 0.88125 0.1828125 0.07578125 0.09375
5 0.19140625 0.1765625 0.0265625 0.03671875
5 0.76328125 0.259375 0.01796875 0.021875
5 0.828125 0.3890625 0.02421875 0.02265625
5 0.190625 0.26640625 0.02734375 0.0375
2 0.0734375 0.93046875 0.03046875 0.05078125
2 0.25 0.32890625 0.05625 0.05625
2 0.596875 0.46171875 0.034375 0.06015625
2 0.265625 0.60390625 0.01796875 0.03125
2 0.4390625 0.6578125 0.01875 0.025
2 0.22421875 0.74296875 0.13828125 0.17734375
5 0.1234375 0.87109375 0.02734375 0.03125
5 0.6609375 0.50234375 0.02421875 0.03515625
5 0.9421875 0.54921875 0.01953125 0.02734375
2 0.9734375 0.86640625 0.03671875 0.04453125
2 0.403125 0.9703125 0.04140625 0.05078125
2 0.390625 0.7703125 0.10546875 0.19375
2 0.41328125 0.64609375 0.03828125 0.05
2 0.34296875 0.24296875 0.065625 0.05859375
2 0.884375 0.0515625 0.07265625 0.07109375
2 0.21484375 0.21953125 0.05625 0.04140625
2 0.340625 0.18359375 0.0609375 0.084375
2 0.7734375 0.04296875 0.0625 0.08046875
2 0.0796875 0.44375 0.08671875 0.09375
2 0.540625 0.4328125 0.0890625 0.16953125
2 0.0828125 0.23828125 0.165625 0.25859375
2 0.73515625 0.26171875 0.03359375 0.04140625
2 0.63515625 0.0484375 0.19765625 0.09140625
2 0.615625 0.65078125 0.0109375 0.01875
2 0.3921875 0.53046875 0.04296875 0.084375
2 0.50703125 0.68203125 0.025 0.03828125
2 0.90078125 0.11484375 0.02109375 0.05546875
2 0.9109375 0.446875 0.178125 0.13828125
2 0.75546875 0.16015625 0.08359375 0.07734375
2 0.0140625 0.03671875 0.028125 0.046875
2 0.9515625 0.1984375 0.096875 0.10078125
2 0.265625 0.42734375 0.08671875 0.10546875
2 0.365625 0.30703125 0.04921875 0.07265625
2 0.3 0.678125 0.01171875 0.02421875
2 0.2390625 0.28359375 0.03125 0.05390625
2 0.2515625 0.57421875 0.01796875 0.025
2 0.153125 0.41484375 0.0578125 0.05703125
2 0.140625 0.49609375 0.0078125 0.01484375
2 0.0109375 0.0078125 0.01484375 0.015625
2 0.296875 0.17109375 0.009375 0.0125
2 0.3765625 0.184375 0.01015625 0.009375
2 0.425 0.1734375 0.015625 0.01953125
2 0.1984375 0.36328125 0.0078125 0.01328125
2 0.0390625 0.04453125 0.0234375 0.01640625
2 0.1859375 0.1046875 0.01796875 0.021875
5 0.8765625 0.27421875 0.0203125 0.02890625
5 0.328125 0.84921875 0.03671875 0.040625
0 0.8453125 0.34921875 0.084375 0.078125
2 0.746875 0.88984375 0.0265625 0.02890625
2 0.72109375 0.9921875 0.025 0.01015625
2 0.0171875 0.93046875 0.034375 0.1296875
2 0.140625 0.45078125 0.01796875 0.01328125
2 0.0109375 0.45625 0.00859375 0.009375
2 0.0546875 0.3828125 0.05390625 0.02890625
2 0.07578125 0.00859375 0.0078125 0.01015625
2 0.31875 0.08125 0.034375 0.04453125
2 0.3453125 0.05546875 0.04296875 0.04609375
2 0.503125 0.21171875 0.028125 0.02734375
5 0.5765625 0.6109375 0.0171875 0.01796875
2 0.9875 0.88984375 0.02421875 0.02734375
2 0.46875 0.96328125 0.0828125 0.06484375
2 0.75 0.96953125 0.03125 0.01953125
2 0.34765625 0.928125 0.04453125 0.046875
2 0.03203125 0.68984375 0.05859375 0.05234375
2 0.1125 0.79140625 0.0375 0.021875
2 0.0859375 0.40546875 0.0375 0.02890625
2 0.00703125 0.5953125 0.01328125 0.01171875
2 0.22421875 0.10625 0.0453125 0.08828125
2 0.375 0.0578125 0.015625 0.01875
2 0.10625 0.01875 0.0125 0.01015625
2 0.17109375 0.2453125 0.0203125 0.03828125
2 0.5765625 0.9015625 0.14453125 0.12421875
2 0.3171875 0.76484375 0.059375 0.078125
5 0.009375 0.81484375 0.01796875 0.03828125
5 0.97890625 0.11484375 0.028125 0.04140625
2 0.1390625 0.91796875 0.03515625 0.06171875
2 0.109375 0.61328125 0.05625 0.08359375
5 0.125 0.815625 0.021875 0.02734375
2 0.421875 0.946875 0.034375 0.04453125
2 0.0421875 0.7796875 0.084375 0.10703125
2 0.1046875 0.7015625 0.09375 0.06484375
2 0.065625 0.63359375 0.0828125 0.08203125
2 0.0296875 0.14453125 0.0125 0.02890625
5 0.928125 0.14296875 0.0265625 0.03125
2 0.1671875 0.15390625 0.04921875 0.04609375
5 0.671875 0.87734375 0.0265625 0.03515625
2 0.340625 0.13046875 0.015625 0.02109375
5 0.734375 0.3765625 0.01796875 0.02890625
2 0.0140625 0.475 0.01796875 0.0125
0 0.9515625 0.31953125 0.05625 0.075
2 0.1328125 0.01328125 0.01796875 0.02578125
2 0.015625 0.65 0.03125 0.034375
5 0.75546875 0.09453125 0.02109375 0.028125
2 0.2109375 0.04921875 0.025 0.04140625
2 0.29453125 0.22109375 0.00625 0.01875
2 0.303125 0.12109375 0.0265625 0.03515625
2 0.0125 0.1203125 0.025 0.04375
2 0.4859375 0.74296875 0.0359375 0.03125
2 0.35546875 0.98046875 0.01171875 0.01640625
5 0.49375 0.54921875 0.02890625 0.03359375
2 0.1796875 0.30390625 0.04765625 0.03203125
2 0.5 0.23515625 0.02578125 0.0375
1 0.45703125 0.421875 0.37578125 0.346875
2 0.61171875 0.21953125 0.021875 0.03125
2 0.7140625 0.203125 0.0328125 0.021875
2 0.8328125 0.06796875 0.01640625 0.01796875
2 0.740625 0.01328125 0.0109375 0.0125
2 0.28984375 0.88984375 0.05078125 0.06875
2 0.0453125 0.90625 0.0078125 0.01484375
5 0.2546875 0.8734375 0.02265625 0.03515625
5 0.484375 0.5046875 0.02265625 0.028125
5 0.153125 0.05390625 0.03125 0.03515625
5 0.57109375 0.590625 0.0171875 0.01796875
2 0.3078125 0.34453125 0.04296875 0.075
2 0.2 0.52734375 0.084375 0.13125
5 0.425 0.4 0.02109375 0.03359375
2 0.65859375 0.14765625 0.1 0.11640625
2 0.50625 0.29453125 0.05234375 0.103125
2 0.515625 0.16953125 0.05546875 0.05
2 0.5484375 0.11953125 0.02890625 0.03203125
2 0.2078125 0.01328125 0.03515625 0.02421875
2 0.21171875 0.28984375 0.0171875 0.021875
2 0.2671875 0.10859375 0.05390625 0.109375
2 0.65546875 0.2328125 0.0359375 0.065625
2 0.98828125 0.34140625 0.0234375 0.04453125
2 0.98046875 0.26953125 0.0390625 0.034375
2 0.6828125 0.2265625 0.01328125 0.03515625
2 0.5203125 0.80859375 0.01953125 0.01796875
2 0.37109375 0.95859375 0.0140625 0.03046875
2 0.1421875 0.98515625 0.03359375 0.02890625
5 0.14375 0.7796875 0.0265625 0.03046875
2 0.396875 0.30390625 0.02421875 0.02578125
2 0.18359375 0.42890625 0.04453125 0.05
2 0.15 0.11015625 0.0421875 0.06796875
2 0.0890625 0.07109375 0.034375 0.03203125
16 0.796875 0.71015625 0.31875 0.37421875
2 0.453125 0.8515625 0.08671875 0.13828125
2 0.3515625 0.40546875 0.0421875 0.06796875
2 0.61875 0.60703125 0.03359375 0.05625
2 0.325 0.63828125 0.053125 0.05
2 0.4078125 0.45625 0.01796875 0.02265625
2 0.440625 0.40859375 0.11015625 0.09609375
2 0.140625 0.54375 0.0515625 0.053125
2 0.37890625 0.13359375 0.04921875 0.06484375
2 0.9171875 0.00703125 0.0171875 0.01328125
2 0.5359375 0.8328125 0.01875 0.01875
2 0.1171875 0.93359375 0.03203125 0.05
2 0.071875 0.83984375 0.0078125 0.01328125
5 0.0953125 0.13671875 0.0265625 0.03515625
2 0.534375 0.7078125 0.059375 0.06875
2 0.21015625 0.62578125 0.08984375 0.04453125
2 0.81796875 0.10859375 0.053125 0.07265625
2 0.42578125 0.23359375 0.11015625 0.07265625
2 0.4625 0.07578125 0.1484375 0.14375
2 0.37734375 0.02421875 0.053125 0.04609375
2 0.1671875 0.0078125 0.04453125 0.015625
2 0.1109375 0.0375 0.034375 0.040625
2 0.58046875 0.83515625 0.0421875 0.03203125
2 0.0484375 0.08671875 0.0109375 0.02578125
2 0.6453125 0.4703125 0.025 0.02109375
2 0.47578125 0.6046875 0.13125 0.11015625
5 0.1046875 0.76796875 0.025 0.03125
2 0.80703125 0.23125 0.07734375 0.13125
2 0.95859375 0.0640625 0.0828125 0.125
2 0.503125 0.82734375 0.02578125 0.021875
2 0.4140625 0.15390625 0.01953125 0.02578125
2 0.4390625 0.5078125 0.04921875 0.078125
2 0.3265625 0.70546875 0.0390625 0.03515625
2 0.2953125 0.61328125 0.05 0.03125
5 0.20625 0.88125 0.0265625 0.03359375
5 0.0328125 0.10703125 0.02265625 0.02890625
5 0.25078125 0.6828125 0.0203125 0.03046875
2 0.70859375 0.228125 0.01875 0.028125
2 0.878125 0.109375 0.0234375 0.02734375
2 0.13828125 0.85703125 0.06328125 0.06640625
2 0.10390625 0.81484375 0.0265625 0.03515625
2 0.15 0.81328125 0.0171875 0.03125
2 0.759375 0.22109375 0.02109375 0.028125
2 0.36484375 0.0921875 0.04609375 0.03359375
2 0.28125 0.03203125 0.096875 0.06171875
2 0.5375 0.7609375 0.0359375 0.05234375
2 0.253125 0.91640625 0.02421875 0.04140625
2 0.5296875 0.20546875 0.02421875 0.028125
2 0.1390625 0.35078125 0.0875 0.06484375
2 0.91640625 0.95 0.1671875 0.09375
2 0.809375 0.06484375 0.00703125 0.009375
2 0.4875 0.70703125 0.0140625 0.02890625
2 0.0078125 0.52109375 0.01484375 0.03828125
2 0.271875 0.92265625 0.01015625 0.03359375
2 0.090625 0.99375 0.0125 0.0125
2 0.21328125 0.91640625 0.0328125 0.04296875
2 0.5609375 0.1796875 0.05390625 0.08515625
2 0.2390625 0.17890625 0.0671875 0.05703125
2 0.4515625 0.74609375 0.0078125 0.01484375
2 0.890625 0.00859375 0.01953125 0.015625
2 0.45625 0.16640625 0.0453125 0.04921875
2 0.17109375 0.975 0.0234375 0.05
2 0.8140625 0.96015625 0.0390625 0.05625
2 0.690625 0.12109375 0.03125 0.02265625
2 0.1890625 0.81171875 0.028125 0.03671875
0 0.73125 0.4609375 0.0265625 0.0375
0 0.90234375 0.37265625 0.034375 0.04140625
2 0.9671875 0.17109375 0.0171875 0.02421875
5 0.36953125 0.46171875 0.0234375 0.02578125
5 0.17890625 0.06796875 0.02109375 0.02578125
2 0.4546875 0.77578125 0.01171875 0.01328125
2 0.33125 0.10546875 0.0171875 0.01875
2 0.12890625 0.74765625 0.03828125 0.03984375
5 0.25625 0.21015625 0.02734375 0.03671875
5 0.13671875 0.65 0.01953125 0.02578125
2 0.05625 0.84765625 0.009375 0.01328125
2 0.259375 0.96484375 0.15546875 0.06875
2 0.78828125 0.3265625 0.03125 0.04609375
5 0.2796875 0.725 0.0171875 0.03125
5 0.3625 0.6453125 0.03359375 0.040625
2 0.8375 0.02734375 0.01953125 0.04765625
2 0.2328125 0.87578125 0.01953125 0.05078125