2 0.36484375 0.071875 0.04453125 0.04140625
2 0.5125 0.9296875 0.02265625 0.046875
2 0.3171875 0.8875 0.0109375 0.01328125
2 0.19296875 0.69453125 0.0546875 0.06875
2 0.0984375 0.83828125 0.0453125 0.071875
2 0.31953125 0.41796875 0.0328125 0.059375
2 0.084375 0.1640625 0.0125 0.01640625
2 0.44921875 0.00703125 0.0140625 0.0140625
2 0.44609375 0.27421875 0.20078125 0.234375
2 0.6578125 0.04140625 0.05859375 0.06953125
2 0.4890625 0.7359375 0.0453125 0.05703125
2 0.346875 0.64296875 0.021875 0.06328125
2 0.1359375 0.60546875 0.0484375 0.03046875
2 0.165625 0.16015625 0.0546875 0.05546875
10 0.3125 0.35234375 0.625 0.29765625
2 0.45625 0.9234375 0.090625 0.14453125
2 0.79375 0.42734375 0.21171875 0.115625
2 0.4296875 0.50546875 0.04765625 0.08359375
0 0.05703125 0.05 0.1140625 0.1
0 0.94765625 0.40703125 0.1046875 0.54453125
0 0.64375 0.95390625 0.1484375 0.0875
0 0.85234375 0.51640625 0.196875 0.171875
2 0.5671875 0.87265625 0.01875 0.03203125
2 0.534375 0.859375 0.0296875 0.05234375
2 0.29296875 0.95 0.08046875 0.1
2 0.3515625 0.8234375 0.02890625 0.04921875
2 0.11640625 0.45234375 0.02578125 0.034375
2 0.01875 0.32109375 0.03671875 0.05
2 0.0375 0.13046875 0.0453125 0.053125
2 0.53515625 0.16640625 0.02421875 0.0375
2 0.5140625 0.20859375 0.0265625 0.05625
5 0.790625 0.81640625 0.05234375 0.08203125
2 0.5390625 0.80546875 0.03203125 0.0375
2 0.390625 0.84140625 0.0390625 0.03203125
2 0.8421875 0.34140625 0.04375 0.08046875
2 0.3140625 0.81953125 0.0390625 0.065625
0 0.21875 0.48359375 0.2453125 0.30390625
2 0.28046875 0.85 0.046875 0.05078125
2 0.40625 0.91640625 0.04453125 0.075
2 0.4375 0.1546875 0.00703125 0.00859375
2 0.4578125 0.646875 0.01328125 0.028125
5 0.8328125 0.68046875 0.0453125 0.06328125
16 0.1265625 0.928125 0.253125 0.14375
0 0.7109375 0.775 0.13203125 0.25625
2 0.8890625 0.14296875 0.05234375 0.05703125
2 0.103125 0.52578125 0.0421875 0.07578125
2 0.48203125 0.11484375 0.02578125 0.046875
2 0.490625 0.2234375 0.01015625 0.03359375
2 0.1203125 0.2109375 0.03984375 0.03984375
2 0.184375 0.49609375 0.10859375 0.13671875
2 0.3328125 0.27578125 0.0359375 0.04296875
0 0.17578125 0.11640625 0.3515625 0.23046875
2 0.8234375 0.10859375 0.03046875 0.04140625
2 0.8546875 0.2015625 0.075 0.06171875
2 0.734375 0.115625 0.04140625 0.03671875
2 0.378125 0.95390625 0.040625 0.07421875
2 0.42109375 0.00546875 0.0109375 0.0109375
2 0.4875 0.8265625 0.05859375 0.08828125
2 0.6453125 0.4609375 0.0890625 0.09140625
2 0.4875 0.19140625 0.025 0.02421875
2 0.91640625 0.59609375 0.13125 0.20859375
2 0.60390625 0.88828125 0.034375 0.04296875
2 0.4375 0.07734375 0.059375 0.07734375
2 0.3671875 0.1203125 0.01640625 0.03515625
2 0.1125 0.16640625 0.0203125 0.01953125
2 0.784375 0.05546875 0.2015625 0.11015625
2 0.87265625 0.02890625 0.0421875 0.0578125
2 0.14375 0.0328125 0.05390625 0.065625
2 0.609375 0.62734375 0.2890625 0.2375
3 0.1 0.61953125 0.2 0.5046875
2 0.64609375 0.115625 0.015625 0.01171875
2 0.07890625 0.1234375 0.03515625 0.05625
2 0.45703125 0.85078125 0.02109375 0.02578125
2 0.10625 0.40234375 0.015625 0.02734375
2 0.71875 0.08515625 0.00859375 0.009375
2 0.49375 0.46015625 0.0828125 0.09609375
2 0.96015625 0.028125 0.02578125 0.04140625
2 0.39921875 0.06015625 0.0125 0.021875
2 0.39375 0.64375 0.0296875 0.04765625
2 0.1625 0.09140625 0.02890625 0.03515625
2 0.590625 0.76796875 0.0453125 0.04765625
2 0.328125 0.22421875 0.02109375 0.03046875
2 0.42890625 0.65234375 0.01015625 0.0125
2 0.0828125 0.93671875 0.02109375 0.02421875
2 0.35234375 0.73359375 0.17265625 0.11875
2 0.03125 0.803125 0.0625 0.11640625
2 0.990625 0.07265625 0.01796875 0.08359375
2 0.81875 0.2375 0.02265625 0.03359375
2 0.05625 0.70546875 0.0796875 0.07421875
2 0.4953125 0.5546875 0.01875 0.02265625
2 0.56796875 0.296875 0.071875 0.13984375
2 0.8609375 0.8515625 0.178125 0.28828125
2 0.815625 0.6 0.071875 0.103125
2 0.06640625 0.40546875 0.05625 0.09921875
2 0.359375 0.47734375 0.07734375 0.06796875
2 0.91953125 0.06796875 0.08046875 0.12421875
2 0.6890625 0.18984375 0.18046875 0.17578125
2 0.134375 0.09609375 0.025 0.04296875
2 0.6171875 0.3671875 0.0171875 0.02265625
2 0.771875 0.31484375 0.0765625 0.103125
2 0.6515625 0.75859375 0.0453125 0.084375
2 0.9875 0.59140625 0.02421875 0.04296875
0 0.559375 0.04453125 0.16875 0.08828125
2 0.8734375 0.31328125 0.01953125 0.02421875
2 0.95859375 0.07265625 0.021875 0.02890625
2 0.2234375 0.909375 0.04296875 0.10625
5 0.7703125 0.18046875 0.03203125 0.03828125
2 0.2578125 0.13046875 0.03125 0.03359375
2 0.5796875 0.12890625 0.0640625 0.04921875
2 0.290625 0.25078125 0.05390625 0.04140625
2 0.671875 0.2453125 0.04453125 0.046875
2 0.95625 0.434375 0.078125 0.13828125
2 0.0453125 0.64296875 0.08984375 0.065625