2 0.0984375 0.63984375 0.01875 0.034375
2 0.06875 0.41640625 0.03203125 0.03046875
2 0.975 0.33046875 0.0265625 0.03828125
2 0.721875 0.84609375 0.0203125 0.02265625
2 0.74921875 0.79296875 0.02890625 0.015625
2 0.4921875 0.471875 0.01875 0.01953125
2 0.1171875 0.30859375 0.01484375 0.01796875
2 0.2890625 0.49296875 0.01484375 0.015625
2 0.23359375 0.92734375 0.03984375 0.04453125
16 0.325 0.75078125 0.51484375 0.49375
2 0.715625 0.19296875 0.015625 0.01953125
2 0.5671875 0.865625 0.01953125 0.02890625
2 0.2984375 0.5375 0.01484375 0.01484375
2 0.5328125 0.734375 0.03359375 0.03984375
2 0.1734375 0.36015625 0.028125 0.02578125
2 0.209375 0.75546875 0.02265625 0.02109375
2 0.59921875 0.634375 0.01953125 0.025
2 0.44375 0.4078125 0.01875 0.02265625
2 0.1046875 0.72734375 0.021875 0.02265625
2 0.23125 0.30390625 0.0171875 0.01015625
2 0.6359375 0.8640625 0.009375 0.01484375
2 0.27109375 0.4765625 0.01328125 0.01796875
2 0.409375 0.11875 0.021875 0.02421875
2 0.9296875 0.48984375 0.01875 0.03515625
2 0.58125 0.78359375 0.05703125 0.08359375
2 0.3296875 0.52421875 0.01953125 0.01328125
2 0.36796875 0.48359375 0.01953125 0.01640625
2 0.41484375 0.40546875 0.015625 0.01875
2 0.2140625 0.2828125 0.0171875 0.01875
2 0.459375 0.22890625 0.0171875 0.015625
2 0.971875 0.92890625 0.02890625 0.05
2 0.92578125 0.67109375 0.0296875 0.06953125
2 0.9125 0.31484375 0.059375 0.05390625
2 0.59140625 0.11015625 0.021875 0.02265625
2 0.56875 0.91640625 0.02109375 0.02734375
2 0.86171875 0.14609375 0.0171875 0.021875
2 0.696875 0.03125 0.021875 0.025
14 0.73046875 0.24140625 0.134375 0.26796875
2 0.640625 0.56953125 0.028125 0.03125
2 0.525 0.815625 0.0453125 0.03984375
2 0.465625 0.565625 0.028125 0.03515625
2 0.1703125 0.48984375 0.02734375 0.02734375
2 0.34609375 0.0671875 0.0078125 0.01328125
2 0.7453125 0.759375 0.0234375 0.03203125
14 0.8671875 0.40234375 0.15546875 0.10078125
2 0.4703125 0.00625 0.0171875 0.0125
2 0.98125 0.62109375 0.021875 0.02578125
2 0.4046875 0.61171875 0.02421875 0.028125
2 0.34453125 0.08984375 0.01484375 0.02578125
2 0.025 0.39921875 0.01484375 0.025
2 0.15546875 0.01640625 0.01171875 0.02265625
2 0.11796875 0.62421875 0.01328125 0.025
2 0.71171875 0.80078125 0.0171875 0.01796875
2 0.03359375 0.9140625 0.01953125 0.02421875
2 0.240625 0.375 0.0171875 0.04453125
2 0.3765625 0.00546875 0.0265625 0.01015625
2 0.19375 0.05234375 0.01640625 0.03046875
2 0.078125 0.04453125 0.01796875 0.02734375
2 0.1875 0.73203125 0.0171875 0.021875
2 0.56640625 0.37890625 0.01640625 0.01875
2 0.6609375 0.84296875 0.034375 0.040625
2 0.159375 0.8265625 0.02109375 0.03046875
2 0.53125 0.65078125 0.02109375 0.028125
2 0.271875 0.18984375 0.0203125 0.02890625
2 0.45 0.05234375 0.0234375 0.0375
2 0.4359375 0.5328125 0.02421875 0.03125
2 0.665625 0.78203125 0.02421875 0.01953125
2 0.6390625 0.6765625 0.03515625 0.04140625
2 0.79375 0.62890625 0.0125 0.02890625
2 0.21953125 0.84921875 0.0203125 0.03671875
2 0.0421875 0.48359375 0.021875 0.03203125
2 0.2078125 0.44453125 0.034375 0.03828125
2 0.16640625 0.20859375 0.02421875 0.059375
2 0.1234375 0.19921875 0.03046875 0.02421875
2 0.378125 0.12265625 0.021875 0.03203125
2 0.47890625 0.20703125 0.01796875 0.02421875
2 0.5171875 0.61640625 0.0234375 0.03125
2 0.8046875 0.73671875 0.02890625 0.02890625
2 0.6078125 0.3546875 0.0234375 0.03515625
2 0.6359375 0.365625 0.01953125 0.03203125
2 0.73984375 0.04140625 0.02421875 0.02421875
2 0.73828125 0.18046875 0.0296875 0.02421875
2 0.10078125 0.13828125 0.0203125 0.02734375
2 0.4015625 0.37734375 0.01953125 0.03203125
2 0.4796875 0.16875 0.01640625 0.01953125
2 0.00625 0.82265625 0.0125 0.0203125
2 0.6890625 0.715625 0.0203125 0.01953125
2 0.5109375 0.13203125 0.0265625 0.05390625
2 0.00859375 0.80234375 0.0171875 0.021875
2 0.6484375 0.20859375 0.0140625 0.01953125
2 0.01328125 0.64921875 0.021875 0.0375
2 0.55 0.41484375 0.02421875 0.021875
2 0.434375 0.23515625 0.02734375 0.02421875
2 0.3265625 0.275 0.02734375 0.03359375
2 0.0640625 0.98828125 0.01640625 0.01875
2 0.378125 0.05703125 0.01796875 0.02578125
2 0.4171875 0.17265625 0.0203125 0.028125
2 0.38125 0.27578125 0.0203125 0.04453125
2 0.065625 0.06875 0.01796875 0.02734375
2 0.5484375 0.61953125 0.02734375 0.03203125
2 0.24375 0.20859375 0.01640625 0.02734375
2 0.32890625 0.21328125 0.01953125 0.02421875
2 0.27890625 0.02734375 0.03515625 0.03828125
2 0.0296875 0.59296875 0.01640625 0.02578125
2 0.4140625 0.2578125 0.03046875 0.02890625
2 0.6109375 0.5390625 0.025 0.05078125
2 0.4375 0.13671875 0.0125 0.03515625
2 0.69140625 0.0765625 0.028125 0.04609375
2 0.215625 0.38046875 0.0359375 0.03984375
2 0.69296875 0.4375 0.0171875 0.02265625
2 0.53125 0.29375 0.03515625 0.03671875
2 0.5453125 0.54921875 0.01328125 0.02265625
2 0.7390625 0.44453125 0.0234375 0.02890625
2 0.6890625 0.32421875 0.01953125 0.02578125
2 0.86328125 0.08515625 0.0328125 0.03828125
2 0.5625 0.05 0.0171875 0.03671875
2 0.74765625 0.53984375 0.021875 0.03515625
2 0.8828125 0.159375 0.02421875 0.03125
2 0.6 0.91640625 0.025 0.02578125
2 0.9796875 0.3875 0.021875 0.046875
2 0.64375 0.01171875 0.01015625 0.00859375
2 0.153125 0.153125 0.01953125 0.05390625
2 0.5125 0.04765625 0.0234375 0.02578125
2 0.5703125 0.696875 0.0234375 0.02578125
2 0.62109375 0.82109375 0.0265625 0.02734375
2 0.709375 0.91328125 0.02109375 0.028125
2 0.6515625 0.734375 0.0265625 0.05
2 0.5921875 0.715625 0.03125 0.05546875
2 0.7890625 0.440625 0.02734375 0.040625
2 0.646875 0.41484375 0.028125 0.02421875
7 0.87734375 0.49765625 0.2421875 0.9953125
2 0.89375 0.0921875 0.00859375 0.01640625
2 0.98984375 0.0921875 0.01875 0.01953125
2 0.7171875 0.07734375 0.02421875 0.02265625
2 0.7171875 0.45078125 0.0171875 0.02734375
2 0.76640625 0.90390625 0.0265625 0.03203125
2 0.0140625 0.971875 0.01640625 0.02734375
2 0.0453125 0.55234375 0.0140625 0.02734375
2 0.1703125 0.44453125 0.03828125 0.04453125
2 0.1 0.028125 0.0265625 0.02421875
2 0.4015625 0.27890625 0.01640625 0.03359375
2 0.475 0.53203125 0.0203125 0.02578125
2 0.521875 0.52578125 0.025 0.04453125
2 0.56640625 0.5484375 0.01796875 0.02421875
2 0.721875 0.87421875 0.02890625 0.028125
2 0.775 0.71328125 0.01640625 0.02734375
2 0.796875 0.590625 0.02734375 0.03671875
2 0.7703125 0.49296875 0.02421875 0.04609375
2 0.66484375 0.29921875 0.025 0.028125
2 0.425 0.4359375 0.03203125 0.03359375
2 0.0953125 0.878125 0.03046875 0.046875
2 0.075 0.50390625 0.028125 0.0375
2 0.05703125 0.17109375 0.0171875 0.02578125
2 0.8953125 0.1296875 0.02734375 0.03515625
2 0.65234375 0.03203125 0.00859375 0.01796875