2 0.196875 0.96484375 0.05078125 0.065625
2 0.615625 0.55703125 0.01484375 0.04453125
2 0.0765625 0.40859375 0.02890625 0.025
2 0.1953125 0.72890625 0.0203125 0.02578125
0 0.19609375 0.28046875 0.0234375 0.028125
2 0.20859375 0.38828125 0.021875 0.046875
2 0.2453125 0.7453125 0.03359375 0.05546875
2 0.146875 0.7078125 0.02265625 0.02265625
0 0.2671875 0.434375 0.06015625 0.05078125
2 0.8390625 0.3328125 0.028125 0.028125
0 0.2375 0.30078125 0.04453125 0.06328125
2 0.23046875 0.92109375 0.01484375 0.01328125
2 0.02109375 0.77734375 0.02265625 0.01953125
2 0.946875 0.7890625 0.02265625 0.0375
2 0.759375 0.7875 0.0265625 0.04609375
2 0.11484375 0.19921875 0.02109375 0.03046875
2 0.4140625 0.6109375 0.04609375 0.05
2 0.375 0.34765625 0.025 0.03515625
2 0.47421875 0.75546875 0.025 0.04609375
2 0.803125 0.6875 0.028125 0.03984375
2 0.771875 0.528125 0.028125 0.096875
2 0.3375 0.73203125 0.01796875 0.021875
2 0.34921875 0.46796875 0.02265625 0.01953125
0 0.9359375 0.3375 0.01796875 0.03203125
2 0.909375 0.084375 0.01953125 0.03359375
2 0.953125 0.4625 0.01796875 0.03046875
2 0.87890625 0.5046875 0.025 0.034375
2 0.88984375 0.94921875 0.02265625 0.02109375
2 0.075 0.91171875 0.0203125 0.02578125
2 0.103125 0.89609375 0.028125 0.015625
0 0.0890625 0.98203125 0.0390625 0.03125
2 0.6078125 0.7921875 0.0234375 0.01953125
2 0.64375 0.821875 0.03203125 0.07421875
2 0.97890625 0.98359375 0.01640625 0.02421875
2 0.89375 0.75703125 0.01640625 0.02265625
2 0.575 0.60390625 0.0203125 0.021875
2 0.5796875 0.54140625 0.025 0.01953125
2 0.965625 0.39296875 0.02734375 0.03828125
2 0.8953125 0.040625 0.025 0.02734375
2 0.72421875 0.23828125 0.0140625 0.01328125
2 0.8046875 0.4140625 0.01796875 0.03515625
2 0.75 0.85859375 0.0125 0.021875
2 0.6359375 0.99296875 0.01875 0.01328125
2 0.06875 0.68828125 0.0484375 0.04609375
2 0.0109375 0.70703125 0.02109375 0.02890625
2 0.13359375 0.7875 0.03125 0.03515625
2 0.09375 0.77265625 0.0375 0.0375
0 0.25859375 0.496875 0.03125 0.03359375
2 0.0484375 0.940625 0.02421875 0.02421875
2 0.8546875 0.8046875 0.05078125 0.03828125
2 0.8078125 0.840625 0.01953125 0.02265625
2 0.6421875 0.5796875 0.01796875 0.03671875
0 0.8296875 0.18828125 0.340625 0.37578125
2 0.99375 0.23203125 0.0125 0.02109375
2 0.7921875 0.09296875 0.01328125 0.021875
2 0.99609375 0.6421875 0.0078125 0.01875
2 0.9046875 0.52890625 0.0109375 0.01328125
2 0.61953125 0.93828125 0.03828125 0.03203125
2 0.66875 0.57421875 0.02265625 0.02890625
2 0.98828125 0.0296875 0.0234375 0.059375
14 0.30390625 0.39296875 0.6078125 0.528125
2 0.65859375 0.00546875 0.0203125 0.0109375
2 0.9546875 0.85703125 0.02421875 0.01875
2 0.8453125 0.94609375 0.009375 0.015625
2 0.778125 0.81953125 0.0203125 0.02890625
2 0.67890625 0.7625 0.00859375 0.01796875
2 0.890625 0.11328125 0.0265625 0.02265625
2 0.5578125 0.80546875 0.02265625 0.03125
0 0.609375 0.01171875 0.02421875 0.021875
0 0.3046875 0.46640625 0.02734375 0.02734375
2 0.653125 0.49296875 0.01875 0.03125
2 0.9953125 0.49140625 0.009375 0.01484375
2 0.953125 0.046875 0.04453125 0.05625
2 0.465625 0.84453125 0.01640625 0.02109375
2 0.0953125 0.81171875 0.02421875 0.03203125
2 0.6625 0.1953125 0.0296875 0.03203125
2 0.040625 0.85859375 0.01796875 0.04609375
2 0.6703125 0.24375 0.02109375 0.02578125
2 0.01796875 0.91875 0.0203125 0.02578125
2 0.2375 0.37734375 0.03515625 0.0375
2 0.48671875 0.00703125 0.01640625 0.01328125
2 0.3625 0.66015625 0.01640625 0.01484375
2 0.978125 0.6109375 0.01796875 0.02578125
0 0.9140625 0.23359375 0.0484375 0.09921875
2 0.26875 0.8421875 0.01640625 0.028125
2 0.371875 0.94296875 0.01796875 0.02265625
2 0.984375 0.571875 0.0109375 0.01953125
2 0.625 0.5234375 0.0109375 0.01796875
2 0.6046875 0.65390625 0.02421875 0.02265625
2 0.36328125 0.5625 0.01953125 0.02890625
2 0.48125 0.12734375 0.021875 0.02734375
2 0.6796875 0.528125 0.0234375 0.03203125
2 0.834375 0.203125 0.0453125 0.02890625
2 0.084375 0.95 0.01953125 0.02421875
2 0.41484375 0.45234375 0.02421875 0.028125
2 0.2609375 0.33359375 0.01640625 0.02890625
2 0.70859375 0.1796875 0.01875 0.01640625
2 0.628125 0.2203125 0.01015625 0.00859375
2 0.2109375 0.91953125 0.01796875 0.02265625
2 0.6625 0.98203125 0.01328125 0.02421875
2 0.6109375 0.73984375 0.0203125 0.02578125
2 0.3046875 0.95625 0.0203125 0.02578125
2 0.5 0.67421875 0.0171875 0.01875
2 0.1953125 0.85078125 0.01796875 0.021875
2 0.18203125 0.6875 0.01953125 0.028125
2 0.59375 0.7578125 0.01953125 0.02421875
2 0.9203125 0.74140625 0.02109375 0.01953125
2 0.9640625 0.55078125 0.028125 0.040625
2 0.48671875 0.29140625 0.028125 0.03828125
2 0.46015625 0.29921875 0.02890625 0.03203125
2 0.05859375 0.11640625 0.02421875 0.02734375
2 0.575 0.05234375 0.01640625 0.015625
2 0.68046875 0.8015625 0.02421875 0.03125
2 0.2859375 0.32109375 0.0125 0.021875
2 0.52109375 0.01015625 0.0171875 0.01953125
2 0.103125 0.67421875 0.0203125 0.01953125
2 0.25625 0.671875 0.028125 0.01875
2 0.371875 0.721875 0.0265625 0.03515625
2 0.34609375 0.6328125 0.01484375 0.02421875
2 0.69609375 0.75390625 0.01953125 0.03515625
2 0.8625 0.8421875 0.02421875 0.02578125
2 0.8921875 0.56875 0.0171875 0.0375
2 0.2515625 0.07734375 0.03203125 0.03359375
2 0.53828125 0.96171875 0.06015625 0.07421875
2 0.5625 0.8828125 0.0203125 0.03203125
2 0.54375 0.55078125 0.02265625 0.03046875
2 0.0109375 0.14609375 0.021875 0.02421875
2 0.21484375 0.08671875 0.02421875 0.028125
2 0.66796875 0.278125 0.0171875 0.01640625
2 0.2625 0.80390625 0.01640625 0.015625
2 0.9375 0.5875 0.02734375 0.04296875