4 0.2875 0.49765625 0.278125 0.9953125
2 0.08046875 0.61640625 0.02890625 0.02265625
2 0.33125 0.48671875 0.0171875 0.0125
2 0.071875 0.36484375 0.02890625 0.04609375
2 0.03515625 0.17421875 0.01875 0.01875
2 0.0140625 0.06953125 0.0203125 0.01484375
2 0.18125 0.1328125 0.0296875 0.021875
2 0.6328125 0.8875 0.021875 0.04453125
2 0.5609375 0.9671875 0.0203125 0.025
2 0.84375 0.35859375 0.02265625 0.05234375
2 0.75625 0.40703125 0.021875 0.01796875
2 0.0640625 0.12890625 0.0453125 0.04609375
2 0.9578125 0.57890625 0.028125 0.0375
2 0.515625 0.67265625 0.02421875 0.03671875
2 0.49375 0.0375 0.0171875 0.02578125
2 0.371875 0.74375 0.01640625 0.025
2 0.334375 0.66015625 0.01640625 0.021875
2 0.05 0.40234375 0.0171875 0.01484375
2 0.08515625 0.26328125 0.021875 0.021875
2 0.8421875 0.76953125 0.02265625 0.02109375
2 0.8640625 0.73984375 0.0203125 0.028125
2 0.44453125 0.56796875 0.01875 0.01171875
2 0.446875 0.49453125 0.0140625 0.025
2 0.91796875 0.01953125 0.028125 0.028125
2 0.1859375 0.73828125 0.01328125 0.03671875
2 0.3125 0.54453125 0.0203125 0.025
2 0.10625 0.66875 0.03046875 0.0375
2 0.3875 0.13046875 0.021875 0.02265625
2 0.7859375 0.04609375 0.03125 0.02734375
2 0.05703125 0.9234375 0.01640625 0.02734375
2 0.353125 0.51015625 0.0171875 0.03125
2 0.09921875 0.56796875 0.053125 0.07109375
2 0.4171875 0.80625 0.01875 0.01796875
2 0.871875 0.66875 0.025 0.03671875
2 0.4609375 0.56640625 0.01640625 0.01953125
2 0.59375 0.44921875 0.01875 0.01484375
2 0.396875 0.384375 0.0375 0.03671875
2 0.69375 0.38515625 0.0125 0.01484375
2 0.1578125 0.35078125 0.025 0.04375
2 0.25234375 0.8109375 0.02890625 0.02578125
2 0.49375 0.16484375 0.0203125 0.03046875
2 0.1859375 0.68984375 0.025 0.03984375
2 0.35234375 0.134375 0.02109375 0.02421875
2 0.51015625 0.25234375 0.03203125 0.03828125
2 0.2140625 0.71875 0.0140625 0.02421875
2 0.05234375 0.72890625 0.040625 0.04453125
2 0.959375 0.03828125 0.02265625 0.021875
2 0.0546875 0.96640625 0.02109375 0.02734375
2 0.484375 0.13125 0.0171875 0.02734375
2 0.19765625 0.03046875 0.02265625 0.02734375
2 0.0328125 0.92734375 0.01640625 0.025
2 0.0203125 0.67734375 0.03046875 0.03515625
2 0.3234375 0.44453125 0.01875 0.02421875
2 0.25625 0.29765625 0.028125 0.03125
2 0.034375 0.63203125 0.0265625 0.03359375
2 0.578125 0.91328125 0.0234375 0.03046875
2 0.49921875 0.37890625 0.02421875 0.028125
2 0.921875 0.3125 0.01640625 0.01484375
2 0.7921875 0.19453125 0.02421875 0.01484375
2 0.9078125 0.08671875 0.0421875 0.06484375
2 0.52578125 0.9796875 0.02578125 0.040625
2 0.9515625 0.71875 0.02578125 0.053125
2 0.646875 0.41953125 0.01953125 0.02421875
2 0.66796875 0.7796875 0.02109375 0.01640625
2 0.5796875 0.81953125 0.0203125 0.02578125
2 0.4375 0.72265625 0.04375 0.04140625
2 0.81484375 0.36171875 0.02109375 0.021875
2 0.3703125 0.8890625 0.025 0.021875
2 0.8140625 0.2140625 0.01953125 0.03125
2 0.76640625 0.96875 0.021875 0.02734375
2 0.76484375 0.875 0.01796875 0.034375
2 0.9109375 0.89140625 0.03671875 0.03515625
2 0.59921875 0.59765625 0.0234375 0.02109375
2 0.78828125 0.49609375 0.01640625 0.02421875
2 0.9140625 0.26796875 0.02265625 0.0625
2 0.8390625 0.1015625 0.0203125 0.01953125
2 0.640625 0.46015625 0.01328125 0.01328125
2 0.4375 0.54296875 0.01796875 0.01796875
2 0.88046875 0.36875 0.0140625 0.02265625
2 0.709375 0.16796875 0.02265625 0.02734375
2 0.65234375 0.38203125 0.01328125 0.01484375
2 0.5890625 0.39609375 0.05859375 0.05390625
2 0.7578125 0.1421875 0.05546875 0.08984375
2 0.71875 0.92421875 0.046875 0.07265625