2 0.009375 0.2609375 0.01875 0.0375
0 0.2671875 0.06640625 0.0546875 0.084375
0 0.90078125 0.1734375 0.1984375 0.34375
0 0.91796875 0.41640625 0.02109375 0.02578125
0 0.3859375 0.20234375 0.04453125 0.04140625
2 0.2859375 0.21171875 0.128125 0.14921875
0 0.009375 0.0875 0.01796875 0.02734375
2 0.55 0.115625 0.04375 0.03515625
2 0.97578125 0.10390625 0.0484375 0.1578125
2 0.1 0.13671875 0.02421875 0.03125
2 0.16796875 0.20078125 0.06953125 0.134375
2 0.2171875 0.0171875 0.04609375 0.03203125
2 0.8921875 0.03046875 0.06796875 0.05859375
2 0.50625 0.37265625 0.021875 0.03125
0 0.4953125 0.2296875 0.025 0.05078125
2 0.2546875 0.34296875 0.02265625 0.028125
0 0.78984375 0.19453125 0.01484375 0.02265625
2 0.2328125 0.66484375 0.01328125 0.028125
0 0.50625 0.17890625 0.01640625 0.021875
0 0.9703125 0.39453125 0.05859375 0.07109375
0 0.96875 0.46328125 0.025 0.03203125
0 0.8875 0.31171875 0.02421875 0.03046875
14 0.465625 0.43984375 0.07421875 0.10625
2 0.5390625 0.35546875 0.0265625 0.03359375
2 0.415625 0.065625 0.21875 0.12421875
16 0.575 0.83359375 0.24609375 0.328125
2 0.1171875 0.18984375 0.0703125 0.05390625
0 0.9046875 0.27109375 0.07421875 0.09765625
16 0.765625 0.7453125 0.03203125 0.07421875
2 0.3796875 0.44296875 0.03046875 0.09296875
2 0.228125 0.36171875 0.04609375 0.046875