2 0.890625 0.30234375 0.01328125 0.025
2 0.91875 0.61484375 0.0109375 0.01640625
2 0.8078125 0.17421875 0.03515625 0.03671875
2 0.13203125 0.97421875 0.0203125 0.025
2 0.83125 0.8375 0.0203125 0.040625
2 0.72421875 0.7796875 0.021875 0.03203125
0 0.2828125 0.18046875 0.3859375 0.359375
2 0.934375 0.309375 0.01875 0.028125
14 0.78203125 0.7765625 0.4359375 0.390625
2 0.59375 0.7578125 0.03125 0.01796875
2 0.92734375 0.48984375 0.0234375 0.0375
2 0.8890625 0.06328125 0.0140625 0.02109375
2 0.1890625 0.78984375 0.015625 0.015625
2 0.29375 0.534375 0.01484375 0.01640625
2 0.61875 0.95078125 0.021875 0.03125
2 0.653125 0.8625 0.01875 0.01953125
2 0.54375 0.75 0.0203125 0.02734375
2 0.7234375 0.2390625 0.015625 0.01953125
2 0.8796875 0.03671875 0.01953125 0.015625
2 0.0703125 0.9078125 0.0203125 0.04375
0 0.24296875 0.6640625 0.034375 0.0375
2 0.4921875 0.2125 0.025 0.03203125
0 0.97578125 0.1203125 0.0265625 0.04453125
2 0.4328125 0.90078125 0.0140625 0.02578125
2 0.61328125 0.3796875 0.0234375 0.03828125
2 0.33359375 0.52265625 0.0265625 0.03203125
2 0.54453125 0.55390625 0.0203125 0.03671875
14 0.94140625 0.9234375 0.1171875 0.14453125
2 0.459375 0.36015625 0.02109375 0.02421875
2 0.6375 0.509375 0.02421875 0.0375
2 0.9796875 0.29453125 0.01875 0.01953125
2 0.1734375 0.99375 0.01640625 0.0125
2 0.1953125 0.8203125 0.01328125 0.02109375
2 0.2671875 0.659375 0.0125 0.025
2 0.3046875 0.61328125 0.0234375 0.025
0 0.1875 0.77265625 0.01953125 0.02421875
0 0.2015625 0.35390625 0.03203125 0.04609375
0 0.2984375 0.36796875 0.01484375 0.03359375
2 0.13671875 0.89296875 0.02109375 0.02265625
2 0.309375 0.75 0.02109375 0.03203125
2 0.31640625 0.92421875 0.0125 0.01875
2 0.4953125 0.803125 0.01640625 0.03125
2 0.43203125 0.8328125 0.01484375 0.01953125
2 0.1625 0.428125 0.0140625 0.01796875
2 0.2390625 0.509375 0.01953125 0.01640625
2 0.49375 0.36171875 0.025 0.03515625
2 0.690625 0.55234375 0.0375 0.03046875
2 0.6671875 0.6546875 0.0203125 0.02421875
2 0.92890625 0.71875 0.02421875 0.028125
2 0.8765625 0.11328125 0.009375 0.01015625
2 0.940625 0.02265625 0.00703125 0.01328125
2 0.69375 0.03125 0.015625 0.021875
2 0.05625 0.88671875 0.01875 0.01171875
2 0.13125 0.61796875 0.01015625 0.01484375
2 0.14375 0.74140625 0.01484375 0.03046875
2 0.19140625 0.9328125 0.0203125 0.021875
2 0.1078125 0.64921875 0.01640625 0.02734375
2 0.6828125 0.5140625 0.01484375 0.02265625
2 0.9796875 0.2609375 0.0171875 0.02421875
2 0.1140625 0.88828125 0.01328125 0.01953125
0 0.08046875 0.27890625 0.1609375 0.23203125
2 0.3203125 0.209375 0.0046875 0.01015625
0 0.0625 0.39765625 0.0375 0.06015625
0 0.3421875 0.34609375 0.01640625 0.01953125
2 0.1390625 0.86796875 0.028125 0.02421875
2 0.1734375 0.81015625 0.025 0.02578125
2 0.515625 0.8421875 0.01640625 0.02265625
2 0.4875 0.70859375 0.01640625 0.04453125
2 0.3453125 0.64765625 0.028125 0.028125
2 0.18125 0.646875 0.01640625 0.02265625
2 0.10625 0.41328125 0.0203125 0.03359375
2 0.7703125 0.75703125 0.021875 0.03046875
2 0.68515625 0.88984375 0.02109375 0.01875
0 0.0171875 0.36796875 0.034375 0.08671875
0 0.8 0.11640625 0.03203125 0.06875
0 0.7515625 0.0140625 0.01953125 0.01953125
2 0.0640625 0.62109375 0.01640625 0.01875
2 0.0390625 0.48828125 0.03046875 0.03046875
2 0.459375 0.96015625 0.01640625 0.02421875
2 0.28359375 0.63046875 0.025 0.02265625
2 0.115625 0.5953125 0.01328125 0.02734375
2 0.43359375 0.4625 0.0265625 0.03203125
2 0.35625 0.4390625 0.02734375 0.03828125
2 0.61328125 0.1921875 0.0296875 0.0375
2 0.75546875 0.6359375 0.03515625 0.05390625
0 0.2296875 0.83203125 0.0421875 0.0375
0 0.2171875 0.78828125 0.02734375 0.028125
0 0.23984375 0.75 0.0484375 0.04609375
16 0.090625 0.9578125 0.125 0.07890625
2 0.009375 0.88203125 0.01796875 0.05234375
2 0.3515625 0.8765625 0.0234375 0.02421875
2 0.3375 0.78984375 0.025 0.028125
2 0.38125 0.740625 0.02890625 0.04765625
2 0.3453125 0.72734375 0.01796875 0.021875
2 0.646875 0.7875 0.015625 0.02109375
2 0.8171875 0.50390625 0.01796875 0.028125
2 0.7203125 0.0390625 0.0296875 0.03046875
2 0.490625 0.93046875 0.01953125 0.02890625
0 0.9296875 0.26171875 0.06796875 0.03359375
0 0.21875 0.89296875 0.03828125 0.06796875
2 0.578125 0.4265625 0.0296875 0.03125
2 0.965625 0.70703125 0.025 0.02890625
2 0.3203125 0.67421875 0.02890625 0.03125
0 0.246875 0.93828125 0.02109375 0.02734375
2 0.86875 0.29375 0.0203125 0.03984375
0 0.22265625 0.971875 0.0265625 0.0375
2 0.01328125 0.61796875 0.021875 0.021875
2 0.5078125 0.9 0.01640625 0.02265625
2 0.66875 0.3265625 0.034375 0.02734375
0 0.8859375 0.12578125 0.228125 0.24609375
2 0.6984375 0.3546875 0.01328125 0.02421875
2 0.06484375 0.84765625 0.02890625 0.03203125
2 0.3765625 0.93046875 0.0203125 0.02421875
0 0.7546875 0.065625 0.0171875 0.02421875
2 0.4765625 0.759375 0.01796875 0.021875
2 0.0109375 0.928125 0.021875 0.03671875
2 0.1546875 0.94375 0.02734375 0.02890625
2 0.484375 0.17421875 0.02265625 0.03203125
2 0.93515625 0.3640625 0.1296875 0.096875
2 0.015625 0.85234375 0.01640625 0.02578125
2 0.221875 0.03203125 0.0140625 0.02421875
2 0.3140625 0.321875 0.02109375 0.021875
2 0.03359375 0.01171875 0.02578125 0.02109375
2 0.34765625 0.38984375 0.01484375 0.01953125
2 0.2953125 0.32109375 0.0171875 0.02109375
2 0.1078125 0.34609375 0.04140625 0.05390625
2 0.2359375 0.09140625 0.0234375 0.04296875
0 0.2359375 0.01796875 0.071875 0.03515625
0 0.428125 0.01171875 0.03046875 0.02265625
2 0.18046875 0.0359375 0.0203125 0.02109375
2 0.20078125 0.55546875 0.02421875 0.015625
2 0.25078125 0.47421875 0.0125 0.01484375
2 0.165625 0.1734375 0.02578125 0.02734375
2 0.27109375 0.1578125 0.01328125 0.01796875
2 0.3640625 0.00546875 0.0046875 0.009375
2 0.14609375 0.51796875 0.02109375 0.021875
2 0.290625 0.09453125 0.01875 0.025
2 0.36953125 0.10078125 0.02265625 0.05546875
2 0.2125 0.19140625 0.01875 0.025
2 0.0875 0.12734375 0.0171875 0.02578125
2 0.228125 0.05703125 0.0125 0.015625
2 0.32890625 0.08359375 0.02890625 0.03046875
2 0.13515625 0.21328125 0.0125 0.01875
2 0.3234375 0.02109375 0.015625 0.01484375
2 0.2390625 0.02890625 0.02265625 0.03359375
2 0.11796875 0.5109375 0.015625 0.01796875