2 0.5078125 0.84765625 0.19140625 0.29765625
2 0.2734375 0.78828125 0.0234375 0.03125
2 0.3890625 0.39765625 0.09296875 0.078125
2 0.58125 0.48359375 0.0796875 0.06875
2 0.2328125 0.39921875 0.0796875 0.1
2 0.54921875 0.03671875 0.0234375 0.03203125
2 0.98125 0.2546875 0.0265625 0.03671875
2 0.30625 0.4375 0.08046875 0.11953125
2 0.9109375 0.52734375 0.0859375 0.06015625
2 0.0171875 0.49140625 0.03359375 0.084375
2 0.16640625 0.30390625 0.0484375 0.05078125
2 0.053125 0.75234375 0.0390625 0.04609375
2 0.5640625 0.0859375 0.06328125 0.04609375
2 0.6796875 0.065625 0.03515625 0.05390625
2 0.2484375 0.22890625 0.03046875 0.05
2 0.9546875 0.940625 0.02421875 0.03203125
2 0.8125 0.63203125 0.0421875 0.05
2 0.06953125 0.93359375 0.034375 0.04140625
2 0.29296875 0.17578125 0.0453125 0.05625
2 0.51484375 0.19375 0.05625 0.02734375
2 0.490625 0.07578125 0.01640625 0.025
2 0.3609375 0.01171875 0.0390625 0.02265625
2 0.49375 0.12890625 0.04375 0.05078125
2 0.08671875 0.3734375 0.03203125 0.03515625
2 0.428125 0.06484375 0.03671875 0.05703125
2 0.675 0.76484375 0.08046875 0.078125
2 0.6125 0.31015625 0.03046875 0.04296875
2 0.63203125 0.015625 0.0453125 0.03125
2 0.57578125 0.01796875 0.00546875 0.00703125
2 0.8484375 0.05546875 0.0546875 0.084375
2 0.90625 0.39296875 0.06171875 0.06953125
2 0.80546875 0.940625 0.03203125 0.05078125
2 0.4484375 0.15859375 0.0546875 0.09140625
2 0.05625 0.58828125 0.025 0.03828125
2 0.2953125 0.12734375 0.0140625 0.01328125
2 0.7640625 0.4078125 0.028125 0.03125
2 0.96875 0.4234375 0.0234375 0.03203125
2 0.9890625 0.97421875 0.021875 0.04765625
2 0.07265625 0.02109375 0.0828125 0.03671875
2 0.96796875 0.853125 0.0640625 0.059375
2 0.5828125 0.19296875 0.040625 0.05625
2 0.446875 0.24140625 0.0109375 0.01484375
2 0.48515625 0.3375 0.021875 0.03828125
2 0.1953125 0.05546875 0.0109375 0.01328125
2 0.22890625 0.88515625 0.034375 0.03671875
2 0.86875 0.10234375 0.0359375 0.04609375
2 0.6296875 0.56015625 0.0421875 0.04609375
2 0.1671875 0.24140625 0.00859375 0.01796875
2 0.5625 0.2609375 0.03515625 0.059375
2 0.625 0.71171875 0.040625 0.04375
2 0.290625 0.56796875 0.03828125 0.05078125
2 0.3484375 0.18515625 0.06953125 0.09609375
2 0.8359375 0.76484375 0.02734375 0.03359375
2 0.04140625 0.64765625 0.0203125 0.028125
2 0.2234375 0.69140625 0.07109375 0.08515625
2 0.6734375 0.50859375 0.04921875 0.07421875
2 0.14296875 0.37265625 0.04609375 0.059375
2 0.41953125 0.49140625 0.02890625 0.04296875
2 0.8734375 0.61484375 0.0296875 0.03984375
2 0.8546875 0.44140625 0.021875 0.025
2 0.9125 0.04375 0.01171875 0.01171875
2 0.909375 0.01640625 0.0125 0.01171875
2 0.1109375 0.9859375 0.0265625 0.028125
2 0.3 0.30703125 0.04609375 0.05078125
2 0.21875 0.33671875 0.03671875 0.04609375
2 0.28203125 0.22109375 0.04140625 0.03515625
2 0.0796875 0.26015625 0.03828125 0.03671875
2 0.01640625 0.3015625 0.0328125 0.05390625
2 0.309375 0.01171875 0.01640625 0.01484375
2 0.29296875 0.1453125 0.0125 0.01015625
0 0.7171875 0.16484375 0.11328125 0.134375
2 0.6515625 0.28046875 0.0421875 0.065625
2 0.7609375 0.95 0.03515625 0.040625
2 0.8828125 0.80859375 0.03984375 0.02890625
2 0.80234375 0.509375 0.03359375 0.04140625
2 0.96015625 0.05 0.0078125 0.009375
2 0.64453125 0.44453125 0.0421875 0.03671875
2 0.6609375 0.22265625 0.02421875 0.03125
2 0.940625 0.3328125 0.01015625 0.01328125
2 0.9390625 0.77734375 0.06015625 0.07421875
2 0.2390625 0.96953125 0.0671875 0.05546875
2 0.92890625 0.43515625 0.02109375 0.01640625
2 0.03828125 0.8109375 0.0546875 0.05703125
14 0.56015625 0.4984375 0.490625 0.99453125
2 0.8640625 0.34140625 0.01328125 0.01796875
2 0.9921875 0.29453125 0.015625 0.0125
2 0.8765625 0.234375 0.02578125 0.03359375
2 0.896875 0.446875 0.03125 0.03125
2 0.8734375 0.76015625 0.05078125 0.040625
2 0.71484375 0.36875 0.03828125 0.046875
2 0.88125 0.16796875 0.04296875 0.05390625
2 0.8171875 0.33984375 0.06875 0.07890625
2 0.853125 0.91796875 0.053125 0.090625
2 0.93515625 0.65234375 0.04765625 0.06171875
2 0.81796875 0.10703125 0.05625 0.06015625
2 0.871875 0.715625 0.03203125 0.03828125
2 0.1328125 0.83828125 0.02421875 0.03046875
2 0.475 0.26328125 0.01328125 0.01796875
2 0.1921875 0.646875 0.0296875 0.04375
2 0.1125 0.56015625 0.03671875 0.03671875
2 0.0703125 0.640625 0.0140625 0.021875
2 0.3734375 0.59140625 0.0265625 0.040625
2 0.1484375 0.16640625 0.0296875 0.03828125
2 0.2109375 0.05 0.01328125 0.015625
2 0.365625 0.68203125 0.0296875 0.03828125
2 0.2484375 0.5046875 0.05234375 0.090625
2 0.7140625 0.4296875 0.034375 0.053125
2 0.06171875 0.98359375 0.0328125 0.03203125
2 0.0734375 0.60625 0.03125 0.034375
2 0.096875 0.1734375 0.0390625 0.03984375
2 0.06015625 0.08046875 0.046875 0.05390625
2 0.1296875 0.26328125 0.0109375 0.01640625
2 0.365625 0.49296875 0.0125 0.015625
2 0.559375 0.1359375 0.01640625 0.021875
2 0.71796875 0.9703125 0.03671875 0.046875
2 0.1640625 0.10234375 0.05859375 0.05
2 0.703125 0.31640625 0.040625 0.04921875
2 0.128125 0.87734375 0.0296875 0.040625
2 0.303125 0.79921875 0.0921875 0.071875
2 0.225 0.271875 0.0390625 0.04921875
2 0.03515625 0.11484375 0.034375 0.04609375
2 0.33125 0.70546875 0.04453125 0.05625
2 0.715625 0.4921875 0.02890625 0.03828125
2 0.68125 0.5890625 0.04765625 0.09140625
2 0.625 0.83203125 0.04453125 0.05078125
2 0.54453125 0.82109375 0.02578125 0.03671875
2 0.5015625 0.66484375 0.0921875 0.0625
2 0.015625 0.93828125 0.03046875 0.034375
2 0.134375 0.7515625 0.03046875 0.03984375
2 0.46171875 0.48203125 0.03828125 0.05234375