2 0.0734375 0.27265625 0.02578125 0.03125
2 0.05703125 0.45390625 0.01484375 0.02265625
14 0.3421875 0.43125 0.15546875 0.64453125
3 0.79921875 0.78671875 0.4015625 0.16953125
2 0.75 0.90859375 0.0234375 0.03125
0 0.4421875 0.1015625 0.06484375 0.05703125
0 0.5453125 0.27734375 0.04296875 0.05
0 0.609375 0.2796875 0.01640625 0.02421875
0 0.8390625 0.04609375 0.05625 0.03515625
2 0.29921875 0.82265625 0.028125 0.040625
2 0.81640625 0.08359375 0.0359375 0.03828125
2 0.9875 0.18203125 0.025 0.028125
0 0.109375 0.284375 0.0296875 0.02578125
0 0.85625 0.0078125 0.02265625 0.015625
2 0.021875 0.86796875 0.01796875 0.03046875
2 0.90234375 0.73828125 0.0265625 0.02265625
2 0.9375 0.08671875 0.02890625 0.04453125
2 0.1390625 0.56640625 0.01015625 0.01953125
2 0.87578125 0.55859375 0.02421875 0.02578125
2 0.0078125 0.9453125 0.015625 0.034375
2 0.09921875 0.83203125 0.0515625 0.05625
0 0.78125 0.01171875 0.01796875 0.01875
0 0.1890625 0.41953125 0.03125 0.04453125
0 0.5140625 0.78359375 0.121875 0.425
2 0.121875 0.39609375 0.0125 0.03671875
2 0.87109375 0.48828125 0.03203125 0.04609375
2 0.6015625 0.09921875 0.02734375 0.05859375
2 0.77734375 0.096875 0.03203125 0.040625
2 0.2875 0.02421875 0.03046875 0.0375
2 0.8578125 0.91328125 0.08671875 0.10078125
0 0.06953125 0.6328125 0.1390625 0.18828125
0 0.0765625 0.54140625 0.08046875 0.1125
0 0.0296875 0.496875 0.0203125 0.03359375
0 0.51953125 0.23984375 0.0296875 0.03671875
3 0.909375 0.41640625 0.18125 0.09375
2 0.3359375 0.91640625 0.01953125 0.028125
2 0.04375 0.91640625 0.01796875 0.02421875
2 0.915625 0.48203125 0.03359375 0.06953125
0 0.9171875 0.19296875 0.165625 0.38046875
2 0.2625 0.01953125 0.0265625 0.03671875
2 0.03515625 0.36171875 0.0203125 0.01953125
2 0.0234375 0.125 0.04609375 0.15859375
0 0.17890625 0.36171875 0.04140625 0.05703125
0 0.91953125 0.92109375 0.03828125 0.05
2 0.6484375 0.56640625 0.02421875 0.03125
3 0.54375 0.02421875 0.13671875 0.04609375
2 0.8765625 0.1578125 0.0265625 0.05
0 0.975 0.503125 0.04921875 0.028125
2 0.98046875 0.09609375 0.01328125 0.02578125
0 0.99375 0.57890625 0.01171875 0.03671875
2 0.225 0.890625 0.01484375 0.01640625
2 0.3875 0.0515625 0.0203125 0.02265625
0 0.19375 0.384375 0.1484375 0.34140625
2 0.434375 0.1890625 0.01953125 0.01796875
2 0.5609375 0.87890625 0.021875 0.04296875
2 0.6203125 0.93203125 0.0109375 0.02109375
2 0.9703125 0.27265625 0.02109375 0.03125
0 0.01328125 0.62734375 0.0265625 0.06953125
2 0.3515625 0.90859375 0.009375 0.01484375
2 0.87421875 0.06875 0.01484375 0.02421875
2 0.746875 0.7 0.0171875 0.028125
2 0.640625 0.98671875 0.01640625 0.015625
2 0.77890625 0.725 0.01875 0.021875
2 0.928125 0.61171875 0.0421875 0.03046875
2 0.703125 0.57421875 0.0234375 0.04296875
2 0.6484375 0.2671875 0.02265625 0.04375
2 0.9203125 0.0578125 0.0203125 0.01875
2 0.4375 0.9109375 0.021875 0.02578125
2 0.6875 0.6359375 0.03515625 0.03671875
2 0.8046875 0.14140625 0.02890625 0.02578125
2 0.8953125 0.02578125 0.01640625 0.028125
2 0.1515625 0.12109375 0.025 0.025
2 0.09140625 0.9921875 0.0171875 0.015625
3 0.1578125 0.73046875 0.17734375 0.25703125
2 0.13125 0.496875 0.02265625 0.040625
2 0.95703125 0.08984375 0.01171875 0.028125
2 0.9734375 0.03671875 0.01328125 0.015625
2 0.7734375 0.6203125 0.02421875 0.03828125
2 0.75703125 0.52734375 0.02265625 0.025
2 0.8203125 0.184375 0.01796875 0.028125
2 0.8828125 0.23046875 0.01640625 0.01796875
2 0.92421875 0.15078125 0.03671875 0.03984375
2 0.9515625 0.11640625 0.01328125 0.01640625
2 0.7421875 0.03984375 0.015625 0.015625
2 0.3484375 0.08828125 0.00859375 0.02109375
2 0.1546875 0.21875 0.01953125 0.025
2 0.13984375 0.03359375 0.01953125 0.03046875
2 0.0609375 0.31171875 0.01328125 0.03046875
2 0.059375 0.72734375 0.02109375 0.025
2 0.07265625 0.9703125 0.0203125 0.02890625
2 0.1484375 0.93671875 0.04375 0.03671875
2 0.29296875 0.928125 0.02109375 0.046875
2 0.7921875 0.3125 0.0171875 0.02421875
2 0.55 0.74453125 0.0234375 0.03046875
2 0.1671875 0.19296875 0.0109375 0.015625
2 0.05078125 0.38984375 0.015625 0.01796875
2 0.015625 0.978125 0.025 0.03359375
2 0.82421875 0.990625 0.02890625 0.01875
2 0.65625 0.9953125 0.0078125 0.009375
3 0.3125 0.46015625 0.1390625 0.30859375
2 0.109375 0.9953125 0.01328125 0.009375
2 0.6765625 0.27109375 0.01328125 0.021875
2 0.01640625 0.01171875 0.0109375 0.0234375
3 0.209375 0.17578125 0.16953125 0.234375
2 0.70390625 0.95390625 0.021875 0.03828125
2 0.11171875 0.32734375 0.0203125 0.01953125
2 0.03671875 0.01015625 0.0265625 0.0203125
2 0.6578125 0.33359375 0.12265625 0.04609375
2 0.796875 0.02265625 0.02734375 0.01875
2 0.00625 0.78203125 0.0125 0.03125
2 0.9671875 0.62265625 0.0234375 0.03515625
2 0.08046875 0.94453125 0.0203125 0.028125
0 0.3796875 0.08984375 0.028125 0.0375
0 0.52265625 0.19140625 0.0296875 0.03125
2 0.01328125 0.3109375 0.0265625 0.04140625
2 0.7140625 0.0328125 0.03046875 0.04140625
2 0.02265625 0.44296875 0.02734375 0.046875
0 0.22109375 0.11484375 0.02109375 0.04140625
0 0.859375 0.1984375 0.0265625 0.028125
2 0.2 0.71171875 0.0125 0.01484375
0 0.1109375 0.446875 0.065625 0.06328125
0 0.1453125 0.38671875 0.0390625 0.06953125
0 0.5015625 0.13984375 0.0265625 0.05078125
0 0.8171875 0.00703125 0.025 0.0140625
0 0.975 0.775 0.0234375 0.03125
2 0.6640625 0.03359375 0.01796875 0.02734375
0 0.521875 0.371875 0.20546875 0.40390625