5 0.6640625 0.40859375 0.03046875 0.03203125
3 0.1234375 0.421875 0.034375 0.15078125
0 0.1078125 0.59765625 0.02421875 0.05
0 0.23828125 0.37109375 0.01953125 0.021875
0 0.7578125 0.67890625 0.03359375 0.04453125
0 0.5984375 0.39140625 0.02265625 0.02578125
2 0.02734375 0.92109375 0.0484375 0.046875
2 0.5171875 0.1703125 0.0171875 0.025
2 0.3953125 0.66015625 0.01953125 0.02890625
2 0.6875 0.78359375 0.01015625 0.015625
2 0.66171875 0.6828125 0.0171875 0.05078125
2 0.9515625 0.4203125 0.01953125 0.03203125
0 0.85390625 0.4875 0.2921875 0.3375
3 0.4265625 0.06171875 0.09765625 0.11015625
2 0.8640625 0.065625 0.01953125 0.015625
5 0.0671875 0.53671875 0.0234375 0.03125
3 0.47265625 0.3078125 0.090625 0.08671875
0 0.0546875 0.79609375 0.02265625 0.05625
0 0.3171875 0.334375 0.0390625 0.04921875
0 0.7546875 0.33671875 0.02109375 0.028125
2 0.109375 0.77109375 0.0578125 0.04921875
2 0.9546875 0.82890625 0.0171875 0.02578125
2 0.3703125 0.33203125 0.0109375 0.01328125
2 0.3796875 0.26640625 0.0171875 0.03671875
2 0.2625 0.62421875 0.00703125 0.01015625
2 0.265625 0.565625 0.0109375 0.01640625
3 0.07265625 0.15078125 0.1453125 0.209375
3 0.39375 0.7 0.20703125 0.26328125
3 0.5859375 0.82109375 0.09453125 0.228125
2 0.828125 0.14140625 0.00859375 0.01171875
2 0.5796875 0.209375 0.01640625 0.02734375
0 0.3421875 0.2890625 0.028125 0.040625
2 0.0265625 0.50859375 0.01015625 0.01796875
2 0.3109375 0.5421875 0.01171875 0.01171875
3 0.5640625 0.9671875 0.11171875 0.065625
0 0.171875 0.7703125 0.02421875 0.02890625
0 0.31015625 0.40390625 0.11171875 0.08203125
2 0.9359375 0.0703125 0.04296875 0.04453125
2 0.8390625 0.028125 0.0375 0.03203125
2 0.859375 0.3515625 0.053125 0.0875
2 0.93359375 0.25703125 0.0140625 0.01640625
5 0.1640625 0.73671875 0.02109375 0.02421875
2 0.00625 0.73671875 0.01171875 0.01953125
2 0.0796875 0.2140625 0.02734375 0.04609375
2 0.2796875 0.615625 0.01015625 0.01640625
2 0.6765625 0.81953125 0.02734375 0.03125
2 0.74921875 0.73046875 0.01875 0.015625
2 0.52265625 0.49765625 0.02265625 0.02578125
0 0.19296875 0.79921875 0.0234375 0.02890625
0 0.128125 0.95859375 0.06640625 0.08203125
0 0.12734375 0.72421875 0.0515625 0.0875
0 0.1890625 0.13046875 0.021875 0.03203125
0 0.28828125 0.07578125 0.01796875 0.02265625
0 0.33046875 0.08828125 0.01796875 0.02734375
0 0.48671875 0.23515625 0.02421875 0.04609375
0 0.73125 0.34453125 0.0140625 0.015625
0 0.890625 0.33046875 0.01640625 0.02421875
0 0.8890625 0.9859375 0.02421875 0.02578125
2 0.009375 0.3859375 0.01875 0.04375
2 0.9125 0.05625 0.028125 0.0375
2 0.584375 0.2875 0.0234375 0.03203125
2 0.0140625 0.553125 0.021875 0.028125
2 0.23671875 0.61640625 0.01953125 0.01484375
2 0.653125 0.63359375 0.01484375 0.02421875
3 0.0546875 0.8609375 0.109375 0.125
2 0.3140625 0.56640625 0.015625 0.01640625
2 0.4109375 0.72421875 0.01171875 0.01484375
2 0.3234375 0.1515625 0.0140625 0.03203125
4 0.62734375 0.5265625 0.36171875 0.57265625
3 0.825 0.1484375 0.071875 0.11171875
16 0.18125 0.04921875 0.253125 0.096875
3 0.196875 0.2421875 0.0671875 0.05078125
2 0.7875 0.24140625 0.0140625 0.01953125
0 0.140625 0.31171875 0.01796875 0.021875
2 0.73125 0.43046875 0.06484375 0.02734375
2 0.2296875 0.52890625 0.040625 0.05546875
0 0.5 0.06484375 0.0578125 0.12421875
2 0.8453125 0.24140625 0.00703125 0.00859375
2 0.8421875 0.21484375 0.01484375 0.02890625
2 0.884375 0.19765625 0.0171875 0.01640625
2 0.9390625 0.1328125 0.02109375 0.01953125
2 0.99375 0.04453125 0.0125 0.01796875
0 0.1515625 0.15703125 0.0515625 0.125
2 0.234375 0.4234375 0.034375 0.04296875
0 0.8 0.67109375 0.01953125 0.02421875
2 0.9203125 0.20546875 0.01015625 0.0125
0 0.09921875 0.82109375 0.03125 0.03515625
3 0.97421875 0.3375 0.0515625 0.134375
0 0.9828125 0.21328125 0.03359375 0.0875
0 0.31484375 0.965625 0.0875 0.06875
2 0.2421875 0.7890625 0.0078125 0.00859375
5 0.625 0.578125 0.0203125 0.02890625
0 0.4859375 0.3609375 0.0515625 0.06015625
2 0.9953125 0.13359375 0.00859375 0.01640625
2 0.92890625 0.10234375 0.01484375 0.015625
2 0.890625 0.48359375 0.01640625 0.04296875
0 0.8734375 0.80546875 0.25234375 0.37421875
3 0.575 0.09296875 0.1703125 0.17734375
2 0.4765625 0.771875 0.0234375 0.03125
2 0.3390625 0.1390625 0.221875 0.27578125
0 0.45625 0.18125 0.084375 0.11953125
0 0.28203125 0.16484375 0.06484375 0.128125
2 0.92578125 0.19296875 0.00859375 0.015625
3 0.5140625 0.66015625 0.246875 0.296875
0 0.1671875 0.878125 0.08671875 0.11953125
0 0.2875 0.72265625 0.03828125 0.11796875
2 0.91328125 0.12421875 0.021875 0.03359375
2 0.43828125 0.80625 0.01640625 0.03203125
2 0.01875 0.346875 0.02421875 0.03515625
2 0.0765625 0.72890625 0.015625 0.03046875
3 0.8546875 0.87109375 0.06171875 0.16015625
2 0.97734375 0.796875 0.0453125 0.025
0 0.703125 0.7265625 0.11875 0.546875
3 0.60078125 0.53203125 0.084375 0.234375
3 0.25703125 0.29921875 0.06640625 0.12265625
0 0.21328125 0.36875 0.0171875 0.01796875
3 0.2046875 0.9359375 0.040625 0.125
2 0.965625 0.153125 0.01875 0.02578125
2 0.4515625 0.69921875 0.01640625 0.02421875
0 0.046875 0.01484375 0.02109375 0.02421875
3 0.3125 0.91328125 0.18984375 0.17109375
0 0.21484375 0.57421875 0.1453125 0.496875
2 0.24375 0.66953125 0.028125 0.03125
2 0.890625 0.15546875 0.00859375 0.01484375
0 0.93203125 0.83359375 0.02734375 0.03671875
2 0.403125 0.80546875 0.0140625 0.01171875