2 0.7640625 0.93515625 0.06796875 0.11875
2 0.76171875 0.6546875 0.0453125 0.059375
2 0.94375 0.96328125 0.0421875 0.0375
0 0.11953125 0.04609375 0.2390625 0.09140625
2 0.23984375 0.5078125 0.028125 0.04609375
14 0.640625 0.4984375 0.41328125 0.996875
2 0.909375 0.59453125 0.18125 0.30390625
2 0.0640625 0.578125 0.06015625 0.10546875
2 0.3703125 0.50078125 0.090625 0.09609375
2 0.709375 0.73203125 0.0484375 0.05
2 0.1328125 0.43125 0.03125 0.03203125
2 0.8828125 0.04765625 0.0484375 0.065625
2 0.903125 0.28984375 0.09609375 0.18046875
0 0.053125 0.81328125 0.0890625 0.16171875
0 0.275 0.27578125 0.33984375 0.3375
2 0.21875 0.6671875 0.12421875 0.15234375
2 0.64375 0.85078125 0.07421875 0.07265625
0 0.28203125 0.88515625 0.12109375 0.21875
0 0.546875 0.59609375 0.20703125 0.31328125
2 0.7984375 0.38828125 0.05625 0.08125
2 0.79375 0.10234375 0.09296875 0.19296875