2 0.91015625 0.3296875 0.0203125 0.0375
2 0.215625 0.64765625 0.0234375 0.03515625
2 0.03125 0.1125 0.0078125 0.01640625
4 0.58125 0.50625 0.83671875 0.9875
2 0.55546875 0.92578125 0.021875 0.02734375
2 0.7140625 0.95703125 0.01328125 0.02421875
2 0.9421875 0.90546875 0.0234375 0.03515625
2 0.4859375 0.2078125 0.01640625 0.02578125
2 0.7609375 0.38515625 0.01953125 0.01796875
2 0.7484375 0.52109375 0.01796875 0.01328125
2 0.80859375 0.41015625 0.028125 0.03125
2 0.765625 0.20859375 0.0140625 0.01796875
2 0.946875 0.1796875 0.0203125 0.01953125
2 0.3578125 0.88046875 0.00859375 0.009375
3 0.14375 0.76640625 0.1734375 0.34609375
2 0.08984375 0.0046875 0.01875 0.009375
3 0.3890625 0.67265625 0.1109375 0.221875
3 0.259375 0.68828125 0.11875 0.184375
3 0.03984375 0.60625 0.0671875 0.03515625
0 0.0296875 0.421875 0.01796875 0.01875
2 0.01015625 0.15234375 0.0203125 0.04140625
2 0.0265625 0.16875 0.0203125 0.02265625
2 0.1328125 0.13203125 0.01015625 0.028125
2 0.24609375 0.36484375 0.02421875 0.03671875
2 0.31640625 0.97109375 0.0203125 0.01796875
2 0.771875 0.95859375 0.0140625 0.01953125
2 0.775 0.59296875 0.01796875 0.01953125
2 0.50625 0.46796875 0.0203125 0.01953125
2 0.4171875 0.10703125 0.0109375 0.02578125
2 0.64765625 0.41640625 0.0234375 0.03125
2 0.621875 0.33125 0.01328125 0.01953125
2 0.7875 0.42109375 0.0109375 0.021875
2 0.796875 0.11875 0.0203125 0.02265625
2 0.9015625 0.06640625 0.01953125 0.03125
2 0.8921875 0.19765625 0.02734375 0.03515625
2 0.1109375 0.49765625 0.04296875 0.07109375
2 0.08125 0.49921875 0.0171875 0.028125
2 0.12109375 0.33828125 0.02421875 0.03515625
2 0.39296875 0.11015625 0.0125 0.021875
2 0.44921875 0.7734375 0.025 0.02578125
2 0.2234375 0.17265625 0.01796875 0.02578125
2 0.0328125 0.5609375 0.03125 0.028125
2 0.359375 0.39609375 0.0265625 0.0375
2 0.5140625 0.74609375 0.02109375 0.02734375
2 0.478125 0.03046875 0.01484375 0.03671875
3 0.425 0.27578125 0.0515625 0.03203125
3 0.02890625 0.02265625 0.0578125 0.04296875
0 0.19375 0.52734375 0.06328125 0.16953125
0 0.31953125 0.50234375 0.08046875 0.171875
0 0.9140625 0.9515625 0.034375 0.09375
2 0.10234375 0.3796875 0.01953125 0.01953125
2 0.0296875 0.25078125 0.01640625 0.03125
2 0.390625 0.74765625 0.03671875 0.06953125
2 0.38671875 0.40078125 0.0296875 0.0375
2 0.5375 0.5734375 0.01328125 0.01953125
2 0.55390625 0.659375 0.01953125 0.02578125
2 0.440625 0.49375 0.0171875 0.02265625
2 0.4734375 0.0953125 0.02265625 0.015625
2 0.77109375 0.409375 0.0140625 0.01953125
2 0.68203125 0.07890625 0.0171875 0.02734375
2 0.921875 0.2015625 0.0265625 0.02421875
2 0.3859375 0.5 0.01796875 0.02734375
0 0.03125 0.84921875 0.0390625 0.040625
2 0.3984375 0.58125 0.01015625 0.0125
2 0.89921875 0.44453125 0.0203125 0.025
3 0.203125 0.44609375 0.13203125 0.11015625
2 0.54453125 0.51484375 0.03046875 0.0375
2 0.50703125 0.17109375 0.01640625 0.01796875
2 0.67578125 0.93671875 0.03125 0.03203125
0 0.11953125 0.79765625 0.09765625 0.23515625
0 0.22734375 0.69453125 0.05546875 0.05390625
0 0.26171875 0.76328125 0.03125 0.05078125
0 0.32265625 0.36640625 0.0359375 0.04453125
0 0.26953125 0.19921875 0.03359375 0.03671875
0 0.9796875 0.78984375 0.040625 0.07109375
2 0.0328125 0.39921875 0.01796875 0.021875
2 0.0953125 0.92265625 0.02109375 0.02265625
2 0.3765625 0.565625 0.02421875 0.040625
2 0.4671875 0.60390625 0.03203125 0.03125
2 0.5515625 0.58125 0.01640625 0.028125
2 0.58359375 0.66953125 0.0265625 0.03515625
0 0.346875 0.7015625 0.028125 0.096875
3 0.36953125 0.17890625 0.0859375 0.096875
2 0.3671875 0.25703125 0.0234375 0.03203125
0 0.1515625 0.15234375 0.02109375 0.02890625
2 0.41484375 0.896875 0.0171875 0.03984375
2 0.94453125 0.83359375 0.021875 0.02890625
2 0.6390625 0.371875 0.04609375 0.03828125
2 0.5921875 0.9796875 0.025 0.03203125
0 0.6875 0.96015625 0.028125 0.03515625
2 0.0078125 0.2515625 0.01484375 0.02421875
2 0.1734375 0.0921875 0.025 0.03359375
2 0.1515625 0.56953125 0.025 0.05
2 0.1203125 0.06640625 0.0140625 0.02265625
2 0.21875 0.35390625 0.03125 0.0375
2 0.55546875 0.61640625 0.03828125 0.03515625
2 0.73125 0.49765625 0.01328125 0.01953125
2 0.06953125 0.93359375 0.02421875 0.02265625
2 0.5171875 0.64765625 0.01484375 0.01953125
0 0.3015625 0.12421875 0.06171875 0.06015625
0 0.253125 0.15546875 0.0234375 0.028125
2 0.8609375 0.69296875 0.01953125 0.05546875
2 0.553125 0.15234375 0.05546875 0.06015625
2 0.78125 0.44453125 0.01953125 0.02734375
2 0.6078125 0.24765625 0.03359375 0.046875
2 0.87578125 0.16171875 0.03046875 0.04140625
2 0.8078125 0.096875 0.0203125 0.02734375
2 0.8140625 0.73671875 0.01640625 0.02890625
2 0.9890625 0.15703125 0.021875 0.02265625
2 0.46640625 0.4671875 0.02109375 0.02578125
0 0.284375 0.871875 0.07265625 0.13828125
2 0.8359375 0.96953125 0.05390625 0.05390625
2 0.60625 0.640625 0.0203125 0.01953125
2 0.8265625 0.66328125 0.05234375 0.06328125
2 0.359375 0.02265625 0.06484375 0.04453125
0 0.171875 0.35859375 0.040625 0.040625
3 0.12265625 0.80078125 0.02890625 0.071875
2 0.58515625 0.78984375 0.02109375 0.01953125
0 0.9484375 0.13515625 0.02109375 0.03125
2 0.64296875 0.9125 0.04453125 0.0375
5 0.83125 0.7484375 0.0234375 0.03203125
2 0.965625 0.95234375 0.0203125 0.028125
2 0.9546875 0.45859375 0.0140625 0.01796875
2 0.996875 0.00703125 0.00625 0.01328125
2 0.3296875 0.63359375 0.0171875 0.03046875
2 0.8953125 0.8953125 0.00859375 0.0125
2 0.8125 0.27578125 0.0109375 0.0125
2 0.225 0.1328125 0.01484375 0.025
2 0.7640625 0.04921875 0.0125 0.01015625
2 0.81953125 0.91953125 0.015625 0.015625
2 0.5296875 0.85546875 0.02265625 0.02265625
2 0.1265625 0.66328125 0.01484375 0.02265625
3 0.9515625 0.55078125 0.09609375 0.40390625
2 0.1328125 0.0515625 0.009375 0.0125
2 0.253125 0.11875 0.0296875 0.04921875
2 0.37421875 0.68671875 0.0046875 0.0125
2 0.5953125 0.3421875 0.028125 0.03828125
2 0.94140625 0.98984375 0.028125 0.01796875
2 0.459375 0.34453125 0.01953125 0.021875
2 0.4765625 0.78359375 0.0078125 0.00703125
2 0.3890625 0.6890625 0.01328125 0.0125
2 0.38125 0.61875 0.01484375 0.021875
2 0.18125 0.65625 0.01640625 0.04296875
2 0.1359375 0.934375 0.01484375 0.01953125
2 0.12578125 0.95390625 0.01484375 0.01640625
2 0.3828125 0.22578125 0.025 0.025
2 0.8 0.078125 0.0046875 0.009375
2 0.98046875 0.11796875 0.0390625 0.046875
2 0.46796875 0.05546875 0.00546875 0.01015625
2 0.4765625 0.97109375 0.0125 0.015625
2 0.7921875 0.653125 0.01328125 0.01640625
2 0.8890625 0.9375 0.0234375 0.02265625
2 0.7734375 0.125 0.0171875 0.021875
2 0.09375 0.3265625 0.0171875 0.02734375
2 0.8640625 0.5234375 0.009375 0.015625
2 0.77734375 0.76640625 0.009375 0.01953125
2 0.7609375 0.9109375 0.01328125 0.01640625
2 0.1328125 0.3921875 0.01015625 0.01328125
2 0.159375 0.19765625 0.0171875 0.02109375
2 0.7046875 0.19609375 0.01015625 0.01015625
2 0.734375 0.14609375 0.015625 0.0125
16 0.221875 0.9625 0.14296875 0.07265625
0 0.9078125 0.63984375 0.065625 0.22578125
0 0.93125 0.7828125 0.03203125 0.03125
2 0.0359375 0.33203125 0.01640625 0.021875
2 0.6546875 0.6921875 0.0453125 0.02734375
2 0.3046875 0.25234375 0.0203125 0.028125
2 0.45 0.1671875 0.01171875 0.02578125
2 0.8328125 0.60703125 0.01796875 0.021875
2 0.7359375 0.10390625 0.0203125 0.02734375
2 0.0296875 0.6265625 0.01484375 0.01640625
2 0.16640625 0.94296875 0.01484375 0.01953125
2 0.80703125 0.86953125 0.0171875 0.02421875
2 0.77109375 0.02109375 0.01875 0.01796875
2 0.6671875 0.2203125 0.00390625 0.009375
2 0.4109375 0.97890625 0.0125 0.01796875
3 0.23046875 0.37734375 0.1203125 0.2625
2 0.95625 0.69140625 0.02265625 0.04140625
2 0.44296875 0.93671875 0.0078125 0.01796875
3 0.253125 0.059375 0.21953125 0.11875
2 0.47734375 0.90625 0.0125 0.01796875
2 0.79375 0.95234375 0.01484375 0.03359375
2 0.2890625 0.62734375 0.02109375 0.02734375
2 0.0125 0.32109375 0.02421875 0.02421875
2 0.421875 0.71640625 0.01953125 0.02421875
2 0.746875 0.41484375 0.0125 0.02421875