14 0.6265625 0.7890625 0.746875 0.41328125
2 0.51171875 0.26171875 0.04140625 0.04921875
2 0.446875 0.95234375 0.07421875 0.0875
2 0.1515625 0.52734375 0.0921875 0.153125
2 0.1265625 0.865625 0.07421875 0.059375
2 0.459375 0.021875 0.02734375 0.04140625
2 0.06875 0.0375 0.1171875 0.075
2 0.815625 0.96328125 0.0703125 0.065625
2 0.1265625 0.2546875 0.09296875 0.11640625
0 0.509375 0.6 0.1421875 0.21328125
2 0.68125 0.09140625 0.0390625 0.05234375
2 0.8875 0.76015625 0.046875 0.07578125
2 0.1078125 0.1203125 0.17578125 0.18046875
2 0.571875 0.35390625 0.08671875 0.16640625
2 0.12734375 0.79765625 0.06171875 0.06328125
2 0.12109375 0.4125 0.04765625 0.05390625
2 0.2296875 0.40078125 0.09609375 0.14296875
2 0.8734375 0.54296875 0.11796875 0.14765625
2 0.8875 0.87890625 0.06328125 0.07734375
2 0.53671875 0.053125 0.09609375 0.08515625
3 0.0578125 0.8953125 0.11484375 0.20703125
2 0.4109375 0.034375 0.071875 0.06875
2 0.23125 0.86484375 0.1046875 0.10625
2 0.3796875 0.63671875 0.06171875 0.07421875
0 0.28984375 0.48828125 0.0734375 0.07421875
2 0.39453125 0.53828125 0.02109375 0.05
2 0.8078125 0.384375 0.384375 0.27890625
2 0.9796875 0.04375 0.040625 0.07734375
2 0.61796875 0.74765625 0.075 0.09921875
2 0.6875 0.84453125 0.35078125 0.18046875
2 0.090625 0.70390625 0.08359375 0.10078125
2 0.35 0.54765625 0.0203125 0.04140625
2 0.40625 0.3125 0.2171875 0.27109375
2 0.8140625 0.0765625 0.11484375 0.153125
2 0.059375 0.6296875 0.1 0.11796875
2 0.2984375 0.25625 0.15390625 0.2
2 0.15703125 0.95234375 0.04453125 0.05546875
2 0.734375 0.18515625 0.04296875 0.05703125
2 0.6875 0.021875 0.0390625 0.040625
2 0.97578125 0.5484375 0.0484375 0.08125
2 0.03515625 0.375 0.0703125 0.29609375
2 0.2171875 0.79453125 0.02890625 0.05390625
2 0.56875 0.20703125 0.07734375 0.10078125
2 0.95078125 0.26875 0.0984375 0.09375