2 0.14765625 0.18125 0.053125 0.08125
2 0.24765625 0.97734375 0.0453125 0.03828125
2 0.89375 0.67265625 0.0671875 0.07421875
2 0.0421875 0.734375 0.04453125 0.05859375
2 0.171875 0.7 0.0703125 0.08671875
2 0.95625 0.58046875 0.06875 0.08203125
2 0.7578125 0.21484375 0.05234375 0.08828125
2 0.0328125 0.17578125 0.05625 0.07890625
2 0.31640625 0.58828125 0.0359375 0.040625
2 0.5796875 0.059375 0.03046875 0.05078125
2 0.1609375 0.58203125 0.0421875 0.05390625
2 0.8 0.12109375 0.0203125 0.03203125
2 0.2203125 0.4125 0.06171875 0.09140625
14 0.60234375 0.4421875 0.7953125 0.88125
2 0.3140625 0.09765625 0.04609375 0.04296875
2 0.821875 0.0234375 0.01796875 0.03125
2 0.509375 0.41796875 0.034375 0.040625
2 0.765625 0.11015625 0.06171875 0.075
2 0.3875 0.92578125 0.05625 0.096875