2 0.74375 0.73671875 0.05234375 0.07890625
2 0.8765625 0.97109375 0.06015625 0.05703125
2 0.8671875 0.13359375 0.06484375 0.08203125
2 0.5640625 0.34765625 0.1203125 0.12421875
2 0.7234375 0.42421875 0.05234375 0.06796875
2 0.25234375 0.1390625 0.03359375 0.03828125
2 0.078125 0.371875 0.06015625 0.065625
14 0.340625 0.49921875 0.68125 0.99609375
2 0.9234375 0.77734375 0.025 0.02421875
2 0.834375 0.40234375 0.13671875 0.14453125
2 0.54453125 0.51484375 0.05078125 0.06953125
2 0.49609375 0.90078125 0.05234375 0.06328125
2 0.3453125 0.6234375 0.04375 0.06953125
2 0.446875 0.43046875 0.0734375 0.09609375
2 0.678125 0.0421875 0.07265625 0.08203125
2 0.696875 0.17109375 0.05078125 0.06953125
2 0.97421875 0.76796875 0.03359375 0.07734375
2 0.2671875 0.89921875 0.07734375 0.10234375
2 0.60625 0.59921875 0.0546875 0.06796875
2 0.7265625 0.93671875 0.0203125 0.03203125
2 0.4109375 0.6390625 0.06484375 0.121875
2 0.71484375 0.49296875 0.03828125 0.059375
2 0.78125 0.63359375 0.09375 0.10625