2 0.134375 0.9859375 0.0140625 0.028125
2 0.24375 0.09921875 0.02734375 0.03125
2 0.95 0.65703125 0.0671875 0.05234375
8 0.53828125 0.61875 0.24609375 0.35625
2 0.9 0.7640625 0.06953125 0.06875
2 0.41484375 0.84921875 0.0234375 0.040625
2 0.2671875 0.42421875 0.07578125 0.09296875
2 0.109375 0.22421875 0.05078125 0.11484375
2 0.69375 0.33828125 0.03203125 0.02578125
2 0.4359375 0.19921875 0.103125 0.10078125
2 0.334375 0.43984375 0.0515625 0.05703125
2 0.1328125 0.31640625 0.06875 0.07109375
2 0.546875 0.4046875 0.01953125 0.07265625
2 0.78125 0.81015625 0.05078125 0.13125
2 0.9921875 0.41875 0.01484375 0.02109375
2 0.27109375 0.5890625 0.034375 0.03671875
2 0.390625 0.50859375 0.040625 0.07734375
2 0.2125 0.51796875 0.0359375 0.05546875
2 0.203125 0.75703125 0.02265625 0.021875
2 0.19921875 0.9890625 0.0171875 0.021875
2 0.6140625 0.33828125 0.0828125 0.08828125
2 0.37890625 0.66953125 0.0265625 0.03671875
2 0.1765625 0.04921875 0.0421875 0.06015625
2 0.6234375 0.41015625 0.02421875 0.03359375
2 0.73125 0.7640625 0.03828125 0.07421875
2 0.46015625 0.1296875 0.0578125 0.084375
2 0.2140625 0.67265625 0.028125 0.02578125
2 0.05234375 0.66328125 0.02421875 0.04140625
2 0.70625 0.4375 0.0875 0.065625
2 0.0625 0.27578125 0.0453125 0.06015625
2 0.0640625 0.346875 0.121875 0.10546875
2 0.11640625 0.08828125 0.10390625 0.090625
2 0.6203125 0.18515625 0.10703125 0.12578125
2 0.31328125 0.11171875 0.07890625 0.05
2 0.26953125 0.67890625 0.0171875 0.03125
2 0.2046875 0.28828125 0.0515625 0.06875
2 0.2484375 0.04765625 0.0203125 0.01796875
2 0.72578125 0.93359375 0.075 0.08359375
2 0.184375 0.3671875 0.040625 0.05078125
2 0.6046875 0.05390625 0.11171875 0.09140625
2 0.34375 0.53203125 0.01953125 0.02734375
2 0.24296875 0.96328125 0.034375 0.05
2 0.8671875 0.06953125 0.26484375 0.13828125
2 0.69921875 0.13046875 0.02734375 0.040625
2 0.578125 0.93828125 0.0921875 0.0875
2 0.1640625 0.909375 0.05546875 0.05234375
2 0.446875 0.39140625 0.06875 0.04296875
2 0.659375 0.50390625 0.04453125 0.059375
2 0.39453125 0.60390625 0.04765625 0.03203125
2 0.1578125 0.26484375 0.03828125 0.06484375
2 0.3484375 0.16484375 0.04453125 0.05
2 0.8125 0.7265625 0.03828125 0.06015625
2 0.26875 0.27578125 0.02265625 0.04453125
2 0.925 0.29140625 0.06640625 0.07421875
2 0.384375 0.3421875 0.02109375 0.02265625
2 0.04375 0.15390625 0.06640625 0.046875
2 0.69765625 0.16640625 0.02421875 0.02890625
2 0.87890625 0.903125 0.03828125 0.04609375
2 0.9046875 0.83984375 0.0828125 0.075
2 0.2734375 0.91015625 0.03828125 0.04921875
2 0.26328125 0.16015625 0.0421875 0.06953125
2 0.1375 0.73828125 0.02421875 0.03203125
2 0.1375 0.878125 0.03203125 0.03671875
2 0.04296875 0.08984375 0.02109375 0.02578125
2 0.346875 0.38828125 0.0796875 0.07265625
2 0.29140625 0.35 0.0703125 0.065625
2 0.1734375 0.62265625 0.0421875 0.05625
2 0.7953125 0.18671875 0.08984375 0.09140625
2 0.9828125 0.18046875 0.034375 0.07890625
2 0.3765625 0.10078125 0.03203125 0.04765625
2 0.5078125 0.04453125 0.065625 0.07109375
2 0.8125 0.053125 0.02109375 0.03671875
2 0.48046875 0.30859375 0.09609375 0.08359375
2 0.4125 0.08828125 0.02109375 0.02890625
2 0.3859375 0.02578125 0.034375 0.0515625
2 0.34375 0.02578125 0.01953125 0.02421875
2 0.1890625 0.16953125 0.09296875 0.096875
2 0.27265625 0.0703125 0.02109375 0.028125
2 0.2921875 0.6390625 0.028125 0.03671875