2 0.65546875 0.00546875 0.0203125 0.0109375
2 0.4546875 0.06328125 0.028125 0.0375
2 0.14765625 0.9890625 0.0171875 0.021875
2 0.3671875 0.44921875 0.0171875 0.02421875
2 0.47265625 0.46953125 0.03125 0.02890625
2 0.3703125 0.103125 0.009375 0.021875
2 0.8578125 0.42421875 0.0375 0.04609375
2 0.27421875 0.18359375 0.04140625 0.040625
2 0.8765625 0.68984375 0.07421875 0.06484375
2 0.23125 0.109375 0.0125 0.021875
2 0.44609375 0.00625 0.02109375 0.0125
0 0.85 0.8296875 0.04296875 0.07734375
2 0.00625 0.19609375 0.0125 0.0375
2 0.33984375 0.59921875 0.01640625 0.02421875
2 0.3328125 0.27734375 0.02734375 0.01796875
2 0.53125 0.09140625 0.03125 0.04765625
2 0.0390625 0.51171875 0.025 0.02265625
3 0.97578125 0.6265625 0.0484375 0.13125
2 0.0109375 0.971875 0.02109375 0.02890625
2 0.2296875 0.946875 0.02421875 0.02578125
2 0.2859375 0.8234375 0.0171875 0.03125
2 0.3078125 0.81640625 0.01796875 0.02578125
2 0.80625 0.3671875 0.0234375 0.02890625
2 0.809375 0.02265625 0.03203125 0.04453125
2 0.07578125 0.75234375 0.0171875 0.03046875
2 0.61875 0.09140625 0.025 0.03046875
2 0.81484375 0.18203125 0.0171875 0.01953125
2 0.7421875 0.55078125 0.02265625 0.03359375
2 0.834375 0.60390625 0.0140625 0.021875
2 0.359375 0.059375 0.0203125 0.028125
0 0.815625 0.9515625 0.08203125 0.096875
2 0.30625 0.1328125 0.0546875 0.096875
2 0.3828125 0.85078125 0.0234375 0.021875
2 0.4578125 0.534375 0.0203125 0.02265625
2 0.3984375 0.32890625 0.04609375 0.04765625
2 0.6 0.98046875 0.03203125 0.03359375
2 0.9890625 0.89296875 0.021875 0.03515625
2 0.846875 0.471875 0.0234375 0.02421875
2 0.39609375 0.0390625 0.0140625 0.015625
2 0.16875 0.69921875 0.02109375 0.02890625
2 0.3015625 0.76953125 0.025 0.05234375
2 0.3671875 0.16640625 0.03203125 0.03671875
2 0.303125 0.43515625 0.015625 0.028125
3 0.6125 0.075 0.08046875 0.14765625
2 0.45703125 0.340625 0.028125 0.03515625
2 0.66953125 0.15234375 0.01953125 0.01875
2 0.4171875 0.384375 0.0125 0.021875
2 0.1453125 0.2984375 0.02421875 0.03125
2 0.1625 0.103125 0.0265625 0.02578125
0 0.1953125 0.03359375 0.11875 0.0671875
2 0.559375 0.90703125 0.059375 0.06015625
2 0.33125 0.703125 0.04921875 0.040625
2 0.6796875 0.2234375 0.01796875 0.01796875
2 0.265625 0.64375 0.01484375 0.02734375
2 0.0109375 0.74921875 0.021875 0.03125
2 0.828125 0.46328125 0.0203125 0.02890625
2 0.85546875 0.784375 0.0390625 0.03359375
2 0.23203125 0.28046875 0.02734375 0.03046875
2 0.375 0.20546875 0.02734375 0.03359375
2 0.3859375 0.01796875 0.01640625 0.02421875
2 0.959375 0.06015625 0.01875 0.03046875
2 0.803125 0.51640625 0.025 0.025
2 0.5796875 0.0578125 0.02421875 0.02578125
2 0.2609375 0.06875 0.015625 0.01484375
2 0.8796875 0.31953125 0.01953125 0.03203125
2 0.478125 0.0171875 0.009375 0.025
2 0.1125 0.725 0.02109375 0.03984375
2 0.8140625 0.6140625 0.01875 0.040625
2 0.803125 0.12734375 0.03046875 0.01875
2 0.9390625 0.69140625 0.00859375 0.01484375
2 0.953125 0.12265625 0.0359375 0.03515625
2 0.33671875 0.1921875 0.028125 0.04296875
2 0.3234375 0.4015625 0.01328125 0.02265625
2 0.98828125 0.93984375 0.0234375 0.02578125
3 0.03515625 0.4421875 0.0703125 0.10703125
2 0.6265625 0.6140625 0.02421875 0.03359375
2 0.65546875 0.740625 0.0140625 0.02734375
2 0.62734375 0.38125 0.02265625 0.025
2 0.490625 0.6734375 0.015625 0.025
3 0.6984375 0.58828125 0.1203125 0.55546875
2 0.77421875 0.87265625 0.0203125 0.03046875
2 0.40234375 0.92734375 0.0125 0.01875
2 0.27734375 0.7953125 0.0234375 0.02734375
2 0.56875 0.421875 0.01328125 0.02109375
2 0.7203125 0.99375 0.021875 0.0125
2 0.4671875 0.89609375 0.02109375 0.02421875
2 0.2953125 0.6796875 0.01171875 0.01171875
2 0.625 0.70078125 0.0203125 0.02578125
2 0.4625 0.97890625 0.0203125 0.034375
2 0.3859375 0.38515625 0.01328125 0.025
2 0.31640625 0.478125 0.01953125 0.02890625
2 0.01328125 0.88984375 0.0265625 0.03984375
2 0.1671875 0.98046875 0.0171875 0.02890625
2 0.0703125 0.65703125 0.04140625 0.05859375
2 0.48125 0.1140625 0.03125 0.03828125
2 0.8625 0.15 0.01171875 0.01328125
2 0.7890625 0.31953125 0.0140625 0.01484375
2 0.94921875 0.31015625 0.01484375 0.02109375
2 0.96953125 0.27421875 0.01953125 0.03125
2 0.6265625 0.65546875 0.0140625 0.02109375
2 0.78828125 0.8109375 0.02578125 0.021875
2 0.7921875 0.86953125 0.0171875 0.01875
2 0.5796875 0.85859375 0.02578125 0.01640625
2 0.42265625 0.94609375 0.015625 0.02734375
2 0.48828125 0.55859375 0.0171875 0.02265625
0 0.1671875 0.1578125 0.06875 0.065625
2 0.34765625 0.10234375 0.028125 0.03125
2 0.2375 0.67578125 0.0234375 0.01875
2 0.63125 0.31328125 0.03359375 0.034375
3 0.090625 0.2921875 0.06796875 0.57890625
2 0.95859375 0.75546875 0.01640625 0.02421875
2 0.6921875 0.91796875 0.0140625 0.01015625
2 0.2421875 0.88203125 0.028125 0.04453125
2 0.515625 0.53046875 0.02890625 0.03828125
2 0.3453125 0.77109375 0.03046875 0.03671875
2 0.5640625 0.38984375 0.0109375 0.01953125
2 0.6625 0.80703125 0.0375 0.04609375
2 0.4171875 0.7625 0.0125 0.03203125
4 0.5203125 0.50390625 0.959375 0.65078125
2 0.87421875 0.97578125 0.028125 0.03359375
2 0.9015625 0.87578125 0.021875 0.02109375
3 0.95234375 0.2421875 0.0953125 0.221875
2 0.58984375 0.3734375 0.01484375 0.02578125
2 0.975 0.97265625 0.01328125 0.01640625