2 0.275 0.35 0.0421875 0.07109375
2 0.425 0.18984375 0.0453125 0.06484375
2 0.6109375 0.87265625 0.03515625 0.06015625
2 0.21484375 0.91171875 0.0421875 0.08359375
2 0.0671875 0.6265625 0.03828125 0.05078125
2 0.54375 0.73046875 0.05234375 0.06875
2 0.16875 0.5125 0.040625 0.08203125
2 0.8125 0.078125 0.0453125 0.040625
2 0.12109375 0.61015625 0.03203125 0.03515625
2 0.4546875 0.79375 0.0359375 0.06015625
0 0.8671875 0.68203125 0.0765625 0.09609375
2 0.8578125 0.26171875 0.01484375 0.02734375
14 0.33203125 0.5203125 0.6640625 0.95390625
2 0.50390625 0.53203125 0.05546875 0.15
2 0.25703125 0.23828125 0.0421875 0.04296875
2 0.0890625 0.53984375 0.0515625 0.0875