0 0.2984375 0.1734375 0.04765625 0.05078125
3 0.7234375 0.14140625 0.09609375 0.06875
3 0.94296875 0.421875 0.0796875 0.1375
3 0.015625 0.671875 0.03125 0.040625
0 0.08203125 0.68515625 0.0171875 0.021875
0 0.2203125 0.5375 0.03671875 0.040625
0 0.24375 0.16484375 0.0484375 0.06953125
0 0.75703125 0.3859375 0.0203125 0.0375
0 0.92421875 0.653125 0.02421875 0.06953125
0 0.9828125 0.15546875 0.0171875 0.01484375
2 0.00703125 0.15078125 0.0140625 0.02421875
2 0.7296875 0.35859375 0.01484375 0.01796875
2 0.0984375 0.59296875 0.0296875 0.03515625
2 0.590625 0.53984375 0.009375 0.01171875
0 0.96875 0.821875 0.02734375 0.04453125
2 0.39296875 0.53046875 0.028125 0.04921875
2 0.60625 0.66015625 0.01796875 0.01484375
0 0.11953125 0.446875 0.03359375 0.13046875
0 0.3015625 0.10859375 0.04921875 0.05390625
0 0.93046875 0.58046875 0.0140625 0.01953125
0 0.42578125 0.37265625 0.0453125 0.05390625
3 0.71875 0.23671875 0.11875 0.13984375
3 0.94765625 0.06015625 0.1046875 0.0640625
3 0.22421875 0.08203125 0.20703125 0.16171875
0 0.928125 0.92421875 0.0890625 0.146875
2 0.015625 0.3421875 0.03125 0.04375
2 0.371875 0.03984375 0.02109375 0.021875
2 0.5875 0.63359375 0.0125 0.0125
2 0.5984375 0.67890625 0.0140625 0.01484375
3 0.18984375 0.51640625 0.15625 0.21875
2 0.9890625 0.865625 0.021875 0.03203125
0 0.9671875 0.9796875 0.01796875 0.02421875
2 0.46328125 0.0328125 0.01640625 0.02578125
0 0.21875 0.48671875 0.03515625 0.04140625
0 0.01953125 0.9796875 0.0390625 0.0375
0 0.15 0.35078125 0.0265625 0.02890625
0 0.33671875 0.5328125 0.0265625 0.03125
0 0.75625 0.90390625 0.028125 0.028125
2 0.96875 0.60234375 0.03359375 0.04140625
2 0.55 0.23203125 0.01328125 0.021875
2 0.6078125 0.765625 0.03125 0.03125
2 0.428125 0.61171875 0.0171875 0.02421875
2 0.921875 0.74375 0.01953125 0.01953125
3 0.684375 0.95390625 0.0625 0.08671875
2 0.45625 0.95625 0.0234375 0.03984375
2 0.484375 0.259375 0.028125 0.03203125
0 0.3453125 0.16875 0.01953125 0.02578125
2 0.47890625 0.84140625 0.021875 0.021875
2 0.6046875 0.36796875 0.03515625 0.06328125
0 0.865625 0.2703125 0.01953125 0.02734375
2 0.5734375 0.31953125 0.02109375 0.01953125
3 0.390625 0.04140625 0.0265625 0.08203125
0 0.7984375 0.9296875 0.03828125 0.03828125
0 0.5953125 0.82109375 0.01953125 0.03203125
2 0.375 0.07578125 0.01484375 0.03359375
3 0.30390625 0.99453125 0.00859375 0.01015625
3 0.65625 0.78203125 0.0390625 0.12578125
2 0.90703125 0.0859375 0.05 0.040625
2 0.253125 0.84921875 0.015625 0.01796875
2 0.1359375 0.91328125 0.0109375 0.021875
2 0.68125 0.37890625 0.00546875 0.01171875
2 0.55859375 0.11328125 0.01328125 0.1375
2 0.709375 0.52109375 0.00546875 0.01875
3 0.540625 0.7140625 0.0421875 0.221875
3 0.87109375 0.634375 0.0546875 0.25
2 0.06015625 0.97734375 0.01171875 0.01328125
3 0.0765625 0.80234375 0.15234375 0.215625
2 0.3046875 0.75546875 0.00625 0.009375
2 0.346875 0.84765625 0.0109375 0.01484375
0 0.390625 0.26875 0.0828125 0.18515625
2 0.27265625 0.89140625 0.015625 0.03046875
3 0.80234375 0.7390625 0.14296875 0.15859375
3 0.0546875 0.821875 0.10859375 0.2
3 0.3515625 0.32421875 0.1390625 0.20390625
0 0.22421875 0.32578125 0.02109375 0.04609375
4 0.5546875 0.67578125 0.56484375 0.24375
2 0.2859375 0.97734375 0.01171875 0.04453125
2 0.16953125 0.89921875 0.009375 0.00859375
0 0.74296875 0.84765625 0.10859375 0.296875
2 0.63125 0.2359375 0.00546875 0.00859375
2 0.2171875 0.40859375 0.0078125 0.00859375
2 0.0703125 0.9953125 0.015625 0.009375
2 0.775 0.50390625 0.01328125 0.01640625
3 0.3234375 0.46171875 0.071875 0.48203125
2 0.2 0.36328125 0.015625 0.01875
3 0.509375 0.47109375 0.0453125 0.11640625
2 0.67578125 0.39453125 0.01484375 0.03046875
2 0.99296875 0.89609375 0.0140625 0.0296875
2 0.8109375 0.63515625 0.01640625 0.02109375
2 0.6734375 0.36484375 0.01796875 0.01015625
2 0.82734375 0.75234375 0.01328125 0.0375
2 0.559375 0.26953125 0.028125 0.03828125
3 0.5109375 0.33203125 0.125 0.23125
2 0.91015625 0.25703125 0.01171875 0.02421875
2 0.778125 0.34921875 0.00703125 0.01171875
2 0.409375 0.97265625 0.01640625 0.01484375
2 0.7953125 0.01484375 0.0078125 0.01484375
2 0.0828125 0.559375 0.0109375 0.009375
2 0.0984375 0.38203125 0.00703125 0.00859375
2 0.0390625 0.1625 0.01015625 0.01171875
2 0.8859375 0.8625 0.01953125 0.03828125
2 0.296875 0.94921875 0.0140625 0.021875
2 0.95234375 0.11015625 0.01171875 0.01328125
2 0.365625 0.95078125 0.0203125 0.02109375
3 0.54453125 0.93046875 0.12109375 0.13125
3 0.240625 0.29375 0.09296875 0.16796875
3 0.840625 0.81484375 0.1296875 0.08359375
2 0.17265625 0.81953125 0.00703125 0.00703125
2 0.95703125 0.79296875 0.00859375 0.01015625
2 0.409375 0.8140625 0.0109375 0.009375
2 0.190625 0.34296875 0.00546875 0.00859375
2 0.7578125 0.9953125 0.0125 0.009375
0 0.946875 0.309375 0.01171875 0.01328125
2 0.66796875 0.309375 0.0078125 0.01875
2 0.071875 0.275 0.015625 0.01328125
2 0.0328125 0.36640625 0.01328125 0.01796875
2 0.990625 0.34765625 0.01875 0.090625
2 0.103125 0.78046875 0.01171875 0.0125
2 0.37265625 0.7890625 0.01171875 0.04140625
2 0.3546875 0.73984375 0.00859375 0.01171875
2 0.37578125 0.44453125 0.0125 0.02265625
2 0.8578125 0.3171875 0.0078125 0.01953125
2 0.25859375 0.35234375 0.01953125 0.02109375
2 0.921875 0.84140625 0.00859375 0.00859375
2 0.53828125 0.89453125 0.0203125 0.03125
2 0.9046875 0.49765625 0.0265625 0.03203125
2 0.38203125 0.41875 0.0140625 0.01796875
2 0.734375 0.45859375 0.01640625 0.021875
2 0.5953125 0.4984375 0.01484375 0.02109375
2 0.175 0.76796875 0.0109375 0.01171875
2 0.41171875 0.5171875 0.0109375 0.01015625
2 0.653125 0.85234375 0.0171875 0.01640625
2 0.68984375 0.878125 0.01328125 0.01328125
2 0.92890625 0.8578125 0.01171875 0.01171875
2 0.3921875 0.75390625 0.0265625 0.021875
2 0.5953125 0.29140625 0.028125 0.03359375
2 0.746875 0.5 0.02734375 0.02734375
2 0.265625 0.56171875 0.01171875 0.01796875
3 0.75859375 0.4453125 0.0234375 0.03671875
3 0.60859375 0.04453125 0.1078125 0.0890625
2 0.2 0.60859375 0.18125 0.10625
2 0.38359375 0.125 0.0390625 0.04765625
0 0.5796875 0.87734375 0.03515625 0.05625
0 0.7328125 0.596875 0.03359375 0.06953125
0 0.953125 0.2625 0.0203125 0.02578125
2 0.259375 0.76015625 0.01640625 0.01484375
2 0.059375 0.053125 0.0125 0.0125
2 0.4171875 0.5421875 0.01640625 0.01875
2 0.446875 0.47578125 0.015625 0.01640625
2 0.8484375 0.859375 0.01796875 0.021875
2 0.6984375 0.68671875 0.01640625 0.02578125
2 0.7765625 0.5375 0.01015625 0.009375
2 0.7078125 0.46015625 0.01484375 0.015625
2 0.67578125 0.4453125 0.015625 0.01328125
2 0.05234375 0.53359375 0.0125 0.01953125
2 0.4171875 0.17578125 0.01015625 0.01484375
3 0.66484375 0.5234375 0.05546875 0.11953125
0 0.35625 0.0515625 0.01953125 0.02265625
0 0.946875 0.203125 0.03203125 0.04296875
2 0.40234375 0.89296875 0.04609375 0.05078125
2 0.453125 0.50390625 0.0140625 0.01640625
0 0.35 0.46640625 0.04921875 0.06171875
0 0.61328125 0.9359375 0.05546875 0.07421875
0 0.8734375 0.22109375 0.0203125 0.03125