2 0.28984375 0.92265625 0.05546875 0.06640625
2 0.234375 0.865625 0.03125 0.06015625
2 0.4015625 0.54296875 0.0328125 0.04453125
2 0.36953125 0.42890625 0.06875 0.18671875
3 0.8921875 0.4390625 0.21484375 0.21875
2 0.77421875 0.87890625 0.01875 0.025
2 0.0203125 0.87578125 0.01875 0.03046875
2 0.034375 0.44921875 0.06796875 0.10546875
2 0.5140625 0.603125 0.08984375 0.09296875
2 0.18828125 0.52890625 0.0640625 0.06328125
2 0.44453125 0.984375 0.0421875 0.03125
2 0.74921875 0.96640625 0.0609375 0.05390625
2 0.803125 0.8078125 0.0296875 0.046875
2 0.4359375 0.81484375 0.015625 0.03203125
2 0.42734375 0.69453125 0.04609375 0.03828125
14 0.63203125 0.4984375 0.58046875 0.996875
3 0.42734375 0.61171875 0.51640625 0.36171875
2 0.734375 0.90703125 0.03828125 0.034375
2 0.05 0.7953125 0.053125 0.07421875
2 0.0421875 0.91015625 0.03046875 0.03984375
2 0.2390625 0.58671875 0.05859375 0.078125
2 0.521875 0.73359375 0.07265625 0.08125
2 0.371875 0.93203125 0.04609375 0.053125
2 0.54765625 0.52890625 0.065625 0.07890625
2 0.0828125 0.565625 0.05234375 0.10546875
2 0.325 0.84375 0.0390625 0.06953125
2 0.47421875 0.4984375 0.0390625 0.09921875
2 0.2765625 0.35078125 0.1359375 0.1875
2 0.3875 0.22734375 0.04453125 0.04765625
0 0.97578125 0.796875 0.0484375 0.078125
2 0.975 0.50703125 0.04921875 0.08515625
2 0.95 0.61328125 0.05078125 0.053125
2 0.6375 0.19296875 0.1296875 0.10234375
2 0.3875 0.3109375 0.0484375 0.065625
2 0.959375 0.21328125 0.03046875 0.04921875
2 0.03203125 0.6546875 0.04609375 0.07578125
2 0.19140625 0.08515625 0.06875 0.08203125
2 0.25859375 0.22109375 0.07265625 0.07890625
2 0.8625 0.03359375 0.0796875 0.059375
2 0.15625 0.759375 0.0203125 0.01640625
2 0.1140625 0.70859375 0.0421875 0.02578125
2 0.3171875 0.4875 0.04609375 0.06484375
2 0.14375 0.40859375 0.04921875 0.08671875
2 0.5203125 0.8953125 0.06328125 0.09375
2 0.6875 0.31015625 0.03203125 0.04921875
2 0.1484375 0.878125 0.1359375 0.17109375
2 0.79453125 0.66875 0.10703125 0.11640625
2 0.90625 0.5640625 0.06171875 0.075
2 0.13046875 0.76796875 0.03359375 0.021875
2 0.1625 0.3234375 0.0640625 0.08359375
2 0.6421875 0.41953125 0.1796875 0.19765625
2 0.02578125 0.12734375 0.0359375 0.06328125
2 0.065625 0.2203125 0.0375 0.078125
2 0.44765625 0.06796875 0.05859375 0.059375
2 0.825 0.25078125 0.246875 0.19765625
2 0.2359375 0.96015625 0.08203125 0.078125
2 0.46875 0.403125 0.04765625 0.059375
2 0.36171875 0.153125 0.06328125 0.05390625
2 0.29453125 0.11328125 0.02109375 0.028125
2 0.26015625 0.11171875 0.02109375 0.025
2 0.6109375 0.2734375 0.0375 0.05546875
2 0.6921875 0.115625 0.0296875 0.02265625
2 0.4953125 0.03046875 0.03046875 0.03671875
2 0.4296875 0.13828125 0.0234375 0.08125
2 0.5265625 0.24296875 0.121875 0.1375
2 0.015625 0.97890625 0.0171875 0.02109375
2 0.1578125 0.65703125 0.10703125 0.06875
2 0.946875 0.9765625 0.05625 0.046875
2 0.121875 0.51875 0.0296875 0.05078125
2 0.06015625 0.32578125 0.1203125 0.18125
3 0.95078125 0.64375 0.0984375 0.0375
2 0.78515625 0.44453125 0.14453125 0.17890625
2 0.64765625 0.92578125 0.07578125 0.06484375
2 0.5421875 0.05703125 0.0640625 0.07421875
2 0.4984375 0.13984375 0.11953125 0.10703125
2 0.8984375 0.86015625 0.0796875 0.19765625
2 0.0453125 0.02734375 0.0875 0.0546875
2 0.6203125 0.04609375 0.10703125 0.09140625
2 0.025 0.5859375 0.05 0.096875
0 0.89375 0.14765625 0.11171875 0.13125