2 0.48984375 0.39296875 0.01015625 0.0125
2 0.64921875 0.32265625 0.01171875 0.02109375
2 0.159375 0.47421875 0.00859375 0.01328125
2 0.25 0.04296875 0.01796875 0.01796875
2 0.6578125 0.86015625 0.01171875 0.015625
2 0.8203125 0.25078125 0.0640625 0.084375
2 0.4609375 0.35546875 0.009375 0.0125
2 0.015625 0.253125 0.03125 0.03125
2 0.1453125 0.796875 0.0078125 0.0125
2 0.4765625 0.03828125 0.01484375 0.015625
2 0.78125 0.33828125 0.02421875 0.03515625
2 0.09921875 0.0078125 0.02265625 0.015625
2 0.8640625 0.46015625 0.0234375 0.01953125
0 0.8171875 0.81484375 0.02734375 0.0375
2 0.959375 0.88828125 0.0078125 0.01328125
2 0.615625 0.93046875 0.04296875 0.05546875
2 0.503125 0.91796875 0.0328125 0.053125
2 0.79453125 0.36953125 0.01328125 0.0125
2 0.83671875 0.51796875 0.034375 0.03359375
2 0.0453125 0.1265625 0.0296875 0.028125
2 0.1328125 0.93515625 0.00625 0.01328125
2 0.88203125 0.22421875 0.02890625 0.03203125
2 0.684375 0.77578125 0.0125 0.01484375
2 0.1296875 0.7671875 0.009375 0.015625
2 0.390625 0.73515625 0.00859375 0.01015625
2 0.12265625 0.94140625 0.00390625 0.00625
2 0.103125 0.8640625 0.0203125 0.01484375
2 0.1375 0.55703125 0.01171875 0.021875
2 0.634375 0.84453125 0.03515625 0.02890625
2 0.696875 0.8078125 0.01640625 0.02421875
2 0.9390625 0.9453125 0.01328125 0.015625
2 0.8671875 0.7703125 0.025 0.02421875
2 0.471875 0.75859375 0.08125 0.10078125
2 0.4515625 0.82421875 0.04375 0.03515625
2 0.3609375 0.74609375 0.01015625 0.01484375
2 0.334375 0.7546875 0.021875 0.01953125
2 0.51875 0.7375 0.01015625 0.01328125
2 0.2921875 0.16484375 0.1421875 0.153125
2 0.07109375 0.03671875 0.0453125 0.03671875
2 0.7328125 0.84296875 0.03828125 0.05390625
2 0.69375 0.94765625 0.0109375 0.01640625
2 0.41796875 0.89609375 0.0140625 0.01328125
2 0.26640625 0.97265625 0.01640625 0.02109375
2 0.3875 0.78203125 0.08203125 0.0875
2 0.68828125 0.88515625 0.009375 0.0125
0 0.3328125 0.18671875 0.1453125 0.26328125
2 0.6328125 0.92109375 0.0109375 0.01328125
2 0.53828125 0.76484375 0.0109375 0.02265625
2 0.684375 0.98046875 0.01328125 0.01484375
2 0.3421875 0.7140625 0.0125 0.01796875
2 0.103125 0.9546875 0.0203125 0.021875
2 0.31640625 0.88203125 0.0125 0.01953125
0 0.525 0.65078125 0.0609375 0.10859375
0 0.76484375 0.6671875 0.4703125 0.246875
2 0.98515625 0.7953125 0.01640625 0.01484375
2 0.25625 0.75859375 0.009375 0.02265625
2 0.24375 0.89765625 0.0078125 0.01484375
2 0.403125 0.8609375 0.0109375 0.01640625
2 0.0890625 0.68828125 0.015625 0.015625
2 0.65 0.9109375 0.02890625 0.02109375
2 0.6890625 0.85703125 0.01640625 0.01796875
2 0.90390625 0.79375 0.04375 0.03984375
2 0.89375 0.8765625 0.0421875 0.046875
2 0.43984375 0.97890625 0.015625 0.01484375
2 0.925 0.92421875 0.01015625 0.01171875
2 0.8953125 0.91640625 0.0375 0.03203125
2 0.034375 0.70546875 0.0171875 0.021875
2 0.2171875 0.95078125 0.00859375 0.0125
2 0.4234375 0.4765625 0.03203125 0.03515625
2 0.9078125 0.584375 0.03046875 0.03125
2 0.159375 0.68515625 0.0109375 0.015625
2 0.059375 0.71640625 0.0109375 0.01953125
2 0.82890625 0.35 0.0078125 0.01015625
2 0.7125 0.9953125 0.0109375 0.009375
2 0.6921875 0.834375 0.01171875 0.01640625
2 0.29453125 0.740625 0.01484375 0.01640625
2 0.3078125 0.51015625 0.046875 0.065625
2 0.31015625 0.5859375 0.0203125 0.01875
2 0.625 0.39375 0.065625 0.071875
2 0.39453125 0.9765625 0.0328125 0.046875
0 0.83125 0.96484375 0.06328125 0.06953125
2 0.921875 0.45078125 0.07734375 0.0625
2 0.921875 0.13203125 0.03359375 0.04765625
2 0.22734375 0.509375 0.0125 0.01015625
2 0.06015625 0.44453125 0.0140625 0.02265625
2 0.02109375 0.82265625 0.0421875 0.04921875
2 0.04296875 0.78671875 0.02109375 0.02265625
2 0.0703125 0.721875 0.01015625 0.01640625
4 0.64921875 0.5046875 0.7015625 0.990625
2 0.5984375 0.1984375 0.01796875 0.021875
2 0.16953125 0.43203125 0.01640625 0.01875
2 0.1234375 0.34140625 0.01015625 0.01796875
2 0.06875 0.48203125 0.0125 0.015625
2 0.08125 0.3546875 0.0125 0.01640625
2 0.0078125 0.165625 0.015625 0.05
2 0.69921875 0.37109375 0.01640625 0.02734375
2 0.725 0.51328125 0.01484375 0.01640625
2 0.46875 0.97734375 0.0109375 0.01875
2 0.1484375 0.378125 0.009375 0.01875
0 0.028125 0.5015625 0.05625 0.24375
2 0.5765625 0.3203125 0.04765625 0.09765625
2 0.18359375 0.31796875 0.01875 0.03046875
2 0.36171875 0.61484375 0.00859375 0.015625
2 0.35390625 0.5296875 0.01640625 0.02578125
2 0.7359375 0.46953125 0.03359375 0.03125
3 0.47265625 0.7890625 0.51171875 0.29921875
2 0.06875 0.76796875 0.04140625 0.034375
2 0.0203125 0.6265625 0.0109375 0.01328125
2 0.27421875 0.44609375 0.0234375 0.02578125
2 0.7359375 0.546875 0.01015625 0.01640625
2 0.025 0.36328125 0.01328125 0.021875
2 0.896875 0.35 0.0234375 0.02890625
2 0.5125 0.38125 0.0109375 0.00859375
2 0.065625 0.63203125 0.0546875 0.09609375
2 0.534375 0.884375 0.09375 0.23125
2 0.45 0.33828125 0.01015625 0.01015625
2 0.18125 0.00546875 0.01640625 0.01015625
2 0.9796875 0.315625 0.03828125 0.04140625
2 0.73515625 0.61640625 0.03828125 0.03515625
2 0.909375 0.528125 0.01484375 0.02734375
2 0.45 0.09609375 0.0171875 0.02109375
2 0.0984375 0.1796875 0.01953125 0.025
2 0.909375 0.24765625 0.0078125 0.0125
2 0.2078125 0.45390625 0.01640625 0.02109375
2 0.34140625 0.01484375 0.0734375 0.0296875
2 0.340625 0.6265625 0.0359375 0.040625