2 0.20546875 0.090625 0.0203125 0.03125
2 0.51796875 0.18203125 0.021875 0.02578125
2 0.26875 0.84765625 0.01796875 0.025
2 0.1421875 0.28125 0.28359375 0.390625
2 0.14765625 0.73125 0.2953125 0.5375
2 0.20234375 0.9625 0.0359375 0.075
2 0.4421875 0.21015625 0.13046875 0.23515625
2 0.321875 0.1421875 0.05078125 0.05625
2 0.50625 0.29453125 0.071875 0.06015625
2 0.8546875 0.09453125 0.146875 0.1890625
2 0.2625 0.98359375 0.021875 0.015625
2 0.24375 0.93046875 0.046875 0.06484375
2 0.284375 0.815625 0.0515625 0.05390625
2 0.54296875 0.2046875 0.01796875 0.03671875
2 0.421875 0.40390625 0.13515625 0.15703125
2 0.378125 0.13046875 0.05390625 0.05703125
2 0.22734375 0.0328125 0.03828125 0.065625
2 0.5234375 0.45078125 0.0390625 0.03671875
2 0.421875 0.15234375 0.03515625 0.040625
5 0.8578125 0.29296875 0.1109375 0.15078125
5 0.2359375 0.8828125 0.0578125 0.04609375
2 0.11640625 0.040625 0.01953125 0.02109375
2 0.128125 0.01640625 0.0203125 0.03203125
2 0.00625 0.009375 0.0125 0.01875
2 0.071875 0.009375 0.01640625 0.01875
2 0.015625 0.140625 0.01875 0.03125
2 0.0625 0.11171875 0.03984375 0.0625
5 0.49375 0.3796875 0.1328125 0.09140625
2 0.96875 0.85546875 0.0625 0.11328125
2 0.9140625 0.62421875 0.17109375 0.40234375
2 0.478125 0.94765625 0.121875 0.10390625
2 0.37265625 0.98359375 0.0296875 0.03203125
2 0.34140625 0.89453125 0.01796875 0.025
2 0.328125 0.28359375 0.10078125 0.196875
2 0.18046875 0.01171875 0.0375 0.02265625
5 0.875 0.6203125 0.0484375 0.05703125
2 0.77734375 0.74765625 0.12890625 0.26171875
2 0.60859375 0.03828125 0.11015625 0.07578125
2 0.3234375 0.98984375 0.01484375 0.01953125
2 0.3453125 0.86953125 0.01328125 0.01328125
3 0.94921875 0.30078125 0.1015625 0.30234375
2 0.490625 0.57109375 0.12578125 0.215625
2 0.715625 0.10546875 0.146875 0.2109375
2 0.0328125 0.11953125 0.0171875 0.02734375
2 0.0140625 0.05 0.02734375 0.02734375
2 0.41328125 0.01015625 0.0328125 0.0203125
5 0.4140625 0.79765625 0.134375 0.19296875
2 0.11484375 0.0625 0.015625 0.01953125
2 0.5125 0.85703125 0.028125 0.040625
2 0.1765625 0.04453125 0.05546875 0.04375
2 0.7078125 0.51015625 0.31484375 0.39296875
8 0.31796875 0.53046875 0.246875 0.30625
2 0.65390625 0.28125 0.1265625 0.11796875
2 0.525 0.7671875 0.10859375 0.15
2 0.77734375 0.965625 0.0796875 0.06875
2 0.96484375 0.09296875 0.0671875 0.1859375
2 0.87421875 0.9 0.17890625 0.2
2 0.5578125 0.265625 0.03203125 0.03125
2 0.31171875 0.74921875 0.065625 0.15078125
2 0.7890625 0.25078125 0.06875 0.1375
2 0.6125 0.9015625 0.14375 0.196875
2 0.715625 0.9140625 0.128125 0.171875
5 0.6125 0.13828125 0.11171875 0.15859375
5 0.28984375 0.95078125 0.04921875 0.09765625
2 0.27421875 0.03984375 0.0703125 0.0796875
5 0.96328125 0.971875 0.0734375 0.05625
2 0.4875 0.01875 0.065625 0.0375
2 0.0890625 0.0640625 0.03359375 0.034375
2 0.79140625 0.9109375 0.025 0.03359375
5 0.659375 0.63125 0.12109375 0.14921875
2 0.65078125 0.74765625 0.09375 0.0875