2 0.884375 0.16171875 0.0671875 0.10546875
2 0.9671875 0.69921875 0.06484375 0.07421875
2 0.86640625 0.8109375 0.2671875 0.165625
2 0.3125 0.1328125 0.08984375 0.13125
2 0.7953125 0.71328125 0.028125 0.05
2 0.78515625 0.1609375 0.07734375 0.109375
2 0.6203125 0.06796875 0.0234375 0.03125
2 0.4046875 0.8859375 0.16640625 0.228125
2 0.8109375 0.95625 0.05859375 0.0875
2 0.08671875 0.22578125 0.1734375 0.22578125
2 0.4875 0.21328125 0.321875 0.315625
2 0.39453125 0.4484375 0.071875 0.18125
2 0.528125 0.5640625 0.07265625 0.14921875
2 0.1546875 0.453125 0.1359375 0.23671875
2 0.5296875 0.41328125 0.0625 0.13046875
2 0.16171875 0.77734375 0.3234375 0.44453125
2 0.646875 0.84453125 0.13203125 0.15078125
2 0.53203125 0.02578125 0.1140625 0.0515625
2 0.35078125 0.01796875 0.01796875 0.02890625
2 0.215625 0.0625 0.04140625 0.06328125
2 0.89140625 0.715625 0.03125 0.02578125
2 0.47109375 0.64765625 0.10625 0.17734375
2 0.878125 0.44453125 0.24296875 0.359375
2 0.0953125 0.0921875 0.18984375 0.184375
14 0.484375 0.5 0.5203125 1
2 0.91875 0.66953125 0.0203125 0.05859375
2 0.99296875 0.9375 0.0140625 0.125
2 0.56875 0.9453125 0.159375 0.109375
2 0.3515625 0.74375 0.09375 0.09609375
2 0.6015625 0.43515625 0.05234375 0.065625
2 0.8265625 0.696875 0.01796875 0.03671875
2 0.2578125 0.49375 0.0453125 0.06875
2 0.965625 0.18046875 0.06875 0.15078125
2 0.715625 0.54609375 0.1609375 0.22265625
2 0.6875 0.15 0.0390625 0.06015625