2 0.5703125 0.66953125 0.1265625 0.109375
2 0.53125 0.19296875 0.26484375 0.26953125
2 0.571875 0.03046875 0.1109375 0.06015625
2 0.64609375 0.03359375 0.0921875 0.0671875
2 0.5421875 0.9265625 0.040625 0.11484375
2 0.703125 0.11875 0.1078125 0.15234375
2 0.63203125 0.89296875 0.03203125 0.05859375
2 0.6203125 0.56171875 0.03359375 0.028125
2 0.4765625 0.60390625 0.09296875 0.12265625
2 0.4328125 0.48046875 0.06953125 0.11953125
2 0.6171875 0.39453125 0.10625 0.10546875
2 0.53984375 0.37734375 0.0546875 0.07265625
2 0.4984375 0.87109375 0.0515625 0.06875
2 0.45625 0.92265625 0.12109375 0.15390625
2 0.340625 0.90625 0.115625 0.1875
2 0.66484375 0.90234375 0.03046875 0.05078125
2 0.56328125 0.834375 0.028125 0.03984375
2 0.65625 0.590625 0.05859375 0.04609375
5 0.0109375 0.74609375 0.02109375 0.07265625
5 0.98359375 0.21875 0.0328125 0.08125
2 0.9765625 0.93203125 0.0390625 0.05
5 0.7890625 0.7625 0.04921875 0.0625
5 0.70625 0.7671875 0.14453125 0.096875
5 0.46953125 0.03359375 0.0953125 0.0671875
2 0.85625 0.57265625 0.0484375 0.046875
2 0.8828125 0.6265625 0.01640625 0.01953125
2 0.83984375 0.640625 0.0265625 0.046875
2 0.8078125 0.55859375 0.0421875 0.07109375
2 0.84609375 0.49296875 0.084375 0.11015625
5 0.11953125 0.88359375 0.0734375 0.10078125
2 0.85 0.99296875 0.01484375 0.01328125
2 0.8953125 0.61171875 0.0125 0.028125
2 0.8125 0.62265625 0.04765625 0.05703125
2 0.53671875 0.509375 0.16640625 0.134375
2 0.9859375 0.32890625 0.02734375 0.059375
2 0.89140625 0.16015625 0.00859375 0.01171875
5 0.70078125 0.26640625 0.10078125 0.12578125
2 0.48671875 0.71015625 0.03203125 0.06796875
2 0.78125 0.84921875 0.0453125 0.078125
2 0.98515625 0.27734375 0.0296875 0.05
2 0.8921875 0.2046875 0.02265625 0.04296875
2 0.940625 0.0953125 0.11875 0.190625
2 0.6015625 0.79609375 0.0859375 0.14921875
2 0.8171875 0.88125 0.0328125 0.03125
2 0.87578125 0.13046875 0.02734375 0.028125
2 0.7828125 0.12578125 0.06875 0.11953125
2 0.77109375 0.71953125 0.28125 0.29296875
5 0.715625 0.44921875 0.16953125 0.25078125
2 0.859375 0.93046875 0.0359375 0.02734375
2 0.965625 0.209375 0.0125 0.025
2 0.7859375 0.0359375 0.2015625 0.071875
2 0.94609375 0.85703125 0.1078125 0.15703125
2 0.9421875 0.54765625 0.11484375 0.4875
2 0.4515625 0.38984375 0.14140625 0.11796875
5 0.303125 0.13203125 0.128125 0.18828125
5 0.2015625 0.52734375 0.0734375 0.09765625
2 0.73125 0.934375 0.109375 0.13125
2 0.684375 0.85546875 0.03359375 0.03984375
2 0.41640625 0.79140625 0.065625 0.11953125
2 0.84609375 0.42421875 0.01171875 0.01875
2 0.8046875 0.2453125 0.04453125 0.10078125
2 0.8859375 0.9171875 0.0078125 0.00859375
5 0.28828125 0.29921875 0.0609375 0.06328125
2 0.9390625 0.2703125 0.0515625 0.08359375
2 0.8625 0.24453125 0.02265625 0.02109375
2 0.4578125 0.29609375 0.134375 0.10625
2 0.603125 0.98046875 0.040625 0.03828125
2 0.54609375 0.753125 0.03203125 0.06640625
3 0.80625 0.21171875 0.14140625 0.28125
5 0.215625 0.8953125 0.059375 0.08046875
2 0.1921875 0.19140625 0.384375 0.38203125
2 0.259375 0.46015625 0.01796875 0.03671875
2 0.1125 0.81796875 0.0515625 0.03515625
14 0.52421875 0.49921875 0.3390625 0.9984375
2 0.378125 0.73828125 0.05078125 0.065625
2 0.15859375 0.96875 0.1578125 0.0625
2 0.228125 0.7734375 0.01171875 0.015625
2 0.0453125 0.89609375 0.090625 0.20703125
2 0.1578125 0.7515625 0.0890625 0.09609375
2 0.2859375 0.68125 0.128125 0.10625
2 0.18359375 0.64453125 0.1296875 0.14140625
2 0.2015625 0.396875 0.2234375 0.15
2 0.3421875 0.37734375 0.05234375 0.10234375
2 0.07578125 0.72265625 0.1515625 0.16953125
2 0.01875 0.6359375 0.0375 0.09375
2 0.053125 0.48515625 0.10546875 0.16484375
2 0.0203125 0.35625 0.03984375 0.10859375
2 0.140625 0.4984375 0.1 0.1625
2 0.1734375 0.89765625 0.04453125 0.12109375
2 0.3203125 0.78515625 0.10859375 0.115625
2 0.2640625 0.93359375 0.07421875 0.13203125
2 0.315625 0.559375 0.14765625 0.25078125
2 0.875 0.2890625 0.03671875 0.065625