2 0.0484375 0.12578125 0.01640625 0.02109375
2 0.025 0.05390625 0.01484375 0.01875
2 0.853125 0.08125 0.0234375 0.04375
2 0.27109375 0.54296875 0.0203125 0.028125
2 0.06953125 0.60390625 0.0140625 0.01796875
2 0.38671875 0.1734375 0.01953125 0.02421875
2 0.41328125 0.99375 0.01875 0.0125
2 0.81015625 0.6390625 0.0296875 0.02578125
2 0.146875 0.84765625 0.0140625 0.01875
2 0.7796875 0.49453125 0.02421875 0.02109375
2 0.8140625 0.77734375 0.01796875 0.01796875
2 0.8703125 0.3171875 0.009375 0.015625
2 0.2453125 0.8078125 0.021875 0.02734375
2 0.16640625 0.225 0.0171875 0.01640625
2 0.1953125 0.59921875 0.0140625 0.02265625
2 0.18125 0.20546875 0.0109375 0.01953125
2 0.5609375 0.5109375 0.02578125 0.03984375
2 0.9453125 0.10390625 0.0203125 0.02890625
2 0.2078125 0.88203125 0.01484375 0.02109375
2 0.4046875 0.190625 0.01875 0.02578125
2 0.37109375 0.06015625 0.01484375 0.02265625
2 0.021875 0.57421875 0.01796875 0.025
2 0.67109375 0.53046875 0.01171875 0.01796875
2 0.0109375 0.77734375 0.01328125 0.01640625
2 0.425 0.7609375 0.0171875 0.01953125
2 0.075 0.15078125 0.0078125 0.01328125
2 0.0140625 0.73359375 0.01796875 0.01875
2 0.0859375 0.86640625 0.0171875 0.03359375
2 0.00703125 0.865625 0.0140625 0.028125
2 0.48828125 0.38671875 0.0234375 0.03203125
2 0.6609375 0.86015625 0.021875 0.02421875
2 0.94140625 0.86015625 0.0171875 0.025
2 0.02265625 0.87265625 0.0140625 0.02265625
2 0.834375 0.46328125 0.021875 0.02421875
2 0.9140625 0.69765625 0.01484375 0.01640625
2 0.79375 0.27421875 0.01484375 0.02109375
2 0.6484375 0.53984375 0.015625 0.01875
2 0.2140625 0.2265625 0.00859375 0.01015625
2 0.046875 0.8109375 0.03359375 0.02890625
2 0.0234375 0.965625 0.021875 0.0375
14 0.325 0.4328125 0.3734375 0.71484375
2 0.790625 0.9 0.0515625 0.08671875
2 0.1953125 0.95 0.0171875 0.02109375
2 0.7921875 0.35 0.021875 0.028125
2 0.7453125 0.97109375 0.03203125 0.02265625
2 0.221875 0.74765625 0.01328125 0.01484375
2 0.075 0.93359375 0.03125 0.03359375
2 0.18984375 0.45078125 0.021875 0.03046875
2 0.7625 0.29609375 0.0203125 0.02421875
2 0.01796875 0.7984375 0.0359375 0.03359375
2 0.0421875 0.30546875 0.0140625 0.02421875
2 0.71796875 0.27265625 0.0171875 0.02109375
2 0.7625 0.3359375 0.01796875 0.03359375
2 0.5265625 0.99609375 0.00859375 0.00703125
2 0.11484375 0.840625 0.015625 0.01875
2 0.275 0.9421875 0.01875 0.02734375
2 0.371875 0.33828125 0.01640625 0.01953125
2 0.1546875 0.3578125 0.0390625 0.05390625
2 0.32109375 0.17734375 0.01484375 0.021875
2 0.8890625 0.24609375 0.0203125 0.025
2 0.84140625 0.7109375 0.03671875 0.046875
2 0.2359375 0.42109375 0.021875 0.04609375
2 0.1328125 0.80390625 0.0484375 0.05
2 0.0140625 0.10546875 0.01640625 0.02109375
2 0.9125 0.61796875 0.01796875 0.02578125
2 0.759375 0.41640625 0.02734375 0.03515625
2 0.978125 0.78125 0.02890625 0.03046875
2 0.8453125 0.30546875 0.034375 0.04453125
2 0.715625 0.7015625 0.01171875 0.00703125