2 0.3671875 0.76875 0.01796875 0.025
2 0.33984375 0.97890625 0.0265625 0.03984375
2 0.25703125 0.96171875 0.05234375 0.05859375
2 0.303125 0.70546875 0.0140625 0.02109375
2 0.3015625 0.575 0.03046875 0.03203125
2 0.1484375 0.6109375 0.059375 0.06171875
2 0.43359375 0.9640625 0.0609375 0.071875
2 0.12890625 0.8671875 0.01015625 0.01640625
2 0.2859375 0.58828125 0.01640625 0.01875
2 0.43984375 0.78203125 0.00703125 0.009375
2 0.2421875 0.79296875 0.01015625 0.01171875
2 0.303125 0.640625 0.0203125 0.02734375
2 0.346875 0.73984375 0.01171875 0.02109375
2 0.71640625 0.89140625 0.19765625 0.21640625
2 0.58515625 0.68828125 0.0234375 0.01796875
2 0.3 0.67265625 0.0171875 0.025
2 0.225 0.59921875 0.07109375 0.159375
2 0.5328125 0.75390625 0.03515625 0.075
2 0.096875 0.7109375 0.0421875 0.05390625
2 0.3671875 0.74609375 0.01171875 0.00703125
2 0.3078125 0.9328125 0.040625 0.06015625
2 0.3671875 0.95390625 0.0078125 0.00859375
2 0.39765625 0.8546875 0.01171875 0.05078125
2 0.3890625 0.8109375 0.0109375 0.01328125
2 0.41875 0.75390625 0.01484375 0.01328125
2 0.39609375 0.728125 0.021875 0.034375
2 0.084375 0.64453125 0.0203125 0.03125
2 0.08984375 0.60703125 0.04453125 0.07265625
2 0.23203125 0.47265625 0.04375 0.05546875
2 0.26875 0.30703125 0.01015625 0.015625
2 0.34765625 0.0171875 0.0125 0.01328125
2 0.07421875 0.1234375 0.03828125 0.05859375
2 0.59765625 0.24140625 0.03515625 0.12109375
2 0.45234375 0.18515625 0.0296875 0.04140625
2 0.421875 0.88203125 0.03046875 0.06953125
2 0.5296875 0.8984375 0.04296875 0.05078125
5 0.571875 0.81640625 0.01796875 0.03515625
9 0.5890625 0.73984375 0.0484375 0.04375
2 0.2578125 0.509375 0.02890625 0.01796875
2 0.5453125 0.440625 0.0140625 0.040625
9 0.15703125 0.81015625 0.0390625 0.09296875
2 0.5046875 0.590625 0.02734375 0.05078125
9 0.3734375 0.55234375 0.09921875 0.30078125
2 0.51484375 0.45234375 0.00703125 0.03046875
2 0.7203125 0.80859375 0.034375 0.06171875
0 0.5875 0.01484375 0.03828125 0.02890625
2 0.975 0.93046875 0.04921875 0.11484375
2 0.19375 0.31171875 0.01640625 0.04296875
2 0.915625 0.25859375 0.1140625 0.19296875
2 0.253125 0.74453125 0.01328125 0.01640625
2 0.46171875 0.65234375 0.03984375 0.05234375
2 0.20625 0.78828125 0.0109375 0.02421875
2 0.484375 0.7421875 0.059375 0.121875
2 0.4921875 0.91796875 0.01640625 0.02734375
2 0.753125 0.240625 0.0796875 0.09296875
2 0.8234375 0.17421875 0.025 0.02109375
2 0.1953125 0.91484375 0.009375 0.01484375
2 0.421875 0.78125 0.021875 0.01796875
2 0.2984375 0.82890625 0.02578125 0.07578125
2 0.575 0.78046875 0.03046875 0.034375
2 0.1578125 0.728125 0.01015625 0.01875
2 0.1859375 0.74765625 0.02265625 0.034375
2 0.36875 0.84765625 0.01484375 0.02578125
2 0.278125 0.75625 0.0109375 0.015625
2 0.1765625 0.025 0.00859375 0.01640625
2 0.53125 0.20625 0.084375 0.12265625
2 0.54296875 0.3390625 0.103125 0.18671875
2 0.1703125 0.15390625 0.01640625 0.01796875
2 0.2703125 0.23359375 0.0078125 0.009375
14 0.603125 0.653125 0.103125 0.43828125
5 0.190625 0.78671875 0.02265625 0.01640625
2 0.165625 0.3328125 0.01953125 0.05546875
2 0.4359375 0.30078125 0.05703125 0.125
2 0.47578125 0.18828125 0.025 0.02109375
2 0.303125 0.03515625 0.03515625 0.06953125
2 0.475 0.0828125 0.07265625 0.11640625
2 0.2703125 0.21171875 0.0125 0.01171875
2 0.36875 0.234375 0.125 0.11328125
2 0.825 0.44453125 0.02890625 0.028125
2 0.30625 0.13046875 0.015625 0.01796875
2 0.025 0.1984375 0.0203125 0.04375
2 0.0828125 0.29765625 0.03515625 0.03125
2 0.34140625 0.32578125 0.03515625 0.0625
2 0.096875 0.0625 0.01953125 0.02734375
2 0.17109375 0.00703125 0.0328125 0.0140625
2 0.33046875 0.0359375 0.01953125 0.06796875
2 0.565625 0.084375 0.1109375 0.14375
2 0.1515625 0.48203125 0.04921875 0.06875
2 0.259375 0.37890625 0.0203125 0.01640625
2 0.1453125 0.17734375 0.0125 0.01328125
2 0.0640625 0.025 0.02109375 0.02265625
2 0.19375 0.25390625 0.028125 0.03359375
2 0.20625 0.13671875 0.03125 0.01953125
2 0.28203125 0.18515625 0.01328125 0.02734375
2 0.38515625 0.346875 0.08984375 0.109375
2 0.10703125 0.396875 0.10625 0.10390625
2 0.19765625 0.4078125 0.0390625 0.0875
2 0.11640625 0.2265625 0.009375 0.01328125
2 0.10546875 0.49375 0.0484375 0.04765625
2 0.4890625 0.28984375 0.0078125 0.01171875
2 0.028125 0.4375 0.05546875 0.04140625
2 0.134375 0.31484375 0.01875 0.02890625
2 0.0171875 0.3203125 0.034375 0.08125
2 0.23125 0.2640625 0.02890625 0.02265625
2 0.1578125 0.04296875 0.0234375 0.04453125
2 0.225 0.30234375 0.01328125 0.01328125
2 0.2046875 0.06015625 0.046875 0.1203125
2 0.1796875 0.5515625 0.03828125 0.07421875
2 0.41953125 0.17109375 0.03828125 0.046875
2 0.284375 0.32421875 0.01015625 0.01640625
2 0.34140625 0.13359375 0.02421875 0.04765625
2 0.2328125 0.52109375 0.01328125 0.03671875
2 0.17109375 0.1703125 0.0078125 0.00859375
2 0.3109375 0.396875 0.04375 0.03515625
2 0.29140625 0.28203125 0.0078125 0.015625
2 0.00625 0.02265625 0.0125 0.01875
2 0.24296875 0.16484375 0.02421875 0.01484375
2 0.01953125 0.13359375 0.0125 0.03046875
2 0.003125 0.61171875 0.00625 0.053125
2 0.98125 0.8078125 0.0375 0.13828125
2 0.515625 0.6421875 0.01640625 0.021875
2 0.928125 0.621875 0.0171875 0.040625
2 0.7890625 0.1171875 0.0453125 0.08125
2 0.434375 0.7625 0.01015625 0.00859375
2 0.97890625 0.26484375 0.0421875 0.0546875
0 0.790625 0.61640625 0.0875 0.12265625
0 0.72265625 0.01953125 0.0515625 0.0390625
9 0.1578125 0.96796875 0.0796875 0.02578125
5 0.42109375 0.03828125 0.021875 0.03203125
5 0.1078125 0.81015625 0.0390625 0.05078125
2 0.05859375 0.88984375 0.01484375 0.01640625
2 0.540625 0.50703125 0.1046875 0.165625
2 0.1421875 0.91640625 0.05546875 0.065625
2 0.2875 0.48359375 0.071875 0.146875
5 0.3265625 0.82734375 0.0390625 0.04921875
5 0.6125 0.15625 0.03515625 0.03515625
0 0.98828125 0.63515625 0.0234375 0.06328125
0 0.9296875 0.19296875 0.09453125 0.16328125
0 0.24453125 0.00625 0.01328125 0.0125
0 0.828125 0.32421875 0.01640625 0.025
0 0.6890625 0.51328125 0.1171875 0.26953125
2 0.6703125 0.16640625 0.05078125 0.04921875
2 0.871875 0.0765625 0.11875 0.153125
2 0.46640625 0.48671875 0.0171875 0.021875
5 0.0640625 0.73671875 0.0328125 0.04375
0 0.91796875 0.46875 0.1640625 0.184375
0 0.63671875 0.05078125 0.05078125 0.09140625
0 0.6921875 0.30546875 0.15625 0.15625
9 0.04765625 0.14609375 0.08203125 0.178125
2 0.184375 0.840625 0.0703125 0.08046875
2 0.9109375 0.86796875 0.01953125 0.071875
2 0.834375 0.25546875 0.02109375 0.01328125
2 0.51171875 0.98203125 0.03125 0.03515625
2 0.4828125 0.8265625 0.125 0.06328125
2 0.41875 0.63671875 0.0453125 0.07890625
2 0.23671875 0.8984375 0.01796875 0.01796875
2 0.28046875 0.73359375 0.01640625 0.01484375
2 0.265625 0.6640625 0.02578125 0.01640625
2 0.03203125 0.65625 0.0640625 0.15859375
5 0.09921875 0.896875 0.03046875 0.04453125
0 0.203125 0.9890625 0.01875 0.021875
2 0.7265625 0.09921875 0.0671875 0.05
2 0.7578125 0.06796875 0.08203125 0.04765625
2 0.925 0.9796875 0.021875 0.040625
2 0.6140625 0.95078125 0.10625 0.09765625
2 0.215625 0.72734375 0.03203125 0.03515625
2 0.5609375 0.62109375 0.07421875 0.05390625
0 0.9265625 0.0421875 0.146875 0.084375
0 0.81640625 0.8140625 0.3015625 0.371875
0 0.95390625 0.10078125 0.0328125 0.040625
5 0.8 0.871875 0.040625 0.08046875
9 0.209375 0.209375 0.05546875 0.08125
9 0.45625 0.378125 0.075 0.13984375
0 0.05078125 0.91796875 0.1015625 0.16328125
0 0.05390625 0.51640625 0.0984375 0.11796875
2 0.79296875 0.35546875 0.053125 0.04140625
2 0.99296875 0.70078125 0.009375 0.01796875
2 0.646875 0.75625 0.02734375 0.02421875
2 0.7265625 0.16484375 0.06640625 0.05234375
9 0.128125 0.125 0.065625 0.09140625
5 0.0953125 0.7640625 0.03359375 0.053125