2 0.34375 0.66953125 0.11875 0.21796875
2 0.2421875 0.16015625 0.3 0.3203125
2 0.59375 0.79296875 0.040625 0.06953125
2 0.97265625 0.31953125 0.01796875 0.040625
14 0.8109375 0.49765625 0.209375 0.9953125
14 0.77578125 0.4984375 0.4484375 0.996875
2 0.0359375 0.96484375 0.071875 0.06484375
2 0.1875 0.38046875 0.09609375 0.12265625
2 0.9390625 0.62734375 0.121875 0.26015625
2 0.19375 0.21640625 0.05546875 0.09921875
14 0.43359375 0.5 0.1671875 1
2 0.22734375 0.71171875 0.121875 0.15703125
2 0.6125 0.95390625 0.0890625 0.08359375
2 0.13125 0.57890625 0.07421875 0.10234375
2 0.56484375 0.7515625 0.21875 0.459375