2 0.50546875 0.35703125 0.0578125 0.05703125
2 0.54375 0.690625 0.03828125 0.059375
2 0.3203125 0.82421875 0.0421875 0.04140625
2 0.378125 0.7390625 0.0390625 0.08359375
2 0.2765625 0.82578125 0.05546875 0.06875
2 0.159375 0.14921875 0.02890625 0.046875
2 0.77890625 0.86953125 0.0703125 0.090625
2 0.39375 0.953125 0.090625 0.09375
2 0.5171875 0.80078125 0.06484375 0.07734375
2 0.503125 0.946875 0.028125 0.034375
2 0.3390625 0.953125 0.0296875 0.03984375
2 0.290625 0.89140625 0.06484375 0.06171875
2 0.17265625 0.94375 0.03984375 0.04296875
2 0.096875 0.6078125 0.04453125 0.03125
2 0.45625 0.14296875 0.0625 0.08125
2 0.07421875 0.575 0.034375 0.03359375
2 0.2140625 0.88359375 0.0171875 0.02890625
2 0.1109375 0.96796875 0.028125 0.05
2 0.0203125 0.50859375 0.03125 0.03984375
2 0.153125 0.85859375 0.05 0.0625
2 0.165625 0.57421875 0.034375 0.05546875
2 0.96640625 0.02421875 0.0671875 0.0484375
2 0.44375 0.80859375 0.04453125 0.05
2 0.221875 0.5375 0.03125 0.03828125
2 0.215625 0.371875 0.43125 0.3
2 0.09453125 0.85546875 0.02421875 0.02578125
2 0.23984375 0.85546875 0.021875 0.021875
2 0.584375 0.19375 0.10234375 0.21171875
2 0.2421875 0.9765625 0.04765625 0.046875
2 0.10234375 0.54765625 0.03125 0.04140625
2 0.28515625 0.09296875 0.03359375 0.03671875
2 0.771875 0.98125 0.0375 0.0375
14 0.6296875 0.5 0.18515625 1
2 0.9359375 0.83359375 0.0203125 0.02421875
2 0.70703125 0.709375 0.0296875 0.059375
2 0.4 0.85703125 0.02265625 0.025
2 0.75234375 0.115625 0.07265625 0.09609375
14 0.5 0.4984375 1 0.60546875
2 0.890625 0.88125 0.05625 0.084375
2 0.690625 0.80625 0.04296875 0.06484375
2 0.8234375 0.95390625 0.02890625 0.040625
2 0.7421875 0.62109375 0.0875 0.11484375
2 0.9109375 0.45625 0.07890625 0.10078125