2 0.8703125 0.38515625 0.06953125 0.06484375
14 0.06640625 0.8875 0.1328125 0.225
2 0.08984375 0.76015625 0.0171875 0.021875
2 0.2171875 0.7953125 0.02578125 0.02265625
2 0.2703125 0.77109375 0.0140625 0.02109375
2 0.2234375 0.86796875 0.01171875 0.01328125
2 0.9875 0.59140625 0.02421875 0.03125
2 0.91796875 0.48203125 0.0078125 0.00703125
2 0.934375 0.55625 0.0078125 0.01328125
2 0.2765625 0.60546875 0.01171875 0.01484375
2 0.8640625 0.2984375 0.0171875 0.025
2 0.30625 0.81328125 0.01484375 0.01796875
2 0.86484375 0.51171875 0.02109375 0.02421875
2 0.26484375 0.0625 0.03203125 0.02578125
14 0.5203125 0.49296875 0.3828125 0.98515625
2 0.9109375 0.66953125 0.00625 0.00859375
2 0.771875 0.5 0.45546875 1
2 0.434375 0.62734375 0.0109375 0.01484375
2 0.10390625 0.64140625 0.00859375 0.01328125
2 0.31171875 0.45546875 0.03046875 0.02734375
2 0.9953125 0.303125 0.0078125 0.015625
14 0.471875 0.5 0.61953125 1
2 0.925 0.3671875 0.01484375 0.01640625
2 0.1890625 0.55625 0.03828125 0.04140625
2 0.4359375 0.8375 0.321875 0.325
2 0.91875 0.7484375 0.04765625 0.07421875
0 0.05859375 0.0546875 0.1171875 0.109375
2 0.878125 0.08671875 0.24375 0.17265625
2 0.94296875 0.41171875 0.04453125 0.07890625
2 0.1375 0.60546875 0.00859375 0.01640625
2 0.9140625 0.31015625 0.0078125 0.01171875
2 0.91171875 0.2734375 0.01171875 0.021875
2 0.4609375 0.6265625 0.00546875 0.01171875
2 0.98125 0.06484375 0.021875 0.02578125
2 0.984375 0.52265625 0.0125 0.015625
2 0.2515625 0.7375 0.0046875 0.009375
2 0.953125 0.24140625 0.0078125 0.01328125
2 0.9765625 0.17734375 0.0109375 0.01640625
2 0.421875 0.53828125 0.0109375 0.01171875
2 0.2984375 0.778125 0.01015625 0.0125
2 0.959375 0.50390625 0.015625 0.01640625
2 0.2109375 0.74140625 0.0109375 0.01953125
2 0.33203125 0.6703125 0.00546875 0.00625
2 0.29375 0.52578125 0.01015625 0.01328125