14 0.3734375 0.70234375 0.74609375 0.58984375
2 0.0109375 0.37265625 0.02109375 0.02109375
0 0.83125 0.7703125 0.096875 0.10703125
14 0.575 0.24921875 0.85 0.49375
0 0.8578125 0.17578125 0.26484375 0.34296875
0 0.14765625 0.24765625 0.2953125 0.49453125
0 0.54375 0.72890625 0.040625 0.05078125
2 0.1109375 0.6 0.10390625 0.13046875
2 0.190625 0.753125 0.07265625 0.115625
0 0.7390625 0.8546875 0.125 0.215625
0 0.51953125 0.59609375 0.053125 0.06015625
2 0.3421875 0.2546875 0.0484375 0.06328125
2 0.0265625 0.8875 0.053125 0.075
2 0.7640625 0.14140625 0.034375 0.03359375
2 0.0578125 0.72109375 0.0203125 0.028125
0 0.2828125 0.953125 0.10625 0.09375
2 0.94296875 0.02265625 0.0296875 0.0453125
14 0.890625 0.7390625 0.21875 0.51328125
2 0.6625 0.46328125 0.0359375 0.040625
0 0.69296875 0.4046875 0.4203125 0.36328125
0 0.21171875 0.79765625 0.26796875 0.40390625
2 0.4046875 0.74765625 0.06875 0.134375
0 0.971875 0.659375 0.05625 0.14375