2 0.2625 0.24140625 0.01875 0.021875
2 0.33359375 0.3765625 0.00546875 0.01015625
2 0.9453125 0.6484375 0.01015625 0.00859375
2 0.8828125 0.17734375 0.01640625 0.0125
2 0.74375 0.615625 0.0078125 0.01015625
2 0.90703125 0.5703125 0.009375 0.015625
2 0.896875 0.7796875 0.01953125 0.015625
2 0.89140625 0.29765625 0.01015625 0.015625
2 0.965625 0.5453125 0.00625 0.01171875
2 0.04921875 0.40234375 0.0296875 0.03984375
2 0.590625 0.915625 0.0125 0.0125
2 0.771875 0.16875 0.00625 0.00859375
2 0.7140625 0.73828125 0.00390625 0.00625
2 0.9203125 0.28984375 0.00546875 0.009375
2 0.6546875 0.86484375 0.00546875 0.009375
2 0.70234375 0.64296875 0.00703125 0.01015625
2 0.8984375 0.59296875 0.0125 0.01484375
2 0.725 0.5859375 0.01328125 0.01796875
2 0.965625 0.51640625 0.02421875 0.028125
2 0.8109375 0.39609375 0.00625 0.00703125
2 0.11875 0.4 0.00859375 0.0125
2 0.37421875 0.7359375 0.0140625 0.01796875
2 0.1234375 0.43203125 0.01953125 0.01953125
2 0.584375 0.07109375 0.0265625 0.03046875
2 0.60234375 0.41796875 0.0078125 0.00703125
2 0.478125 0.75078125 0.00625 0.01328125
2 0.15546875 0.32265625 0.00625 0.00546875
2 0.7375 0.440625 0.009375 0.01328125
2 0.203125 0.24609375 0.0078125 0.0125
2 0.1828125 0.33125 0.00703125 0.01015625
2 0.134375 0.36640625 0.009375 0.0125
2 0.40234375 0.5140625 0.0078125 0.01015625
2 0.94296875 0.02265625 0.01484375 0.00859375
2 0.88125 0.05234375 0.0046875 0.00703125
2 0.88359375 0.00234375 0.0078125 0.0046875
2 0.8796875 0.12421875 0.01171875 0.009375
2 0.84765625 0.125 0.00703125 0.01015625
2 0.8296875 0.1078125 0.0078125 0.01640625
2 0.89765625 0.17578125 0.00859375 0.01171875
2 0.621875 0.10859375 0.01328125 0.01484375
2 0.715625 0.17265625 0.0078125 0.01015625
2 0.703125 0.22890625 0.003125 0.00625
2 0.95625 0.22421875 0.01328125 0.021875
2 0.83515625 0.4765625 0.00625 0.009375
2 0.825 0.31328125 0.00859375 0.01015625
2 0.6359375 0.99453125 0.00859375 0.009375
2 0.665625 0.9125 0.00859375 0.0125
2 0.5625 0.95390625 0.00859375 0.009375
2 0.5265625 0.93203125 0.00703125 0.00859375
2 0.5640625 0.87734375 0.01015625 0.01328125
2 0.3515625 0.76328125 0.01796875 0.02734375
2 0.10703125 0.83046875 0.01171875 0.0125
2 0.24375 0.50234375 0.06484375 0.11796875
2 0.02421875 0.36015625 0.01015625 0.00859375
2 0.01875 0.1921875 0.03515625 0.05859375
2 0.16015625 0.42265625 0.009375 0.015625
2 0.5984375 0.36796875 0.00703125 0.00859375
2 0.1625 0.9546875 0.096875 0.090625
2 0.9234375 0.984375 0.0109375 0.01484375
2 0.9671875 0.93203125 0.00703125 0.01171875
2 0.79296875 0.9015625 0.02109375 0.04609375
2 0.809375 0.78046875 0.0078125 0.01171875
2 0.7296875 0.71171875 0.0078125 0.01015625
2 0.821875 0.521875 0.009375 0.015625
2 0.703125 0.5890625 0.00859375 0.009375
2 0.365625 0.40625 0.00703125 0.009375
2 0.3078125 0.39375 0.00546875 0.009375
2 0.39296875 0.321875 0.01796875 0.025
2 0.3828125 0.3046875 0.00859375 0.00859375
2 0.28125 0.0609375 0.01640625 0.01328125
2 0.5203125 0.03203125 0.0640625 0.04765625
2 0.446875 0.03828125 0.00625 0.00703125
2 0.47890625 0.08671875 0.0078125 0.00625
2 0.53515625 0.08203125 0.01953125 0.03125
2 0.621875 0.21640625 0.02890625 0.05
2 0.590625 0.20546875 0.021875 0.02109375
2 0.9703125 0.6234375 0.01171875 0.015625
2 0.8671875 0.26015625 0.00625 0.00625
2 0.9875 0.81875 0.00625 0.01015625
2 0.69765625 0.73828125 0.00625 0.0125
2 0.809375 0.86953125 0.02890625 0.025
2 0.95078125 0.99140625 0.009375 0.01015625
2 0.90234375 0.80625 0.009375 0.009375
2 0.38125 0.040625 0.0078125 0.00859375
2 0.4984375 0.8921875 0.01015625 0.009375
2 0.5046875 0.76875 0.00546875 0.00625
2 0.765625 0.55234375 0.0140625 0.01796875
2 0.47265625 0.13125 0.009375 0.01484375
2 0.34765625 0.034375 0.0125 0.01953125
2 0.2625 0.19453125 0.0078125 0.00703125
2 0.8484375 0.56171875 0.00703125 0.01796875
2 0.86875 0.65859375 0.0078125 0.01015625
2 0.9203125 0.24453125 0.00859375 0.01171875
2 0.79296875 0.8453125 0.00625 0.00703125
2 0.98515625 0.52890625 0.015625 0.03046875
2 0.8015625 0.74609375 0.02109375 0.01953125
2 0.778125 0.5765625 0.01171875 0.01015625
2 0.953125 0.8171875 0.00390625 0.00390625
2 0.9390625 0.11328125 0.01171875 0.01484375
3 0.24453125 0.86171875 0.3515625 0.24375
2 0.6109375 0.54921875 0.01015625 0.009375
3 0.665625 0.19453125 0.1671875 0.38828125
2 0.2390625 0.31953125 0.01328125 0.01328125
2 0.409375 0.3 0.0078125 0.009375
2 0.884375 0.71796875 0.0078125 0.00859375
2 0.4296875 0.87265625 0.009375 0.01484375
2 0.9453125 0.60859375 0.0296875 0.03203125
2 0.890625 0.64921875 0.0125 0.01171875
2 0.6 0.83046875 0.01171875 0.01328125
2 0.434375 0.79453125 0.00859375 0.01171875
2 0.00546875 0.7953125 0.0109375 0.03046875
2 0.75546875 0.10390625 0.01015625 0.01015625
2 0.409375 0.85703125 0.0109375 0.009375
2 0.10078125 0.35859375 0.00703125 0.0125
2 0.11640625 0.74453125 0.01484375 0.0125
2 0.6765625 0.86640625 0.0203125 0.01875
2 0.30625 0.54921875 0.0265625 0.05
2 0.5078125 0.859375 0.00625 0.01171875
2 0.8578125 0.43515625 0.00859375 0.01171875
2 0.50859375 0.79453125 0.0046875 0.00546875
2 0.49765625 0.82734375 0.015625 0.0125
2 0.7734375 0.2984375 0.009375 0.0125
2 0.64375 0.95859375 0.00703125 0.00859375
2 0.9171875 0.61015625 0.0203125 0.02421875
2 0.6671875 0.1359375 0.00625 0.00703125
2 0.01484375 0.23203125 0.01484375 0.03359375
2 0.771875 0.76171875 0.0046875 0.00546875
2 0.8328125 0.459375 0.009375 0.01796875
2 0.5734375 0.02734375 0.03125 0.05390625
2 0.203125 0.278125 0.01875 0.01640625
2 0.078125 0.42578125 0.025 0.01640625
2 0.1453125 0.46171875 0.009375 0.0125
2 0.53828125 0.91484375 0.00859375 0.00859375
2 0.9 0.2125 0.0046875 0.00703125
2 0.00234375 0.38671875 0.0046875 0.02421875
2 0.7171875 0.50859375 0.0046875 0.00703125
2 0.64453125 0.91796875 0.00859375 0.01171875
2 0.2296875 0.38359375 0.00859375 0.01171875
2 0.959375 0.13515625 0.015625 0.0125
2 0.8234375 0.16953125 0.01328125 0.01171875
2 0.2 0.33125 0.0078125 0.009375
2 0.69921875 0.90234375 0.0046875 0.00703125
2 0.80625 0.128125 0.0140625 0.02109375
2 0.30703125 0.50390625 0.0078125 0.009375
2 0.9265625 0.51484375 0.00859375 0.009375
2 0.68046875 0.15390625 0.00625 0.01171875
2 0.9875 0.85859375 0.0078125 0.009375
2 0.9890625 0.203125 0.0046875 0.01171875
2 0.83046875 0.60078125 0.0046875 0.00859375
2 0.91875 0.66171875 0.01015625 0.009375
2 0.7546875 0.48046875 0.01015625 0.015625
2 0.84140625 0.390625 0.0078125 0.0125
2 0.3453125 0.50390625 0.009375 0.0125
2 0.0296875 0.525 0.059375 0.04375
2 0.446875 0.98671875 0.0234375 0.02578125
2 0.8390625 0.36171875 0.00859375 0.01171875
2 0.80234375 0.31953125 0.0109375 0.00859375
2 0.8609375 0.33671875 0.0046875 0.00703125
2 0.8453125 0.028125 0.0125 0.009375
2 0.98203125 0.0640625 0.01328125 0.0125
2 0.521875 0.94609375 0.01171875 0.01015625
2 0.6171875 0.98359375 0.0046875 0.00546875
2 0.6953125 0.2453125 0.01953125 0.021875
2 0.775 0.603125 0.0046875 0.00859375
2 0.8546875 0.35859375 0.009375 0.01171875
2 0.75546875 0.19453125 0.00703125 0.00625
2 0.240625 0.6984375 0.0078125 0.00859375
2 0.2328125 0.09765625 0.01015625 0.01953125
2 0.16171875 0.24609375 0.00859375 0.01015625
2 0.2765625 0.42265625 0.00859375 0.01015625
2 0.715625 0.24765625 0.015625 0.01953125
2 0.690625 0.434375 0.009375 0.01015625
2 0.778125 0.14609375 0.0140625 0.01484375
2 0.73828125 0.075 0.05859375 0.04140625
2 0.68671875 0.13046875 0.00546875 0.00390625
2 0.6796875 0.19140625 0.03984375 0.05234375
2 0.765625 0.396875 0.0609375 0.04921875
2 0.8546875 0.3015625 0.0046875 0.00859375
2 0.7984375 0.275 0.01328125 0.01640625
1 0.5625 0.42421875 0.30625 0.55546875
2 0.484375 0.90390625 0.009375 0.00859375
2 0.534375 0.83984375 0.00625 0.00625
2 0.36015625 0.96640625 0.00625 0.01328125
2 0.478125 0.77890625 0.00625 0.01171875
2 0.4296875 0.82578125 0.0078125 0.015625
2 0.7203125 0.2171875 0.01484375 0.01953125
2 0.65 0.79609375 0.02109375 0.01640625
2 0.3890625 0.6640625 0.0109375 0.01328125
2 0.3984375 0.68671875 0.01328125 0.01484375
2 0.3734375 0.64453125 0.01171875 0.0125
2 0.0328125 0.9171875 0.05234375 0.08125
2 0.2375 0.7953125 0.00625 0.00703125
2 0.246875 0.775 0.00703125 0.00703125
2 0.6265625 0.3828125 0.00859375 0.00859375
2 0.5703125 0.53984375 0.01328125 0.01328125
2 0.1453125 0.10234375 0.109375 0.20390625
2 0.1 0.28359375 0.0078125 0.01328125
2 0.259375 0.4359375 0.0203125 0.01875
2 0.271875 0.3890625 0.00859375 0.01171875
2 0.47109375 0.84296875 0.01328125 0.01171875
2 0.4921875 0.7171875 0.00703125 0.009375
2 0.321875 0.68359375 0.01953125 0.01953125
2 0.3234375 0.6359375 0.015625 0.02265625
2 0.34375 0.81171875 0.16796875 0.37578125
2 0.6296875 0.52890625 0.00703125 0.01015625
2 0.54296875 0.45703125 0.00625 0.01328125
2 0.5125 0.34140625 0.00625 0.009375
3 0.37578125 0.790625 0.7515625 0.41640625
2 0.9640625 0.05078125 0.00625 0.01484375
2 0.803125 0.00234375 0.00703125 0.00390625
2 0.79140625 0.24453125 0.00625 0.00859375
2 0.7375 0.209375 0.0046875 0.00625
2 0.8109375 0.48203125 0.0265625 0.028125
2 0.728125 0.490625 0.01171875 0.0125
2 0.6046875 0.99140625 0.00703125 0.0125
2 0.65625 0.85390625 0.00625 0.00703125
2 0.55703125 0.9828125 0.0078125 0.00859375
2 0.06875 0.83125 0.01171875 0.01875
2 0.0703125 0.44921875 0.021875 0.025
2 0.16875 0.32578125 0.00703125 0.01171875
2 0.30078125 0.375 0.0078125 0.01328125
2 0.378125 0.42421875 0.0078125 0.01015625
2 0.47421875 0.43671875 0.0140625 0.015625
2 0.18359375 0.70390625 0.0078125 0.0125
2 0.528125 0.74140625 0.00703125 0.01015625
2 0.6171875 0.84921875 0.01171875 0.009375
2 0.54609375 0.70078125 0.00703125 0.01328125
2 0.38671875 0.853125 0.01640625 0.021875
2 0.48125 0.9625 0.01171875 0.01171875
2 0.653125 0.92890625 0.00390625 0.00390625
2 0.515625 0.4265625 0.009375 0.009375
2 0.52734375 0.97109375 0.00703125 0.00703125
2 0.4296875 0.95078125 0.01015625 0.01484375
2 0.1484375 0.56796875 0.059375 0.103125
2 0.3140625 0.496875 0.0046875 0.009375
2 0.8875 0.2609375 0.0078125 0.01171875
2 0.92890625 0.31328125 0.00625 0.00703125
2 0.9515625 0.3234375 0.00625 0.009375
2 0.9515625 0.3375 0.0078125 0.01328125
2 0.8453125 0.59609375 0.00703125 0.009375
2 0.9953125 0.734375 0.00859375 0.02734375
2 0.9125 0.7203125 0.009375 0.009375
2 0.94140625 0.76640625 0.01015625 0.009375
2 0.93984375 0.93671875 0.0046875 0.00625
2 0.83828125 0.77109375 0.0078125 0.0125
2 0.590625 0.84375 0.0078125 0.00625
2 0.76171875 0.69609375 0.0078125 0.01171875
2 0.58984375 0.7171875 0.01640625 0.02734375
2 0.6125 0.809375 0.0109375 0.01796875
2 0.63046875 0.36328125 0.01484375 0.01328125
2 0.484375 0.86875 0.01171875 0.01328125
2 0.61171875 0.72890625 0.01875 0.01796875
2 0.3890625 0.49921875 0.00546875 0.00859375
2 0.403125 0.37265625 0.00390625 0.00859375
2 0.3578125 0.3046875 0.0078125 0.01015625
2 0.35703125 0.6703125 0.01171875 0.01484375
2 0.8734375 0.93125 0.090625 0.11640625
2 0.375 0.33359375 0.00625 0.00703125
2 0.80234375 0.98828125 0.0109375 0.01328125
2 0.9125 0.84921875 0.01015625 0.015625
2 0.98671875 0.2515625 0.0265625 0.0875
2 0.696875 0.88671875 0.00546875 0.00859375
2 0.3765625 0.9546875 0.009375 0.00859375
2 0.4734375 0.46640625 0.00546875 0.00625
2 0.484375 0.67265625 0.0109375 0.01171875
2 0.5640625 0.80703125 0.00546875 0.01796875
2 0.5515625 0.83984375 0.00546875 0.00859375
2 0.28125 0.72109375 0.00859375 0.01484375
2 0.60625 0.484375 0.00625 0.00859375
2 0.546875 0.78515625 0.01015625 0.01328125
2 0.7984375 0.05859375 0.00703125 0.0125
2 0.8390625 0.09296875 0.01015625 0.0125
2 0.98046875 0.990625 0.0171875 0.01875
2 0.35234375 0.9921875 0.01328125 0.00859375
2 0.3171875 0.97890625 0.0078125 0.01015625
2 0.4921875 0.66015625 0.009375 0.01015625
2 0.259375 0.87734375 0.00546875 0.009375
2 0.2515625 0.79453125 0.00703125 0.009375
2 0.671875 0.5078125 0.00625 0.00703125
2 0.67421875 0.48828125 0.00546875 0.00703125
2 0.69296875 0.4640625 0.00625 0.01328125
2 0.6578125 0.42109375 0.0078125 0.009375
2 0.6046875 0.50546875 0.00625 0.009375
2 0.621875 0.43359375 0.009375 0.009375
2 0.62890625 0.33828125 0.00625 0.00859375
2 0.5828125 0.47109375 0.00546875 0.01015625
2 0.5703125 0.38125 0.01171875 0.01796875
2 0.51640625 0.3125 0.00546875 0.00859375
2 0.42890625 0.34296875 0.0109375 0.00703125
2 0.6828125 0.37890625 0.009375 0.00703125
2 0.18046875 0.3859375 0.01015625 0.0125
2 0.15859375 0.34296875 0.0125 0.02109375
2 0.1984375 0.2140625 0.009375 0.01015625
2 0.2640625 0.4015625 0.0125 0.0125
2 0.340625 0.35234375 0.01171875 0.01796875
2 0.946875 0.540625 0.01015625 0.0125
2 0.95625 0.86953125 0.01875 0.028125
2 0.9484375 0.90390625 0.0234375 0.040625
2 0.91953125 0.95546875 0.01171875 0.01171875
2 0.8609375 0.86796875 0.0109375 0.01640625
2 0.99765625 0.98359375 0.0046875 0.0078125
2 0.7625 0.753125 0.0046875 0.00859375
2 0.79296875 0.72578125 0.009375 0.01015625
2 0.3890625 0.18359375 0.07421875 0.1125
2 0.3265625 0.1375 0.00859375 0.01171875
2 0.2984375 0.12578125 0.0046875 0.00546875
2 0.2859375 0.16875 0.00859375 0.01015625
2 0.51875 0.0859375 0.015625 0.021875
2 0.528125 0.12578125 0.01015625 0.0125
2 0.4921875 0.28359375 0.0125 0.02421875
2 0.325 0.04140625 0.01796875 0.034375
2 0.5328125 0.23359375 0.01640625 0.02578125
2 0.91953125 0.11015625 0.01171875 0.01875
2 0.8890625 0.09140625 0.0125 0.01171875
2 0.825 0.0125 0.01328125 0.01640625
2 0.8375 0.209375 0.0078125 0.01484375
2 0.853125 0.18125 0.00859375 0.00859375
2 0.7484375 0.02265625 0.0265625 0.034375
2 0.67265625 0.10234375 0.0078125 0.009375
2 0.73515625 0.23671875 0.00859375 0.009375
2 0.74296875 0.51953125 0.00703125 0.00859375
2 0.8625 0.40234375 0.00625 0.00859375
2 0.884375 0.37109375 0.0109375 0.01015625
2 0.83125 0.3546875 0.00546875 0.0125
2 0.88046875 0.33359375 0.00703125 0.00625
2 0.8203125 0.24453125 0.01015625 0.01484375
2 0.7078125 0.95078125 0.0328125 0.07734375
2 0.653125 0.990625 0.00859375 0.009375
2 0.60859375 0.95703125 0.00703125 0.00859375
2 0.60625 0.8796875 0.009375 0.015625
2 0.56484375 0.90390625 0.01015625 0.0125
2 0.540625 0.93984375 0.00859375 0.009375
2 0.15 0.76640625 0.0125 0.009375
2 0.040625 0.57265625 0.015625 0.01640625
2 0.0328125 0.278125 0.065625 0.1
2 0.05546875 0.07265625 0.01796875 0.025
2 0.0296875 0.07578125 0.01484375 0.01796875
2 0.9421875 0.29609375 0.01484375 0.01015625
2 0.91875 0.3046875 0.0015625 0.00625
2 0.98203125 0.56953125 0.03515625 0.01796875
2 0.88984375 0.53203125 0.015625 0.03046875
2 0.8890625 0.609375 0.0171875 0.01953125
2 0.853125 0.63203125 0.0078125 0.009375
2 0.9796875 0.771875 0.015625 0.01484375
2 0.95078125 0.7875 0.00546875 0.01171875
2 0.8609375 0.8 0.02578125 0.03203125
2 0.8171875 0.80234375 0.00859375 0.01015625
2 0.8015625 0.95390625 0.01328125 0.01796875
2 0.7390625 0.70859375 0.0046875 0.01015625
2 0.7171875 0.6453125 0.00859375 0.009375
2 0.740625 0.5953125 0.009375 0.0125
2 0.7828125 0.5484375 0.00390625 0.00703125
2 0.75390625 0.56796875 0.0046875 0.009375
2 0.31171875 0.20546875 0.01015625 0.01640625
2 0.4359375 0.11484375 0.00546875 0.01015625
2 0.59375 0.1578125 0.084375 0.08125
2 0.59375 0.26484375 0.07578125 0.08984375
2 0.665625 0.321875 0.0296875 0.03359375
2 0.6265625 0.54921875 0.0109375 0.00859375
2 0.2671875 0.78046875 0.00703125 0.01328125
2 0.4875 0.34921875 0.00625 0.01484375
2 0.515625 0.6734375 0.0125 0.015625
2 0.03203125 0.80859375 0.0265625 0.03515625
2 0.55625 0.33828125 0.00859375 0.01328125
2 0.45078125 0.7109375 0.0125 0.01328125
2 0.63828125 0.39140625 0.00625 0.00859375
2 0.55625 0.40234375 0.00859375 0.009375
2 0.38515625 0.2703125 0.0140625 0.01328125
2 0.3828125 0.48671875 0.0078125 0.009375
2 0.9890625 0.4046875 0.0078125 0.02265625
2 0.81875 0.60625 0.0125 0.015625
2 0.65859375 0.45859375 0.00546875 0.00546875
2 0.78671875 0.6640625 0.0109375 0.009375
2 0.9 0.46328125 0.00546875 0.009375
2 0.40625 0.24765625 0.00703125 0.00703125
2 0.859375 0.5515625 0.0078125 0.009375
2 0.971875 0.34609375 0.0078125 0.01171875
2 0.684375 0.540625 0.01484375 0.01796875
2 0.6765625 0.58671875 0.009375 0.01171875
2 0.25234375 0.27109375 0.009375 0.015625
2 0.33203125 0.28984375 0.00625 0.00703125
2 0.26953125 0.90234375 0.009375 0.009375
2 0.2640625 0.84140625 0.00703125 0.01015625
2 0.459375 0.28203125 0.01015625 0.01640625
2 0.2453125 0.759375 0.0078125 0.015625
2 0.69375 0.04765625 0.0625 0.0953125
2 0.909375 0.05234375 0.0078125 0.01015625
2 0.9078125 0.02109375 0.0140625 0.009375
2 0.6578125 0.05390625 0.01171875 0.015625
2 0.721875 0.55390625 0.003125 0.00703125
2 0.74765625 0.50703125 0.00546875 0.01015625
2 0.15 0.403125 0.00546875 0.00859375
2 0.1734375 0.18203125 0.02578125 0.040625
2 0.9203125 0.48984375 0.01328125 0.01484375
2 0.3484375 0.18984375 0.0078125 0.009375
2 0.703125 0.7015625 0.01171875 0.01484375
2 0.821875 0.82734375 0.0078125 0.00625
2 0.821875 0.84765625 0.01015625 0.00859375
2 0.89375 0.6796875 0.04140625 0.053125
2 0.959375 0.4015625 0.015625 0.025
2 0.92421875 0.30234375 0.00546875 0.00546875
2 0.93046875 0.30546875 0.0046875 0.00390625
2 0.346875 0.25078125 0.0078125 0.009375
2 0.4125 0.34453125 0.00703125 0.009375
2 0.265625 0.284375 0.0125 0.01484375
2 0.9890625 0.48828125 0.01796875 0.01953125
2 0.9671875 0.72421875 0.021875 0.01875
2 0.89140625 0.58125 0.01015625 0.01171875
2 0.26015625 0.09140625 0.01953125 0.01875
2 0.3390625 0.51953125 0.00703125 0.00859375
2 0.6703125 0.52421875 0.00703125 0.01171875
2 0.81875 0.69609375 0.01875 0.02734375
2 0.3421875 0.1 0.00546875 0.01015625
2 0.64609375 0.271875 0.03984375 0.03203125
2 0.9765625 0.4515625 0.00625 0.015625
2 0.8953125 0.85703125 0.0484375 0.096875
2 0.9984375 0.65859375 0.003125 0.009375
2 0.9625 0.46015625 0.00859375 0.01015625
2 0.95 0.57421875 0.01328125 0.01015625
2 0.8390625 0.67421875 0.01015625 0.015625
2 0.29375 0.2546875 0.00546875 0.01015625
2 0.93671875 0.43828125 0.00703125 0.025
2 0.7890625 0.95078125 0.0109375 0.00859375
2 0.234375 0.15078125 0.01015625 0.01328125
2 0.846875 0.62421875 0.009375 0.01171875