2 0.91875 0.24296875 0.05234375 0.07265625
4 0.72109375 0.5015625 0.3765625 0.996875
2 0.83203125 0.9734375 0.0421875 0.053125
2 0.5046875 0.15390625 0.10703125 0.12109375
2 0.9609375 0.12265625 0.07734375 0.23125
2 0.35 0.69921875 0.06953125 0.08671875
2 0.1515625 0.496875 0.303125 0.2375
2 0.021875 0.959375 0.04375 0.08125
2 0.9296875 0.69296875 0.0859375 0.21484375
2 0.71640625 0.9234375 0.1390625 0.153125
2 0.721875 0.81875 0.0765625 0.06328125
2 0.796875 0.08671875 0.190625 0.17265625
2 0.39296875 0.02578125 0.0859375 0.0515625
2 0.1890625 0.91171875 0.0375 0.0375
2 0.1375 0.8953125 0.01796875 0.028125
2 0.4765625 0.75625 0.03671875 0.0375
2 0.3328125 0.32265625 0.04140625 0.06015625
2 0.34296875 0.134375 0.021875 0.04453125
2 0.4140625 0.553125 0.06953125 0.09375
5 0.5796875 0.38828125 0.22421875 0.28828125
2 0.04296875 0.22578125 0.0859375 0.096875
2 0.98515625 0.6 0.0296875 0.15625
2 0.88671875 0.38515625 0.1640625 0.08828125
2 0.9421875 0.934375 0.115625 0.13125
2 0.0953125 0.0640625 0.06328125 0.08046875
2 0.18828125 0.9734375 0.0671875 0.053125
2 0.0515625 0.884375 0.01953125 0.03671875
2 0.30703125 0.95078125 0.04375 0.03828125
2 0.228125 0.6484375 0.05625 0.08828125
2 0.43359375 0.790625 0.0265625 0.03125
2 0.43671875 0.90546875 0.0625 0.06171875
2 0.171875 0.16171875 0.16328125 0.14765625
2 0.3375 0.88828125 0.04921875 0.05546875
2 0.153125 0.7359375 0.0390625 0.05078125
2 0.45703125 0.97578125 0.17578125 0.04765625
2 0.63984375 0.7890625 0.04140625 0.04453125
2 0.2421875 0.8515625 0.0265625 0.040625
2 0.2625 0.15234375 0.0421875 0.065625
2 0.05703125 0.75390625 0.1140625 0.27421875
2 0.0328125 0.02578125 0.065625 0.0515625
2 0.2875 0.80703125 0.03125 0.03828125