2 0.17421875 0.7625 0.11171875 0.18359375
2 0.06875 0.94921875 0.025 0.08046875
2 0.15703125 0.99296875 0.03359375 0.01328125
5 0.503125 0.90703125 0.01875 0.02578125
2 0.975 0.7375 0.04296875 0.05078125
2 0.953125 0.70390625 0.025 0.03828125
2 0.9203125 0.60859375 0.01640625 0.028125
2 0.97109375 0.4265625 0.0578125 0.1
2 0.93125 0.353125 0.01875 0.01953125
2 0.78828125 0.65390625 0.01328125 0.02109375
2 0.75390625 0.61484375 0.0109375 0.01953125
2 0.76875 0.21640625 0.01171875 0.02109375
2 0.71875 0.67890625 0.10078125 0.15703125
2 0.9421875 0.32265625 0.0234375 0.02734375
2 0.8984375 0.65234375 0.01328125 0.02734375
5 0.55 0.67734375 0.0328125 0.04140625
2 0.02109375 0.9828125 0.01328125 0.01640625
5 0.63046875 0.60234375 0.02734375 0.03125
2 0.634375 0.678125 0.0921875 0.06875
2 0.45546875 0.978125 0.0234375 0.04375
2 0.44765625 0.76328125 0.0234375 0.025
2 0.13125 0.98671875 0.015625 0.01953125
2 0.1828125 0.88515625 0.11640625 0.06640625
2 0.0875 0.946875 0.0078125 0.00859375
2 0.09140625 0.91875 0.00859375 0.02421875
2 0.840625 0.125 0.10234375 0.10859375
5 0.99375 0.5390625 0.01171875 0.03203125
5 0.53125 0.72109375 0.0359375 0.04375
5 0.375 0.83359375 0.0375 0.040625
5 0.54453125 0.36484375 0.02734375 0.0375
2 0.0828125 0.928125 0.009375 0.015625
2 0.0453125 0.98125 0.0078125 0.01328125
2 0.01171875 0.978125 0.0234375 0.04375
2 0.025 0.92109375 0.04921875 0.08125
2 0.3125 0.65 0.00859375 0.01171875
5 0.7796875 0.34765625 0.02265625 0.0375
5 0.8859375 0.8640625 0.01640625 0.02109375
5 0.8953125 0.3890625 0.0359375 0.04609375
2 0.20625 0.69140625 0.0359375 0.05703125
2 0.5671875 0.80546875 0.20390625 0.203125
5 0.471875 0.759375 0.021875 0.02890625
2 0.2515625 0.6546875 0.05 0.06875
5 0.9453125 0.75390625 0.0296875 0.0375
2 0.171875 0.67265625 0.03203125 0.065625
2 0.3078125 0.94140625 0.015625 0.02265625
2 0.31484375 0.8921875 0.01484375 0.01953125
2 0.7453125 0.9953125 0.0125 0.009375
2 0.296875 0.73203125 0.01015625 0.02109375
5 0.021875 0.95234375 0.0109375 0.01875
2 0.5359375 0.92421875 0.1859375 0.15078125
2 0.2328125 0.69921875 0.01484375 0.02890625
2 0.24765625 0.76953125 0.0125 0.01640625
5 0.84375 0.77734375 0.021875 0.03046875
5 0.30625 0.8734375 0.01484375 0.01953125
2 0.18203125 0.97578125 0.02421875 0.01796875
5 0.79140625 0.9921875 0.0203125 0.015625
2 0.1109375 0.90859375 0.02890625 0.03046875
2 0.20625 0.94609375 0.01640625 0.01640625
2 0.096875 0.96328125 0.021875 0.01875
2 0.8359375 0.64921875 0.1453125 0.18125
2 0.809375 0.75859375 0.05234375 0.03515625
2 0.91328125 0.29453125 0.0421875 0.025
2 0.6046875 0.546875 0.025 0.03125
2 0.10703125 0.9890625 0.0171875 0.021875
2 0.240625 0.83359375 0.0203125 0.009375
2 0.671875 0.73515625 0.03359375 0.02890625
2 0.2484375 0.728125 0.01484375 0.01484375
5 0.8640625 0.4921875 0.025 0.034375
2 0.05625 0.8234375 0.02109375 0.02265625
2 0.77578125 0.621875 0.01875 0.03359375
2 0.2625 0.7890625 0.0265625 0.03515625
5 0.928125 0.68671875 0.028125 0.04296875
2 0.11875 0.95390625 0.01640625 0.02578125
2 0.3015625 0.64453125 0.0203125 0.04609375
2 0.3296875 0.68671875 0.03359375 0.04375
2 0.9671875 0.61015625 0.03984375 0.08359375
2 0.0078125 0.01015625 0.01484375 0.01953125
5 0.7546875 0.58515625 0.01640625 0.02265625
2 0.8265625 0.921875 0.06796875 0.15625
2 0.87265625 0.9546875 0.01875 0.0375
5 0.3375 0.49921875 0.0390625 0.034375
5 0.03359375 0.9046875 0.0234375 0.03125
2 0.0515625 0.04375 0.03203125 0.04140625
2 0.178125 0.56484375 0.0671875 0.15859375
2 0.0265625 0.80234375 0.053125 0.05078125
2 0.571875 0.3984375 0.0109375 0.01953125
2 0.0828125 0.1875 0.04765625 0.078125
2 0.10859375 0.778125 0.0515625 0.084375
2 0.00234375 0.69609375 0.0046875 0.03125
2 0.5484375 0.41015625 0.02421875 0.04453125
2 0.825 0.7953125 0.02109375 0.03203125
5 0.2859375 0.63828125 0.01875 0.021875
5 0.3328125 0.109375 0.0265625 0.034375
5 0.734375 0.2578125 0.04296875 0.05390625
5 0.0109375 0.3546875 0.01640625 0.03203125
2 0.134375 0.05078125 0.0875 0.1015625
5 0.1625 0.01796875 0.0234375 0.03046875
5 0.3 0.06953125 0.025 0.03203125
5 0.1796875 0.953125 0.028125 0.03671875
5 0.775 0.990625 0.01328125 0.01875
2 0.003125 0.66640625 0.00546875 0.01640625
2 0.134375 0.634375 0.0234375 0.021875
2 0.0828125 0.6375 0.015625 0.01328125
5 0.0140625 0.603125 0.0171875 0.05078125
2 0.0265625 0.13046875 0.05234375 0.11171875
2 0.0546875 0.0078125 0.0390625 0.015625
2 0.059375 0.0171875 0.0078125 0.01328125
2 0.2375 0.26328125 0.396875 0.475
2 0.35234375 0.45078125 0.01640625 0.03828125
2 0.046875 0.70078125 0.05859375 0.05078125
5 0.06875 0.84453125 0.0171875 0.025
2 0.521875 0.6 0.02890625 0.034375
5 0.25234375 0.96328125 0.01953125 0.02578125
5 0.22265625 0.74453125 0.025 0.028125
2 0.0203125 0.74765625 0.03984375 0.0625
2 0.078125 0.02265625 0.01796875 0.03359375
2 0.309375 0.028125 0.11171875 0.05625
2 0.0984375 0.62734375 0.01484375 0.01953125
2 0.7921875 0.89375 0.00625 0.01328125
2 0.8671875 0.82421875 0.034375 0.05234375
2 0.9359375 0.88828125 0.12734375 0.22265625
4 0.39375 0.48515625 0.09140625 0.24375
2 0.83125 0.82421875 0.0234375 0.02265625
3 0.21484375 0.90546875 0.1625 0.11171875
2 0.14375 0.61640625 0.0125 0.01015625
2 0.0796875 0.61484375 0.0265625 0.021875
5 0.11875 0.31171875 0.03125 0.03828125
5 0.975 0.05078125 0.0234375 0.03203125
5 0.9140625 0.31328125 0.0203125 0.02578125
3 0.33125 0.66796875 0.05703125 0.20703125
5 0.53125 0.33125 0.03203125 0.040625
5 0.26875 0.25390625 0.02265625 0.03046875
5 0.509375 0.94921875 0.01953125 0.02734375
2 0.178125 0.99375 0.009375 0.01171875
2 0.2140625 0.47734375 0.0890625 0.08046875
2 0.55859375 0.63046875 0.13828125 0.13984375
2 0.05625 0.99375 0.01875 0.0125
3 0.76875 0.4015625 0.10234375 0.14453125
2 0.21796875 0.03828125 0.0859375 0.0765625
2 0.79140625 0.9265625 0.0171875 0.028125
2 0.2765625 0.7578125 0.01875 0.01953125
5 0.4921875 0.77890625 0.025 0.03046875
5 0.62890625 0.92890625 0.0234375 0.02890625
5 0.25078125 0.98828125 0.01953125 0.02109375
5 0.346875 0.84296875 0.0203125 0.021875
5 0.07265625 0.74921875 0.02109375 0.02734375
5 0.196875 0.80234375 0.0296875 0.03984375
5 0.065625 0.19296875 0.021875 0.03125
2 0.4953125 0.60546875 0.02734375 0.0375
2 0.3265625 0.6484375 0.01015625 0.0125
2 0.14140625 0.55546875 0.01640625 0.01796875
5 0.24921875 0.20078125 0.03203125 0.03203125
5 0.57109375 0.17109375 0.034375 0.03828125
2 0.99140625 0.7703125 0.0171875 0.02109375
5 0.046875 0.88515625 0.02265625 0.03125
2 0.9375 0.64609375 0.0234375 0.05546875
5 0.865625 0.19296875 0.021875 0.03359375
2 0.0890625 0.42421875 0.178125 0.39453125
2 0.66484375 0.59609375 0.02109375 0.03203125
5 0.1734375 0.34609375 0.0328125 0.046875
2 0.62109375 0.62578125 0.01875 0.01875
2 0.96796875 0.52109375 0.0640625 0.103125
5 0.475 0.396875 0.03671875 0.05234375
5 0.0703125 0.77578125 0.02109375 0.02578125
2 0.7390625 0.97890625 0.02734375 0.03515625
2 0.675 0.95625 0.103125 0.0875
2 0.9109375 0.6828125 0.01640625 0.06484375
2 0.925 0.59140625 0.0265625 0.03359375
2 0.9421875 0.375 0.01015625 0.01796875
2 0.971875 0.30390625 0.01875 0.01953125
2 0.8234375 0.27265625 0.1390625 0.203125
5 0.62421875 0.640625 0.0203125 0.02734375
5 0.1765625 0.84921875 0.01484375 0.02265625
5 0.284375 0.67890625 0.02734375 0.03203125
5 0.33984375 0.40078125 0.02578125 0.034375
5 0.2609375 0.38515625 0.0265625 0.03046875
5 0.7609375 0.9921875 0.01640625 0.015625
2 0.0546875 0.65546875 0.05703125 0.08359375
2 0.0203125 0.2046875 0.0296875 0.05625
2 0.02421875 0.06171875 0.03984375 0.04765625
2 0.68515625 0.81796875 0.0515625 0.05546875
5 0.74375 0.30234375 0.03359375 0.03359375
2 0.8953125 0.43359375 0.0203125 0.02421875
2 0.01875 0.64609375 0.028125 0.040625
5 0.34296875 0.25390625 0.025 0.02890625
2 0.934375 0.41796875 0.01640625 0.02109375
2 0.73515625 0.85546875 0.13046875 0.1875
2 0.89609375 0.75546875 0.08203125 0.075
2 0.9234375 0.49609375 0.0671875 0.125
2 0.9859375 0.31640625 0.0125 0.0125
2 0.96875 0.25859375 0.06171875 0.0875
2 0.925 0.19296875 0.01328125 0.02890625
2 0.7421875 0.19921875 0.0265625 0.02109375
2 0.8640625 0.39375 0.10234375 0.14140625
5 0.390625 0.36328125 0.025 0.03046875
5 0.3765625 0.1921875 0.03046875 0.0375
5 0.0671875 0.35859375 0.02578125 0.03984375
5 0.784375 0.26875 0.01953125 0.03984375
5 0.09375 0.71953125 0.03359375 0.04296875
5 0.20703125 0.984375 0.025 0.02890625
3 0.6828125 0.48984375 0.13046875 0.16640625
5 0.1203125 0.4328125 0.0265625 0.03515625
2 0.88046875 0.9875 0.04921875 0.025
2 0.04765625 0.75703125 0.0296875 0.04609375
2 0.10625 0.67265625 0.0515625 0.05625
2 0.27734375 0.5734375 0.18359375 0.18515625
2 0.59296875 0.24765625 0.4921875 0.4953125
2 0.565625 0.32890625 0.03515625 0.06875
5 0.02421875 0.03515625 0.0234375 0.02890625
2 0.77890625 0.9703125 0.0140625 0.015625
2 0.8984375 0.2015625 0.0109375 0.021875
2 0.3859375 0.509375 0.025 0.08515625
2 0.11328125 0.63359375 0.00625 0.01015625
2 0.915625 0.1125 0.16796875 0.225
2 0.04375 0.20546875 0.02265625 0.03515625
5 0.3671875 0.27109375 0.02421875 0.03046875
2 0.2890625 0.92734375 0.02109375 0.034375
5 0.615625 0.72421875 0.034375 0.04140625
5 0.65 0.90390625 0.03359375 0.04375
2 0.9890625 0.35390625 0.02109375 0.05078125
2 0.99296875 0.58359375 0.0140625 0.0734375
2 0.86875 0.5375 0.053125 0.03515625
2 0.98203125 0.67109375 0.0359375 0.08515625
2 0.90546875 0.24765625 0.0484375 0.0625
2 0.2671875 0.7125 0.0171875 0.021875
2 0.9671875 0.37109375 0.03671875 0.02578125
2 0.6 0.4140625 0.03828125 0.053125
2 0.8265625 0.559375 0.01875 0.01875
5 0.8703125 0.30078125 0.0296875 0.04453125
2 0.3984375 0.72890625 0.01015625 0.01640625
5 0.7046875 0.51328125 0.0203125 0.025
2 0.109375 0.82890625 0.03515625 0.03359375
5 0.92109375 0.85859375 0.03046875 0.034375
2 0.46875 0.80546875 0.0234375 0.040625
2 0.6859375 0.58984375 0.02109375 0.053125
5 0.425 0.76640625 0.03125 0.03671875
5 0.47109375 0.68203125 0.03125 0.03828125
5 0.409375 0.44296875 0.02265625 0.02734375
2 0.3703125 0.7125 0.02734375 0.040625
2 0.36328125 0.87421875 0.18828125 0.25078125
2 0.2546875 0.959375 0.06484375 0.08125
2 0.08125 0.8734375 0.03125 0.05625
2 0.0078125 0.85078125 0.01484375 0.03359375
2 0.03125 0.84453125 0.0296875 0.034375
2 0.2609375 0.75234375 0.02109375 0.02734375