2 0.79140625 0.36640625 0.01796875 0.06015625
2 0.76015625 0.49609375 0.0375 0.05859375
0 0.084375 0.23359375 0.065625 0.08046875
2 0.7234375 0.55 0.02890625 0.03125
2 0.8875 0.62265625 0.10234375 0.11875
2 0.8875 0.79765625 0.01640625 0.02578125
2 0.98125 0.8921875 0.0375 0.075
2 0.86484375 0.93515625 0.04375 0.07421875
0 0.51796875 0.03046875 0.1328125 0.06015625
2 0.946875 0.07265625 0.06875 0.09375
2 0.7125 0.4015625 0.1203125 0.12421875
2 0.7390625 0.22421875 0.02421875 0.034375
2 0.8203125 0.471875 0.08984375 0.06953125
2 0.90390625 0.184375 0.04921875 0.04765625
2 0.96640625 0.67421875 0.03125 0.03984375
2 0.715625 0.29609375 0.0140625 0.01796875
2 0.9734375 0.76875 0.05234375 0.071875
2 0.8 0.72265625 0.01171875 0.01484375
2 0.9078125 0.73359375 0.0234375 0.02578125
2 0.765625 0.5453125 0.053125 0.046875
2 0.72265625 0.928125 0.1125 0.14375
2 0.95078125 0.503125 0.02109375 0.03125
2 0.93125 0.83984375 0.01171875 0.02109375
2 0.89375 0.71484375 0.01171875 0.01640625
2 0.76171875 0.7875 0.025 0.05
2 0.796875 0.82578125 0.009375 0.01796875
2 0.6484375 0.76796875 0.11484375 0.10546875
2 0.85390625 0.38828125 0.11484375 0.11171875
4 0.58125 0.5 0.83671875 1
2 0.228125 0.4609375 0.0640625 0.075
2 0.6515625 0.8875 0.03671875 0.03515625
2 0.51796875 0.86796875 0.05546875 0.140625
2 0.23125 0.55546875 0.0875 0.05546875
2 0.08203125 0.79609375 0.07421875 0.10546875
2 0.29765625 0.50546875 0.06875 0.08671875
2 0.58046875 0.90546875 0.04609375 0.03515625
2 0.565625 0.6 0.04296875 0.046875
2 0.140625 0.97109375 0.0390625 0.05390625
2 0.50234375 0.17109375 0.05625 0.071875
2 0.01875 0.3375 0.0375 0.09921875
2 0.01328125 0.2703125 0.0265625 0.04453125
2 0.38125 0.72265625 0.20859375 0.25234375
2 0.3125 0.91484375 0.11796875 0.084375
2 0.23671875 0.828125 0.125 0.14375
2 0.03828125 0.85703125 0.02734375 0.03671875
2 0.10625 0.33828125 0.053125 0.07890625
2 0.15859375 0.58046875 0.071875 0.084375
2 0.29609375 0.0734375 0.05234375 0.078125
2 0.55625 0.76953125 0.06640625 0.06796875
2 0.45234375 0.9890625 0.0265625 0.021875
2 0.64296875 0.84296875 0.03984375 0.04296875
2 0.40625 0.11484375 0.065625 0.12734375
2 0.1390625 0.43671875 0.125 0.17421875
2 0.221875 0.35390625 0.05546875 0.07734375
2 0.6015625 0.4171875 0.028125 0.02890625
2 0.1953125 0.1875 0.05703125 0.05390625
2 0.0609375 0.353125 0.0390625 0.06953125
2 0.80078125 0.596875 0.0484375 0.040625
2 0.4015625 0.48203125 0.13515625 0.19375
2 0.95078125 0.60859375 0.02734375 0.03046875
2 0.1140625 0.6546875 0.046875 0.0625
2 0.26875 0.26171875 0.0515625 0.134375
2 0.0078125 0.4390625 0.015625 0.071875
2 0.846875 0.10078125 0.1671875 0.18515625
2 0.68203125 0.2546875 0.02109375 0.03203125
2 0.828125 0.32109375 0.01640625 0.02890625
2 0.3765625 0.290625 0.0453125 0.06015625
2 0.78125 0.25 0.01171875 0.0125
2 0.0515625 0.64453125 0.01875 0.028125
2 0.903125 0.83515625 0.00859375 0.01328125
0 0.0296875 0.0296875 0.059375 0.059375
4 0.50625 0.5 0.23984375 1
2 0.18125 0.075 0.06953125 0.11015625
2 0.32265625 0.01328125 0.0515625 0.0265625
2 0.9203125 0.90078125 0.02109375 0.02265625
2 0.01640625 0.79453125 0.0328125 0.09921875
2 0.6671875 0.1015625 0.0984375 0.09765625
2 0.85078125 0.746875 0.028125 0.02421875
2 0.9671875 0.70859375 0.04609375 0.03203125