0 0.84765625 0.62421875 0.02265625 0.028125
2 0.7484375 0.89140625 0.01328125 0.01015625
3 0.078125 0.19375 0.15546875 0.06484375
2 0.9296875 0.6765625 0.01328125 0.01953125
0 0.63125 0.46796875 0.01875 0.01953125
2 0.22734375 0.4734375 0.01640625 0.03125
2 0.04765625 0.68359375 0.0203125 0.025
2 0.615625 0.23359375 0.01171875 0.01328125
2 0.63125 0.22578125 0.01796875 0.02109375
2 0.0046875 0.5671875 0.009375 0.0125
0 0.1625 0.08828125 0.04609375 0.05703125
0 0.09453125 0.05078125 0.090625 0.10078125
0 0.0875 0.24140625 0.02265625 0.02265625
0 0.440625 0.10546875 0.0546875 0.06484375
0 0.8609375 0.13125 0.0453125 0.03046875
0 0.90234375 0.03828125 0.0546875 0.0765625
0 0.840625 0.75 0.0328125 0.03515625
0 0.81015625 0.8921875 0.1515625 0.215625
2 0.7640625 0.86484375 0.01015625 0.01875
2 0.9578125 0.92265625 0.01484375 0.02265625
2 0.41875 0.62421875 0.01484375 0.02734375
2 0.484375 0.12734375 0.025 0.028125
2 0.6546875 0.27265625 0.00859375 0.01171875
0 0.1875 0.87578125 0.02734375 0.06015625
2 0.5390625 0.84140625 0.015625 0.03203125
2 0.5171875 0.82109375 0.009375 0.009375
2 0.8296875 0.89609375 0.01328125 0.01640625
2 0.9375 0.91953125 0.02109375 0.01875
0 0.73125 0.46171875 0.02890625 0.034375
2 0.80078125 0.9890625 0.0234375 0.021875
2 0.5703125 0.271875 0.01328125 0.02578125
2 0.7453125 0.36640625 0.01484375 0.03125
2 0.3359375 0.690625 0.01640625 0.02109375
2 0.2625 0.8140625 0.0125 0.01953125
2 0.10703125 0.77578125 0.0203125 0.046875
2 0.2171875 0.55078125 0.01875 0.02890625
3 0.8140625 0.0859375 0.16875 0.05234375
0 0.00703125 0.34765625 0.0140625 0.03359375
0 0.540625 0.546875 0.53671875 0.58984375
2 0.7671875 0.8875 0.0125 0.015625
2 0.8484375 0.896875 0.01640625 0.01796875
2 0.9203125 0.91953125 0.0109375 0.01640625
2 0.94609375 0.846875 0.0171875 0.03359375
2 0.909375 0.815625 0.025 0.025
2 0.9078125 0.69765625 0.0296875 0.05625
2 0.88515625 0.66015625 0.0234375 0.03828125
2 0.9484375 0.57578125 0.021875 0.05234375
2 0.8328125 0.58671875 0.01015625 0.01953125
2 0.9265625 0.45546875 0.021875 0.02578125
2 0.93125 0.34609375 0.01484375 0.02265625
2 0.828125 0.43671875 0.0078125 0.01015625
2 0.98828125 0.1828125 0.01640625 0.034375
2 0.903125 0.17109375 0.00625 0.01171875
2 0.840625 0.1 0.00625 0.0125
2 0.79375 0.18515625 0.01875 0.02421875
2 0.13984375 0.3875 0.0234375 0.0375
2 0.23515625 0.25078125 0.01875 0.01796875
2 0.1546875 0.26328125 0.0203125 0.01796875
2 0.090625 0.29140625 0.01328125 0.015625
2 0.27421875 0.11015625 0.01796875 0.01875
2 0.065625 0.12109375 0.02109375 0.01953125
2 0.68203125 0.80546875 0.00546875 0.01484375
2 0.925 0.9 0.0125 0.01796875
0 0.171875 0.34375 0.034375 0.096875
2 0.2078125 0.53125 0.0140625 0.021875
0 0.26796875 0.70625 0.1578125 0.5875
2 0.403125 0.51484375 0.0140625 0.02421875
2 0.046875 0.54140625 0.01328125 0.01953125
2 0.3328125 0.54296875 0.01484375 0.021875
0 0.9484375 0.76328125 0.0375 0.04296875
0 0.1859375 0.80390625 0.05234375 0.03828125
0 0.40390625 0.21953125 0.034375 0.059375
3 0.103125 0.7203125 0.20546875 0.14375
0 0.9796875 0.9375 0.03984375 0.08046875
5 0.54375 0.34765625 0.02421875 0.03359375
2 0.6828125 0.91328125 0.015625 0.025
2 0.73203125 0.196875 0.0109375 0.01171875
2 0.2625 0.3578125 0.015625 0.03828125
2 0.55 0.16484375 0.01953125 0.021875
2 0.89375 0.78359375 0.01015625 0.025
2 0.9109375 0.7390625 0.02578125 0.01796875
2 0.37890625 0.48671875 0.03203125 0.05234375
2 0.6875 0.42265625 0.03984375 0.03046875
2 0.0921875 0.81484375 0.01640625 0.01796875
2 0.478125 0.93046875 0.0234375 0.05390625
2 0.34765625 0.55234375 0.0109375 0.03046875
2 0.31796875 0.95859375 0.01640625 0.03046875
2 0.2078125 0.7359375 0.03125 0.03828125
2 0.09296875 0.74453125 0.01484375 0.015625
2 0.603125 0.109375 0.0078125 0.01015625
14 0.54921875 0.67109375 0.4625 0.4625
2 0.77890625 0.22265625 0.01796875 0.03515625
2 0.5671875 0.10234375 0.01484375 0.02578125
2 0.5375 0.575 0.01640625 0.01015625
2 0.2828125 0.815625 0.0140625 0.02265625
2 0.05078125 0.86171875 0.01796875 0.01953125
2 0.1484375 0.634375 0.01640625 0.02890625
2 0.23203125 0.52421875 0.01875 0.01484375
2 0.25 0.58359375 0.0046875 0.01015625
2 0.2296875 0.70078125 0.00703125 0.009375
2 0.8015625 0.65234375 0.01015625 0.015625
2 0.6109375 0.1515625 0.01484375 0.02734375
2 0.759375 0.13515625 0.0109375 0.01796875
2 0.490625 0.17734375 0.03203125 0.02421875
2 0.37890625 0.521875 0.02578125 0.02109375
2 0.6609375 0.6734375 0.02734375 0.028125
2 0.1953125 0.59765625 0.0140625 0.01484375
2 0.59453125 0.8359375 0.015625 0.01640625
2 0.63203125 0.19921875 0.01328125 0.02265625
2 0.6078125 0.8953125 0.01484375 0.02265625
2 0.96953125 0.02109375 0.0484375 0.04140625
2 0.575 0.98359375 0.02890625 0.01796875
2 0.49375 0.53828125 0.01640625 0.025
2 0.74375 0.42890625 0.01640625 0.01640625
2 0.7546875 0.29609375 0.41640625 0.553125
2 0.4609375 0.72734375 0.015625 0.02734375
2 0.32734375 0.73203125 0.01875 0.025
2 0.1125 0.2265625 0.03515625 0.03046875
0 0.346875 0.0046875 0.02265625 0.009375
2 0.47109375 0.32890625 0.02578125 0.05234375
0 0.9453125 0.86484375 0.08984375 0.053125
0 0.0265625 0.53515625 0.053125 0.12265625
2 0.15625 0.609375 0.015625 0.02109375
2 0.5328125 0.603125 0.0125 0.0125
2 0.64375 0.76484375 0.00703125 0.01796875
2 0.584375 0.78359375 0.00390625 0.00859375
2 0.696875 0.0578125 0.0171875 0.01953125
2 0.16484375 0.2 0.015625 0.01796875
2 0.2703125 0.796875 0.01015625 0.01484375
2 0.646875 0.25703125 0.00546875 0.00859375
2 0.41875 0.4984375 0.0265625 0.075
2 0.125 0.79765625 0.01640625 0.01953125
2 0.2546875 0.8640625 0.01328125 0.02265625
2 0.6453125 0.0109375 0.0109375 0.0125
2 0.215625 0.01875 0.0203125 0.01640625
2 0.5890625 0.0484375 0.028125 0.03515625
0 0.97421875 0.78984375 0.0515625 0.0578125
2 0.14375 0.78203125 0.0296875 0.05546875
2 0.24375 0.1890625 0.025 0.02265625
2 0.8484375 0.02578125 0.02890625 0.02734375
2 0.3453125 0.30703125 0.0171875 0.01796875
0 0.9671875 0.10703125 0.06484375 0.16171875
0 0.00546875 0.29609375 0.0109375 0.028125
2 0.396875 0.96640625 0.01171875 0.015625
2 0.7125 0.01953125 0.01484375 0.01484375
0 0.8640625 0.67734375 0.02578125 0.03984375
2 0.975 0.64296875 0.01875 0.03046875
2 0.478125 0.853125 0.0140625 0.01640625
0 0.88125 0.87734375 0.06953125 0.08203125
2 0.8921875 0.13828125 0.00859375 0.01640625
2 0.584375 0.91015625 0.0421875 0.04765625
2 0.08203125 0.47109375 0.02265625 0.04453125
2 0.0578125 0.10390625 0.0109375 0.015625
2 0.95 0.22421875 0.0375 0.07109375
2 0.75234375 0.103125 0.015625 0.01484375
2 0.709375 0.18515625 0.01796875 0.01953125
2 0.66875 0.17265625 0.021875 0.025
2 0.09375 0.11640625 0.015625 0.02265625
2 0.63125 0.16875 0.009375 0.0125
2 0.06953125 0.44453125 0.01875 0.01953125
2 0.36171875 0.3765625 0.04375 0.04140625
2 0.909375 0.0421875 0.03984375 0.05390625
2 0.26640625 0.16015625 0.03203125 0.03515625
2 0.1 0.13671875 0.0109375 0.01484375
2 0.03671875 0.021875 0.01640625 0.025
2 0.784375 0.46953125 0.015625 0.02421875
2 0.04375 0.07109375 0.0109375 0.01015625
2 0.93515625 0.38046875 0.01640625 0.015625
2 0.80625 0.01015625 0.03046875 0.01953125
2 0.790625 0.31171875 0.01640625 0.02265625
2 0.034375 0.40625 0.02421875 0.02890625
2 0.034375 0.29296875 0.01875 0.021875
2 0.8 0.6015625 0.01328125 0.02265625
2 0.8234375 0.6671875 0.01171875 0.01015625
2 0.99375 0.25703125 0.0125 0.03359375
2 0.9015625 0.6203125 0.02734375 0.03125
2 0.7875 0.6046875 0.01171875 0.02109375
2 0.9328125 0.39765625 0.0265625 0.025
2 0.9484375 0.36484375 0.01484375 0.015625
2 0.9015625 0.29453125 0.02421875 0.03828125
2 0.853125 0.42734375 0.00703125 0.01015625
2 0.9609375 0.12734375 0.02265625 0.05546875
2 0.990625 0.096875 0.01875 0.02890625
2 0.790625 0.12734375 0.0125 0.01796875
2 0.11796875 0.4796875 0.01484375 0.01953125
0 0.2359375 0.35625 0.01875 0.02734375
2 0.0203125 0.27890625 0.01328125 0.021875
2 0.1890625 0.1828125 0.015625 0.02265625
2 0.2390625 0.03203125 0.00703125 0.01171875
2 0.1265625 0.10703125 0.02265625 0.025
2 0.43671875 0.20859375 0.0296875 0.046875
2 0.43125 0.34453125 0.02421875 0.02734375
2 0.9140625 0.58984375 0.01875 0.028125
2 0.0671875 0.21484375 0.009375 0.01796875
2 0.0515625 0.453125 0.01875 0.01796875
2 0.125 0.44921875 0.0171875 0.025
2 0.2046875 0.37109375 0.0171875 0.021875
2 0.884375 0.02578125 0.0078125 0.00859375
2 0.74765625 0.22578125 0.01328125 0.02578125
2 0.9453125 0.65859375 0.00859375 0.01328125
2 0.84609375 0.55546875 0.01328125 0.01953125
2 0.659375 0.0359375 0.02734375 0.025
2 0.4078125 0.15859375 0.05859375 0.05703125
2 0.88203125 0.5578125 0.00703125 0.00625
2 0.8953125 0.25234375 0.03671875 0.03046875