2 0.8453125 0.44609375 0.184375 0.38125
2 0.7421875 0.9484375 0.03671875 0.06875
2 0.0328125 0.584375 0.06484375 0.16640625
2 0.1421875 0.16875 0.1609375 0.15859375
2 0.96015625 0.50234375 0.0796875 0.49140625
2 0.28671875 0.19453125 0.15546875 0.2875
2 0.2109375 0.53984375 0.0421875 0.19765625
2 0.3765625 0.51875 0.0328125 0.04296875
2 0.209375 0.36875 0.11875 0.10546875
2 0.39609375 0.71796875 0.11484375 0.15625
2 0.4546875 0.58515625 0.03828125 0.040625
2 0.371875 0.34375 0.03203125 0.03828125
2 0.4234375 0.22109375 0.13984375 0.44140625
2 0.57578125 0.19921875 0.09453125 0.08046875
2 0.9296875 0.92578125 0.02265625 0.046875
5 0.415625 0.78359375 0.03671875 0.06796875
9 0.50546875 0.959375 0.02109375 0.078125
2 0.31875 0.56328125 0.02109375 0.02890625
2 0.890625 0.97421875 0.0265625 0.04609375
2 0.353125 0.434375 0.0546875 0.05078125
2 0.95078125 0.78359375 0.053125 0.028125
9 0.1875 0.29921875 0.1 0.5984375
2 0.97734375 0.240625 0.0453125 0.115625
2 0.76015625 0.1578125 0.1515625 0.29453125
2 0.8609375 0.75 0.121875 0.10546875
2 0.7046875 0.64453125 0.08203125 0.121875
2 0.54375 0.84921875 0.12421875 0.115625
2 0.421875 0.4640625 0.034375 0.03359375
2 0.240625 0.58984375 0.0234375 0.04140625
2 0.1109375 0.471875 0.08984375 0.07734375
2 0.03828125 0.34765625 0.0765625 0.15390625
2 0.0609375 0.13984375 0.121875 0.2796875
2 0.915625 0.82421875 0.0203125 0.02734375
2 0.853125 0.98046875 0.0296875 0.02890625
5 0.40390625 0.85625 0.04296875 0.096875
2 0.9859375 0.14375 0.028125 0.08359375
2 0.353125 0.58671875 0.02421875 0.02265625
2 0.8546875 0.15859375 0.13515625 0.228125
2 0.903125 0.0578125 0.128125 0.115625
5 0.78125 0.72421875 0.05234375 0.06953125
5 0.5625 0.07421875 0.0453125 0.08125
2 0.37890625 0.3125 0.025 0.02890625
2 0.028125 0.97734375 0.05546875 0.04453125
2 0.9578125 0.90234375 0.02421875 0.0875
2 0.5453125 0.92421875 0.04453125 0.06796875
2 0.7015625 0.3375 0.1625 0.20390625
2 0.3921875 0.25859375 0.08359375 0.10546875
9 0.59921875 0.75 0.0671875 0.5
2 0.25703125 0.49296875 0.03828125 0.0625
2 0.4015625 0.525 0.0296875 0.01875
1 0.57109375 0.4609375 0.33984375 0.921875
2 0.378125 0.60703125 0.025 0.034375
2 0.9046875 0.88359375 0.03046875 0.046875
2 0.2328125 0.79921875 0.42109375 0.40078125
2 0.3328125 0.515625 0.03203125 0.02578125
2 0.359375 0.55703125 0.02421875 0.02890625
2 0.78359375 0.884375 0.071875 0.19609375
2 0.9828125 0.95078125 0.034375 0.08046875
2 0.696875 0.8265625 0.0890625 0.09140625
2 0.42578125 0.615625 0.01015625 0.01171875
2 0.58125 0.50703125 0.0265625 0.03984375
2 0.6453125 0.50703125 0.0203125 0.02578125
2 0.48125 0.04453125 0.04765625 0.06328125
2 0.1609375 0.04140625 0.06015625 0.08203125
2 0.65390625 0.00546875 0.04140625 0.01015625