2 0.93125 0.9921875 0.0140625 0.015625
2 0.8890625 0.4890625 0.10078125 0.16953125
2 0.24375 0.75859375 0.02421875 0.04453125
2 0.79453125 0.55859375 0.05234375 0.05
2 0.403125 0.82578125 0.0140625 0.02109375
9 0.78515625 0.7875 0.1875 0.24453125
5 0.5609375 0.17421875 0.0265625 0.065625
2 0.69375 0.63046875 0.01484375 0.03125
2 0.334375 0.16171875 0.190625 0.21484375
5 0.4109375 0.1359375 0.028125 0.04375
5 0.1609375 0.8203125 0.01015625 0.040625
5 0.97265625 0.8515625 0.028125 0.04296875
2 0.98984375 0.73359375 0.0203125 0.03125
2 0.97890625 0.8078125 0.0421875 0.046875
2 0.9046875 0.921875 0.0359375 0.03515625
2 0.246875 0.56484375 0.0578125 0.09140625
2 0.440625 0.28984375 0.12890625 0.078125
2 0.69609375 0.03828125 0.04140625 0.03671875
2 0.5140625 0.72109375 0.05234375 0.04296875
2 0.47265625 0.775 0.01484375 0.015625
2 0.1171875 0.64609375 0.02421875 0.02890625
2 0.35859375 0.64140625 0.0078125 0.02109375
2 0.74140625 0.6046875 0.0171875 0.03203125
2 0.5921875 0.46328125 0.06328125 0.15859375
2 0.54140625 0.43125 0.0203125 0.02890625
2 0.67578125 0.68359375 0.021875 0.03828125
2 0.5328125 0.3703125 0.04765625 0.05234375
2 0.275 0.66484375 0.02734375 0.03125
2 0.51796875 0.16875 0.07265625 0.11484375
2 0.3375 0.90703125 0.03359375 0.046875
2 0.9328125 0.34609375 0.12734375 0.18671875
2 0.3046875 0.7390625 0.0484375 0.05390625
5 0.6375 0.4875 0.025 0.04375
2 0.6453125 0.16953125 0.1703125 0.16953125
2 0.96875 0.578125 0.06171875 0.05390625
2 0.2359375 0.81328125 0.01640625 0.01953125
4 0.62109375 0.5 0.715625 1
2 0.2125 0.815625 0.025 0.03203125
9 0.88828125 0.55625 0.2234375 0.18125
2 0.0796875 0.634375 0.159375 0.403125
2 0.5578125 0.82109375 0.2390625 0.35703125
2 0.75546875 0.28203125 0.19453125 0.22421875
2 0.9359375 0.19921875 0.10859375 0.10234375
2 0.93828125 0.92890625 0.0203125 0.05390625
2 0.07578125 0.4875 0.01796875 0.01796875
2 0.5265625 0.28671875 0.053125 0.05
2 0.5875 0.29453125 0.09375 0.09375
2 0.61640625 0.06484375 0.065625 0.04453125
2 0.9484375 0.7203125 0.04140625 0.04921875
2 0.275 0.72265625 0.0234375 0.02265625
4 0.22578125 0.946875 0.0734375 0.10625
2 0.53515625 0.56484375 0.05234375 0.08671875
2 0.1484375 0.925 0.05234375 0.08671875
2 0.67109375 0.89140625 0.0125 0.01875
2 0.15390625 0.3171875 0.01484375 0.021875
2 0.35234375 0.03046875 0.12421875 0.06015625
2 0.3140625 0.28203125 0.0828125 0.04609375
2 0.4515625 0.49765625 0.0203125 0.028125
2 0.053125 0.121875 0.04296875 0.03828125
2 0.6375 0.77421875 0.025 0.03359375
2 0.7515625 0.73828125 0.01484375 0.021875
2 0.43359375 0.803125 0.0125 0.02265625
2 0.4484375 0.4328125 0.0234375 0.015625
2 0.4578125 0.0875 0.07890625 0.07265625
2 0.465625 0.57265625 0.03125 0.059375
2 0.3203125 0.48828125 0.25703125 0.34140625
5 0.534375 0.76328125 0.02734375 0.034375
5 0.4609375 0.25546875 0.028125 0.04921875
2 0.6140625 0.015625 0.028125 0.03125
2 0.103125 0.53515625 0.03125 0.05
2 0.1828125 0.76328125 0.09296875 0.07109375
2 0.00625 0.01875 0.01171875 0.0375
2 0.153125 0.521875 0.0265625 0.0125
2 0.49140625 0.43671875 0.0171875 0.040625
2 0.446875 0.35 0.0203125 0.04453125
2 0.02734375 0.41796875 0.02421875 0.01875
2 0.1578125 0.06015625 0.028125 0.02578125
5 0.37578125 0.18359375 0.0234375 0.03671875
2 0.86484375 0.05703125 0.1390625 0.1140625
2 0.91640625 0.86640625 0.028125 0.02265625
2 0.8484375 0.9625 0.0375 0.075
2 0.371875 0.9859375 0.0625 0.028125
2 0.0609375 0.903125 0.121875 0.19375
2 0.221875 0.84765625 0.01484375 0.01875
2 0.13671875 0.44453125 0.06171875 0.10078125
2 0.109375 0.33125 0.04765625 0.1625
2 0.04140625 0.25390625 0.0828125 0.11875
2 0.50625 0.03984375 0.04375 0.0796875
2 0.0234375 0.34609375 0.0203125 0.01953125
2 0.775 0.15546875 0.01796875 0.021875
2 0.83515625 0.67578125 0.1140625 0.16953125
2 0.6765625 0.73671875 0.03046875 0.02734375
2 0.184375 0.95078125 0.025 0.06171875
2 0.43359375 0.984375 0.0265625 0.03125
2 0.67734375 0.4421875 0.1234375 0.14453125
2 0.22109375 0.28671875 0.06953125 0.05703125
2 0.2734375 0.85703125 0.06171875 0.05390625
2 0.32265625 0.975 0.05078125 0.05
2 0.5515625 0.0671875 0.03046875 0.059375
2 0.015625 0.09453125 0.03125 0.0546875
2 0.72734375 0.9921875 0.01953125 0.015625
2 0.1890625 0.16015625 0.12578125 0.13046875
16 0.14453125 0.02109375 0.1640625 0.0421875