2 0.49296875 0.27109375 0.0328125 0.05234375
2 0.6734375 0.915625 0.0359375 0.03203125
2 0.26796875 0.98828125 0.0265625 0.02265625
2 0.4515625 0.62109375 0.02421875 0.028125
2 0.2296875 0.85546875 0.0171875 0.01484375
2 0.71796875 0.79453125 0.02265625 0.02734375
2 0.59140625 0.50234375 0.01953125 0.02421875
2 0.6765625 0.61875 0.01875 0.01875
2 0.5421875 0.58828125 0.03125 0.0375
2 0.4984375 0.67265625 0.0515625 0.04765625
2 0.69453125 0.64296875 0.01796875 0.015625
2 0.2921875 0.98671875 0.02265625 0.02421875
2 0.1859375 0.740625 0.0140625 0.01328125
2 0.31953125 0.49921875 0.02890625 0.04296875
2 0.4953125 0.33671875 0.08125 0.05078125
2 0.3453125 0.22265625 0.0125 0.01953125
2 0.1578125 0.6296875 0.0125 0.021875
2 0.3328125 0.29609375 0.03046875 0.05859375
2 0.2546875 0.76640625 0.03203125 0.02421875
2 0.15625 0.68359375 0.03515625 0.03828125
2 0.3953125 0.559375 0.02109375 0.02421875
2 0.1921875 0.28671875 0.02734375 0.04453125
2 0.7203125 0.66015625 0.01640625 0.02578125
2 0.115625 0.91640625 0.03671875 0.04453125
2 0.190625 0.82578125 0.01796875 0.02734375
2 0.6484375 0.55 0.021875 0.02890625
2 0.359375 0.09453125 0.0234375 0.02421875
2 0.63984375 0.66484375 0.0375 0.03984375
2 0.53671875 0.98203125 0.03046875 0.03359375
2 0.3484375 0.03828125 0.021875 0.02578125
2 0.0515625 0.75859375 0.02890625 0.03828125
2 0.3296875 0.93828125 0.06640625 0.053125
2 0.4140625 0.31484375 0.025 0.040625
2 0.365625 0.35234375 0.028125 0.03203125
2 0.1234375 0.35703125 0.03203125 0.05
2 0.3015625 0.3953125 0.0359375 0.040625
2 0.44765625 0.44375 0.028125 0.02578125
2 0.5984375 0.89921875 0.0171875 0.02421875
2 0.71328125 0.59296875 0.01015625 0.01640625
2 0.5390625 0.83671875 0.03515625 0.04453125
2 0.234375 0.915625 0.0234375 0.02421875
2 0.30625 0.6625 0.02890625 0.025
2 0.009375 0.7359375 0.01875 0.059375
2 0.0921875 0.64765625 0.01875 0.02265625
2 0.2953125 0.47421875 0.02421875 0.025
2 0.32890625 0.25546875 0.01953125 0.02421875
14 0.65625 0.5 0.575 1
2 0.071875 0.03203125 0.0203125 0.025
2 0.625 0.97265625 0.01953125 0.01953125
2 0.825 0.896875 0.10546875 0.20625
2 0.1578125 0.56640625 0.02890625 0.028125
2 0.28125 0.34765625 0.07421875 0.08125
2 0.23203125 0.0359375 0.01640625 0.02578125
2 0.6625 0.11953125 0.0296875 0.028125
2 0.9078125 0.18671875 0.021875 0.01875
2 0.93046875 0.0546875 0.040625 0.0375
2 0.984375 0.69453125 0.03125 0.040625
0 0.97109375 0.43515625 0.05625 0.42578125
2 0.96484375 0.1 0.01640625 0.02265625
2 0.9421875 0.58203125 0.0125 0.025
2 0.95625 0.6359375 0.02421875 0.021875
2 0.134375 0.19765625 0.0171875 0.02734375
2 0.91953125 0.10234375 0.01640625 0.02890625
2 0.8140625 0.26875 0.03125 0.04453125
0 0.25625 0.50703125 0.51171875 0.65078125
2 0.78984375 0.32265625 0.0359375 0.05390625
2 0.1859375 0.025 0.02109375 0.01796875
2 0.85625 0.415625 0.01640625 0.021875
2 0.2765625 0.04921875 0.021875 0.02890625
2 0.92265625 0.29765625 0.0265625 0.034375
0 0.19765625 0.08828125 0.125 0.09140625
2 0.6421875 0.71484375 0.02265625 0.025
2 0.4171875 0.93046875 0.025 0.02421875
2 0.38359375 0.9375 0.03125 0.03984375
2 0.0296875 0.8265625 0.05859375 0.07265625
2 0.2546875 0.84609375 0.01640625 0.02421875
2 0.2921875 0.58828125 0.03125 0.03203125
2 0.18046875 0.6203125 0.0265625 0.046875
2 0.1171875 0.75078125 0.01796875 0.01953125
2 0.33125 0.0578125 0.02421875 0.04765625
2 0.59609375 0.03046875 0.05625 0.06015625
2 0.8375 0.07421875 0.0140625 0.01484375
2 0.11796875 0.15 0.0296875 0.03828125