2 0.6359375 0.23515625 0.04296875 0.05546875
2 0.4234375 0.42578125 0.11640625 0.1375
2 0.3484375 0.56484375 0.02734375 0.040625
14 0.53203125 0.4203125 0.9359375 0.840625
2 0.8375 0.0125 0.01640625 0.025
2 0.01796875 0.52421875 0.01015625 0.01015625
2 0.10625 0.52109375 0.03984375 0.06015625
2 0.490625 0.28125 0.0265625 0.02578125
2 0.4546875 0.71015625 0.0515625 0.06640625
2 0.6703125 0.45078125 0.0765625 0.04296875
2 0.134375 0.36640625 0.028125 0.03203125
2 0.3671875 0.87109375 0.02109375 0.028125
2 0.1875 0.540625 0.021875 0.01640625
2 0.165625 0.77265625 0.08046875 0.14609375
2 0.0140625 0.45078125 0.02265625 0.03046875
2 0.01953125 0.19765625 0.02890625 0.034375
2 0.37265625 0.31640625 0.06328125 0.07265625
2 0.31953125 0.08203125 0.05390625 0.08671875
2 0.5546875 0.14140625 0.04921875 0.04375
2 0.44765625 0.23359375 0.059375 0.08046875
2 0.61953125 0.35390625 0.040625 0.19609375
2 0.53671875 0.25859375 0.02890625 0.02421875
2 0.5984375 0.02421875 0.0625 0.04765625
2 0.2265625 0.45078125 0.0328125 0.034375
2 0.2734375 0.696875 0.02890625 0.04296875
2 0.8796875 0.0171875 0.0203125 0.015625
2 0.075 0.92421875 0.02734375 0.03125
2 0.6 0.08046875 0.02734375 0.025
2 0.08984375 0.27421875 0.02890625 0.03046875
2 0.95625 0.64765625 0.08671875 0.21328125
2 0.08359375 0.65546875 0.0328125 0.04140625
2 0.0390625 0.6484375 0.04375 0.04453125
2 0.30703125 0.66796875 0.009375 0.0125
2 0.2390625 0.6796875 0.03515625 0.04453125
2 0.25625 0.50390625 0.01171875 0.01953125
2 0.18984375 0.4578125 0.009375 0.01796875
2 0.0765625 0.39375 0.1171875 0.18984375
2 0.478125 0.91328125 0.09140625 0.10703125
2 0.70625 0.55 0.07265625 0.1125
2 0.75078125 0.70390625 0.1046875 0.12109375
2 0.88359375 0.721875 0.0265625 0.05
2 0.2046875 0.0171875 0.078125 0.034375
2 0.93984375 0.05859375 0.0484375 0.05703125
2 0.1375 0.31171875 0.03046875 0.04765625
2 0.90625 0.021875 0.01171875 0.00859375
2 0.69453125 0.378125 0.09609375 0.06796875
2 0.92265625 0.02109375 0.009375 0.01015625
2 0.4359375 0.86796875 0.02734375 0.03203125
2 0.4453125 0.834375 0.01953125 0.01484375
2 0.021875 0.98046875 0.00546875 0.01484375
2 0.21328125 0.63046875 0.0109375 0.0125
2 0.0375 0.5734375 0.01328125 0.01328125
2 0.0453125 0.2875 0.040625 0.059375
2 0.0546875 0.22734375 0.02421875 0.01953125
2 0.2625 0.25546875 0.11015625 0.15703125
2 0.2953125 0.11484375 0.0296875 0.025
2 0.615625 0.59140625 0.15 0.19921875
2 0.83828125 0.61484375 0.06015625 0.10859375
2 0.7234375 0.0984375 0.15625 0.196875
2 0.125 0.95703125 0.09296875 0.08515625
2 0.42734375 0.96953125 0.0109375 0.01171875
2 0.85859375 0.3390625 0.2828125 0.45
2 0.30078125 0.85390625 0.28359375 0.29140625
2 0.05078125 0.9390625 0.01484375 0.02265625
2 0.184375 0.86328125 0.01484375 0.0125
2 0.33125 0.68828125 0.02890625 0.05078125
2 0.53125 0.775 0.09921875 0.1125
2 0.3 0.5640625 0.0328125 0.03203125
2 0.175 0.565625 0.0265625 0.02890625
2 0.265625 0.08671875 0.0296875 0.0375
2 0.37421875 0.171875 0.084375 0.090625
2 0.8578125 0.07734375 0.10078125 0.046875
2 0.040625 0.05234375 0.0515625 0.03515625
2 0.33046875 0.36015625 0.04765625 0.071875
2 0.90546875 0.00546875 0.0140625 0.0109375
2 0.0703125 0.56328125 0.02421875 0.02890625
2 0.2625 0.5921875 0.01015625 0.01796875
2 0.43125 0.28515625 0.02109375 0.03359375
2 0.06171875 0.8046875 0.1234375 0.20859375
2 0.9625 0.97265625 0.015625 0.01171875
2 0.9359375 0.9609375 0.00625 0.00859375
2 0.8125 0.95234375 0.00625 0.00703125
2 0.6140625 0.9203125 0.02421875 0.06171875
2 0.5625 0.95 0.084375 0.1
2 0.93125 0.97734375 0.00703125 0.01015625
2 0.9984375 0.98984375 0.00234375 0.0125
2 0.7703125 0.91640625 0.00546875 0.00703125
2 0.828125 0.859375 0.025 0.03515625
2 0.478125 0.9921875 0.01171875 0.01484375
5 0.3078125 0.02109375 0.13125 0.04140625
2 0.9875 0.0234375 0.009375 0.01953125
2 0.8296875 0.99296875 0.021875 0.01328125
2 0.8453125 0.9625 0.04453125 0.06640625
2 0.7671875 0.96953125 0.01484375 0.01953125
2 0.778125 0.93671875 0.00546875 0.00625
2 0.5109375 0.9921875 0.025 0.015625
2 0.9140625 0.86953125 0.01171875 0.00859375
2 0.5703125 0.88203125 0.03125 0.03359375
2 0.921875 0.91484375 0.01328125 0.02109375
2 0.99453125 0.88203125 0.00546875 0.00703125
2 0.93125 0.940625 0.0125 0.021875
2 0.90625 0.91640625 0.00703125 0.00703125
2 0.85 0.88125 0.01640625 0.02734375
2 0.915625 0.96796875 0.01875 0.01796875
2 0.959375 0.9984375 0.00546875 0.003125
2 0.809375 0.9921875 0.015625 0.015625
2 0.7984375 0.884375 0.01875 0.021875
2 0.6515625 0.85703125 0.09921875 0.115625
2 0.965625 0.11796875 0.01953125 0.0375
2 0.4484375 0.08046875 0.215625 0.14375
2 0.5359375 0.45625 0.1265625 0.26015625
2 0.9625 0.909375 0.05078125 0.09609375
2 0.9234375 0.8609375 0.01171875 0.009375
2 0.8921875 0.88984375 0.015625 0.01171875
2 0.5921875 0.86796875 0.03203125 0.04609375
2 0.890625 0.95078125 0.02890625 0.025
2 0.0875 0.22421875 0.02734375 0.02109375
2 0.7765625 0.59296875 0.06015625 0.10546875
2 0.65 0.99375 0.021875 0.0125
2 0.00625 0.6703125 0.0125 0.01640625
2 0.3875 0.634375 0.075 0.11328125
2 0.1046875 0.6640625 0.01640625 0.01640625
2 0.2125 0.6703125 0.01328125 0.01796875
2 0.04375 0.5484375 0.02890625 0.03125
2 0.90234375 0.9296875 0.00859375 0.01328125
2 0.884375 0.97265625 0.01640625 0.02109375
2 0.7390625 0.87734375 0.02734375 0.02734375