2 0.0734375 0.603125 0.02265625 0.04296875
2 0.1234375 0.54453125 0.015625 0.01640625
2 0.09375 0.890625 0.02265625 0.046875
2 0.7953125 0.25390625 0.09375 0.12265625
2 0.9109375 0.40078125 0.02890625 0.034375
2 0.4953125 0.32890625 0.01875 0.03125
2 0.41640625 0.0828125 0.0171875 0.03203125
2 0.57890625 0.96796875 0.071875 0.06328125
2 0.5953125 0.090625 0.0140625 0.02421875
2 0.6046875 0.871875 0.028125 0.03515625
2 0.56875 0.13046875 0.02109375 0.03671875
2 0.3453125 0.11796875 0.01484375 0.01484375
2 0.2421875 0.9234375 0.2375 0.153125
2 0.478125 0.765625 0.0265625 0.025
2 0.48046875 0.9453125 0.01953125 0.021875
2 0.5 0.06484375 0.03515625 0.03984375
2 0.4390625 0.0078125 0.021875 0.015625
2 0.2078125 0.0625 0.01328125 0.015625
2 0.39375 0.865625 0.0171875 0.025
2 0.21875 0.81484375 0.04765625 0.06328125
2 0.6265625 0.95703125 0.04765625 0.04375
2 0.4421875 0.896875 0.06328125 0.10078125
2 0.3375 0.68671875 0.15703125 0.23046875
2 0.27890625 0.01015625 0.0328125 0.0203125
2 0.39375 0.01796875 0.01875 0.03125
2 0.534375 0.034375 0.01171875 0.01640625
2 0.484375 0.0234375 0.0109375 0.01328125
2 0.60546875 0.91328125 0.05859375 0.04609375
2 0.175 0.47109375 0.01328125 0.01484375
2 0.1609375 0.75703125 0.0328125 0.03515625
2 0.48046875 0.9796875 0.015625 0.01796875
2 0.1609375 0.5640625 0.040625 0.05703125
2 0.4640625 0.25703125 0.02578125 0.03046875
2 0.50625 0.14453125 0.0875 0.12109375
2 0.5515625 0.08125 0.02265625 0.02890625
2 0.4 0.73828125 0.01875 0.03203125
2 0.54140625 0.8546875 0.071875 0.10234375
2 0.4609375 0.81328125 0.0703125 0.0625
2 0.3953125 0.82890625 0.01953125 0.025
2 0.18515625 0.73203125 0.01171875 0.0125
2 0.228125 0.646875 0.01796875 0.03125
2 0.21953125 0.19296875 0.05703125 0.05859375
2 0.3453125 0.25234375 0.0234375 0.071875
2 0.58671875 0.03828125 0.0515625 0.07578125
2 0.10546875 0.04296875 0.0796875 0.0859375
2 0.284375 0.05234375 0.13046875 0.090625
2 0.6890625 0.965625 0.0890625 0.06875
2 0.4890625 0.4171875 0.03671875 0.0375
2 0.61015625 0.10234375 0.01484375 0.03203125
2 0.2328125 0.14921875 0.0421875 0.09921875
2 0.2765625 0.12265625 0.03203125 0.03359375
2 0.3890625 0.10234375 0.02578125 0.02421875
2 0.1703125 0.04375 0.04921875 0.078125
2 0.428125 0.24140625 0.02734375 0.03671875
2 0.3296875 0.1546875 0.0109375 0.01640625
2 0.6703125 0.078125 0.0234375 0.03671875
2 0.24765625 0.53515625 0.0453125 0.06484375
2 0.3625 0.00859375 0.0296875 0.01640625
14 0.5 0.49921875 1 0.9984375
2 0.078125 0.81953125 0.0671875 0.09453125
2 0.94609375 0.32734375 0.1078125 0.084375
2 0.17890625 0.43984375 0.0171875 0.02109375
2 0.1546875 0.70703125 0.053125 0.05625
2 0.55625 0.54140625 0.04296875 0.04765625
2 0.66015625 0.21015625 0.10703125 0.19921875
2 0.409375 0.35234375 0.128125 0.15625
2 0.384375 0.20078125 0.09140625 0.11484375
2 0.415625 0.01171875 0.01875 0.02265625
2 0.1765625 0.109375 0.0671875 0.06640625
2 0.021875 0.62109375 0.0171875 0.021875
2 0.075 0.96484375 0.03125 0.05625
2 0.0328125 0.959375 0.05703125 0.06484375
2 0.8890625 0.8234375 0.16953125 0.17734375
2 0.965625 0.54765625 0.06796875 0.075
2 0.8625 0.35078125 0.01484375 0.02421875
2 0.853125 0.13984375 0.03359375 0.03515625
2 0.6015625 0.41953125 0.01328125 0.01875
2 0.05703125 0.53515625 0.0453125 0.08671875
2 0.99375 0.69375 0.0125 0.01953125
2 0.44375 0.09453125 0.01953125 0.04296875
2 0.41640625 0.034375 0.0109375 0.01171875
2 0.15234375 0.4484375 0.02421875 0.03359375
2 0.4484375 0.06328125 0.0171875 0.01484375
2 0.8765625 0.23359375 0.0546875 0.0625
2 0.88125 0.334375 0.025 0.034375
2 0.5765625 0.23046875 0.09296875 0.1125
2 0.6015625 0.58515625 0.0265625 0.06015625
2 0.1234375 0.43203125 0.02421875 0.025
2 0.95390625 0.7140625 0.02890625 0.04140625
2 0.984375 0.78828125 0.03046875 0.11796875
2 0.021875 0.79765625 0.04296875 0.05703125
2 0.06171875 0.43203125 0.0203125 0.028125
2 0.97265625 0.62109375 0.0546875 0.09453125
2 0.571875 0.3171875 0.0359375 0.05625
2 0.71875 0.35234375 0.10234375 0.21328125
2 0.94140625 0.203125 0.1171875 0.146875
2 0.1921875 0.70234375 0.01875 0.015625
2 0.771875 0.6171875 0.29765625 0.39296875
2 0.953125 0.44453125 0.028125 0.06953125
2 0.6 0.4484375 0.00625 0.02109375
2 0.55 0.42421875 0.08671875 0.16171875
2 0.815625 0.0703125 0.06171875 0.140625
2 0.0203125 0.89453125 0.01640625 0.02421875
2 0.9890625 0.91796875 0.02109375 0.04765625
2 0.98828125 0.4828125 0.0234375 0.065625
2 0.61875 0.64296875 0.040625 0.05703125
2 0.603125 0.51328125 0.05234375 0.05703125
2 0.9296875 0.06171875 0.1140625 0.103125
2 0.4875 0.378125 0.01484375 0.02734375
2 0.503125 0.29609375 0.02265625 0.028125