5 0.9671875 0.8703125 0.02578125 0.03515625
5 0.88828125 0.50859375 0.034375 0.03828125
5 0.284375 0.87734375 0.0203125 0.025
2 0.96640625 0.96875 0.0671875 0.0625
2 0.509375 0.5015625 0.0203125 0.01640625
2 0.4953125 0.31015625 0.02890625 0.03359375
2 0.03125 0.61015625 0.01171875 0.01328125
2 0.3875 0.35546875 0.0328125 0.02890625
2 0.05234375 0.675 0.01875 0.02265625
2 0.56953125 0.9546875 0.0734375 0.090625
2 0.6484375 0.88515625 0.009375 0.01328125
2 0.64140625 0.80859375 0.03125 0.06015625
2 0.8046875 0.87265625 0.025 0.03046875
2 0.7078125 0.85859375 0.05078125 0.06875
2 0.9140625 0.6265625 0.0375 0.034375
2 0.8984375 0.94609375 0.021875 0.02265625
2 0.33046875 0.45390625 0.03671875 0.07109375
2 0.9234375 0.97265625 0.02109375 0.02890625
2 0.9421875 0.83359375 0.115625 0.07890625
2 0.99140625 0.7921875 0.0171875 0.05
2 0.9875 0.765625 0.009375 0.0125
2 0.9953125 0.678125 0.00859375 0.01875
2 0.95390625 0.5484375 0.0921875 0.221875
2 0.6484375 0.95234375 0.0234375 0.02265625
2 0.696875 0.91015625 0.0375 0.03046875
2 0.61953125 0.86953125 0.01875 0.01484375
2 0.6265625 0.85546875 0.00703125 0.009375
2 0.55703125 0.8421875 0.01875 0.03046875
2 0.596875 0.82421875 0.05859375 0.07578125
2 0.37109375 0.9921875 0.0203125 0.015625
2 0.39453125 0.94375 0.034375 0.05390625
2 0.1390625 0.94140625 0.025 0.02890625
2 0.2203125 0.99453125 0.00859375 0.01015625
2 0.52109375 0.325 0.01484375 0.028125
2 0.40390625 0.3796875 0.00859375 0.01796875
2 0.0796875 0.671875 0.01484375 0.01328125
2 0.284375 0.3171875 0.05703125 0.09140625
5 0.0546875 0.91171875 0.02265625 0.03671875
3 0.08046875 0.08203125 0.1015625 0.16328125
5 0.17109375 0.81015625 0.02265625 0.025
5 0.8046875 0.91484375 0.0234375 0.02578125
2 0.25234375 0.75546875 0.02890625 0.03515625
2 0.7578125 0.9953125 0.0171875 0.009375
2 0.9625 0.7890625 0.02421875 0.03515625
2 0.9921875 0.7078125 0.01484375 0.02734375
2 0.63046875 0.97734375 0.0140625 0.01875
2 0.6734375 0.99453125 0.01328125 0.01015625
2 0.6515625 0.91953125 0.0328125 0.04375
2 0.328125 0.03515625 0.0546875 0.0375
2 0.396875 0.80703125 0.0171875 0.05703125
2 0.52265625 0.72109375 0.02890625 0.084375
2 0.4515625 0.43828125 0.0171875 0.02578125
2 0.45546875 0.74296875 0.0359375 0.05625
2 0.32734375 0.83359375 0.03203125 0.04609375
2 0.29609375 0.51015625 0.0265625 0.015625
2 0.19375 0.12265625 0.084375 0.10625
2 0.12578125 0.5390625 0.1109375 0.22890625
2 0.296875 0.06015625 0.0125 0.02734375
5 0.8640625 0.4046875 0.01953125 0.02578125
2 0.246875 0.0859375 0.08203125 0.10859375
2 0.853125 0.55234375 0.01875 0.025
2 0.625 0.27265625 0.553125 0.5453125
2 0.43125 0.9515625 0.0453125 0.0875
2 0.159375 0.92578125 0.0265625 0.01953125
5 0.9953125 0.44921875 0.00859375 0.01953125
5 0.95234375 0.91328125 0.03203125 0.04140625
5 0.021875 0.55234375 0.03515625 0.04375
5 0.21171875 0.33671875 0.02265625 0.025
5 0.29765625 0.77734375 0.028125 0.03203125
2 0.978125 0.40703125 0.04375 0.04921875
5 0.66796875 0.946875 0.01328125 0.021875
5 0.875 0.91484375 0.0359375 0.046875
5 0.6515625 0.98203125 0.0296875 0.03515625
2 0.009375 0.4734375 0.01875 0.05
2 0.3046875 0.1046875 0.0265625 0.03359375
2 0.1640625 0.2046875 0.1453125 0.10546875
2 0.3859375 0.40859375 0.02109375 0.034375
2 0.034375 0.0109375 0.01953125 0.021875
2 0.14296875 0.1375 0.03125 0.03203125
2 0.015625 0.025 0.03125 0.05
2 0.6875 0.93046875 0.0140625 0.01640625
2 0.621875 0.9109375 0.015625 0.0125
2 0.4890625 0.51171875 0.01953125 0.015625
2 0.72578125 0.9203125 0.0328125 0.05078125
2 0.9234375 0.93671875 0.0203125 0.01640625
2 0.4125 0.4234375 0.02734375 0.034375
2 0.4 0.73984375 0.01171875 0.01875
5 0.43984375 0.60078125 0.01875 0.02578125
2 0.27890625 0.43515625 0.05234375 0.06953125
2 0.3328125 0.33984375 0.05 0.15859375
5 0.3578125 0.0578125 0.02734375 0.03046875
2 0.0578125 0.5125 0.02421875 0.02890625
2 0.2515625 0.1859375 0.0125 0.02265625
2 0.85078125 0.6390625 0.0171875 0.01640625
2 0.884375 0.53515625 0.02265625 0.03359375
2 0.83125 0.61171875 0.034375 0.03984375
2 0.90546875 0.56328125 0.02890625 0.02265625
2 0.590625 0.55625 0.23984375 0.37265625
2 0.06328125 0.9703125 0.03828125 0.05
2 0.8078125 0.5921875 0.0109375 0.015625
2 0.871875 0.57109375 0.03359375 0.0375
2 0.990625 0.2421875 0.01875 0.05546875
2 0.734375 0.6296875 0.0203125 0.02265625
2 0.7015625 0.65234375 0.01328125 0.040625
2 0.70078125 0.61640625 0.0421875 0.04375
2 0.8765625 0.3375 0.028125 0.05859375
2 0.46171875 0.64375 0.065625 0.13515625
2 0.09609375 0.76171875 0.08984375 0.25703125
2 0.0265625 0.73203125 0.05234375 0.11328125
2 0.8140625 0.5796875 0.01484375 0.025
2 0.26484375 0.88203125 0.0625 0.14921875
2 0.6453125 0.30859375 0.0421875 0.08671875
2 0.05546875 0.58046875 0.09765625 0.07421875
2 0.1828125 0.040625 0.10234375 0.08125
2 0.30390625 0.2015625 0.14921875 0.14921875
2 0.22578125 0.4515625 0.05234375 0.08359375
2 0.1859375 0.43359375 0.0453125 0.06953125
2 0.10625 0.43359375 0.02421875 0.04375
2 0.1625 0.875 0.01640625 0.02265625
2 0.775 0.56953125 0.02421875 0.03125
2 0.46328125 0.3453125 0.0421875 0.046875
2 0.90625 0.5296875 0.0203125 0.02265625
2 0.93515625 0.21328125 0.09140625 0.13125
2 0.7359375 0.58828125 0.021875 0.02890625
2 0.346875 0.72734375 0.0203125 0.03046875
2 0.72890625 0.39375 0.053125 0.15234375
2 0.775 0.62421875 0.0546875 0.0625
2 0.1625 0.71015625 0.0515625 0.06484375
2 0.0796875 0.9078125 0.040625 0.078125
2 0.4046875 0.76640625 0.0109375 0.01640625
2 0.5078125 0.83828125 0.115625 0.17265625
2 0.51640625 0.37421875 0.0234375 0.0375
2 0.87734375 0.61875 0.03828125 0.028125
2 0.83125 0.56015625 0.021875 0.05625
2 0.9453125 0.36640625 0.109375 0.17734375
2 0.1484375 0.78515625 0.0234375 0.05546875
2 0.6921875 0.7328125 0.13046875 0.14375
2 0.4515625 0.48828125 0.028125 0.0375
2 0.35625 0.89140625 0.053125 0.09296875
2 0.02421875 0.85546875 0.0484375 0.134375
2 0.021875 0.66328125 0.0359375 0.05078125
2 0.9546875 0.08671875 0.090625 0.11796875
2 0.2546875 0.76015625 0.1640625 0.12265625
2 0.3484375 0.58515625 0.09140625 0.19921875
2 0.11875 0.90390625 0.01796875 0.03203125
2 0.79921875 0.68984375 0.08203125 0.090625
2 0.7703125 0.96484375 0.021875 0.03203125
2 0.33203125 0.00859375 0.065625 0.01640625
5 0.059375 0.46796875 0.0328125 0.04140625
2 0.0140625 0.0875 0.028125 0.02890625
5 0.153125 0.825 0.0203125 0.028125
5 0.12265625 0.95078125 0.01171875 0.01640625
2 0.5265625 0.76953125 0.01328125 0.01484375
2 0.76015625 0.83984375 0.0890625 0.22421875
5 0.3671875 0.79921875 0.01796875 0.021875
2 0.80625 0.76640625 0.02421875 0.025
2 0.6140625 0.971875 0.02734375 0.05625
2 0.46875 0.38125 0.03671875 0.04765625
2 0.09453125 0.2203125 0.01640625 0.03046875
2 0.26953125 0.20703125 0.021875 0.0375
2 0.0453125 0.203125 0.090625 0.090625
2 0.6609375 0.89765625 0.01171875 0.01640625
2 0.03828125 0.94453125 0.01953125 0.02265625
2 0.4171875 0.86328125 0.0078125 0.01015625
2 0.67265625 0.88203125 0.025 0.05390625
2 0.059375 0.00859375 0.015625 0.01640625
2 0.21015625 0.53046875 0.02421875 0.03125
2 0.3015625 0.2171875 0.04140625 0.04765625
2 0.053125 0.33125 0.10625 0.15
2 0.215625 0.30390625 0.03671875 0.04921875
5 0.21875 0.9171875 0.01796875 0.02109375
5 0.1296875 0.79609375 0.01875 0.028125
2 0.68671875 0.96484375 0.040625 0.04921875
5 0.9625 0.2578125 0.02734375 0.03359375
2 0.22421875 0.784375 0.04140625 0.06796875
5 0.1171875 0.83984375 0.01640625 0.025
5 0.05625 0.61171875 0.02421875 0.03046875
2 0.2625 0.02890625 0.07265625 0.05703125
5 0.703125 0.98359375 0.01796875 0.02265625
2 0.18828125 0.85234375 0.009375 0.0125
2 0.8484375 0.71953125 0.0234375 0.02109375
2 0.0703125 0.5578125 0.02734375 0.02578125
2 0.62109375 0.93203125 0.01015625 0.01328125
2 0.61875 0.89765625 0.0109375 0.015625
5 0.790625 0.97109375 0.0203125 0.028125
5 0.7765625 0.71875 0.0296875 0.03671875
5 0.8984375 0.38359375 0.025 0.03671875
5 0.35078125 0.83515625 0.025 0.03671875
2 0.25625 0.7078125 0.0234375 0.03515625
2 0.02890625 0.44453125 0.0265625 0.059375
2 0.3625 0.42890625 0.02265625 0.02890625
2 0.3796875 0.30859375 0.075 0.06015625
2 0.03125 0.12734375 0.0234375 0.05078125
5 0.8453125 0.66875 0.0265625 0.034375
5 0.121875 0.73046875 0.021875 0.03203125
5 0.2890625 0.97734375 0.0125 0.01484375
5 0.89296875 0.82265625 0.02265625 0.02734375
5 0.4890625 0.92890625 0.02109375 0.02734375
5 0.26875 0.5 0.021875 0.02421875
5 0.21953125 0.85390625 0.01171875 0.01875
5 0.16015625 0.29453125 0.021875 0.03203125
2 0.271875 0.72578125 0.0109375 0.03515625
2 0.27421875 0.64765625 0.06875 0.08671875
2 0.39765625 0.63515625 0.0171875 0.01953125
2 0.27421875 0.55234375 0.0796875 0.10859375
5 0.58125 0.87890625 0.0234375 0.02890625
2 0.3546875 0.75 0.0453125 0.04296875
2 0.2265625 0.69921875 0.03046875 0.03515625
2 0.4 0.69765625 0.01171875 0.01328125
2 0.21875 0.6125 0.084375 0.10625
2 0.165625 0.35234375 0.06953125 0.13046875
2 0.8578125 0.99375 0.0125 0.0125
2 0.80859375 0.9640625 0.0484375 0.071875
2 0.7265625 0.97421875 0.03828125 0.04921875
2 0.01328125 0.9734375 0.021875 0.02578125
2 0.40625 0.90078125 0.01640625 0.02421875
2 0.3375 0.95 0.0140625 0.01171875
2 0.415625 0.80234375 0.0109375 0.01953125
14 0.4390625 0.61484375 0.0765625 0.74375
2 0.1140625 0.95234375 0.03203125 0.05234375
2 0.1921875 0.80390625 0.01640625 0.015625
2 0.1328125 0.38359375 0.0328125 0.03828125
2 0.50234375 0.56953125 0.084375 0.08984375
2 0.85234375 0.79140625 0.09609375 0.08828125
2 0.290625 0.71640625 0.01796875 0.04140625
2 0.31953125 0.72578125 0.02890625 0.06015625
2 0.2390625 0.35390625 0.03125 0.05390625
2 0.9953125 0.92109375 0.00859375 0.01875
2 0.315625 0.41015625 0.02421875 0.03125
2 0.00625 0.12421875 0.01171875 0.02578125
2 0.34375 0.09375 0.04296875 0.06953125
2 0.68359375 0.81328125 0.0203125 0.0125
2 0.3390625 0.92421875 0.015625 0.02265625
2 0.85078125 0.88046875 0.0375 0.05390625
2 0.934375 0.725 0.10234375 0.13984375
2 0.6015625 0.90078125 0.01796875 0.04375
2 0.22265625 0.83046875 0.0140625 0.01328125
2 0.1859375 0.90859375 0.0265625 0.04296875
2 0.38046875 0.88515625 0.009375 0.01875