2 0.63125 0.79765625 0.0140625 0.01640625
5 0.2046875 0.87421875 0.0609375 0.05703125
2 0.68125 0.68203125 0.01484375 0.01875
2 0.7796875 0.62265625 0.01328125 0.028125
2 0.8078125 0.6328125 0.03125 0.05078125
2 0.91484375 0.37109375 0.02890625 0.03515625
5 0.6296875 0.93515625 0.07578125 0.09375
5 0.0421875 0.19375 0.053125 0.0625
5 0.69375 0.034375 0.03046875 0.04140625
5 0.8734375 0.7875 0.05234375 0.046875
5 0.81015625 0.87265625 0.01875 0.02421875
3 0.0203125 0.5296875 0.040625 0.290625
3 0.24609375 0.04140625 0.1328125 0.0828125
0 0.96953125 0.2765625 0.0609375 0.078125
0 0.64140625 0.10859375 0.04453125 0.05390625
2 0.90390625 0.89375 0.0140625 0.01796875
2 0.8796875 0.90234375 0.0265625 0.02265625
2 0.73125 0.92734375 0.025 0.0375
2 0.0546875 0.26796875 0.0234375 0.03203125
2 0.01328125 0.28125 0.0265625 0.07578125
2 0.19375 0.203125 0.0109375 0.01484375
2 0.221875 0.27109375 0.0234375 0.03125
2 0.209375 0.57578125 0.025 0.03671875
2 0.1265625 0.28671875 0.01875 0.01484375
2 0.9703125 0.759375 0.034375 0.01875
2 0.984375 0.33984375 0.03125 0.025
2 0.75625 0.6453125 0.015625 0.02734375
2 0.80859375 0.22265625 0.0109375 0.01171875
2 0.8 0.16328125 0.05 0.04296875
2 0.7625 0.12265625 0.08828125 0.08125
2 0.940625 0.18359375 0.02265625 0.02734375
2 0.7609375 0.04140625 0.09296875 0.08203125
2 0.22109375 0.31015625 0.009375 0.015625
2 0.66015625 0.6625 0.034375 0.03671875
2 0.1078125 0.92890625 0.06875 0.09609375
2 0.015625 0.853125 0.03125 0.109375
2 0.2421875 0.83046875 0.0359375 0.05546875
2 0.23203125 0.925 0.01484375 0.01328125
5 0.95625 0.49609375 0.02109375 0.028125
2 0.85 0.59453125 0.0671875 0.10078125
2 0.7734375 0.54609375 0.04453125 0.071875
2 0.09296875 0.12890625 0.1765625 0.2578125
2 0.15703125 0.33046875 0.025 0.03203125
2 0.44296875 0.690625 0.0203125 0.03984375
2 0.3625 0.61875 0.05546875 0.05078125
2 0.1546875 0.95859375 0.02734375 0.034375
2 0.1515625 0.62421875 0.0953125 0.10234375
5 0.4796875 0.69453125 0.0578125 0.065625
5 0.16875 0.690625 0.03203125 0.04296875
5 0.8453125 0.665625 0.05078125 0.0625
3 0.4140625 0.06640625 0.309375 0.13203125
0 0.89765625 0.03203125 0.1453125 0.0640625
0 0.903125 0.24296875 0.04921875 0.06953125
2 0.9125 0.97109375 0.02265625 0.03046875
2 0.8546875 0.975 0.03203125 0.03515625
0 0.0734375 0.959375 0.0140625 0.01796875
2 0.30625 0.203125 0.0203125 0.03984375
2 0.3375 0.23125 0.009375 0.03046875
2 0.29921875 0.4578125 0.153125 0.1125
2 0.43125 0.48203125 0.09296875 0.07578125
2 0.48125 0.975 0.05078125 0.05
2 0.609375 0.87109375 0.0203125 0.02265625
2 0.48125 0.8625 0.02109375 0.025
2 0.3328125 0.90078125 0.13984375 0.19765625
2 0.7421875 0.33046875 0.05234375 0.09140625
2 0.9609375 0.359375 0.01875 0.01640625
3 0.6875 0.346875 0.0640625 0.13984375
2 0.2 0.31328125 0.0078125 0.00703125
2 0.4078125 0.27265625 0.1453125 0.15859375
2 0.26640625 0.91171875 0.0328125 0.01875
2 0.39453125 0.5953125 0.02890625 0.0625
2 0.825 0.48046875 0.078125 0.16328125
2 0.6875 0.7671875 0.053125 0.07578125
2 0.5765625 0.3453125 0.01796875 0.02890625
2 0.6078125 0.35078125 0.0390625 0.03515625
2 0.909375 0.6796875 0.07578125 0.19140625
5 0.28046875 0.52890625 0.02265625 0.03203125
2 0.415625 0.97734375 0.07109375 0.04453125
2 0.40625 0.87734375 0.01796875 0.01875
2 0.9765625 0.578125 0.0390625 0.096875
2 0.20625 0.91640625 0.0453125 0.0375
2 0.109375 0.73046875 0.01953125 0.046875
2 0.06875 0.72421875 0.01015625 0.01328125
2 0.0515625 0.72734375 0.01015625 0.0125
2 0.27109375 0.81171875 0.00859375 0.01875
2 0.6890625 0.5671875 0.0640625 0.08828125
2 0.25859375 0.9796875 0.0578125 0.040625
2 0.0546875 0.58671875 0.053125 0.06328125
2 0.9390625 0.25703125 0.05703125 0.096875
2 0.2171875 0.73125 0.0328125 0.046875
2 0.1984375 0.96171875 0.0546875 0.05
2 0.99453125 0.52890625 0.0109375 0.0359375
2 0.0140625 0.96328125 0.02734375 0.07265625
2 0.97109375 0.50234375 0.0578125 0.0578125
2 0.69375 0.2203125 0.05859375 0.075
2 0.60390625 0.3109375 0.03125 0.040625
2 0.6578125 0.26484375 0.02421875 0.02734375
2 0.34375 0.184375 0.03515625 0.04375
2 0.28359375 0.28203125 0.0859375 0.15546875
2 0.175 0.40859375 0.06640625 0.08671875
2 0.6484375 0.54140625 0.01484375 0.02734375
2 0.45234375 0.58515625 0.05703125 0.096875
2 0.30859375 0.66171875 0.0875 0.11953125
2 0.15078125 0.91171875 0.034375 0.04921875
0 0.24375 0.78046875 0.03046875 0.04375
2 0.153125 0.78046875 0.009375 0.01953125
2 0.1796875 0.5609375 0.03203125 0.03203125
5 0.4796875 0.7515625 0.06796875 0.08671875
2 0.1953125 0.23046875 0.11796875 0.12421875
2 0.91796875 0.40234375 0.01015625 0.01640625
2 0.9578125 0.41953125 0.0546875 0.04609375
2 0.890625 0.159375 0.0484375 0.09296875
5 0.7390625 0.44609375 0.03046875 0.03359375
2 0.071875 0.65625 0.075 0.07734375
2 0.34921875 0.775 0.0609375 0.06171875
2 0.2640625 0.13984375 0.03828125 0.071875
2 0.5125 0.86015625 0.0171875 0.01875
2 0.22890625 0.67109375 0.03046875 0.059375
2 0.01875 0.7921875 0.0375 0.053125
2 0.77890625 0.80546875 0.07265625 0.234375
2 0.23125 0.34453125 0.03671875 0.03046875
2 0.5734375 0.47421875 0.11171875 0.15546875
2 0.0171875 0.709375 0.034375 0.08125
2 0.746875 0.85234375 0.040625 0.05234375
2 0.8875 0.95390625 0.040625 0.028125
2 0.9296875 0.90234375 0.01015625 0.009375
2 0.9078125 0.84921875 0.05625 0.078125
5 0.9203125 0.815625 0.02890625 0.04609375
2 0.6375 0.8671875 0.01953125 0.02421875
2 0.521875 0.20390625 0.0828125 0.06640625
2 0.6875 0.08984375 0.05859375 0.05390625
2 0.215625 0.1296875 0.0171875 0.021875
2 0.890625 0.51796875 0.084375 0.13828125
2 0.9390625 0.34296875 0.02890625 0.03359375
2 0.86796875 0.22265625 0.0078125 0.01328125
5 0.53125 0.95546875 0.07578125 0.08828125
3 0.0546875 0.0765625 0.10859375 0.153125
2 0.82109375 0.23515625 0.021875 0.02109375
5 0.403125 0.79609375 0.04765625 0.06953125
2 0.3109375 0.571875 0.03984375 0.05625
2 0.834375 0.26640625 0.053125 0.03828125
2 0.0578125 0.85703125 0.07265625 0.1125
2 0.6265625 0.63828125 0.0265625 0.021875
2 0.1640625 0.71875 0.10390625 0.1
2 0.690625 0.63515625 0.0453125 0.05703125
14 0.44921875 0.609375 0.42109375 0.203125
2 0.08125 0.7484375 0.015625 0.01328125
2 0.1390625 0.55859375 0.0359375 0.03828125
2 0.20546875 0.16171875 0.01875 0.01796875
5 0.3734375 0.6609375 0.02734375 0.02734375
2 0.8328125 0.76171875 0.01484375 0.02421875
5 0.85 0.515625 0.0234375 0.034375
3 0.5578125 0.63359375 0.40703125 0.65234375
3 0.95234375 0.878125 0.0953125 0.24375
5 0.975 0.64296875 0.03046875 0.034375
0 0.87734375 0.32109375 0.0875 0.07578125
5 0.2390625 0.50078125 0.0234375 0.03671875
2 0.41875 0.74375 0.02578125 0.04609375
2 0.603125 0.75390625 0.03046875 0.03125
2 0.375 0.3796875 0.09453125 0.08046875
2 0.828125 0.9421875 0.05859375 0.046875
5 0.728125 0.39609375 0.03046875 0.04375
0 0.6765625 0.8828125 0.02734375 0.04609375
2 0.44375 0.84921875 0.040625 0.05703125
2 0.496875 0.78203125 0.1359375 0.11015625
0 0.6390625 0.01484375 0.04296875 0.02890625
3 0.75078125 0.28984375 0.396875 0.46796875
2 0.83125 0.78671875 0.02265625 0.02734375
5 0.29765625 0.76484375 0.05546875 0.07265625
2 0.3140625 0.16796875 0.01484375 0.02578125
5 0.54140625 0.68828125 0.06875 0.096875
0 0.5484375 0.10546875 0.0484375 0.07265625
5 0.93125 0.60078125 0.02421875 0.03125
2 0.4671875 0.88828125 0.02890625 0.05234375
2 0.7484375 0.98359375 0.025 0.03125
2 0.803125 0.98671875 0.009375 0.02421875
2 0.57421875 0.76640625 0.0390625 0.06796875
2 0.77265625 0.93203125 0.02890625 0.03671875
2 0.565625 0.8734375 0.05546875 0.03515625
2 0.5921875 0.65078125 0.08359375 0.17578125
0 0.8421875 0.13671875 0.04921875 0.0875
2 0.95859375 0.9828125 0.0484375 0.034375
2 0.13125 0.49453125 0.18671875 0.140625
2 0.6796875 0.71171875 0.01328125 0.025
2 0.32109375 0.34140625 0.0390625 0.04609375
2 0.0890625 0.375 0.11015625 0.18125
2 0.5046875 0.52890625 0.0703125 0.08828125
2 0.865625 0.87890625 0.01484375 0.01796875
2 0.0984375 0.27109375 0.02109375 0.02265625
2 0.2390625 0.15390625 0.02265625 0.02734375
5 0.6140625 0.56796875 0.0234375 0.03203125
2 0.6640625 0.8453125 0.0390625 0.07421875
0 0.69921875 0.81171875 0.025 0.04921875
2 0.709375 0.68046875 0.02734375 0.025
2 0.62578125 0.74140625 0.02109375 0.040625
2 0.465625 0.42265625 0.06484375 0.10390625
2 0.953125 0.85234375 0.02734375 0.04609375
2 0.8453125 0.82734375 0.0625 0.04921875
0 0.97890625 0.078125 0.0421875 0.13125
2 0.903125 0.92578125 0.0125 0.01484375
2 0.58984375 0.83125 0.07421875 0.06015625
2 0.709375 0.98671875 0.00703125 0.00859375
5 0.5875 0.02265625 0.03671875 0.03984375
2 0.2640625 0.7328125 0.0203125 0.03671875
2 0.6109375 0.1359375 0.1078125 0.15703125
2 0.4984375 0.63359375 0.084375 0.053125
2 0.053125 0.76015625 0.01796875 0.01953125
2 0.7234375 0.1625 0.03671875 0.046875
0 0.08828125 0.9859375 0.0234375 0.028125
2 0.12890625 0.9859375 0.05234375 0.028125
2 0.4 0.67421875 0.02890625 0.04765625
2 0.16328125 0.8171875 0.12890625 0.12578125
2 0.04296875 0.946875 0.0484375 0.10625