2 0.17421875 0.33359375 0.0125 0.015625
2 0.04453125 0.37578125 0.0890625 0.03671875
7 0.5 0.9671875 1 0.065625
2 0.9015625 0.74296875 0.01328125 0.02421875
2 0.63984375 0.83125 0.03125 0.021875
2 0.70625 0.7015625 0.01640625 0.025
2 0.496875 0.66484375 0.01953125 0.02109375
2 0.1875 0.32421875 0.01171875 0.01796875
2 0.1171875 0.2578125 0.0125 0.02578125
2 0.01171875 0.31640625 0.0234375 0.03828125
2 0.3078125 0.83984375 0.01875 0.01640625
2 0.62734375 0.7734375 0.01640625 0.025
2 0.084375 0.39609375 0.01640625 0.01484375
2 0.04375 0.10859375 0.0109375 0.01953125
2 0.665625 0.03984375 0.0265625 0.02578125
2 0.484375 0.9015625 0.02421875 0.02734375
2 0.4078125 0.33828125 0.00625 0.015625
2 0.12734375 0.390625 0.015625 0.01484375
2 0.096875 0.390625 0.01640625 0.01484375
2 0.04140625 0.48515625 0.0828125 0.084375
2 0.1828125 0.3890625 0.06875 0.07734375
2 0.18125 0.44375 0.0109375 0.02109375
2 0.8046875 0.609375 0.0265625 0.03125
2 0.5359375 0.8484375 0.03359375 0.0375
2 0.1109375 0.346875 0.03671875 0.03203125
2 0.90390625 0.825 0.02578125 0.03203125
2 0.9546875 0.48046875 0.01875 0.01953125
8 0.6609375 0.89921875 0.0390625 0.04296875
2 0.8484375 0.54375 0.01328125 0.01953125
2 0.128125 0.41015625 0.01484375 0.02265625
2 0.7578125 0.65078125 0.01171875 0.02578125
16 0.96875 0.66328125 0.06171875 0.21171875