2 0.88671875 0.86171875 0.05546875 0.071875
2 0.121875 0.20546875 0.0765625 0.09296875
2 0.31953125 0.07421875 0.146875 0.14765625
0 0.025 0.98671875 0.040625 0.02578125
2 0.2 0.15703125 0.05390625 0.09453125
2 0.90390625 0.7734375 0.0859375 0.09296875
14 0.50703125 0.33203125 0.9859375 0.6640625
2 0.171875 0.6828125 0.0765625 0.096875
0 0.584375 0.97109375 0.1484375 0.05703125
0 0.32578125 0.84765625 0.271875 0.30390625
2 0.15859375 0.028125 0.134375 0.05625
0 0.5265625 0.25390625 0.29921875 0.50625
0 0.05859375 0.6 0.1171875 0.32421875
2 0.31875 0.63828125 0.12890625 0.13125
2 0.5296875 0.63828125 0.046875 0.06328125
2 0.93203125 0.20703125 0.0234375 0.03359375
2 0.71015625 0.85 0.3015625 0.128125
2 0.7296875 0.246875 0.540625 0.49375
2 0.91171875 0.11328125 0.0265625 0.03125