2 0.0953125 0.334375 0.0453125 0.04140625
2 0.365625 0.14765625 0.03671875 0.05234375
2 0.790625 0.6984375 0.034375 0.03671875
2 0.86484375 0.959375 0.0828125 0.08125
2 0.32890625 0.175 0.01328125 0.01171875
2 0.75625 0.3765625 0.06953125 0.14453125
2 0.80078125 0.0453125 0.00859375 0.01015625
2 0.471875 0.43046875 0.03828125 0.0375
2 0.396875 0.0734375 0.0203125 0.02109375
2 0.83828125 0.20859375 0.08203125 0.08671875
2 0.22109375 0.91015625 0.02421875 0.03203125
2 0.575 0.27734375 0.01484375 0.01328125
2 0.4125 0.23828125 0.0109375 0.01328125
2 0.31953125 0.20390625 0.03515625 0.03125
2 0.0546875 0.1453125 0.0171875 0.03671875
2 0.296875 0.46796875 0.0546875 0.03828125
2 0.0984375 0.8953125 0.04453125 0.046875
2 0.7625 0.01171875 0.009375 0.01328125
2 0.9375 0.26640625 0.02734375 0.02890625
2 0.484375 0.79609375 0.01953125 0.01796875
2 0.5171875 0.79765625 0.03515625 0.06484375
2 0.478125 0.83046875 0.0171875 0.0125
3 0.3859375 0.90625 0.05625 0.1875
2 0.5546875 0.42578125 0.01015625 0.01015625
2 0.4765625 0.46640625 0.03359375 0.02890625
2 0.1140625 0.17109375 0.01953125 0.03671875
2 0.2578125 0.990625 0.034375 0.01875
2 0.7734375 0.97734375 0.040625 0.0375
2 0.5875 0.4703125 0.01015625 0.0125
2 0.375 0.2828125 0.0203125 0.02421875
2 0.23828125 0.01875 0.015625 0.01640625
2 0.1046875 0.42734375 0.015625 0.03125
2 0.05625 0.50859375 0.02421875 0.03125
2 0.09375 0.27734375 0.0171875 0.02109375
2 0.13828125 0.57421875 0.0421875 0.0875
2 0.1015625 0.71796875 0.01953125 0.02265625
2 0.571875 0.73359375 0.05078125 0.04375
2 0.74765625 0.8734375 0.03828125 0.03203125
2 0.8953125 0.56484375 0.034375 0.02578125
2 0.7765625 0.93515625 0.021875 0.01640625
2 0.2953125 0.2328125 0.01171875 0.01484375
2 0.45234375 0.35625 0.02265625 0.03125
2 0.196875 0.05546875 0.025 0.03046875
2 0.5140625 0.22265625 0.04921875 0.084375
2 0.76328125 0.1203125 0.0296875 0.01796875
2 0.69609375 0.08359375 0.009375 0.01328125
2 0.965625 0.28125 0.02734375 0.03828125
2 0.21796875 0.3859375 0.02421875 0.05
2 0.2125 0.01015625 0.0125 0.01484375
2 0.0703125 0.4578125 0.03125 0.04921875
2 0.0578125 0.24296875 0.0109375 0.01484375
2 0.23046875 0.8328125 0.01953125 0.03203125
2 0.63046875 0.70546875 0.02890625 0.04609375
2 0.88671875 0.13203125 0.08359375 0.09921875
2 0.421875 0.0109375 0.02890625 0.021875
2 0.34609375 0.18828125 0.0078125 0.009375
2 0.671875 0.03046875 0.1109375 0.06015625
2 0.66328125 0.571875 0.05078125 0.05546875
2 0.0796875 0.5421875 0.0234375 0.03046875
2 0.178125 0.68125 0.04765625 0.05859375
2 0.0953125 0.78828125 0.05078125 0.0375
2 0.01640625 0.72421875 0.02890625 0.034375
2 0.2 0.95703125 0.01328125 0.01640625
2 0.58828125 0.81796875 0.02578125 0.04296875
2 0.690625 0.87890625 0.0109375 0.01171875
2 0.653125 0.41640625 0.0203125 0.02734375
2 0.39375 0.24453125 0.01328125 0.01484375
2 0.91875 0.3234375 0.01953125 0.03203125
2 0.965625 0.11015625 0.03203125 0.034375
2 0.853125 0.03515625 0.021875 0.021875
2 0.203125 0.253125 0.01875 0.04375
14 0.4625 0.415625 0.6625 0.44296875
2 0.2625 0.93515625 0.01015625 0.01171875
2 0.2625 0.41640625 0.0265625 0.05390625
2 0.3203125 0.52578125 0.0390625 0.04375
2 0.8578125 0.46484375 0.01171875 0.01640625
2 0.5796875 0.8875 0.01953125 0.01484375
2 0.153125 0.93828125 0.01328125 0.01640625
2 0.515625 0.47578125 0.01875 0.028125
2 0.50078125 0.73515625 0.0265625 0.03359375
2 0.98203125 0.60625 0.0359375 0.11484375
2 0.415625 0.19921875 0.009375 0.01015625
2 0.93671875 0.4515625 0.0296875 0.03125
2 0.690625 0.45859375 0.028125 0.02578125
2 0.9421875 0.9578125 0.01796875 0.021875
2 0.015625 0.5 0.02265625 0.03359375
2 0.6234375 0.15390625 0.015625 0.01171875
2 0.0375 0.628125 0.03515625 0.03203125
2 0.6421875 0.09609375 0.04296875 0.046875
2 0.2234375 0.2328125 0.02734375 0.05078125
2 0.6375 0.06328125 0.00703125 0.01015625
2 0.76875 0.91640625 0.015625 0.01328125
2 0.9 0.8515625 0.03828125 0.03203125
2 0.2625 0.7609375 0.0125 0.015625
2 0.94921875 0.92734375 0.025 0.03125
2 0.640625 0.14140625 0.015625 0.015625
2 0.60546875 0.97265625 0.02421875 0.025
2 0.03671875 0.23828125 0.021875 0.02578125