3 0.928125 0.2171875 0.14296875 0.43125
2 0.98125 0.72734375 0.03671875 0.03125
2 0.09375 0.9359375 0.1875 0.128125
2 0.5359375 0.26640625 0.0203125 0.01953125
2 0.428125 0.39921875 0.03671875 0.03984375
2 0.415625 0.08203125 0.03125 0.02890625
2 0.071875 0.86015625 0.04609375 0.05859375
2 0.61328125 0.6984375 0.0703125 0.084375
2 0.0625 0.415625 0.00625 0.009375
2 0.03125 0.2546875 0.0140625 0.01640625
2 0.0515625 0.42734375 0.00390625 0.00703125
2 0.03125 0.46796875 0.01015625 0.009375
2 0.38203125 0.10625 0.02578125 0.02265625
2 0.5390625 0.08203125 0.02734375 0.06484375
2 0.725 0.14296875 0.065625 0.06640625
2 0.8640625 0.528125 0.1171875 0.06796875
2 0.2859375 0.9375 0.0578125 0.07578125
2 0.2609375 0.76328125 0.0625 0.06328125
2 0.1609375 0.478125 0.09296875 0.10078125
2 0.20625 0.08984375 0.03515625 0.05546875
2 0.32734375 0.07734375 0.00546875 0.009375
2 0.2015625 0.9578125 0.03828125 0.03515625
14 0.4484375 0.5390625 0.896875 0.921875
2 0.359375 0.7640625 0.01015625 0.01484375
2 0.8 0.275 0.05234375 0.053125
2 0.01875 0.51015625 0.03671875 0.053125
2 0.4921875 0.56953125 0.03359375 0.0875
2 0.465625 0.97421875 0.01015625 0.01328125
2 0.6046875 0.5265625 0.0109375 0.01640625
2 0.125 0.40859375 0.01953125 0.021875
2 0.334375 0.08828125 0.0078125 0.00859375
2 0.39140625 0.97578125 0.1 0.04765625
2 0.4140625 0.83671875 0.0078125 0.01171875
2 0.22578125 0.07890625 0.01796875 0.015625
2 0.053125 0.74921875 0.10546875 0.14765625
2 0.82578125 0.04921875 0.05859375 0.06875
2 0.06328125 0.56015625 0.0453125 0.053125
2 0.1953125 0.7484375 0.0109375 0.01640625
2 0.440625 0.00703125 0.009375 0.01015625
2 0.19375 0.79296875 0.02890625 0.03046875
2 0.1 0.83203125 0.01484375 0.01015625
2 0.0921875 0.11953125 0.04765625 0.03671875
2 0.0828125 0.2984375 0.00859375 0.01171875
2 0.3234375 0.82734375 0.0265625 0.03671875
2 0.4265625 0.73046875 0.11953125 0.12265625
2 0.6546875 0.78125 0.05078125 0.07890625
2 0.3625 0.22109375 0.01171875 0.01875
2 0.2015625 0.89609375 0.01484375 0.02265625
2 0.67734375 0.97734375 0.09609375 0.04453125
2 0.77109375 0.41953125 0.05078125 0.07265625
2 0.871875 0.03203125 0.0625 0.06328125
2 0.87109375 0.89921875 0.04609375 0.06953125
2 0.95625 0.53984375 0.03046875 0.0375
2 0.38125 0.87734375 0.0421875 0.153125
2 0.96171875 0.68671875 0.0265625 0.03203125
2 0.70625 0.01953125 0.03125 0.0390625
2 0.3328125 0.02265625 0.06171875 0.04453125
2 0.503125 0.31328125 0.03828125 0.046875
2 0.44375 0.490625 0.08828125 0.11171875
3 0.184375 0.59453125 0.36875 0.16796875
2 0.509375 0.53671875 0.0453125 0.075
2 0.62421875 0.14609375 0.0234375 0.03359375
2 0.54375 0.01015625 0.021875 0.0203125
2 0.5390625 0.3265625 0.025 0.034375
2 0.196875 0.56953125 0.04375 0.05078125
2 0.7609375 0.63203125 0.134375 0.18984375
2 0.05625 0.3515625 0.05390625 0.07578125
2 0.390625 0.465625 0.02734375 0.034375
2 0.94375 0.49609375 0.025 0.04296875
2 0.2453125 0.67578125 0.1203125 0.10703125
2 0.35 0.32109375 0.0578125 0.096875
2 0.2921875 0.21796875 0.09921875 0.11953125
2 0.6578125 0.55546875 0.03046875 0.03125