2 0.896875 0.59921875 0.08828125 0.153125
2 0.1875 0.28515625 0.071875 0.0875
2 0.17265625 0.53671875 0.0796875 0.10859375
0 0.9578125 0.75234375 0.08359375 0.27421875
2 0.63125 0.87109375 0.02890625 0.028125
2 0.640625 0.9296875 0.07734375 0.07734375
2 0.9875 0.34296875 0.025 0.04453125
2 0.92109375 0.8359375 0.115625 0.27890625
2 0.66875 0.8234375 0.01640625 0.03515625
2 0.05546875 0.15859375 0.10390625 0.13515625
2 0.5578125 0.13515625 0.271875 0.2703125
2 0.2671875 0.25 0.028125 0.06484375
2 0.075 0.759375 0.15 0.15625
2 0.0453125 0.5515625 0.090625 0.23515625
2 0.534375 0.953125 0.115625 0.09375
8 0.5921875 0.53515625 0.31953125 0.52421875
2 0.965625 0.35 0.03515625 0.05078125
2 0.7796875 0.72578125 0.01953125 0.02578125
2 0.85703125 0.98125 0.0859375 0.0375
2 0.728125 0.95625 0.0890625 0.0875
2 0.3015625 0.93359375 0.05078125 0.08828125
2 0.259375 0.83828125 0.04453125 0.03984375
2 0.2046875 0.796875 0.075 0.109375
2 0.415625 0.76015625 0.0296875 0.05625
2 0.35078125 0.04296875 0.0390625 0.08515625
2 0.265625 0.0921875 0.08828125 0.184375
2 0.18671875 0.1046875 0.1078125 0.209375
2 0.27734375 0.38359375 0.0953125 0.07578125
0 0.8140625 0.38125 0.2875 0.36640625
2 0.35390625 0.73828125 0.0515625 0.11484375
0 0.040625 0.0421875 0.08046875 0.084375
2 0.353125 0.23203125 0.13671875 0.19765625
2 0.87890625 0.10234375 0.2421875 0.2046875
2 0.7640625 0.67265625 0.0171875 0.03828125
2 0.590625 0.81953125 0.05859375 0.09453125
2 0.1359375 0.96171875 0.20546875 0.07578125
2 0.97265625 0.5140625 0.0546875 0.265625
2 0.821875 0.60546875 0.05625 0.053125
2 0.72265625 0.08359375 0.0828125 0.1671875
2 0.078125 0.359375 0.15625 0.190625
2 0.97734375 0.27109375 0.0453125 0.08359375
2 0.31796875 0.809375 0.0734375 0.16875
2 0.703125 0.82578125 0.0171875 0.03671875
2 0.225 0.3421875 0.03515625 0.02890625
2 0.7671875 0.41015625 0.07421875 0.17109375
2 0.8828125 0.2859375 0.11640625 0.13359375
2 0.4078125 0.56171875 0.08828125 0.11015625
2 0.8109375 0.69140625 0.0546875 0.04609375
2 0.421875 0.921875 0.171875 0.15625