2 0.890625 0.1046875 0.0421875 0.08125
2 0.96015625 0.01015625 0.0171875 0.0203125
2 0.48671875 0.9578125 0.0828125 0.084375
2 0.93515625 0.12421875 0.0125 0.01796875
2 0.6453125 0.92421875 0.009375 0.0125
2 0.6671875 0.3875 0.040625 0.05
2 0.9625 0.58203125 0.00703125 0.009375
2 0.76875 0.1421875 0.00703125 0.015625
2 0.34921875 0.828125 0.04609375 0.05390625
2 0.73671875 0.0234375 0.00390625 0.00625
2 0.40859375 0.07265625 0.0828125 0.1453125
2 0.759375 0.12265625 0.01484375 0.01875
2 0.6265625 0.09375 0.0078125 0.009375
2 0.66953125 0.15 0.0203125 0.028125
2 0.06875 0.0828125 0.0140625 0.02109375
2 0.9265625 0.8609375 0.01328125 0.0125
2 0.15703125 0.24375 0.02421875 0.01796875
2 0.03046875 0.04609375 0.015625 0.02109375
2 0.94453125 0.01328125 0.01171875 0.01015625
2 0.8546875 0.03046875 0.0625 0.034375
2 0.92109375 0.10390625 0.009375 0.00625
2 0.91875 0.12109375 0.0125 0.02109375
2 0.7296875 0.95078125 0.11484375 0.09765625
2 0.7515625 0.26640625 0.146875 0.12265625
2 0.7796875 0.04296875 0.00703125 0.01171875
2 0.73203125 0.05859375 0.0125 0.00859375
2 0.24453125 0.77109375 0.02734375 0.03984375
2 0.75859375 0.65703125 0.0078125 0.01171875
2 0.884375 0.50625 0.11328125 0.203125
2 0.42734375 0.6703125 0.0359375 0.02734375
2 0.2578125 0.6640625 0.03515625 0.08046875
2 0.84453125 0.21015625 0.01640625 0.02109375
2 0.8515625 0.11953125 0.00390625 0.00703125
2 0.85 0.23515625 0.015625 0.01328125
2 0.78125 0.47734375 0.01484375 0.01484375
2 0.671875 0.675 0.0328125 0.05859375
2 0.91328125 0.928125 0.01796875 0.03046875
2 0.84296875 0.81328125 0.05 0.08828125
2 0.81875 0.75703125 0.01640625 0.0375
2 0.7296875 0.67265625 0.03984375 0.021875
2 0.6546875 0.75078125 0.0109375 0.01328125
2 0.790625 0.61171875 0.03046875 0.03203125
2 0.73046875 0.45390625 0.0140625 0.02265625
2 0.6359375 0.3265625 0.0578125 0.08125
2 0.7015625 0.37578125 0.009375 0.015625
2 0.52109375 0.19453125 0.1109375 0.10078125
2 0.0078125 0.80078125 0.01484375 0.05
2 0.11015625 0.82734375 0.0328125 0.03046875
2 0.2984375 0.7625 0.0234375 0.034375
2 0.27265625 0.77890625 0.0125 0.0125
2 0.2140625 0.7359375 0.01484375 0.01484375
2 0.3703125 0.7546875 0.0140625 0.01875
2 0.321875 0.71484375 0.078125 0.125
2 0.271875 0.72578125 0.01953125 0.01875
2 0.03359375 0.65234375 0.0671875 0.07890625
2 0.5296875 0.05703125 0.07890625 0.11328125
2 0.803125 0.10703125 0.0125 0.01015625
2 0.74375 0.71953125 0.03203125 0.0375
2 0.71875 0.76796875 0.0578125 0.05078125
2 0.846875 0.6421875 0.0171875 0.02421875
2 0.8734375 0.6484375 0.009375 0.01484375
2 0.83203125 0.22890625 0.00703125 0.01015625
2 0.809375 0.11875 0.0140625 0.015625
2 0.98515625 0.51484375 0.009375 0.01328125
2 0.99609375 0.86875 0.0078125 0.01875
2 0.69140625 0.0609375 0.0078125 0.01015625
2 0.7203125 0.15 0.01875 0.01484375
2 0.71796875 0.19609375 0.00859375 0.00859375
2 0.88671875 0.628125 0.0078125 0.00859375
2 0.98671875 0.30390625 0.0265625 0.03671875
2 0.9453125 0.790625 0.0453125 0.04140625
2 0.7125 0.06171875 0.00546875 0.00703125
3 0.6375 0.484375 0.30390625 0.33515625
2 0.65078125 0.8875 0.00703125 0.009375
2 0.5765625 0.79375 0.009375 0.01015625
2 0.628125 0.68046875 0.01796875 0.13515625
2 0.2484375 0.72109375 0.0140625 0.009375
2 0.346875 0.68046875 0.01953125 0.04765625
2 0.04609375 0.86796875 0.0921875 0.115625
2 0.4265625 0.72890625 0.02734375 0.03125
2 0.90390625 0.60859375 0.00546875 0.00703125
2 0.671875 0.04140625 0.01171875 0.01484375
2 0.2578125 0.78984375 0.0078125 0.00859375
2 0.359375 0.46953125 0.19375 0.38359375
2 0.3296875 0.11953125 0.0203125 0.021875
2 0.4515625 0.40703125 0.03125 0.06015625
2 0.62109375 0.8734375 0.00703125 0.00859375
2 0.0125 0.96171875 0.02421875 0.053125
2 0.1875 0.83984375 0.12265625 0.15859375
2 0.059375 0.70234375 0.01484375 0.01640625
2 0.52421875 0.35703125 0.18515625 0.25703125
2 0.221875 0.7125 0.03515625 0.03046875
2 0.3359375 0.86953125 0.0125 0.01640625
2 0.6875 0.13203125 0.00546875 0.01328125
2 0.696875 0.62265625 0.04609375 0.04296875
2 0.2953125 0.86484375 0.05234375 0.08203125
2 0.77265625 0.77578125 0.01171875 0.01015625
2 0.41328125 0.85390625 0.1328125 0.18125
2 0.49609375 0.12421875 0.046875 0.04375
2 0.9640625 0.0375 0.01015625 0.01171875
2 0.8140625 0.04140625 0.009375 0.01015625
2 0.921875 0.090625 0.00703125 0.009375
2 0.9140625 0.09140625 0.00390625 0.00703125
2 0.940625 0.21640625 0.0171875 0.01875
2 0.978125 0.25390625 0.00859375 0.01875
2 0.08984375 0.7703125 0.071875 0.08515625
2 0.83125 0.31484375 0.0109375 0.01328125
2 0.20625 0.74765625 0.00625 0.01328125
2 0.0421875 0.9859375 0.03125 0.028125
2 0.3265625 0.95625 0.07421875 0.05234375
2 0.1171875 0.85703125 0.01171875 0.0125
0 0.9078125 0.02890625 0.034375 0.04453125
2 0.79375 0.41796875 0.053125 0.09453125
2 0.9203125 0.65546875 0.0078125 0.00546875
2 0.9046875 0.72578125 0.0109375 0.01640625
2 0.621875 0.08125 0.00859375 0.01484375
2 0.375 0.71328125 0.04765625 0.09296875
2 0.209375 0.23828125 0.0125 0.01796875
2 0.5984375 0.60234375 0.034375 0.03828125
2 0.984375 0.6515625 0.03125 0.11015625
2 0.7984375 0.5703125 0.02265625 0.01875
2 0.9703125 0.22421875 0.0203125 0.01796875
2 0.65625 0.725 0.01171875 0.01171875
2 0.771875 0.88046875 0.0203125 0.046875
2 0.58671875 0.70859375 0.01171875 0.02109375
2 0.834375 0.134375 0.03359375 0.05078125
2 0.8578125 0.12734375 0.00703125 0.00703125
2 0.7828125 0.128125 0.00859375 0.00859375
2 0.79921875 0.13359375 0.0046875 0.00546875
2 0.7203125 0.0875 0.00546875 0.00703125
2 0.6921875 0.078125 0.01015625 0.01640625
2 0.671875 0.09140625 0.01484375 0.01328125
2 0.7296875 0.2046875 0.0125 0.01328125
2 0.6484375 0.16953125 0.00546875 0.00625
2 0.6375 0.1421875 0.0171875 0.01875
2 0.990625 0.59296875 0.01640625 0.01796875
2 0.9796875 0.58125 0.00703125 0.009375
2 0.965625 0.63671875 0.00546875 0.00859375
2 0.9875 0.7234375 0.0234375 0.034375
2 0.98359375 0.77734375 0.0328125 0.053125
2 0.91953125 0.82421875 0.009375 0.00859375
2 0.85 0.675 0.025 0.04375
2 0.78984375 0.79765625 0.01171875 0.02421875
2 0.61015625 0.86484375 0.0109375 0.015625
2 0.5828125 0.54296875 0.078125 0.11484375
2 0.4265625 0.20390625 0.09765625 0.15078125
2 0.990625 0.39765625 0.01796875 0.04375
2 0.921875 0.359375 0.009375 0.025
2 0.79375 0.19140625 0.02421875 0.034375
2 0.759375 0.0296875 0.0203125 0.02578125
2 0.6296875 0.0546875 0.03671875 0.0375
2 0.6515625 0.1578125 0.00546875 0.00703125
2 0.62265625 0.15390625 0.00703125 0.00859375
2 0.8546875 0.32421875 0.0078125 0.00859375
2 0.990625 0.44765625 0.0046875 0.00703125
2 0.9625 0.65859375 0.00625 0.00546875
2 0.9421875 0.71171875 0.05234375 0.11875
2 0.8890625 0.66875 0.00859375 0.01484375
2 0.8140625 0.4921875 0.01953125 0.01953125
2 0.8046875 0.68125 0.07734375 0.11875
2 0.7546875 0.8828125 0.00703125 0.01640625
2 0.696875 0.73984375 0.00546875 0.01328125
2 0.559375 0.7578125 0.021875 0.025
2 0.7078125 0.49765625 0.01796875 0.02734375
2 0.70859375 0.45625 0.0421875 0.07109375
2 0.6328125 0.4078125 0.01640625 0.05078125
2 0.6671875 0.34296875 0.01640625 0.01875
2 0.4734375 0.09453125 0.03046875 0.02890625
2 0.465625 0.06015625 0.01015625 0.015625
2 0.5828125 0.965625 0.01015625 0.01484375
2 0.5359375 0.96640625 0.0203125 0.02734375
2 0.5078125 0.85078125 0.01953125 0.02890625
2 0.2609375 0.88515625 0.01484375 0.01796875
2 0.21328125 0.94296875 0.01015625 0.015625
2 0.4328125 0.69765625 0.0140625 0.02109375
2 0.015625 0.71484375 0.0296875 0.04921875
2 0.09609375 0.690625 0.01328125 0.0125
2 0.0078125 0.52421875 0.015625 0.01796875
2 0.234375 0.340625 0.00859375 0.009375
2 0.2484375 0.33203125 0.00703125 0.01328125
2 0.1984375 0.33203125 0.02421875 0.02578125
2 0.2171875 0.29765625 0.01484375 0.01640625
2 0.196875 0.19765625 0.01796875 0.01640625
2 0.5578125 0.6859375 0.01484375 0.01171875
2 0.834375 0.37421875 0.0046875 0.00625
2 0.08046875 0.9875 0.0453125 0.025
2 0.2828125 0.33984375 0.0328125 0.040625
2 0.94375 0.23828125 0.0125 0.01328125
2 0.21875 0.34609375 0.01484375 0.02421875
0 0.63046875 0.58984375 0.04765625 0.0375
2 0.11328125 0.91171875 0.01171875 0.01640625
2 0.67421875 0.51171875 0.0328125 0.07734375
2 0.6484375 0.83359375 0.00859375 0.00859375
2 0.540625 0.13671875 0.05390625 0.05
2 0.715625 0.70078125 0.02421875 0.01796875
2 0.659375 0.61796875 0.00703125 0.00859375
2 0.671875 0.29453125 0.01953125 0.02578125
2 0.609375 0.18359375 0.07578125 0.08359375
2 0.7046875 0.09609375 0.0109375 0.01640625
2 0.40546875 0.97265625 0.04296875 0.05390625
2 0.04921875 0.71796875 0.01484375 0.01015625
2 0.9578125 0.51953125 0.01328125 0.01171875
2 0.70859375 0.24609375 0.01171875 0.01171875
2 0.99453125 0.36328125 0.0109375 0.02734375
2 0.83515625 0.33515625 0.01171875 0.01953125
2 0.8421875 0.2640625 0.01015625 0.015625
2 0.72421875 0.18046875 0.01640625 0.01796875
2 0.5171875 0.60546875 0.06484375 0.11015625
2 0.90546875 0.14921875 0.00625 0.009375
2 0.96640625 0.06171875 0.0671875 0.08203125
2 0.88984375 0.24375 0.01171875 0.01640625
2 0.59765625 0.07421875 0.00859375 0.009375
2 0.9484375 0.63359375 0.01484375 0.01015625
2 0.09375 0.7203125 0.01640625 0.01484375
2 0.6203125 0.90234375 0.00703125 0.009375
2 0.7625 0.0046875 0.00703125 0.009375
2 0.6296875 0.94296875 0.0171875 0.0125
2 0.65 0.46328125 0.05859375 0.046875
2 0.5046875 0.46015625 0.065625 0.11484375
2 0.709375 0.8484375 0.07578125 0.10234375
2 0.80625 0.82578125 0.0140625 0.015625
2 0.75234375 0.76484375 0.00625 0.01015625
2 0.946875 0.1359375 0.01328125 0.01875
2 0.003125 0.60234375 0.00625 0.03125
2 0.828125 0.08515625 0.02578125 0.04375
2 0.83359375 0.1859375 0.009375 0.009375
2 0.840625 0.0078125 0.025 0.015625
2 0.22265625 0.1828125 0.01640625 0.02265625
2 0.040625 0.49609375 0.06484375 0.096875
2 0.24609375 0.38125 0.05078125 0.04765625
2 0.921875 0.32578125 0.12265625 0.17890625
2 0.8796875 0.1484375 0.015625 0.01875
2 0.05078125 0.590625 0.03515625 0.05390625
2 0.7984375 0.15703125 0.01484375 0.0125
2 0.684375 0.1484375 0.01015625 0.01171875
2 0.8515625 0.3703125 0.0078125 0.009375
2 0.93203125 0.90546875 0.01015625 0.01875
2 0.85625 0.753125 0.02109375 0.01953125
2 0.85625 0.3875 0.00859375 0.0125
2 0.87265625 0.67890625 0.0125 0.01640625
2 0.8796875 0.71484375 0.0453125 0.05703125
2 0.9703125 0.56953125 0.0046875 0.00390625
2 0.971875 0.753125 0.01171875 0.01796875
2 0.94453125 0.61171875 0.0078125 0.0125
2 0.9015625 0.6375 0.01484375 0.03046875
2 0.6828125 0.18984375 0.0140625 0.021875
2 0.95 0.53125 0.01640625 0.015625
2 0.9953125 0.44453125 0.00859375 0.01171875
2 0.75625 0.18359375 0.00546875 0.00625
2 0.728125 0.10546875 0.0078125 0.021875
2 0.590625 0.0328125 0.00703125 0.0125
2 0.721875 0.02109375 0.0078125 0.01015625
2 0.85234375 0.09921875 0.015625 0.02265625
2 0.753125 0.10546875 0.04453125 0.04609375
2 0.76953125 0.05 0.0109375 0.015625
2 0.9828125 0.37109375 0.01015625 0.01484375
2 0.81875 0.0171875 0.0078125 0.00703125
2 0.7140625 0.20390625 0.00546875 0.00703125
2 0.8953125 0.77109375 0.06015625 0.06875
2 0.759375 0.16953125 0.00625 0.009375
2 0.9234375 0.0109375 0.02421875 0.021875
2 0.6828125 0.06875 0.00390625 0.00625
2 0.74765625 0.15546875 0.01640625 0.01484375
2 0.80234375 0.0703125 0.028125 0.04375
2 0.6671875 0.9234375 0.021875 0.02109375
3 0.2421875 0.08984375 0.134375 0.1796875
2 0.7453125 0.04296875 0.0140625 0.01484375
2 0.8015625 0.171875 0.01015625 0.0125
2 0.81015625 0.146875 0.0109375 0.02109375
2 0.7890625 0.1375 0.00703125 0.01015625
2 0.65625 0.7875 0.0171875 0.01796875
2 0.57265625 0.64296875 0.0375 0.03828125
2 0.91640625 0.61328125 0.015625 0.021875
2 0.3359375 0.27734375 0.04765625 0.05703125
2 0.31875 0.78984375 0.0171875 0.02265625
2 0.04921875 0.96640625 0.01015625 0.01484375
2 0.2140625 0.36328125 0.0140625 0.01640625
2 0.72265625 0.5546875 0.021875 0.03203125
2 0.1546875 0.55625 0.1765625 0.32734375
2 0.0703125 0.1453125 0.015625 0.02109375
2 0.0578125 0.16484375 0.02109375 0.03125
2 0.0234375 0.15703125 0.02109375 0.02109375
2 0.0140625 0.1234375 0.01171875 0.01484375
2 0.01484375 0.0890625 0.01171875 0.01796875
2 0.071875 0.00859375 0.0125 0.01640625
2 0.059375 0.05078125 0.021875 0.02421875
2 0.0234375 0.0265625 0.046875 0.053125
2 0.14453125 0.35546875 0.10703125 0.11484375
2 0.10625 0.22890625 0.11171875 0.13828125
2 0.16953125 0.14296875 0.0921875 0.05234375
2 0.9296875 0.6484375 0.0140625 0.01328125
2 0.2859375 0.0453125 0.01484375 0.02421875
2 0.06328125 0.30078125 0.02890625 0.02734375
2 0.084375 0.0421875 0.0328125 0.06484375
2 0.34375 0.20390625 0.03359375 0.05078125
2 0.253125 0.54921875 0.05 0.09140625
2 0.0828125 0.33203125 0.0125 0.02734375
2 0.171875 0.27109375 0.046875 0.03984375
2 0.0640625 0.2234375 0.0390625 0.04921875
2 0.02421875 0.0734375 0.01953125 0.01875
2 0.0765625 0.11953125 0.02734375 0.03359375
2 0.08046875 0.39453125 0.034375 0.034375
2 0.00390625 0.1578125 0.0078125 0.01484375
2 0.18125 0.046875 0.0203125 0.015625
2 0.86484375 0.0984375 0.0078125 0.00859375
2 0.9890625 0.00625 0.01875 0.0125
2 0.025 0.2 0.05 0.059375
14 0.48203125 0.49921875 0.3046875 0.9984375
2 0.9796875 0.13828125 0.03984375 0.07734375
2 0.8390625 0.0515625 0.0078125 0.01328125
3 0.2328125 0.9765625 0.21953125 0.046875
2 0.53359375 0.9234375 0.0453125 0.05234375
2 0.6 0.11796875 0.015625 0.01484375
2 0.928125 0.13671875 0.0046875 0.00703125
2 0.90078125 0.18828125 0.0640625 0.0625
2 0.1109375 0.015625 0.015625 0.01484375
2 0.92109375 0.1484375 0.00859375 0.01484375
2 0.95625 0.9734375 0.0875 0.053125
2 0.96875 0.3734375 0.01640625 0.01796875
2 0.9453125 0.46484375 0.05703125 0.10546875
2 0.04921875 0.08984375 0.025 0.04765625
2 0.7890625 0.75234375 0.009375 0.01015625
2 0.9734375 0.53671875 0.01796875 0.01953125
2 0.96328125 0.88046875 0.03984375 0.0375
2 0.8109375 0.78984375 0.01640625 0.01640625
2 0.990625 0.13828125 0.00859375 0.01640625
2 0.01171875 0.29453125 0.0234375 0.05078125
2 0.096875 0.13203125 0.01015625 0.01640625
2 0.325 0.0359375 0.0125 0.01484375
2 0.309375 0.2015625 0.01640625 0.01953125
2 0.1390625 0.0671875 0.0765625 0.08671875
2 0.90390625 0.00234375 0.0078125 0.0046875