2 0.040625 0.575 0.03515625 0.04765625
2 0.6859375 0.59765625 0.0625 0.084375
2 0.9640625 0.759375 0.053125 0.09140625
2 0.471875 0.80078125 0.03359375 0.04609375
2 0.84375 0.69296875 0.03515625 0.06328125
2 0.51171875 0.0765625 0.15234375 0.153125
0 0.10546875 0.21796875 0.2109375 0.24765625
0 0.7046875 0.27890625 0.590625 0.55703125
2 0.4171875 0.16484375 0.1515625 0.13984375
2 0.52109375 0.27109375 0.1171875 0.08984375
2 0.8359375 0.1734375 0.10078125 0.15078125
2 0.76328125 0.29296875 0.18125 0.2875
2 0.6390625 0.31171875 0.06328125 0.04609375
2 0.61484375 0.196875 0.10703125 0.14140625
2 0.8859375 0.38046875 0.0828125 0.14140625
2 0.7921875 0.009375 0.0265625 0.01875
5 0.2828125 0.65703125 0.1046875 0.23515625
2 0.73515625 0.69921875 0.03359375 0.03828125
0 0.14375 0.52890625 0.2875 0.31875
2 0.121875 0.77109375 0.08984375 0.09765625
2 0.634375 0.953125 0.1 0.09375
2 0.234375 0.890625 0.46875 0.21875
2 0.5328125 0.83046875 0.0828125 0.20546875
2 0.290625 0.06171875 0.159375 0.1234375
2 0.2328125 0.44140625 0.1609375 0.128125
2 0.98515625 0.2625 0.0296875 0.034375
2 0.75625 0.11328125 0.06640625 0.078125
2 0.9109375 0.025 0.0578125 0.05
2 0.6125 0.07578125 0.0375 0.05625
2 0.88515625 0.58671875 0.07890625 0.07109375
2 0.853125 0.48828125 0.20078125 0.09765625
4 0.43125 0.5 0.8625 1
2 0.98046875 0.33671875 0.0390625 0.05546875
2 0.38359375 0.25390625 0.046875 0.06015625
2 0.33359375 0.4953125 0.03046875 0.06796875