2 0.8265625 0.17265625 0.0171875 0.01953125
2 0.47578125 0.02265625 0.0828125 0.04296875
2 0.95859375 0.9625 0.0828125 0.0625
2 0.50546875 0.9203125 0.01953125 0.02578125
2 0.928125 0.36953125 0.04921875 0.07265625
2 0.06796875 0.30234375 0.04140625 0.03515625
2 0.87578125 0.31484375 0.03671875 0.05
2 0.28125 0.4640625 0.034375 0.04140625
2 0.68125 0.02109375 0.0828125 0.04140625
2 0.028125 0.81015625 0.01875 0.01171875
2 0.06171875 0.6171875 0.03359375 0.06171875
2 0.15625 0.26640625 0.04453125 0.04765625
2 0.9765625 0.81796875 0.046875 0.12578125
2 0.0265625 0.27265625 0.0515625 0.065625
2 0.06875 0.52578125 0.03359375 0.06953125
2 0.04375 0.45859375 0.0171875 0.03828125
2 0.41875 0.78203125 0.13203125 0.10625
2 0.8515625 0.36953125 0.03125 0.0375
2 0.053125 0.38671875 0.04140625 0.05
2 0.43125 0.325 0.0265625 0.03046875
2 0.90859375 0.22421875 0.059375 0.09296875
2 0.809375 0.84453125 0.0203125 0.11328125
2 0.8203125 0.22734375 0.0265625 0.046875
2 0.55703125 0.134375 0.1921875 0.171875
2 0.278125 0.03515625 0.24375 0.0703125
2 0.0515625 0.93828125 0.10234375 0.12265625
2 0.21953125 0.37421875 0.18984375 0.14375
2 0.25390625 0.22265625 0.03046875 0.03046875
2 0.7359375 0.0625 0.021875 0.03359375
2 0.09765625 0.1140625 0.02421875 0.03046875
2 0.4640625 0.13984375 0.05078125 0.05078125
2 0.7140625 0.13671875 0.10625 0.08984375
2 0.51875 0.88671875 0.00859375 0.01484375
8 0.54375 0.56796875 0.9125 0.51640625
2 0.8328125 0.29609375 0.01953125 0.01953125
2 0.5671875 0.02734375 0.0203125 0.03125
2 0.103125 0.30703125 0.0171875 0.02578125
2 0.72578125 0.21015625 0.0890625 0.05625
2 0.375 0.15390625 0.13828125 0.20859375
2 0.81796875 0.0296875 0.025 0.0375
2 0.17109375 0.95 0.0984375 0.1
2 0.06875 0.82109375 0.03203125 0.04453125
2 0.24375 0.1796875 0.02578125 0.02890625
2 0.24375 0.98203125 0.03203125 0.03515625
2 0.2140625 0.74453125 0.0609375 0.06328125
2 0.1578125 0.20234375 0.0375 0.040625
2 0.42890625 0.88828125 0.07734375 0.1125
2 0.7265625 0.86796875 0.03515625 0.02890625
2 0.0421875 0.11796875 0.084375 0.175
2 0.0171875 0.7125 0.02421875 0.03125
2 0.0171875 0.75390625 0.01875 0.03046875
2 0.1109375 0.0609375 0.04453125 0.05
2 0.06796875 0.46171875 0.02109375 0.03125
0 0.3 0.8984375 0.190625 0.203125