2 0.1640625 0.7734375 0.14609375 0.20546875
2 0.9796875 0.4171875 0.040625 0.13828125
2 0.021875 0.403125 0.04375 0.05625
2 0.47578125 0.87109375 0.02734375 0.03125
2 0.47109375 0.971875 0.025 0.02578125
2 0.459375 0.98984375 0.021875 0.01953125
2 0.103125 0.3875 0.06484375 0.04453125
2 0.44140625 0.70859375 0.18125 0.18046875
2 0.50234375 0.9359375 0.040625 0.03046875
2 0.0859375 0.0734375 0.09453125 0.146875
2 0.29921875 0.73515625 0.096875 0.17734375
2 0.7859375 0.8859375 0.103125 0.228125
2 0.2953125 0.909375 0.30625 0.18125
2 0.5578125 0.79140625 0.03125 0.04765625
4 0.49375 0.57109375 0.9875 0.853125
2 0.4953125 0.16875 0.1765625 0.128125
2 0.91484375 0.8265625 0.1703125 0.346875
2 0.4453125 0.6015625 0.0375 0.03671875
2 0.2625 0.83046875 0.0203125 0.02265625
2 0.45546875 0.49609375 0.0609375 0.07734375
2 0.0671875 0.26328125 0.1140625 0.16796875
2 0.8296875 0.43125 0.2578125 0.29296875
2 0.57421875 0.91875 0.1015625 0.1625
2 0.3390625 0.534375 0.12578125 0.17578125
2 0.2109375 0.31484375 0.14296875 0.103125
3 0.64921875 0.5 0.18125 1
2 0.39375 0.809375 0.0421875 0.04609375
2 0.5796875 0.62421875 0.11171875 0.2
2 0.86953125 0.0765625 0.2609375 0.153125
2 0.4625 0.0734375 0.0359375 0.03125
2 0.265625 0.14140625 0.303125 0.28203125
2 0.93828125 0.63359375 0.0546875 0.10078125