2 0.3921875 0.934375 0.059375 0.05
2 0.0265625 0.6296875 0.05234375 0.07734375
2 0.0765625 0.75703125 0.040625 0.034375
2 0.3078125 0.8703125 0.06953125 0.075
2 0.9671875 0.78671875 0.03046875 0.021875
2 0.1078125 0.53359375 0.0140625 0.02578125
5 0.8203125 0.63125 0.03671875 0.046875
5 0.6203125 0.39609375 0.06484375 0.08046875
2 0.825 0.11328125 0.04453125 0.05078125
2 0.2171875 0.6125 0.03515625 0.04375
2 0.221875 0.28203125 0.0546875 0.090625
2 0.5046875 0.14375 0.0421875 0.05234375
2 0.784375 0.20078125 0.01171875 0.01796875
2 0.93203125 0.09375 0.00625 0.01171875
2 0.6359375 0.9546875 0.02734375 0.05234375
2 0.209375 0.79140625 0.01015625 0.01796875
2 0.3984375 0.45390625 0.0234375 0.01484375
2 0.9640625 0.075 0.03125 0.04375
2 0.78203125 0.26171875 0.0171875 0.02421875
2 0.6375 0.01953125 0.02734375 0.03359375
2 0.33359375 0.48046875 0.01640625 0.01953125
2 0.471875 0.35703125 0.009375 0.04765625
2 0.2546875 0.3546875 0.009375 0.01640625
2 0.4125 0.5125 0.05625 0.06875
2 0.7734375 0.15234375 0.025 0.02890625
2 0.8609375 0.10078125 0.01796875 0.021875
2 0.621875 0.56328125 0.025 0.04375
2 0.57890625 0.55234375 0.01171875 0.01328125
2 0.453125 0.4859375 0.04296875 0.04375
2 0.45546875 0.28828125 0.05078125 0.06640625
3 0.4078125 0.11328125 0.07109375 0.16171875
5 0.646875 0.17109375 0.0484375 0.06796875
5 0.7953125 0.378125 0.06328125 0.09375
5 0.715625 0.05859375 0.0703125 0.08125
3 0.671875 0.70625 0.13984375 0.134375
2 0.99765625 0.9609375 0.0046875 0.01875
2 0.9953125 0.9390625 0.009375 0.01484375
2 0.9 0.88203125 0.0109375 0.00859375
2 0.2421875 0.58828125 0.0125 0.01015625
2 0.15625 0.6953125 0.03046875 0.046875
2 0.43359375 0.9625 0.02734375 0.03515625
2 0.103125 0.8046875 0.01484375 0.02890625
2 0.296875 0.77734375 0.0234375 0.04375
2 0.2421875 0.01484375 0.05625 0.0296875
2 0.534375 0.3140625 0.01953125 0.01328125
4 0.5015625 0.515625 0.996875 0.29453125
2 0.21875 0.16796875 0.02109375 0.03359375
2 0.51875 0.3859375 0.03515625 0.04765625
2 0.6515625 0.24609375 0.0234375 0.03046875
2 0.4203125 0.43828125 0.0125 0.01875
2 0.3671875 0.9859375 0.01796875 0.015625
2 0.46875 0.42421875 0.0265625 0.05625
2 0.7703125 0.978125 0.046875 0.04375
2 0.57890625 0.35546875 0.03359375 0.05234375
2 0.959375 0.35 0.0328125 0.040625
2 0.84375 0.3828125 0.028125 0.04296875
2 0.28828125 0.384375 0.00703125 0.01015625
2 0.28828125 0.265625 0.02265625 0.046875
2 0.97578125 0.4 0.0484375 0.05625
2 0.121875 0.74296875 0.04453125 0.05625
2 0.1671875 0.4390625 0.0359375 0.04375
2 0.1625 0.875 0.03515625 0.028125
2 0.153125 0.51640625 0.021875 0.02578125
2 0.3703125 0.39609375 0.0671875 0.071875
2 0.60625 0.51328125 0.03046875 0.04921875
2 0.665625 0.58203125 0.025 0.02734375
2 0.9203125 0.7890625 0.046875 0.03125
2 0.078125 0.51171875 0.00703125 0.01875
2 0.0265625 0.709375 0.0390625 0.02890625
2 0.88125 0.74296875 0.02734375 0.04921875
2 0.3640625 0.76875 0.0640625 0.03828125
2 0.60703125 0.95625 0.03125 0.05859375
2 0.846875 0.515625 0.028125 0.02421875
2 0.8390625 0.48046875 0.0109375 0.015625
2 0.475 0.06171875 0.14765625 0.12265625
2 0.48046875 0.95390625 0.0453125 0.06875
2 0.9671875 0.29921875 0.02265625 0.03828125
2 0.2671875 0.409375 0.0046875 0.00703125
2 0.0703125 0.86328125 0.03359375 0.02421875
2 0.3109375 0.7328125 0.03515625 0.05234375
5 0.771875 0.434375 0.13125 0.13984375
5 0.9265625 0.9484375 0.0375 0.04140625
2 0.2171875 0.57578125 0.02890625 0.01640625
2 0.9421875 0.80390625 0.00859375 0.0125
2 0.0609375 0.21953125 0.0203125 0.025
2 0.9296875 0.41015625 0.0453125 0.06640625
2 0.10625 0.56796875 0.015625 0.03046875
2 0.9515625 0.9484375 0.01015625 0.01796875
2 0.2765625 0.5953125 0.05 0.08125
2 0.86640625 0.84453125 0.015625 0.02109375
2 0.609375 0.99375 0.0171875 0.0125
2 0.41640625 0.6125 0.040625 0.046875
2 0.2984375 0.04140625 0.01953125 0.02578125
2 0.03984375 0.17421875 0.021875 0.01796875
2 0.21875 0.45625 0.02109375 0.01875
2 0.95 0.4703125 0.01796875 0.02109375
2 0.865625 0.48828125 0.01875 0.03125
2 0.8265625 0.44453125 0.02109375 0.01875
2 0.96640625 0.67578125 0.0375 0.02734375
2 0.88125 0.671875 0.07890625 0.06171875
2 0.0734375 0.59765625 0.0625 0.08515625
2 0.928125 0.48359375 0.0265625 0.03359375
2 0.6453125 0.86484375 0.009375 0.015625
2 0.725 0.88203125 0.0125 0.02265625
2 0.353125 0.04296875 0.10078125 0.08515625
5 0.20546875 0.53828125 0.0453125 0.059375
2 0.1046875 0.9140625 0.01796875 0.02421875
2 0.86484375 0.23203125 0.0328125 0.05625
2 0.825 0.66796875 0.0171875 0.02265625
2 0.853125 0.43671875 0.03828125 0.046875
2 0.7109375 0.70703125 0.025 0.025
2 0.1203125 0.18203125 0.121875 0.165625
2 0.0921875 0.30078125 0.08671875 0.08046875
2 0.271875 0.81171875 0.01171875 0.015625
2 0.11875 0.878125 0.0203125 0.01484375
2 0.121875 0.97890625 0.04375 0.04140625
2 0.596875 0.6875 0.02109375 0.03359375
2 0.5828125 0.64921875 0.034375 0.02734375
2 0.7 0.9625 0.06796875 0.075
2 0.85546875 0.35234375 0.01484375 0.0125
2 0.903125 0.3765625 0.01953125 0.015625
2 0.8859375 0.35703125 0.0140625 0.02734375
2 0.875 0.2671875 0.040625 0.02734375
2 0.1640625 0.034375 0.053125 0.04609375
2 0.5484375 0.75234375 0.04765625 0.04609375
2 0.471875 0.71015625 0.10390625 0.16953125
2 0.98125 0.10234375 0.009375 0.01484375
2 0.878125 0.21171875 0.01328125 0.01796875
2 0.640625 0.83671875 0.01640625 0.01640625
2 0.9875 0.64375 0.02421875 0.04296875
2 0.7609375 0.89375 0.05703125 0.07109375
2 0.746875 0.70703125 0.01796875 0.021875
2 0.925 0.30390625 0.015625 0.0125
2 0.3546875 0.29140625 0.10703125 0.11796875
2 0.5015625 0.19375 0.03125 0.03515625
2 0.13203125 0.021875 0.0171875 0.03828125
2 0.17578125 0.37734375 0.11875 0.12578125
2 0.01796875 0.30546875 0.01640625 0.01796875
2 0.5109375 0.87421875 0.1125 0.0875
2 0.86796875 0.6140625 0.03125 0.05546875
2 0.840625 0.76796875 0.01015625 0.0125
2 0.7359375 0.8390625 0.01796875 0.01953125
2 0.959375 0.41171875 0.01015625 0.01328125
2 0.8 0.68984375 0.0203125 0.01171875
2 0.028125 0.36875 0.04609375 0.04453125
2 0.5234375 0.69140625 0.0203125 0.02109375
2 0.8140625 0.42421875 0.01484375 0.01171875
2 0.225 0.92265625 0.05859375 0.08125
2 0.46015625 0.22109375 0.0140625 0.01796875
2 0.02890625 0.334375 0.0125 0.01796875
2 0.253125 0.809375 0.0203125 0.02578125
2 0.58828125 0.9140625 0.06640625 0.06796875
2 0.68046875 0.84375 0.01484375 0.015625
2 0.7796875 0.64453125 0.0359375 0.05234375
2 0.58125 0.99140625 0.02734375 0.01640625
2 0.3375 0.5875 0.05078125 0.08046875
2 0.3703125 0.67734375 0.1078125 0.09609375
2 0.56875 0.69375 0.0359375 0.034375
2 0.9328125 0.70234375 0.03984375 0.03203125
2 0.93984375 0.19609375 0.1203125 0.18203125
2 0.1953125 0.83203125 0.0625 0.046875
2 0.90625 0.62109375 0.00859375 0.03515625
2 0.534375 0.34375 0.0203125 0.02109375
2 0.24375 0.0625 0.03828125 0.0625
2 0.9296875 0.44765625 0.01484375 0.0125
2 0.41953125 0.34375 0.03046875 0.03828125
2 0.8234375 0.21953125 0.04765625 0.078125
5 0.71171875 0.153125 0.02578125 0.02890625
2 0.5546875 0.01328125 0.0171875 0.02578125
2 0.98828125 0.87265625 0.0234375 0.0734375
2 0.371875 0.46953125 0.02421875 0.034375
2 0.2859375 0.48359375 0.03984375 0.034375
5 0.04609375 0.11484375 0.0921875 0.08671875
2 0.934375 0.97578125 0.01171875 0.01328125
2 0.8671875 0.92578125 0.0203125 0.025
2 0.82578125 0.9703125 0.01796875 0.04140625
2 0.91171875 0.825 0.0296875 0.04140625
2 0.0375 0.78671875 0.03984375 0.046875
2 0.009375 0.5390625 0.00703125 0.01171875
2 0.840625 0.87109375 0.015625 0.01796875
2 0.56796875 0.40546875 0.0203125 0.01875
2 0.1359375 0.61171875 0.0421875 0.03671875
2 0.5703125 0.46015625 0.059375 0.06484375
2 0.99765625 0.071875 0.0046875 0.009375
2 0.6 0.03359375 0.025 0.0625
2 0.16328125 0.65390625 0.0265625 0.02734375
2 0.6359375 0.31953125 0.06171875 0.071875
2 0.821875 0.01328125 0.025 0.0265625
2 0.8359375 0.9078125 0.0140625 0.02578125
2 0.9015625 0.9828125 0.02578125 0.034375
2 0.16328125 0.78828125 0.02578125 0.03359375
2 0.9 0.08125 0.0078125 0.00859375
2 0.796875 0.50859375 0.0328125 0.021875
5 0.5890625 0.81484375 0.04921875 0.065625
5 0.16640625 0.1 0.05234375 0.07109375
2 0.7609375 0.08828125 0.04296875 0.090625
2 0.7265625 0.28046875 0.0296875 0.028125
2 0.971875 0.99140625 0.05546875 0.01640625
2 0.81484375 0.7890625 0.01171875 0.01875
2 0.675 0.04609375 0.046875 0.08515625
2 0.56015625 0.06171875 0.03125 0.06484375
2 0.5765625 0.14140625 0.01640625 0.02265625
2 0.6390625 0.0671875 0.03125 0.03046875
2 0.8625 0.02734375 0.06796875 0.05390625
2 0.746875 0.15546875 0.0234375 0.04609375
2 0.8703125 0.17578125 0.009375 0.01484375
2 0.9265625 0.86484375 0.00859375 0.03046875
5 0.6375 0.46875 0.0515625 0.05859375
2 0.8921875 0.92578125 0.03984375 0.07265625
5 0.0484375 0.9359375 0.096875 0.128125
5 0.171875 0.23203125 0.0640625 0.09765625
2 0.2203125 0.73046875 0.0703125 0.046875
2 0.90390625 0.85390625 0.01953125 0.028125
2 0.66796875 0.09765625 0.03515625 0.025
2 0.5859375 0.58046875 0.03828125 0.028125
5 0.73046875 0.11796875 0.03203125 0.04921875
2 0.8296875 0.16484375 0.0546875 0.05
2 0.93359375 0.04140625 0.0765625 0.0828125
2 0.9515625 0.86484375 0.0515625 0.09609375
2 0.69765625 0.121875 0.04921875 0.06328125