2 0.0984375 0.7703125 0.08984375 0.084375
2 0.771875 0.65078125 0.090625 0.08359375
2 0.91875 0.62265625 0.08984375 0.11640625
2 0.475 0.40703125 0.01015625 0.01015625
2 0.35625 0.3546875 0.0890625 0.10234375
2 0.890625 0.29765625 0.07890625 0.109375
2 0.17578125 0.59453125 0.0765625 0.09296875
2 0.58359375 0.06484375 0.07890625 0.09140625
2 0.5078125 0.384375 0.0078125 0.01015625
2 0.66328125 0.509375 0.07890625 0.10546875
2 0.04375 0.3140625 0.0484375 0.07109375
2 0.38671875 0.20625 0.10625 0.146875
2 0.3125 0.0734375 0.05234375 0.05234375
2 0.41875 0.72265625 0.07890625 0.08359375
2 0.5875 0.40078125 0.06640625 0.10234375
2 0.475 0.17109375 0.08984375 0.09140625
2 0.159375 0.8125 0.0765625 0.128125
2 0.140625 0.97734375 0.05859375 0.04296875
2 0.08125 0.44140625 0.01875 0.02421875
2 0.796875 0.45078125 0.06875 0.07109375
4 0.2515625 0.4546875 0.30078125 0.909375