2 0.86015625 0.428125 0.040625 0.05703125
2 0.12109375 0.45234375 0.0546875 0.09375
2 0.4984375 0.7578125 0.03828125 0.0625
2 0.88125 0.703125 0.028125 0.0375
2 0.66328125 0.73671875 0.078125 0.06171875
2 0.5015625 0.840625 0.04296875 0.07109375
2 0.3640625 0.86484375 0.18203125 0.26875
14 0.3328125 0.43515625 0.665625 0.8703125
9 0.24375 0.28203125 0.41875 0.56328125
9 0.4703125 0.46796875 0.06953125 0.1
2 0.634375 0.26484375 0.0859375 0.12890625
2 0.6578125 0.53359375 0.19140625 0.25625
2 0.80703125 0.521875 0.05703125 0.09375
9 0.5734375 0.96875 0.090625 0.0625
2 0.5453125 0.0890625 0.053125 0.084375
2 0.86875 0.97421875 0.0296875 0.05078125
2 0.23359375 0.9234375 0.1453125 0.153125
2 0.92109375 0.51015625 0.0484375 0.1125
2 0.78359375 0.9484375 0.0828125 0.103125
9 0.696875 0.15234375 0.159375 0.115625
5 0.359375 0.66953125 0.1515625 0.13828125
2 0.04609375 0.10546875 0.0921875 0.21015625
2 0.946875 0.6671875 0.05234375 0.05546875
2 0.015625 0.63828125 0.03125 0.0453125
2 0.4546875 0.06796875 0.13828125 0.13515625
2 0.1171875 0.94375 0.15625 0.1125
2 0.97578125 0.0234375 0.0484375 0.046875
2 0.9515625 0.3484375 0.02890625 0.040625
2 0.8484375 0.7109375 0.0171875 0.03125
2 0.775 0.728125 0.03125 0.034375
2 0.94375 0.903125 0.0953125 0.19375
2 0.60625 0.86484375 0.0703125 0.15859375
2 0.3734375 0.740625 0.09296875 0.08203125
2 0.03125 0.6984375 0.0171875 0.025
2 0.228125 0.83671875 0.0609375 0.12109375
2 0.76875 0.0953125 0.19453125 0.190625
2 0.4875 0.57734375 0.09296875 0.1
2 0.9015625 0.609375 0.03046875 0.05078125