2 0.6578125 0.4625 0.009375 0.0125
2 0.915625 0.40390625 0.02734375 0.04296875
2 0.7265625 0.30703125 0.02578125 0.04296875
2 0.79296875 0.17890625 0.028125 0.03046875
2 0.553125 0.33359375 0.0328125 0.040625
2 0.94609375 0.26328125 0.0078125 0.0125
2 0.9296875 0.278125 0.01328125 0.01328125
2 0.5828125 0.40859375 0.01640625 0.015625
2 0.059375 0.45390625 0.028125 0.040625
2 0.7484375 0.409375 0.0390625 0.03203125
2 0.925 0.4328125 0.01015625 0.015625
2 0.6015625 0.44921875 0.0140625 0.01640625
2 0.8078125 0.43359375 0.05625 0.04296875
2 0.85546875 0.42265625 0.03671875 0.02578125
2 0.89375 0.36015625 0.01484375 0.01171875
0 0.94453125 0.0234375 0.1109375 0.046875
2 0.9640625 0.40234375 0.07109375 0.16796875
2 0.8390625 0.35 0.09609375 0.12578125
2 0.98828125 0.315625 0.0234375 0.040625
2 0.72109375 0.16796875 0.04140625 0.078125
2 0.240625 0.91953125 0.0640625 0.103125
2 0.625 0.39921875 0.0109375 0.00546875
2 0.825 0.0421875 0.05078125 0.084375
2 0.89921875 0.31328125 0.028125 0.02265625
2 0.7140625 0.36875 0.040625 0.046875
2 0.025 0.6296875 0.00703125 0.015625
2 0.7171875 0.63359375 0.0078125 0.015625
2 0.90703125 0.34609375 0.01171875 0.02890625
2 0.91796875 0.28046875 0.0171875 0.02265625
2 0.66328125 0.2328125 0.01953125 0.03203125
2 0.371875 0.11953125 0.0671875 0.09453125
2 0.6421875 0.47265625 0.02421875 0.02421875
2 0.9890625 0.25703125 0.02109375 0.040625
2 0.78125 0.32421875 0.07890625 0.11328125
2 0.64140625 0.14921875 0.02890625 0.03515625
2 0.4578125 0.046875 0.078125 0.05625
0 0.11953125 0.09296875 0.2390625 0.1859375
5 0.35234375 0.03359375 0.1140625 0.0671875
2 0.76640625 0.5078125 0.0109375 0.028125
0 0.7859375 0.06484375 0.165625 0.12890625
2 0.10625 0.5484375 0.06640625 0.134375
2 0.11796875 0.44453125 0.06484375 0.071875
2 0.0421875 0.66171875 0.0234375 0.03359375
2 0.3109375 0.95390625 0.009375 0.01328125
2 0.803125 0.9625 0.11875 0.075
2 0.68125 0.71328125 0.01953125 0.01875
2 0.86484375 0.60703125 0.2703125 0.32421875
2 0.6875 0.628125 0.0234375 0.02265625
2 0.925 0.35078125 0.01484375 0.00859375
2 0.9703125 0.2828125 0.01953125 0.01953125
2 0.746875 0.2453125 0.03984375 0.03125
2 0.671875 0.1125 0.03046875 0.03828125
2 0.88515625 0.428125 0.03125 0.028125
2 0.8859375 0.40234375 0.01015625 0.009375
2 0.453125 0.32734375 0.03828125 0.03984375
8 0.4046875 0.64296875 0.44140625 0.50078125
2 0.0140625 0.37265625 0.02734375 0.08671875
2 0.02890625 0.77265625 0.0578125 0.08984375
2 0.6578125 0.97265625 0.01484375 0.02890625
2 0.0609375 0.36171875 0.03359375 0.075
2 0.709375 0.61796875 0.01015625 0.01875
0 0.5140625 0.15078125 0.5203125 0.30078125
2 0.5 0.92578125 0.1359375 0.14765625
5 0.5546875 0.20625 0.04296875 0.05
2 0.0953125 0.98828125 0.0109375 0.01015625
2 0.69375 0.54921875 0.01640625 0.0125
2 0.75703125 0.83046875 0.1171875 0.14140625
2 0.0625 0.64140625 0.01796875 0.03671875
2 0.04453125 0.81484375 0.009375 0.01875
2 0.70546875 0.47578125 0.0078125 0.01328125
2 0.72109375 0.61015625 0.0125 0.025
0 0.64375 0.0421875 0.10546875 0.084375
0 0.5515625 0.02265625 0.084375 0.04453125
2 0.71875 0.9578125 0.0484375 0.084375
2 0.65234375 0.84921875 0.16015625 0.13203125
2 0.6609375 0.5546875 0.05390625 0.11484375
2 0.596875 0.5109375 0.040625 0.065625
2 0.009375 0.2703125 0.01875 0.0875
2 0.728125 0.5453125 0.00859375 0.0125
2 0.709375 0.52578125 0.025 0.0375
2 0.084375 0.74609375 0.02109375 0.021875
2 0.09375 0.66171875 0.009375 0.01953125
2 0.1625 0.9078125 0.04765625 0.04140625
2 0.671875 0.43984375 0.015625 0.02421875
2 0.7453125 0.4765625 0.01015625 0.01015625
2 0.37265625 0.94375 0.12421875 0.1125
2 0.75390625 0.45078125 0.025 0.02890625
2 0.6921875 0.571875 0.01796875 0.02578125
2 0.0796875 0.71875 0.01015625 0.01640625
2 0.903125 0.8671875 0.19375 0.265625
2 0.71171875 0.70234375 0.04765625 0.075
0 0.19296875 0.28515625 0.128125 0.23203125
0 0.3140625 0.28671875 0.15703125 0.25078125
2 0.165625 0.77421875 0.0765625 0.1375