0 0.2484375 0.634375 0.028125 0.04609375
0 0.16875 0.04453125 0.03671875 0.04296875
14 0.5375 0.65078125 0.92421875 0.69296875
0 0.08125 0.86640625 0.08671875 0.09609375
2 0.9390625 0.16953125 0.0796875 0.10546875
0 0.11015625 0.79140625 0.08984375 0.11640625
0 0.7859375 0.44296875 0.09765625 0.08984375
0 0.6296875 0.484375 0.09921875 0.11640625
0 0.98359375 0.3421875 0.0328125 0.046875
0 0.96484375 0.503125 0.0703125 0.09765625
0 0.221875 0.0171875 0.0515625 0.03203125
2 0.853125 0.58359375 0.05625 0.075
2 0.73671875 0.58359375 0.075 0.08203125
2 0.8171875 0.12734375 0.06953125 0.05859375
2 0.746875 0.91328125 0.0578125 0.11484375
2 0.85625 0.0390625 0.09609375 0.078125
0 0.06640625 0.9421875 0.05859375 0.05078125
0 0.10625 0.11484375 0.0515625 0.06875
2 0.753125 0.13984375 0.05546875 0.08359375
0 0.1265625 0.071875 0.03203125 0.03125
0 0.3125 0.55234375 0.03515625 0.04921875
2 0.646875 0.10078125 0.04140625 0.06171875
2 0.459375 0.29609375 0.03359375 0.04140625
0 0.3890625 0.63671875 0.04765625 0.06171875
2 0.5671875 0.09296875 0.0375 0.059375
2 0.484375 0.08515625 0.04140625 0.06015625
0 0.03515625 0.97421875 0.0703125 0.04453125
0 0.2171875 0.66328125 0.05625 0.07890625
0 0.01796875 0.20546875 0.0359375 0.10546875
0 0.26875 0.60859375 0.03515625 0.04296875
0 0.2921875 0.58671875 0.028125 0.04140625
2 0.41171875 0.253125 0.03359375 0.04140625
14 0.0953125 0.08046875 0.190625 0.15625
0 0.05390625 0.1421875 0.0453125 0.059375
0 0.31875 0.74921875 0.08671875 0.09765625
0 0.2671875 0.9015625 0.16015625 0.18359375
0 0.503125 0.52890625 0.0578125 0.07421875
0 0.1625 0.73515625 0.0625 0.078125
0 0.3546875 0.51171875 0.03203125 0.040625