0 0.7453125 0.14453125 0.053125 0.07109375
0 0.7328125 0.94921875 0.053125 0.05859375
0 0.45 0.3703125 0.16328125 0.146875
0 0.609375 0.62109375 0.1609375 0.14140625
2 0.4203125 0.93515625 0.05078125 0.06796875
0 0.1734375 0.4984375 0.059375 0.09140625
0 0.7875 0.8890625 0.0421875 0.05546875
0 0.12578125 0.31328125 0.2359375 0.09609375
2 0.7171875 0.065625 0.04921875 0.05390625
2 0.796875 0.15703125 0.0421875 0.05390625
0 0.2484375 0.9390625 0.0546875 0.06015625
0 0.909375 0.32265625 0.02109375 0.02421875
14 0.403125 0.30625 0.80625 0.40625
2 0.521875 0.8046875 0.04453125 0.07109375
2 0.93046875 0.40546875 0.03203125 0.040625
2 0.89375 0.14140625 0.09296875 0.20390625
2 0.94921875 0.01328125 0.02734375 0.01953125
2 0.1046875 0.83984375 0.02421875 0.03203125