0 0.040625 0.94453125 0.08046875 0.109375
14 0.4234375 0.49921875 0.49296875 0.99609375
2 0.7125 0.50078125 0.0421875 0.06015625
0 0.04375 0.56015625 0.08671875 0.12890625
0 0.2609375 0.5328125 0.1828125 0.31875
0 0.275 0.0140625 0.06015625 0.028125
0 0.41875 0.0296875 0.02421875 0.04609375
0 0.2234375 0.34296875 0.0296875 0.05546875
0 0.14765625 0.80859375 0.07578125 0.12265625
0 0.94765625 0.04921875 0.1046875 0.09609375
0 0.325 0.26484375 0.053125 0.08671875
0 0.2 0.08828125 0.0765625 0.11953125
0 0.7375 0.63984375 0.0203125 0.02890625
0 0.86640625 0.20859375 0.04765625 0.08125