2 0.9640625 0.91484375 0.06953125 0.10625
2 0.1765625 0.3234375 0.0734375 0.146875
14 0.03984375 0.05859375 0.0796875 0.115625
0 0.6375 0.82265625 0.1296875 0.346875
2 0.19609375 0.05390625 0.0296875 0.04140625
2 0.853125 0.50625 0.02734375 0.03359375
2 0.5859375 0.82421875 0.02890625 0.04453125
0 0.95703125 0.16171875 0.0828125 0.3234375
2 0.1484375 0.01953125 0.02890625 0.03671875
2 0.31796875 0.20703125 0.13203125 0.078125
2 0.12890625 0.33515625 0.040625 0.06328125
2 0.8171875 0.60625 0.04375 0.09375
2 0.8234375 0.0375 0.03515625 0.04609375
0 0.53515625 0.49609375 0.21796875 0.34375
2 0.03203125 0.20390625 0.040625 0.06796875
2 0.865625 0.22890625 0.03359375 0.0375
2 0.90625 0.79453125 0.02734375 0.03203125
2 0.59375 0.71796875 0.06796875 0.121875
2 0.86953125 0.38828125 0.0390625 0.05390625
2 0.228125 0.60625 0.05546875 0.10234375
2 0.83046875 0.29140625 0.01796875 0.02890625
2 0.0984375 0.75703125 0.12421875 0.13515625
0 0.746875 0.26015625 0.1 0.38515625
2 0.86875 0.1734375 0.01796875 0.040625
2 0.4375 0.73828125 0.0421875 0.05390625
2 0.91015625 0.64140625 0.03828125 0.05546875
0 0.39375 0.66328125 0.12734375 0.296875
2 0.2796875 0.503125 0.04453125 0.09296875
2 0.61875 0.32890625 0.028125 0.10703125
2 0.184375 0.134375 0.09375 0.06171875
0 0.553125 0.16484375 0.17734375 0.27421875
2 0.93125 0.46953125 0.071875 0.13515625
2 0.8734375 0.75703125 0.03828125 0.04296875
14 0.2375 0.4984375 0.475 0.996875
0 0.3125 0.89609375 0.16015625 0.19921875
2 0.325 0.34765625 0.07890625 0.10546875
2 0.903125 0.12734375 0.04375 0.05625
2 0.2953125 0.04921875 0.0859375 0.09765625
0 0.890625 0.90859375 0.10078125 0.18046875
2 0.953125 0.578125 0.0203125 0.03203125
14 0.73125 0.4984375 0.22421875 0.996875
2 0.40625 0.8875 0.04921875 0.07734375
2 0.77109375 0.465625 0.09296875 0.08984375
2 0.24765625 0.3828125 0.025 0.03203125
2 0.8625 0.60703125 0.025 0.04140625
2 0.5203125 0.86171875 0.0859375 0.084375
2 0.46875 0.64765625 0.1015625 0.12578125