0 0.9359375 0.82109375 0.12734375 0.35546875
2 0.921875 0.52734375 0.1 0.14921875
2 0.8375 0.97578125 0.0546875 0.04609375
2 0.5578125 0.8109375 0.0828125 0.08203125
2 0.55625 0.7078125 0.0546875 0.05703125
0 0.06015625 0.034375 0.1203125 0.06875
2 0.3828125 0.15546875 0.12109375 0.15390625
2 0.8171875 0.92109375 0.05078125 0.084375
2 0.79375 0.68671875 0.0546875 0.10234375
2 0.184375 0.36640625 0.071875 0.09140625
2 0.33125 0.24453125 0.13515625 0.13125
2 0.36015625 0.96015625 0.0796875 0.07421875
2 0.5 0.0421875 0.07890625 0.08203125
2 0.896875 0.14453125 0.06171875 0.08203125
2 0.159375 0.78203125 0.0421875 0.05234375
14 0.4265625 0.49765625 0.5984375 0.99375
2 0.446875 0.9515625 0.07421875 0.075
2 0.034375 0.775 0.06875 0.20625
2 0.728125 0.8234375 0.10078125 0.140625
2 0.5078125 0.92734375 0.06640625 0.078125
2 0.7140625 0.51640625 0.10703125 0.13515625
14 0.5 0.43203125 1 0.50625
2 0.790625 0.11796875 0.0890625 0.1375
2 0.6 0.85703125 0.065625 0.07421875
2 0.6625 0.70859375 0.0375 0.04765625
2 0.546875 0.559375 0.03671875 0.06171875
2 0.14140625 0.15703125 0.196875 0.26796875
2 0.0921875 0.8546875 0.05625 0.06796875
2 0.390625 0.88828125 0.05078125 0.078125
2 0.88515625 0.625 0.084375 0.1125