0 0.0921875 0.0234375 0.02421875 0.04453125
2 0.7140625 0.703125 0.040625 0.059375
2 0.09609375 0.8671875 0.0234375 0.02421875
2 0.2953125 0.91015625 0.0109375 0.02421875
2 0.36640625 0.73203125 0.0171875 0.02890625
2 0.390625 0.88203125 0.0203125 0.03359375
2 0.46953125 0.8796875 0.04453125 0.03828125
2 0.5625 0.81015625 0.02734375 0.04609375
2 0.95 0.98359375 0.02421875 0.028125
2 0.453125 0.97421875 0.0265625 0.02734375
2 0.6734375 0.04921875 0.01953125 0.021875
2 0.203125 0.325 0.01953125 0.021875
2 0.02578125 0.13671875 0.01328125 0.01875
2 0.23125 0.9609375 0.0453125 0.05625
2 0.64765625 0.9359375 0.01328125 0.01953125
2 0.1234375 0.97734375 0.0203125 0.04296875
2 0.34375 0.72890625 0.0265625 0.040625
3 0.8390625 0.48359375 0.29921875 0.1375
2 0.159375 0.11484375 0.01015625 0.01796875
2 0.2265625 0.0390625 0.00625 0.00859375
2 0.90859375 0.88125 0.0390625 0.0375
2 0.8765625 0.50234375 0.009375 0.0125
2 0.1828125 0.765625 0.01171875 0.01171875
2 0.6359375 0.64453125 0.01328125 0.01953125
2 0.496875 0.9171875 0.01640625 0.01875
2 0.634375 0.77421875 0.01015625 0.01640625
2 0.6796875 0.83671875 0.0140625 0.021875
2 0.72578125 0.78359375 0.0125 0.01484375
2 0.790625 0.62578125 0.025 0.03125
2 0.38828125 0.85234375 0.0140625 0.01875
2 0.58671875 0.0890625 0.01484375 0.02421875
2 0.16640625 0.37109375 0.00859375 0.01328125
2 0.7140625 0.31171875 0.00859375 0.0125
2 0.1015625 0.91171875 0.0125 0.02265625
2 0.69140625 0.51328125 0.009375 0.01796875
2 0.23515625 0.34453125 0.00859375 0.009375
2 0.75546875 0.60546875 0.03671875 0.046875
2 0.884375 0.62578125 0.025 0.03515625
2 0.20625 0.12109375 0.01484375 0.01796875
2 0.5375 0.90703125 0.01875 0.01171875
0 0.1109375 0.715625 0.22109375 0.32421875
0 0.921875 0.79765625 0.0140625 0.01796875
2 0.253125 0.09375 0.00859375 0.00859375
2 0.84140625 0.8125 0.03515625 0.03359375
2 0.71953125 0.875 0.0203125 0.02109375
2 0.5453125 0.925 0.01328125 0.01484375
2 0.3453125 0.3125 0.0140625 0.01015625
2 0.5890625 0.94140625 0.01171875 0.009375
2 0.83671875 0.52109375 0.01484375 0.01328125
2 0.771875 0.91796875 0.009375 0.00859375
2 0.59375 0.9765625 0.0140625 0.00859375
2 0.096875 0.79375 0.0203125 0.01875
2 0.6328125 0.8234375 0.01640625 0.02578125
2 0.1390625 0.925 0.02421875 0.021875
2 0.0140625 0.896875 0.01171875 0.00859375
2 0.08359375 0.95546875 0.021875 0.040625
2 0.11328125 0.89921875 0.0234375 0.021875
2 0.0296875 0.73828125 0.01328125 0.015625
2 0.25859375 0.88671875 0.01328125 0.02265625
2 0.334375 0.69921875 0.01640625 0.01640625
2 0.5453125 0.98046875 0.021875 0.03671875
2 0.5828125 0.84765625 0.02421875 0.02734375
2 0.7453125 0.70234375 0.01484375 0.02578125
2 0.68125 0.61796875 0.01796875 0.03046875
2 0.97421875 0.93046875 0.0375 0.06171875
2 0.93515625 0.94921875 0.0390625 0.06171875
2 0.621875 0.0421875 0.07734375 0.084375
2 0.453125 0.7484375 0.09296875 0.078125
2 0.265625 0.05703125 0.00546875 0.00859375
2 0.209375 0.06015625 0.01484375 0.01328125
2 0.3453125 0.11171875 0.01484375 0.02421875
2 0.5359375 0.3015625 0.025 0.02421875
2 0.18359375 0.63203125 0.028125 0.05
2 0.5640625 0.55390625 0.01640625 0.02265625
2 0.5265625 0.940625 0.015625 0.01796875
2 0.5015625 0.85625 0.0078125 0.01171875
2 0.59140625 0.76328125 0.00703125 0.01484375
2 0.5203125 0.775 0.009375 0.015625
2 0.7046875 0.75546875 0.0171875 0.03671875
2 0.53984375 0.80390625 0.00625 0.00859375
3 0.659375 0.1578125 0.09375 0.09296875
2 0.871875 0.88046875 0.025 0.03125
2 0.0859375 0.81171875 0.01484375 0.01640625
2 0.4125 0.69140625 0.0109375 0.01796875
2 0.30859375 0.65234375 0.0203125 0.028125
2 0.9296875 0.03046875 0.01640625 0.02734375
2 0.55234375 0.68203125 0.0125 0.01484375
2 0.4359375 0.64375 0.00703125 0.01015625
2 0.1734375 0.70078125 0.01484375 0.0125
2 0.2734375 0.99140625 0.01171875 0.01640625
2 0.3375 0.75859375 0.009375 0.02109375
2 0.878125 0.23671875 0.01953125 0.03671875
2 0.97109375 0.75546875 0.03125 0.06171875
2 0.778125 0.53359375 0.01171875 0.01015625
2 0.9546875 0.796875 0.01796875 0.034375
2 0.68046875 0.26953125 0.00859375 0.0125
0 0.26328125 0.57265625 0.1328125 0.08359375
2 0.47421875 0.96015625 0.009375 0.00703125
2 0.21640625 0.84453125 0.0140625 0.01171875
2 0.3515625 0.41796875 0.015625 0.02421875
2 0.16015625 0.23828125 0.0140625 0.01640625
2 0.215625 0.290625 0.015625 0.01953125
2 0.24609375 0.153125 0.009375 0.0125
2 0.21875 0.14140625 0.0109375 0.01796875
2 0.240625 0.02109375 0.00859375 0.01015625
2 0.59140625 0.925 0.01171875 0.0125
2 0.7140625 0.81953125 0.03046875 0.03046875
2 0.7671875 0.0546875 0.034375 0.028125
2 0.7140625 0.84453125 0.01484375 0.01796875
2 0.92890625 0.89140625 0.01953125 0.02265625
2 0.0078125 0.953125 0.015625 0.040625
2 0.121875 0.9328125 0.01484375 0.021875
2 0.3890625 0.93203125 0.04140625 0.065625
2 0.43203125 0.903125 0.01328125 0.01875
2 0.459375 0.91953125 0.0234375 0.03125
2 0.7359375 0.76015625 0.053125 0.05546875
2 0.91875 0.85 0.0203125 0.02265625
2 0.77890625 0.99375 0.0203125 0.0125
2 0.8328125 0.97421875 0.0109375 0.01640625
2 0.996875 0.8609375 0.00546875 0.02421875
2 0.59765625 0.72890625 0.01796875 0.03125
2 0.7375 0.05546875 0.0140625 0.021875
2 0.98984375 0.0171875 0.0203125 0.021875
2 0.3078125 0.23203125 0.0140625 0.01953125
2 0.46875 0.13203125 0.01484375 0.015625
2 0.75703125 0.15859375 0.028125 0.0375
2 0.946875 0.9046875 0.0171875 0.021875
3 0.3515625 0.5265625 0.21640625 0.10546875
2 0.1984375 0.1328125 0.01015625 0.01328125
2 0.03359375 0.79140625 0.01484375 0.05234375
2 0.08828125 0.26796875 0.01953125 0.03046875
2 0.5515625 0.9140625 0.0109375 0.00859375
2 0.89453125 0.85078125 0.0046875 0.01015625
2 0.68125 0.87734375 0.0078125 0.01484375
2 0.74375 0.81796875 0.0203125 0.01875
2 0.46328125 0.071875 0.0171875 0.01953125
2 0.64765625 0.84765625 0.01953125 0.02734375
2 0.21015625 0.39375 0.0171875 0.01484375
2 0.7140625 0.90859375 0.01484375 0.02734375
2 0.9515625 0.08828125 0.02109375 0.03203125
2 0.76484375 0.82734375 0.0140625 0.01328125
2 0.8203125 0.98671875 0.02734375 0.02421875
2 0.98125 0.87890625 0.00546875 0.0125
2 0.371875 0.44296875 0.01796875 0.03515625
2 0.30625 0.07265625 0.01171875 0.01953125
2 0.359375 0.91015625 0.02421875 0.05390625
2 0.34453125 0.1765625 0.01484375 0.01484375
2 0.56796875 0.94453125 0.02109375 0.0375
2 0.25 0.04375 0.00390625 0.00859375
2 0.728125 0.98828125 0.02734375 0.01953125
2 0.39609375 0.10625 0.009375 0.01328125
2 0.8984375 0.82890625 0.00546875 0.01171875
2 0.49453125 0.8234375 0.02109375 0.02265625
2 0.084375 0.1765625 0.00625 0.01171875
2 0.84453125 0.96875 0.0125 0.00859375
2 0.28125 0.31953125 0.01328125 0.01875
2 0.23828125 0.2921875 0.025 0.02265625
2 0.7625 0.9171875 0.00546875 0.00859375
2 0.00546875 0.65859375 0.00703125 0.01796875
2 0.8578125 0.84765625 0.01015625 0.01171875
2 0.0421875 0.28515625 0.02109375 0.03515625
2 0.1 0.4234375 0.0265625 0.04921875
2 0.1703125 0.5734375 0.02109375 0.02578125
2 0.5734375 0.67421875 0.00625 0.01328125
2 0.7921875 0.96640625 0.0078125 0.00625
2 0.203125 0.02734375 0.03671875 0.04453125
2 0.5703125 0.14921875 0.025 0.01875
2 0.6109375 0.16171875 0.01796875 0.02890625
2 0.4671875 0.27109375 0.0171875 0.03671875
2 0.54375 0.55625 0.01640625 0.02890625
2 0.51796875 0.22265625 0.01640625 0.021875
2 0.5859375 0.95703125 0.01015625 0.021875
2 0.740625 0.90703125 0.00859375 0.009375
2 0.1203125 0.8796875 0.00859375 0.01015625
2 0.0296875 0.34609375 0.0171875 0.03359375
2 0.2265625 0.71796875 0.025 0.04609375
3 0.578125 0.33046875 0.07421875 0.09921875
3 0.534375 0.42734375 0.1015625 0.06796875
0 0.259375 0.64609375 0.053125 0.05
2 0.0640625 0.34765625 0.03046875 0.02265625
0 0.8890625 0.79140625 0.0375 0.03203125
2 0.53125 0.87109375 0.021875 0.04296875
2 0.6171875 0.8734375 0.0171875 0.025
2 0.5578125 0.73984375 0.0171875 0.01875
2 0.66875 0.7453125 0.01171875 0.02421875
2 0.3578125 0.57265625 0.00859375 0.02109375
2 0.121875 0.69453125 0.0109375 0.01640625
2 0.1109375 0.690625 0.01171875 0.01640625
2 0.203125 0.61875 0.01015625 0.01171875
2 0.70859375 0.18515625 0.01484375 0.01796875
2 0.8875 0.278125 0.05234375 0.05078125
2 0.9015625 0.10390625 0.01484375 0.01328125
2 0.85 0.58671875 0.02265625 0.04765625
2 0.784375 0.55390625 0.00859375 0.01796875
2 0.778125 0.51484375 0.009375 0.0125
2 0.71640625 0.51875 0.03203125 0.03515625
2 0.9015625 0.9890625 0.03125 0.021875
2 0.5390625 0.04140625 0.01484375 0.03671875
10 0.5515625 0.48359375 0.896875 0.55
0 0.67890625 0.20859375 0.5859375 0.22109375
2 0.12421875 0.2109375 0.009375 0.009375
2 0.7328125 0.91953125 0.01796875 0.02265625
2 0.8578125 0.93046875 0.10546875 0.06171875
2 0.56484375 0.98515625 0.015625 0.02890625
2 0.75 0.803125 0.01328125 0.01484375
2 0.9875 0.846875 0.01640625 0.02890625
2 0.796875 0.01875 0.01171875 0.01640625
2 0.0234375 0.0296875 0.046875 0.059375
0 0.3125 0.76640625 0.02421875 0.03125
2 0.0171875 0.52265625 0.01484375 0.028125
2 0.17734375 0.215625 0.01796875 0.01953125
2 0.184375 0.1828125 0.0171875 0.021875
0 0.959375 0.37265625 0.08046875 0.17265625
3 0.87734375 0.70234375 0.1296875 0.15234375
2 0.78984375 0.94921875 0.0078125 0.01484375
2 0.659375 0.96328125 0.01171875 0.01171875
2 0.98203125 0.975 0.0359375 0.02265625
2 0.7015625 0.78984375 0.01796875 0.028125
2 0.628125 0.89765625 0.0171875 0.01953125
2 0.2234375 0.8078125 0.0203125 0.021875
2 0.0359375 0.68984375 0.0234375 0.046875
2 0.3203125 0.52890625 0.046875 0.046875
2 0.30625 0.25859375 0.00703125 0.01015625
2 0.278125 0.30078125 0.01015625 0.01328125
2 0.17890625 0.01171875 0.0125 0.021875
2 0.5 0.23828125 0.0171875 0.01640625
2 0.48046875 0.984375 0.01484375 0.015625
2 0.5765625 0.88046875 0.01015625 0.0125
2 0.646875 0.76328125 0.0046875 0.00546875
2 0.578125 0.75234375 0.01015625 0.015625
2 0.1921875 0.696875 0.0140625 0.01171875
2 0.21640625 0.62890625 0.009375 0.009375
2 0.2421875 0.86328125 0.0125 0.02265625
2 0.34375 0.771875 0.01015625 0.01015625
2 0.5359375 0.26171875 0.0171875 0.009375
2 0.49609375 0.0828125 0.01171875 0.01640625
2 0.5578125 0.05 0.0109375 0.01875
2 0.87421875 0.59296875 0.01015625 0.02734375
2 0.759375 0.65390625 0.0296875 0.03515625
2 0.803125 0.71171875 0.01953125 0.021875
2 0.9296875 0.58984375 0.0640625 0.08515625
2 0.35546875 0.959375 0.021875 0.03203125
2 0.39375 0.44296875 0.01171875 0.01796875
0 0.215625 0.546875 0.0203125 0.02734375
0 0.38671875 0.7 0.02890625 0.03203125
0 0.1 0.96796875 0.0234375 0.03125
2 0.0671875 0.22265625 0.01796875 0.040625
2 0.45625 0.45390625 0.01484375 0.02734375
2 0.1015625 0.49140625 0.04921875 0.06328125
3 0.628125 0.525 0.05078125 0.13828125
0 0.97578125 0.703125 0.0484375 0.25
2 0.0453125 0.19296875 0.02109375 0.02578125
2 0.165625 0.92734375 0.01484375 0.01484375
2 0.00546875 0.58046875 0.0109375 0.025
2 0.225 0.0625 0.01171875 0.01171875
2 0.5078125 0.57890625 0.01796875 0.02734375
2 0.16328125 0.52109375 0.03046875 0.05
2 0.203125 0.07734375 0.01953125 0.02265625
2 0.21328125 0.190625 0.01328125 0.021875
2 0.2203125 0.37265625 0.02734375 0.02734375
2 0.6953125 0.06953125 0.0203125 0.03203125
2 0.421875 0.45078125 0.01640625 0.02265625
0 0.1125 0.13203125 0.02421875 0.03046875
2 0.1546875 0.20703125 0.0203125 0.02734375
2 0.68203125 0.69609375 0.02265625 0.040625
2 0.646875 0.69453125 0.01796875 0.025
2 0.28359375 0.6859375 0.01640625 0.01640625
2 0.190625 0.67890625 0.03203125 0.02265625
2 0.8390625 0.25390625 0.03203125 0.02578125
2 0.85625 0.30859375 0.02890625 0.03515625
2 0.796875 0.25859375 0.06875 0.08671875
2 0.6125 0.60703125 0.03984375 0.03359375
2 0.4828125 0.52109375 0.03046875 0.04375
2 0.984375 0.39921875 0.01171875 0.01484375
2 0.71640625 0.27109375 0.02109375 0.02265625
2 0.32734375 0.18671875 0.0140625 0.02109375
2 0.3625 0.23984375 0.0171875 0.02265625
2 0.0828125 0.32421875 0.00859375 0.01171875
2 0.2359375 0.0671875 0.00625 0.00703125
2 0.409375 0.10546875 0.009375 0.01171875
3 0.4171875 0.7796875 0.0453125 0.078125
2 0.715625 0.29765625 0.0109375 0.015625
0 0.35703125 0.27578125 0.05234375 0.05546875
2 0.225 0.221875 0.01015625 0.02265625
2 0.675 0.93671875 0.02265625 0.02421875
2 0.775 0.89296875 0.00703125 0.00546875
3 0.8609375 0.7171875 0.17109375 0.16796875
2 0.5234375 0.80546875 0.00859375 0.01484375
2 0.646875 0.87109375 0.0125 0.01484375
2 0.25 0.35703125 0.0125 0.01640625
2 0.3890625 0.78984375 0.02109375 0.02890625
2 0.63125 0.68203125 0.01328125 0.03203125
2 0.0203125 0.6390625 0.0171875 0.01015625
2 0.1515625 0.96484375 0.01484375 0.025
2 0.58203125 0.67578125 0.0109375 0.021875
2 0.95625 0.85859375 0.0234375 0.0375
2 0.0828125 0.77890625 0.01171875 0.01796875
2 0.70078125 0.85546875 0.00546875 0.01015625
2 0.75 0.25703125 0.0234375 0.02734375
2 0.715625 0.54453125 0.0265625 0.01953125
2 0.0734375 0.25390625 0.01640625 0.02890625
2 0.9640625 0.82734375 0.01015625 0.00859375
2 0.3609375 0.62109375 0.0078125 0.015625
2 0.9921875 0.68046875 0.0140625 0.021875
2 0.5046875 0.9734375 0.05 0.053125
2 0.1140625 0.72109375 0.015625 0.01875
2 0.934375 0.83046875 0.01640625 0.04296875
2 0.4765625 0.84296875 0.01484375 0.01796875
2 0.559375 0.9 0.01484375 0.028125
2 0.3265625 0.08359375 0.01484375 0.01953125
2 0.2421875 0.2359375 0.01484375 0.01796875
2 0.49375 0.65703125 0.01328125 0.01484375
2 0.6203125 0.23828125 0.01875 0.01875
2 0.84375 0.5359375 0.01640625 0.01953125
2 0.0890625 0.89453125 0.01171875 0.02109375
2 0.175 0.0828125 0.00625 0.01640625
2 0.3265625 0.81484375 0.01171875 0.015625
2 0.0609375 0.75234375 0.0171875 0.01953125
0 0.74609375 0.340625 0.0890625 0.046875
2 0.94921875 0.01484375 0.02109375 0.02734375
2 0.17578125 0.96953125 0.0375 0.05546875
2 0.234375 0.84296875 0.015625 0.01328125
2 0.32265625 0.4515625 0.07890625 0.06171875
2 0.3125 0.2046875 0.025 0.03125
2 0.6859375 0.77578125 0.028125 0.05390625
2 0.07265625 0.99453125 0.021875 0.00859375
2 0.7265625 0.58984375 0.01796875 0.028125
2 0.3234375 0.59921875 0.01328125 0.02421875
0 0.23125 0.47734375 0.034375 0.06015625
2 0.64609375 0.73203125 0.01171875 0.01796875
2 0.946875 0.73828125 0.025 0.046875
2 0.2796875 0.76875 0.02109375 0.02421875
2 0.08359375 0.08828125 0.01640625 0.021875
2 0.1359375 0.94765625 0.01953125 0.02421875
2 0.79140625 0.8984375 0.01796875 0.03359375
2 0.484375 0.90703125 0.00859375 0.0125