2 0.27421875 0.48828125 0.02421875 0.04921875
2 0.078125 0.26796875 0.0171875 0.046875
2 0.06875 0.33828125 0.02890625 0.02734375
2 0.6484375 0.52578125 0.03359375 0.0375
5 0.45546875 0.06875 0.22578125 0.134375
15 0.5 0.55390625 1 0.740625
2 0.1875 0.23203125 0.059375 0.08828125
2 0.0390625 0.4578125 0.02890625 0.028125
2 0.9390625 0.6734375 0.03203125 0.03515625
2 0.96328125 0.575 0.0734375 0.121875
2 0.221875 0.45 0.02421875 0.040625
2 0.5015625 0.8703125 0.41953125 0.25390625
2 0.7890625 0.96484375 0.03203125 0.06015625
2 0.87734375 0.73359375 0.02890625 0.03046875
2 0.5265625 0.73203125 0.04453125 0.06015625
2 0.0671875 0.42265625 0.04921875 0.05859375
2 0.37265625 0.09921875 0.09140625 0.12578125
2 0.86484375 0.98125 0.09296875 0.03515625
2 0.58984375 0.72734375 0.04609375 0.05546875
2 0.73046875 0.89921875 0.065625 0.115625
2 0.4328125 0.6828125 0.053125 0.04609375
2 0.7671875 0.11796875 0.196875 0.23046875
2 0.98046875 0.68046875 0.0390625 0.06796875
2 0.590625 0.796875 0.03515625 0.05390625
2 0.1578125 0.9125 0.2921875 0.16640625
2 0.259375 0.2734375 0.0671875 0.071875
2 0.08046875 0.52109375 0.0265625 0.05078125
2 0.9515625 0.95078125 0.0734375 0.0875
2 0.98203125 0.346875 0.0359375 0.16953125
2 0.753125 0.76171875 0.18671875 0.24140625
2 0.2484375 0.2140625 0.0453125 0.07421875
2 0.0453125 0.16875 0.08984375 0.1625
5 0.12109375 0.053125 0.12109375 0.103125
2 0.20859375 0.1640625 0.03046875 0.040625
2 0.7890625 0.5078125 0.1015625 0.153125
2 0.646875 0.66796875 0.0515625 0.08671875
2 0.3921875 0.4578125 0.0578125 0.07734375
2 0.8875 0.509375 0.08046875 0.06953125
2 0.4609375 0.41015625 0.06328125 0.04921875
2 0.93359375 0.375 0.084375 0.1125
2 0.2625 0.42578125 0.0484375 0.04140625
2 0.146875 0.59921875 0.06015625 0.078125
2 0.6515625 0.5828125 0.10703125 0.10625
2 0.0421875 0.059375 0.02890625 0.05078125
2 0.28515625 0.06796875 0.05859375 0.13359375
2 0.1703125 0.4703125 0.16953125 0.15859375
2 0.121875 0.275 0.065625 0.0875
2 0.2578125 0.365625 0.04140625 0.05078125
2 0.234375 0.034375 0.040625 0.06015625
2 0.525 0.2828125 0.15234375 0.18671875
2 0.5984375 0.13125 0.12890625 0.08984375
2 0.203125 0.09140625 0.03828125 0.09140625
2 0.65390625 0.05859375 0.08984375 0.06875
2 0.3015625 0.17109375 0.18046875 0.14375