2 0.371875 0.61640625 0.0234375 0.02734375
2 0.7734375 0.31953125 0.034375 0.02890625
2 0.328125 0.5046875 0.03046875 0.065625
2 0.096875 0.03359375 0.0375 0.04296875
2 0.88125 0.3859375 0.04296875 0.040625
2 0.37734375 0.5375 0.03125 0.02890625
2 0.4375 0.11171875 0.021875 0.059375
2 0.6578125 0.134375 0.03359375 0.05625
2 0.6453125 0.753125 0.025 0.03125
2 0.66796875 0.47890625 0.0234375 0.03125
2 0.5171875 0.50703125 0.04921875 0.05234375
2 0.44921875 0.73671875 0.03671875 0.06328125
2 0.14375 0.83359375 0.0515625 0.05078125
2 0.4734375 0.09921875 0.0109375 0.021875
2 0.53125 0.43203125 0.02109375 0.04453125
2 0.0609375 0.10625 0.03203125 0.04296875
2 0.134375 0.109375 0.0203125 0.028125
2 0.03984375 0.16640625 0.03359375 0.04765625
2 0.7 0.90390625 0.0203125 0.03125
2 0.0421875 0.4984375 0.02734375 0.02890625
2 0.69921875 0.609375 0.053125 0.07421875
2 0.9328125 0.10703125 0.0171875 0.02890625
2 0.8609375 0.8828125 0.028125 0.03203125
2 0.1796875 0.91484375 0.0203125 0.021875
2 0.309375 0.9 0.0265625 0.03359375
2 0.55625 0.59921875 0.021875 0.02578125
2 0.3203125 0.56953125 0.01640625 0.02890625
2 0.19765625 0.6015625 0.03828125 0.05
2 0.6609375 0.23046875 0.02734375 0.04140625
2 0.81875 0.40546875 0.0359375 0.04296875
2 0.984375 0.79375 0.0140625 0.01953125
2 0.2796875 0.7640625 0.03828125 0.046875
2 0.7390625 0.26328125 0.05078125 0.03828125
2 0.81640625 0.50234375 0.03046875 0.03515625
2 0.03125 0.40703125 0.0265625 0.02734375
2 0.41171875 0.9609375 0.0234375 0.02734375
2 0.58828125 0.334375 0.025 0.02734375
2 0.8140625 0.35859375 0.025 0.02734375
2 0.028125 0.8515625 0.0234375 0.03359375
2 0.7 0.31953125 0.04765625 0.06171875
2 0.79375 0.3015625 0.03125 0.03359375
2 0.4515625 0.3859375 0.0390625 0.04921875
2 0.0140625 0.54140625 0.02734375 0.02578125
2 0.85 0.55625 0.0421875 0.078125
2 0.665625 0.38984375 0.01953125 0.02421875
2 0.1984375 0.17578125 0.0203125 0.02734375
2 0.3171875 0.2734375 0.025 0.03359375
2 0.35625 0.06015625 0.03125 0.04296875
2 0.38359375 0.8984375 0.03125 0.05546875
2 0.63359375 0.32890625 0.0515625 0.05546875
2 0.315625 0.47421875 0.0171875 0.03125
2 0.58828125 0.84765625 0.0234375 0.02421875
2 0.3765625 0.76953125 0.05234375 0.07890625
2 0.43125 0.23515625 0.025 0.040625
2 0.83125 0.67421875 0.03671875 0.04140625
2 0.59375 0.1484375 0.0625 0.09296875
2 0.48125 0.25390625 0.02421875 0.03515625
2 0.88359375 0.14609375 0.03125 0.05
2 0.528125 0.61328125 0.01796875 0.01796875
2 0.2609375 0.53515625 0.04765625 0.05078125
2 0.0125 0.08046875 0.02109375 0.03203125
2 0.63046875 0.90234375 0.03515625 0.06015625
2 0.753125 0.04921875 0.14453125 0.06953125
2 0.2140625 0.39140625 0.0234375 0.0375
2 0.7140625 0.990625 0.0265625 0.015625
2 0.5171875 0.29453125 0.025 0.02734375
2 0.209375 0.13203125 0.0203125 0.03515625
2 0.740625 0.68515625 0.0234375 0.0375
2 0.940625 0.68203125 0.03359375 0.046875
2 0.46171875 0.62890625 0.0359375 0.04609375
2 0.2796875 0.30234375 0.028125 0.03515625
2 0.66875 0.8359375 0.034375 0.04609375
2 0.47109375 0.49296875 0.01953125 0.028125
2 0.1765625 0.41875 0.028125 0.03671875
2 0.625 0.46328125 0.02734375 0.04140625
2 0.4234375 0.77109375 0.02734375 0.03515625
2 0.91875 0.63203125 0.02421875 0.02421875
2 0.61484375 0.6640625 0.021875 0.03203125
2 0.796875 0.87109375 0.034375 0.040625
2 0.5171875 0.928125 0.02421875 0.03671875
2 0.059375 0.578125 0.05859375 0.115625
2 0.9421875 0.4953125 0.08359375 0.14921875
2 0.53359375 0.75546875 0.02734375 0.03984375
2 0.66171875 0.54453125 0.025 0.03671875
9 0.3296875 0.83359375 0.0390625 0.09375
2 0.171875 0.2453125 0.0140625 0.02578125
14 0.1703125 0.56875 0.340625 0.85625
2 0.8109375 0.79609375 0.021875 0.03515625
2 0.871875 0.9328125 0.01796875 0.03046875
2 0.528125 0.88671875 0.01640625 0.02578125
2 0.2953125 0.82890625 0.0203125 0.02890625
2 0.5296875 0.05703125 0.03203125 0.04140625
2 0.3546875 0.909375 0.021875 0.02578125