2 0.8296875 0.42421875 0.0125 0.01484375
2 0.97578125 0.1328125 0.00859375 0.01171875
2 0.99140625 0.4609375 0.0171875 0.02578125
2 0.8625 0.06953125 0.02109375 0.01953125
2 0.0765625 0.15859375 0.02734375 0.02890625
2 0.575 0.98046875 0.0109375 0.01171875
2 0.828125 0.50625 0.01875 0.01484375
2 0.56171875 0.96953125 0.0078125 0.009375
2 0.5953125 0.609375 0.00546875 0.01171875
2 0.825 0.90546875 0.01796875 0.01953125
2 0.96640625 0.09765625 0.01875 0.01796875
2 0.95859375 0.77109375 0.01796875 0.01484375
2 0.83125 0.20703125 0.0171875 0.01875
2 0.75234375 0.43828125 0.0125 0.028125
2 0.771875 0.4578125 0.01171875 0.034375
2 0.7765625 0.38359375 0.00703125 0.00625
2 0.7265625 0.50078125 0.00859375 0.00859375
2 0.86875 0.10859375 0.01171875 0.01640625
2 0.9671875 0.19375 0.01171875 0.0125
2 0.8015625 0.06796875 0.01484375 0.01328125
2 0.759375 0.81640625 0.009375 0.02109375
2 0.94375 0.78984375 0.00703125 0.00859375
2 0.98125 0.75859375 0.01015625 0.01796875
2 0.5953125 0.84765625 0.00703125 0.00859375
2 0.7859375 0.7375 0.0140625 0.01796875
2 0.803125 0.54140625 0.00859375 0.0125
2 0.73203125 0.571875 0.00703125 0.0125
2 0.9921875 0.06015625 0.01171875 0.0125
2 0.98046875 0.11953125 0.01328125 0.01328125
2 0.8078125 0.17734375 0.0109375 0.01875
2 0.6 0.9609375 0.00859375 0.01171875
2 0.65859375 0.71015625 0.00546875 0.01015625
2 0.6859375 0.50625 0.0125 0.02421875
2 0.8328125 0.346875 0.0109375 0.01484375
2 0.7453125 0.8390625 0.01484375 0.01953125
2 0.8640625 0.753125 0.0109375 0.0125
2 0.975 0.7015625 0.0046875 0.00859375
2 0.9578125 0.6140625 0.01015625 0.0125
2 0.9765625 0.58828125 0.009375 0.0125
2 0.8796875 0.97265625 0.00625 0.01171875
2 0.7171875 0.90234375 0.015625 0.01015625
2 0.653125 0.84140625 0.015625 0.015625
2 0.85703125 0.3671875 0.01796875 0.01484375
2 0.82265625 0.35859375 0.00859375 0.01484375
2 0.640625 0.64609375 0.00859375 0.01796875
2 0.93203125 0.48203125 0.00625 0.00859375
2 0.1125 0.1203125 0.00703125 0.009375
2 0.3984375 0.26328125 0.015625 0.015625
2 0.640625 0.95078125 0.00625 0.00703125
2 0.653125 0.9953125 0.00546875 0.00859375
2 0.0875 0.4859375 0.01015625 0.01484375
2 0.621875 0.88359375 0.0140625 0.01796875
2 0.65703125 0.97890625 0.01328125 0.01171875
2 0.834375 0.45 0.01015625 0.009375
2 0.9796875 0.825 0.00546875 0.009375
2 0.58671875 0.87890625 0.00703125 0.01328125
2 0.975 0.47421875 0.01328125 0.01484375
2 0.65703125 0.32890625 0.0125 0.0125
2 0.6015625 0.35234375 0.0171875 0.01953125
2 0.44375 0.10703125 0.009375 0.01328125
2 0.1375 0.21328125 0.00859375 0.01484375
2 0.30390625 0.35859375 0.025 0.02421875
2 0.9578125 0.66328125 0.00625 0.00859375
2 0.2 0.85625 0.0265625 0.02890625
2 0.79375 0.9796875 0.02421875 0.021875
2 0.3859375 0.95390625 0.01484375 0.01953125
2 0.84140625 0.38359375 0.0109375 0.01484375
0 0.08828125 0.02734375 0.0171875 0.02578125
2 0.78125 0.8984375 0.01796875 0.02265625
2 0.71328125 0.63046875 0.01328125 0.021875
2 0.6703125 0.66484375 0.01640625 0.02265625
2 0.8765625 0.48359375 0.0171875 0.03046875
2 0.95 0.221875 0.0265625 0.03203125
2 0.58828125 0.64609375 0.0171875 0.01796875
2 0.89140625 0.7140625 0.0171875 0.03125
2 0.9375 0.425 0.0078125 0.01484375
2 0.140625 0.4 0.1046875 0.05390625
2 0.825 0.18203125 0.0078125 0.01484375
2 0.909375 0.15703125 0.0109375 0.01015625
3 0.0546875 0.06015625 0.05390625 0.11953125
2 0.6890625 0.8171875 0.096875 0.15625
0 0.96328125 0.4328125 0.04765625 0.06171875
2 0.68359375 0.87421875 0.021875 0.025
2 0.65859375 0.88203125 0.01796875 0.01796875
2 0.6421875 0.934375 0.01953125 0.01875
2 0.66875 0.70546875 0.01328125 0.02109375
2 0.790625 0.55859375 0.00703125 0.01015625
2 0.69765625 0.69609375 0.0109375 0.01328125
0 0.9546875 0.56328125 0.034375 0.06796875
2 0.30625 0.45625 0.02421875 0.028125
2 0.659375 0.39140625 0.01953125 0.02265625
2 0.715625 0.79453125 0.05625 0.0375
2 0.6859375 0.62890625 0.0140625 0.040625
2 0.75 0.96796875 0.00546875 0.01328125
2 0.53359375 0.55 0.0140625 0.02265625
2 0.7015625 0.6515625 0.01484375 0.015625
2 0.72265625 0.55546875 0.01484375 0.01796875
2 0.9859375 0.86875 0.02421875 0.02890625
2 0.68125 0.8328125 0.03125 0.03359375
2 0.609375 0.59140625 0.01171875 0.015625
2 0.65625 0.81796875 0.009375 0.01171875
2 0.871875 0.35234375 0.01796875 0.028125
2 0.8453125 0.56015625 0.01328125 0.01484375
2 0.8046875 0.60078125 0.009375 0.00859375
2 0.2484375 0.91796875 0.0203125 0.02734375
2 0.4796875 0.35625 0.07578125 0.059375
2 0.97890625 0.16015625 0.03203125 0.021875
2 0.90078125 0.6015625 0.025 0.03125
2 0.6828125 0.72578125 0.01328125 0.01875
2 0.8859375 0.5203125 0.01796875 0.02734375
0 0.86953125 0.021875 0.02109375 0.02265625
2 0.8390625 0.9921875 0.02265625 0.015625
14 0.9828125 0.303125 0.034375 0.17890625
14 0.559375 0.50703125 0.878125 0.709375
2 0.88125 0.82890625 0.01015625 0.0125
2 0.703125 0.77734375 0.00859375 0.01796875
2 0.86875 0.60078125 0.01484375 0.015625
2 0.971875 0.953125 0.025 0.03203125
2 0.7515625 0.51953125 0.0375 0.03671875
2 0.790625 0.7828125 0.01640625 0.028125
2 0.925 0.18515625 0.02421875 0.05078125
2 0.8328125 0.70859375 0.028125 0.02734375
2 0.6015625 0.91796875 0.03828125 0.04296875
2 0.69921875 0.88984375 0.00859375 0.01328125
2 0.6546875 0.64609375 0.00703125 0.009375
2 0.91328125 0.91171875 0.0140625 0.02109375
3 0.040625 0.64453125 0.08125 0.0890625
2 0.8 0.59609375 0.0046875 0.00390625
2 0.2421875 0.16875 0.0796875 0.21328125
2 0.6765625 0.77109375 0.0421875 0.04296875
2 0.79453125 0.509375 0.021875 0.04296875
2 0.76953125 0.64375 0.01328125 0.021875
0 0.8875 0.3921875 0.03515625 0.040625
3 0.83515625 0.04140625 0.20078125 0.07890625
2 0.9015625 0.54921875 0.03046875 0.03203125
0 0.84921875 0.5 0.0234375 0.03515625