2 0.59453125 0.00390625 0.03515625 0.00703125
0 0.9296875 0.8375 0.13984375 0.31953125
2 0.78828125 0.36640625 0.0171875 0.01953125
2 0.96875 0.7671875 0.02109375 0.03203125
2 0.4328125 0.1890625 0.09765625 0.11171875
2 0.2375 0.11796875 0.0203125 0.02578125
0 0.334375 0.33515625 0.03203125 0.04140625
2 0.334375 0.0546875 0.0078125 0.009375
2 0.534375 0.78671875 0.03671875 0.04921875
2 0.6859375 0.41953125 0.0125 0.02734375
2 0.1296875 0.63046875 0.02734375 0.03125
2 0.0875 0.25234375 0.0484375 0.034375
0 0.75 0.77890625 0.02421875 0.01953125
0 0.8328125 0.721875 0.0796875 0.075
2 0.05625 0.19453125 0.01640625 0.021875
2 0.1390625 0.18515625 0.02109375 0.02265625
2 0.1640625 0.1203125 0.01953125 0.01953125
2 0.9765625 0.796875 0.04609375 0.04296875
0 0.5390625 0.26953125 0.11484375 0.18125
2 0.4609375 0.2828125 0.0359375 0.05546875
2 0.734375 0.53515625 0.01328125 0.0125
2 0.85546875 0.79765625 0.009375 0.01015625
2 0.6734375 0.77890625 0.01328125 0.01484375
2 0.6109375 0.65703125 0.01328125 0.01015625
2 0.596875 0.615625 0.0078125 0.01640625
2 0.590625 0.59609375 0.01328125 0.01953125
2 0.5703125 0.5453125 0.025 0.02265625
2 0.49921875 0.559375 0.0125 0.01953125
2 0.75234375 0.73828125 0.0109375 0.01484375
2 0.6640625 0.959375 0.0125 0.02421875
2 0.659375 0.9890625 0.028125 0.01875
2 0.4359375 0.78515625 0.03203125 0.03984375
2 0.32421875 0.85859375 0.01953125 0.01875
2 0.00625 0.625 0.0125 0.028125
2 0.065625 0.35546875 0.01953125 0.03359375
2 0.4375 0.82578125 0.01953125 0.02578125
2 0.7796875 0.96484375 0.0203125 0.03203125
2 0.6515625 0.91328125 0.0125 0.01015625
2 0.47578125 0.9015625 0.01875 0.01328125
2 0.240625 0.89609375 0.03671875 0.04921875
2 0.159375 0.98984375 0.01484375 0.01796875
2 0.08125 0.9 0.03125 0.04296875
2 0.171875 0.52734375 0.01171875 0.021875
2 0.05625 0.88515625 0.01953125 0.02578125
2 0.165625 0.846875 0.0171875 0.03203125
2 0.69765625 0.16015625 0.01640625 0.01640625
0 0.97734375 0.45625 0.01953125 0.028125
2 0.5625 0.16171875 0.0171875 0.03359375
2 0.20625 0.6734375 0.02421875 0.0375
2 0.6171875 0.7796875 0.03515625 0.04609375
2 0.23515625 0.4125 0.0140625 0.01953125
2 0.8296875 0.91015625 0.03359375 0.03203125
2 0.47109375 0.79921875 0.02109375 0.0375
3 0.321875 0.55234375 0.04609375 0.12109375
2 0.2703125 0.60546875 0.03203125 0.07890625
2 0.3421875 0.73984375 0.0390625 0.05546875
2 0.5078125 0.5859375 0.01015625 0.01171875
2 0.709375 0.78515625 0.01796875 0.02890625
0 0.49765625 0.73359375 0.01953125 0.02421875
0 0.296875 0.0703125 0.0265625 0.02265625
0 0.3234375 0.23359375 0.01484375 0.01796875
2 0.8109375 0.88359375 0.03125 0.03515625
2 0.484375 0.88671875 0.02421875 0.01640625
2 0.11015625 0.94453125 0.0125 0.0125
2 0.1671875 0.68671875 0.01484375 0.01796875
2 0.1421875 0.52734375 0.0203125 0.02734375
2 0.2234375 0.26484375 0.0203125 0.02109375
0 0.4875 0.4890625 0.03515625 0.04609375
0 0.484375 0.08828125 0.03203125 0.06171875
2 0.28671875 0.05234375 0.03359375 0.0375
2 0.321875 0.034375 0.01484375 0.01953125
2 0.26171875 0.02578125 0.01484375 0.02578125
2 0.78515625 0.72265625 0.02421875 0.02265625
2 0.81796875 0.9640625 0.04140625 0.06328125
2 0.0421875 0.56328125 0.01953125 0.01875
2 0.359375 0.18046875 0.0203125 0.02265625
2 0.1734375 0.92109375 0.03125 0.03203125
2 0.45546875 0.67109375 0.01640625 0.01640625
2 0.36875 0.55078125 0.01953125 0.03515625
2 0.35625 0.8796875 0.04375 0.06171875
2 0.14453125 0.84453125 0.01640625 0.021875
2 0.19140625 0.69765625 0.01484375 0.01640625
2 0.14609375 0.4 0.021875 0.01796875
2 0.17578125 0.26015625 0.03125 0.02109375
2 0.0859375 0.80859375 0.02265625 0.02265625
2 0.209375 0.43203125 0.025 0.02578125
2 0.61875 0.875 0.0140625 0.01640625
2 0.00859375 0.29296875 0.0171875 0.01796875
2 0.1296875 0.4015625 0.0078125 0.0125
2 0.38828125 0.95546875 0.01015625 0.015625
2 0.4078125 0.73671875 0.015625 0.01640625
2 0.684375 0.8953125 0.01015625 0.01484375
2 0.4359375 0.35390625 0.06484375 0.03984375
2 0.66875 0.8734375 0.0140625 0.02421875
2 0.6 0.8328125 0.03046875 0.028125
2 0.0609375 0.6859375 0.02734375 0.028125
2 0.58125 0.89296875 0.06015625 0.06328125
2 0.1171875 0.31484375 0.01953125 0.04921875
0 0.3421875 0.39609375 0.03203125 0.02734375
2 0.115625 0.67421875 0.0140625 0.02265625
2 0.7859375 0.284375 0.0203125 0.04296875
2 0.1125 0.465625 0.021875 0.03125
2 0.2546875 0.41015625 0.0140625 0.03984375
2 0.1390625 0.38203125 0.0140625 0.01328125
2 0.9390625 0.30390625 0.0203125 0.03125
2 0.96640625 0.27109375 0.01953125 0.02734375
2 0.928125 0.4125 0.04453125 0.03203125
2 0.6828125 0.35 0.04453125 0.05546875
2 0.640625 0.27109375 0.05859375 0.04921875
2 0.759375 0.31875 0.040625 0.06953125
2 0.784375 0.09921875 0.05078125 0.06953125
2 0.8765625 0.1109375 0.021875 0.03671875
2 0.7359375 0.090625 0.05625 0.04453125
2 0.97421875 0.1171875 0.01953125 0.02890625
2 0.78125 0.18984375 0.03828125 0.03359375
0 0.346875 0.4390625 0.0484375 0.028125
0 0.503125 0.17421875 0.05078125 0.065625
0 0.96953125 0.628125 0.0609375 0.071875
2 0.109375 0.03828125 0.02421875 0.03671875
2 0.6796875 0.96328125 0.028125 0.03359375
2 0.35 0.12265625 0.02421875 0.0375
2 0.6453125 0.5125 0.0078125 0.01484375
0 0.64375 0.46328125 0.01953125 0.03203125
2 0.82109375 0.23828125 0.0390625 0.02421875
2 0.5859375 0.13828125 0.03046875 0.03828125
2 0.628125 0.0140625 0.021875 0.02265625
2 0.92734375 0.0375 0.03203125 0.040625
2 0.3734375 0.9953125 0.015625 0.009375
2 0.165625 0.4890625 0.01796875 0.01875
2 0.146875 0.5703125 0.05234375 0.03359375
2 0.38671875 0.85078125 0.03125 0.03203125
2 0.7328125 0.81015625 0.01796875 0.02734375
2 0.55625 0.71328125 0.0375 0.03515625
2 0.98828125 0.31640625 0.0234375 0.05703125
2 0.928125 0.0078125 0.0203125 0.015625
2 0.87890625 0.29140625 0.03046875 0.06796875
2 0.828125 0.5171875 0.0203125 0.021875
2 0.7078125 0.60546875 0.0390625 0.05
2 0.24609375 0.27734375 0.01640625 0.02265625
2 0.30390625 0.80390625 0.03359375 0.04296875
2 0.2796875 0.7171875 0.0296875 0.05234375
2 0.79921875 0.021875 0.05625 0.04140625
0 0.8828125 0.94453125 0.03203125 0.05234375
2 0.69765625 0.98359375 0.01640625 0.02734375
2 0.9765625 0.36875 0.03125 0.04140625
2 0.6421875 0.59921875 0.0578125 0.07265625
2 0.78671875 0.65078125 0.025 0.04296875
0 0.5515625 0.49609375 0.05625 0.08671875
2 0.88203125 0.4046875 0.0421875 0.059375
2 0.903125 0.54140625 0.06484375 0.0375
2 0.6109375 0.7046875 0.01328125 0.01796875
2 0.2390625 0.21953125 0.01796875 0.02109375
2 0.696875 0.29921875 0.03046875 0.03203125
2 0.9015625 0.8890625 0.0296875 0.04453125
2 0.98125 0.41953125 0.03359375 0.03203125
2 0.9515625 0.39609375 0.01640625 0.02578125
2 0.59453125 0.28203125 0.0203125 0.028125
2 0.90859375 0.0734375 0.02109375 0.028125
2 0.91875 0.50859375 0.03203125 0.02421875
2 0.865625 0.61640625 0.0203125 0.01640625
2 0.8484375 0.56484375 0.02578125 0.034375
2 0.715625 0.6984375 0.02109375 0.03828125
2 0.61796875 0.60859375 0.009375 0.01328125
2 0.5140625 0.60859375 0.0109375 0.01328125
2 0.7765625 0.85234375 0.01953125 0.01953125
2 0.278125 0.17734375 0.00625 0.01484375
2 0.6578125 0.378125 0.0203125 0.028125
2 0.49375 0.57578125 0.01015625 0.01015625
2 0.34921875 0.2734375 0.01484375 0.01953125
2 0.6625 0.16171875 0.01796875 0.021875
2 0.9125 0.328125 0.0359375 0.0375
2 0.91640625 0.59140625 0.04609375 0.04296875
2 0.09296875 0.59453125 0.021875 0.03046875
2 0.98984375 0.2078125 0.0203125 0.0375
2 0.71484375 0.821875 0.021875 0.03359375
2 0.53359375 0.64609375 0.11015625 0.046875
2 0.6515625 0.31640625 0.0171875 0.01953125
2 0.603125 0.01953125 0.02421875 0.01953125
2 0.434375 0.56796875 0.04765625 0.03671875
0 0.61328125 0.3875 0.03515625 0.04453125
2 0.94375 0.86015625 0.02734375 0.03515625
2 0.78125 0.51875 0.03125 0.040625
2 0.7734375 0.79765625 0.025 0.03125
2 0.6265625 0.31640625 0.03671875 0.05
2 0.6671875 0.03671875 0.04296875 0.07265625
2 0.59609375 0.05390625 0.02734375 0.04921875
2 0.98125 0.01796875 0.01953125 0.01796875
0 0.60390625 0.475 0.03046875 0.084375
0 0.6203125 0.1484375 0.0265625 0.02578125
0 0.890625 0.68359375 0.0703125 0.06328125
2 0.6515625 0.7296875 0.0125 0.01015625
2 0.14296875 0.96796875 0.02109375 0.028125
2 0.13828125 0.896875 0.02265625 0.01015625
2 0.1953125 0.5203125 0.028125 0.021875
0 0.6953125 0.73203125 0.02109375 0.021875
2 0.1671875 0.0671875 0.05078125 0.078125
2 0.03984375 0.1546875 0.02109375 0.03203125
2 0.2078125 0.984375 0.021875 0.03125
2 0.7515625 0.16875 0.028125 0.06328125
2 0.6640625 0.69375 0.01484375 0.02265625
2 0.221875 0.48203125 0.01640625 0.01640625
2 0.52734375 0.98515625 0.053125 0.02890625
2 0.73125 0.13828125 0.0265625 0.0375
2 0.79140625 0.41484375 0.040625 0.06484375
2 0.81640625 0.5515625 0.034375 0.028125
2 0.7359375 0.56640625 0.025 0.02265625
2 0.98984375 0.03515625 0.0203125 0.021875
2 0.959375 0.5578125 0.040625 0.03515625
2 0.61796875 0.06953125 0.01796875 0.02421875
0 0.4546875 0.45390625 0.04609375 0.121875
2 0.72265625 0.29296875 0.00859375 0.01328125
2 0.8515625 0.48984375 0.01640625 0.03359375
0 0.759375 0.97734375 0.02109375 0.02578125
0 0.79921875 0.76015625 0.01796875 0.03671875
2 0.7640625 0.4546875 0.0515625 0.03046875
3 0.5328125 0.36875 0.12890625 0.08203125
4 0.3421875 0.48203125 0.225 0.15078125
2 0.3625 0.07890625 0.01328125 0.02734375
2 0.87109375 0.46171875 0.01328125 0.015625
0 0.8140625 0.81484375 0.02109375 0.040625
2 0.7296875 0.85078125 0.01015625 0.01328125
2 0.259375 0.26328125 0.0125 0.01171875
2 0.85703125 0.4359375 0.009375 0.01328125
2 0.4203125 0.09296875 0.0703125 0.05546875
2 0.453125 0.64609375 0.0203125 0.02578125
2 0.4609375 0.95703125 0.0515625 0.08046875
2 0.30234375 0.51796875 0.03203125 0.04140625
2 0.2890625 0.85390625 0.03828125 0.03046875
2 0.00625 0.66796875 0.01171875 0.02421875
2 0.8953125 0.515625 0.01640625 0.01484375
2 0.7875 0.746875 0.01015625 0.01015625
2 0.746875 0.75703125 0.01640625 0.021875
2 0.771875 0.74609375 0.00625 0.009375
2 0.665625 0.74453125 0.01640625 0.01796875
2 0.60859375 0.68203125 0.028125 0.03125
2 0.56484375 0.60078125 0.0296875 0.021875
2 0.546875 0.55078125 0.01796875 0.02421875
2 0.5234375 0.0203125 0.02109375 0.01875
2 0.7203125 0.17265625 0.0203125 0.02734375
2 0.80703125 0.34921875 0.01796875 0.01875
2 0.40625 0.66015625 0.0421875 0.03984375
0 0.8265625 0.78046875 0.025 0.03125
2 0.203125 0.1734375 0.01328125 0.015625
2 0.6265625 0.96875 0.0140625 0.01484375
2 0.353125 0.925 0.01484375 0.02109375
2 0.375 0.94921875 0.01328125 0.01328125
2 0.39375 0.9359375 0.0140625 0.01328125
2 0.23125 0.7453125 0.01015625 0.021875
3 0.23046875 0.33828125 0.11796875 0.075
0 0.59375 0.1921875 0.03515625 0.040625
2 0.55703125 0.76015625 0.03359375 0.03671875
2 0.79609375 0.93671875 0.01484375 0.01328125
2 0.05390625 0.38046875 0.025 0.01796875
2 0.12265625 0.26953125 0.02109375 0.02265625
2 0.4421875 0.01953125 0.06640625 0.03828125
2 0.015625 0.89140625 0.02265625 0.02734375
5 0.2328125 0.9453125 0.0234375 0.02578125
2 0.20625 0.89453125 0.01796875 0.028125
2 0.4921875 0.82421875 0.02421875 0.05234375
2 0.5984375 0.975 0.0203125 0.01953125
2 0.609375 0.93359375 0.0203125 0.02578125
2 0.365625 0.60859375 0.0203125 0.03125
2 0.2625 0.83203125 0.01953125 0.0375
2 0.153125 0.2421875 0.02265625 0.015625
2 0.47578125 0.76171875 0.00703125 0.015625
2 0.3203125 0.17578125 0.01484375 0.02734375
2 0.165625 0.32734375 0.0109375 0.02109375
2 0.415625 0.76015625 0.02734375 0.040625
2 0.7640625 0.93359375 0.0109375 0.01640625
2 0.4421875 0.7453125 0.0265625 0.02578125
2 0.0296875 0.28828125 0.0125 0.01328125
0 0.853125 0.86328125 0.04921875 0.04609375
2 0.1578125 0.15078125 0.03359375 0.040625
2 0.22734375 0.0234375 0.0234375 0.046875
2 0.9890625 0.52109375 0.02109375 0.028125
2 0.63828125 0.42421875 0.02421875 0.02734375
2 0.6328125 0.52734375 0.015625 0.015625
2 0.22890625 0.24375 0.0125 0.015625
2 0.32265625 0.134375 0.0203125 0.01796875
2 0.36953125 0.11328125 0.01328125 0.01796875
2 0.5640625 0.10546875 0.01015625 0.01015625
2 0.54375 0.1 0.01484375 0.0125
2 0.709375 0.2359375 0.01796875 0.02265625
2 0.7421875 0.69921875 0.009375 0.01484375
2 0.62734375 0.7453125 0.0140625 0.01953125
2 0.4890625 0.68203125 0.01640625 0.02109375
2 0.71875 0.98671875 0.0109375 0.01875
2 0.8890625 0.61640625 0.02578125 0.034375
2 0.05234375 0.46328125 0.0125 0.02265625
16 0.02578125 0.0953125 0.0515625 0.18828125
2 0.8390625 0.6546875 0.040625 0.02734375
2 0.225 0.97421875 0.01796875 0.02578125
2 0.41875 0.86953125 0.02421875 0.04765625
2 0.18125 0.7296875 0.01640625 0.021875
2 0.275 0.09609375 0.01171875 0.01953125
2 0.2640625 0.14765625 0.02734375 0.02890625
2 0.2203125 0.09453125 0.01796875 0.03046875
2 0.4375 0.22890625 0.028125 0.03671875
2 0.521875 0.5078125 0.0171875 0.02421875
2 0.340625 0.79765625 0.03046875 0.02265625
2 0.771875 0.87890625 0.02265625 0.03515625
2 0.1890625 0.22578125 0.02421875 0.02890625
2 0.5578125 0.009375 0.01328125 0.01796875
2 0.103125 0.50859375 0.0203125 0.028125