2 0.45703125 0.8546875 0.0390625 0.05078125
2 0.8140625 0.45078125 0.0515625 0.05625
2 0.56875 0.846875 0.09609375 0.11015625
2 0.7375 0.31953125 0.05625 0.08203125
2 0.5796875 0.72421875 0.04609375 0.084375
2 0.91796875 0.95390625 0.11796875 0.08828125
2 0.2859375 0.221875 0.05546875 0.08671875
2 0.70546875 0.68046875 0.07265625 0.06015625
0 0.859375 0.4984375 0.08203125 0.09140625
2 0.9296875 0.40546875 0.07734375 0.05078125
2 0.0375 0.340625 0.075 0.1625
2 0.25234375 0.4375 0.05390625 0.0875
14 0.62890625 0.45546875 0.7421875 0.90703125
2 0.91875 0.28359375 0.0875 0.075