2 0.30546875 0.5921875 0.08671875 0.08203125
2 0.68359375 0.15546875 0.125 0.11953125
2 0.809375 0.10703125 0.1140625 0.20703125
2 0.225 0.821875 0.1828125 0.35078125
14 0.5 0.66328125 1 0.51484375
2 0.09375 0.69609375 0.18671875 0.60234375
2 0.5484375 0.0859375 0.0890625 0.08359375
0 0.0984375 0.2609375 0.196875 0.509375
2 0.2984375 0.30546875 0.14140625 0.14921875
2 0.72265625 0.33828125 0.12890625 0.23984375
2 0.90234375 0.4140625 0.1234375 0.10546875
2 0.96015625 0.30078125 0.0796875 0.14296875
2 0.603125 0.35078125 0.10078125 0.11875
2 0.14375 0.12734375 0.1015625 0.25390625
2 0.83359375 0.77734375 0.0703125 0.08203125
2 0.7484375 0.90078125 0.06640625 0.05546875