2 0.61875 0.3953125 0.03515625 0.05078125
2 0.0890625 0.678125 0.03125 0.04140625
2 0.36875 0.10859375 0.0140625 0.01875
2 0.04375 0.58671875 0.01875 0.025
2 0.7546875 0.97265625 0.02265625 0.025
2 0.00625 0.5671875 0.01171875 0.01875
2 0.4484375 0.45078125 0.05625 0.09609375
2 0.1234375 0.69453125 0.01015625 0.01171875
2 0.05 0.78515625 0.02265625 0.03515625
2 0.190625 0.66640625 0.0328125 0.04765625
2 0.221875 0.91484375 0.0203125 0.03125
2 0.3859375 0.43203125 0.0640625 0.03828125
2 0.2828125 0.41796875 0.05 0.07890625
2 0.8046875 0.69296875 0.0046875 0.00703125
2 0.16484375 0.490625 0.0515625 0.046875
2 0.2203125 0.41484375 0.046875 0.07890625
2 0.3171875 0.11640625 0.0171875 0.02109375
2 0.81875 0.62421875 0.01328125 0.0125
2 0.93515625 0.51484375 0.028125 0.05625
2 0.29453125 0.5203125 0.0421875 0.05078125
2 0.640625 0.178125 0.01640625 0.01953125
2 0.84375 0.475 0.0125 0.01015625
2 0.8515625 0.5828125 0.0140625 0.01953125
2 0.884375 0.51171875 0.0453125 0.046875
2 0.93046875 0.01015625 0.0203125 0.0203125
2 0.3 0.89375 0.03671875 0.0375
2 0.1859375 0.18828125 0.09140625 0.13515625
2 0.25859375 0.11484375 0.06328125 0.11484375
2 0.4109375 0.64140625 0.01484375 0.01484375
2 0.453125 0.65859375 0.04609375 0.06171875
2 0.63671875 0.83828125 0.04375 0.046875
2 0.665625 0.72890625 0.06484375 0.08984375
2 0.8515625 0.546875 0.0171875 0.02734375
2 0.97734375 0.58984375 0.02421875 0.03359375
2 0.7984375 0.65234375 0.00390625 0.009375
2 0.80234375 0.5328125 0.0140625 0.02109375
2 0.296875 0.92578125 0.01171875 0.021875
2 0.25 0.80625 0.040625 0.03515625
2 0.97734375 0.821875 0.0453125 0.0375
2 0.821875 0.56953125 0.01875 0.02421875
2 0.971875 0.1796875 0.05546875 0.084375
2 0.4015625 0.98359375 0.03671875 0.03203125
2 0.7671875 0.98984375 0.00703125 0.009375
2 0.9671875 0.78046875 0.040625 0.05390625
2 0.98984375 0.84140625 0.0203125 0.02578125
2 0.8796875 0.66484375 0.065625 0.04921875
2 0.87578125 0.95859375 0.025 0.03984375
2 0.909375 0.21875 0.034375 0.02734375
2 0.8421875 0.0640625 0.021875 0.02890625
2 0.384375 0.20078125 0.07109375 0.10625
2 0.8984375 0.4203125 0.0234375 0.02734375
2 0.81953125 0.43671875 0.00625 0.01015625
2 0.91328125 0.09140625 0.03671875 0.02109375
2 0.69921875 0.18125 0.0046875 0.00546875
2 0.646875 0.07734375 0.01484375 0.03125
2 0.37578125 0.03203125 0.1078125 0.0640625
2 0.25 0.85546875 0.04609375 0.046875
2 0.296875 0.83828125 0.0328125 0.0625
2 0.3640625 0.64765625 0.05390625 0.0625
2 0.7453125 0.99453125 0.00625 0.009375
2 0.4921875 0.08359375 0.04296875 0.06796875
2 0.9046875 0.92265625 0.02890625 0.05703125
2 0.9484375 0.97890625 0.00703125 0.00859375
2 0.946875 0.84453125 0.01015625 0.02421875
2 0.84765625 0.8 0.02109375 0.03359375
2 0.9296875 0.57734375 0.03984375 0.07265625
2 0.09140625 0.79765625 0.0234375 0.034375
2 0.4453125 0.56015625 0.0375 0.03671875
2 0.01953125 0.43828125 0.0171875 0.03046875
2 0.96875 0.44453125 0.0453125 0.04375
2 0.9796875 0.259375 0.03203125 0.03828125
2 0.98828125 0.0453125 0.0234375 0.01875
2 0.028125 0.27578125 0.05625 0.06796875
2 0.728125 0.83359375 0.0484375 0.05078125
2 0.18125 0.25703125 0.025 0.025
2 0.25 0.55078125 0.1015625 0.125
2 0.653125 0.62421875 0.01484375 0.02109375
2 0.0953125 0.49921875 0.05859375 0.07578125
2 0.546875 0.94453125 0.18828125 0.10625
2 0.503125 0.23828125 0.009375 0.01875
2 0.428125 0.33671875 0.11796875 0.15390625
2 0.0921875 0.70546875 0.02421875 0.01953125
4 0.56953125 0.428125 0.13125 0.54140625
2 0.68046875 0.88515625 0.0109375 0.0125
2 0.6703125 0.978125 0.015625 0.03125
2 0.93125 0.759375 0.0328125 0.05390625
2 0.1984375 0.82578125 0.0125 0.02890625
2 0.9625 0.99375 0.009375 0.0125
2 0.790625 0.95390625 0.00703125 0.01328125
2 0.77421875 0.95390625 0.0203125 0.02109375
2 0.8640625 0.73359375 0.01640625 0.01953125
2 0.15859375 0.92578125 0.02421875 0.025
2 0.109375 0.74765625 0.021875 0.02265625
2 0.0171875 0.7 0.034375 0.034375
2 0.39296875 0.503125 0.01171875 0.02109375
2 0.40703125 0.40078125 0.01953125 0.025
2 0.02890625 0.49375 0.028125 0.03984375
2 0.3171875 0.31796875 0.04140625 0.090625
4 0.7109375 0.16953125 0.3984375 0.33671875
0 0.596875 0.07578125 0.0875 0.1515625
2 0.971875 0.61171875 0.009375 0.00703125
2 0.6640625 0.93046875 0.034375 0.0375
2 0.38515625 0.86015625 0.034375 0.02421875
2 0.265625 0.9859375 0.01640625 0.01953125
2 0.26171875 0.734375 0.05625 0.059375
2 0.0578125 0.67890625 0.02265625 0.03828125
2 0.1640625 0.7375 0.01796875 0.01796875
2 0.2046875 0.621875 0.021875 0.0375
2 0.2921875 0.68828125 0.0171875 0.01796875
2 0.0515625 0.1765625 0.0328125 0.03984375
2 0.0484375 0.63203125 0.040625 0.05859375
9 0.0078125 0.19765625 0.015625 0.0234375
2 0.35546875 0.45703125 0.01171875 0.015625
2 0.4125 0.72734375 0.04609375 0.05
2 0.48671875 0.70078125 0.01328125 0.03203125
2 0.8828125 0.84609375 0.02265625 0.03828125
2 0.8171875 0.8828125 0.02109375 0.0375
2 0.98046875 0.72265625 0.02421875 0.03828125
2 0.93125 0.6609375 0.04921875 0.05703125
2 0.453125 0.77109375 0.01875 0.01953125
2 0.165625 0.80234375 0.02265625 0.03359375
2 0.08515625 0.5734375 0.0265625 0.05
2 0.5140625 0.15078125 0.05234375 0.05234375
2 0.134375 0.61953125 0.04765625 0.11875
2 0.078125 0.64609375 0.02109375 0.03203125
2 0.01796875 0.11015625 0.0359375 0.05078125
2 0.24765625 0.65546875 0.059375 0.103125
2 0.159375 0.865625 0.0265625 0.03359375
2 0.7 0.90078125 0.025 0.03359375
2 0.9796875 0.87109375 0.02265625 0.02421875
2 0.196875 0.8703125 0.0171875 0.01796875
2 0.31171875 0.4953125 0.06171875 0.08828125
2 0.109375 0.83828125 0.0515625 0.0375
2 0.23203125 0.32578125 0.02265625 0.05078125
2 0.12890625 0.3625 0.12421875 0.17421875
2 0.8375 0.753125 0.01796875 0.01953125
2 0.225 0.27734375 0.0484375 0.03515625
2 0.975 0.2875 0.009375 0.009375
2 0.8609375 0.103125 0.01953125 0.02578125
2 0.86640625 0.45625 0.0203125 0.02265625
2 0.55625 0.578125 0.0515625 0.06171875
2 0.53984375 0.42734375 0.01171875 0.01796875
2 0.3515625 0.36484375 0.040625 0.0625
2 0.496875 0.46640625 0.01484375 0.01328125
2 0.44453125 0.21484375 0.05390625 0.10859375
2 0.69765625 0.82421875 0.01796875 0.02265625
2 0.721875 0.63359375 0.0265625 0.03125
2 0.678125 0.0984375 0.00703125 0.00859375
2 0.6546875 0.6546875 0.01640625 0.02421875
2 0.6484375 0.221875 0.01328125 0.01875
2 0.80625 0.60703125 0.00625 0.00625
2 0.73125 0.13984375 0.01328125 0.02265625
2 0.75078125 0.73828125 0.0109375 0.01171875
2 0.825 0.46015625 0.0078125 0.01875
2 0.8578125 0.3734375 0.03203125 0.03671875
2 0.871875 0.20390625 0.01328125 0.015625
2 0.64765625 0.14765625 0.01796875 0.04609375
9 0.6421875 0.52734375 0.0296875 0.04453125
2 0.45625 0.09453125 0.021875 0.03046875
2 0.4515625 0.05 0.0375 0.04453125
2 0.7 0.16328125 0.02265625 0.021875
2 0.6890625 0.1921875 0.00703125 0.01875
2 0.65 0.45703125 0.01171875 0.01015625
2 0.8265625 0.47578125 0.00625 0.00390625
2 0.6015625 0.759375 0.05703125 0.06171875
2 0.4046875 0.571875 0.0296875 0.06015625
2 0.971875 0.38359375 0.05546875 0.07734375
2 0.73203125 0.32890625 0.01953125 0.03125
2 0.70625 0.42890625 0.028125 0.05546875
2 0.7703125 0.64453125 0.0171875 0.02265625
2 0.7109375 0.1390625 0.0125 0.02109375
2 0.7578125 0.56328125 0.01328125 0.03046875
2 0.7765625 0.69453125 0.00390625 0.00625
2 0.7640625 0.7671875 0.00859375 0.01484375
2 0.7671875 0.45546875 0.0359375 0.04921875
2 0.81171875 0.515625 0.015625 0.0125
2 0.809375 0.4390625 0.0109375 0.0125
2 0.06875 0.14140625 0.025 0.03359375
2 0.34453125 0.1296875 0.02890625 0.03359375
2 0.034375 0.82109375 0.02109375 0.02421875
2 0.953125 0.43046875 0.009375 0.01640625
2 0.0921875 0.93359375 0.1328125 0.128125
2 0.97109375 0.50234375 0.0390625 0.06328125
2 0.56171875 0.65703125 0.0375 0.034375
2 0.771875 0.21953125 0.03203125 0.03828125
2 0.80078125 0.2109375 0.02578125 0.03515625
2 0.371875 0.75390625 0.0375 0.075
2 0.3421875 0.5859375 0.078125 0.075
2 0.99765625 0.2890625 0.0046875 0.009375
2 0.9890625 0.33515625 0.015625 0.01640625
2 0.9125 0.38359375 0.00703125 0.00859375
2 0.83984375 0.021875 0.01015625 0.03046875
2 0.76640625 0.603125 0.01328125 0.01328125