9 0.9875 0.5734375 0.02421875 0.01953125
9 0.1328125 0.91875 0.1875 0.15390625
9 0.70546875 0.79921875 0.10078125 0.175
9 0.721875 0.203125 0.4171875 0.403125
2 0.5734375 0.17421875 0.05078125 0.08359375
2 0.8046875 0.215625 0.0265625 0.03359375
2 0.63046875 0.63359375 0.0296875 0.03828125
9 0.296875 0.41015625 0.0375 0.11015625
9 0.94765625 0.4609375 0.1046875 0.13203125
9 0.60625 0.90859375 0.0203125 0.08046875
9 0.540625 0.78515625 0.06015625 0.42890625
9 0.51015625 0.75703125 0.07265625 0.134375
9 0.4984375 0.365625 0.0828125 0.19921875
2 0.12890625 0.47734375 0.2578125 0.375
2 0.7625 0.42734375 0.040625 0.05078125
9 0.725 0.896875 0.065625 0.13828125
9 0.5921875 0.87578125 0.01953125 0.05390625
9 0.4890625 0.484375 0.0265625 0.07734375
9 0.4109375 0.35703125 0.01796875 0.05625
9 0.3671875 0.659375 0.02890625 0.06015625
9 0.77421875 0.8078125 0.075 0.11875
9 0.3921875 0.890625 0.0265625 0.08203125
9 0.371875 0.35703125 0.0375 0.11484375
9 0.9328125 0.83359375 0.0453125 0.33046875
2 0.51953125 0.10859375 0.06953125 0.07734375
2 0.60546875 0.72421875 0.0234375 0.03203125
9 0.46875 0.5421875 0.1390625 0.03828125
9 0.4421875 0.521875 0.02109375 0.10625
9 0.2515625 0.80078125 0.03828125 0.03359375
9 0.81640625 0.13828125 0.20546875 0.26640625
2 0.0640625 0.76796875 0.128125 0.21328125
4 0.5828125 0.49921875 0.65625 0.9984375
2 0.34765625 0.31953125 0.01796875 0.02265625
9 0.9859375 0.71796875 0.028125 0.12109375
9 0.015625 0.971875 0.03125 0.05
2 0.6578125 0.6796875 0.02734375 0.05234375
2 0.21015625 0.3328125 0.0171875 0.02578125
9 0.78125 0.9171875 0.034375 0.103125
2 0.80625 0.36328125 0.03203125 0.03984375
2 0.43125 0.97734375 0.03203125 0.040625
2 0.890625 0.66875 0.03359375 0.04453125
9 0.77421875 0.559375 0.02421875 0.02890625
9 0.725 0.23671875 0.021875 0.05078125
2 0.38046875 0.48203125 0.0515625 0.09140625
9 0.7125 0.97421875 0.01796875 0.04296875
9 0.9921875 0.64140625 0.01484375 0.03203125
9 0.084375 0.8265625 0.0765625 0.03515625
9 0.6296875 0.08359375 0.07421875 0.12421875
9 0.1890625 0.5109375 0.1328125 0.05078125
9 0.44765625 0.63203125 0.0203125 0.0375
2 0.221875 0.60703125 0.06328125 0.11484375
9 0.159375 0.74921875 0.04609375 0.03359375
9 0.04453125 0.896875 0.01796875 0.04140625
9 0.27578125 0.4171875 0.0296875 0.028125
2 0.43046875 0.8453125 0.04453125 0.05390625
9 0.9640625 0.87578125 0.071875 0.05
9 0.1625 0.64296875 0.04921875 0.04765625
9 0.0765625 0.51796875 0.084375 0.090625
2 0.32578125 0.7296875 0.0359375 0.040625
9 0.61328125 0.58515625 0.1640625 0.1125
9 0.0125 0.5703125 0.025 0.05546875
2 0.33046875 0.91484375 0.096875 0.10703125
2 0.3265625 0.55390625 0.08671875 0.10546875
2 0.21171875 0.23359375 0.0421875 0.08359375
9 0.2953125 0.13984375 0.04921875 0.03515625
9 0.0859375 0.05390625 0.05859375 0.03125
9 0.36875 0.75859375 0.02890625 0.09296875
9 0.665625 0.35625 0.08046875 0.11875
2 0.9578125 0.25703125 0.0765625 0.08984375
9 0.13125 0.77265625 0.0859375 0.03515625
9 0.215625 0.06875 0.03203125 0.09375
9 0.078125 0.85234375 0.02421875 0.05078125
9 0.1453125 0.82578125 0.03203125 0.03125
2 0.0421875 0.35234375 0.028125 0.04453125
9 0.4671875 0.75859375 0.04609375 0.04453125
9 0.5875 0.2734375 0.02890625 0.03359375
9 0.55 0.25234375 0.03671875 0.02578125
9 0.49765625 0.18203125 0.01953125 0.05546875
9 0.88125 0.05625 0.12890625 0.1125
9 0.80859375 0.04453125 0.0359375 0.075
9 0.98203125 0.04140625 0.0359375 0.075
9 0.3265625 0.15234375 0.03125 0.04296875
2 0.42109375 0.03203125 0.0671875 0.0640625
9 0.96328125 0.33515625 0.0734375 0.0734375
2 0.078125 0.13046875 0.03671875 0.05078125
2 0.83046875 0.47890625 0.05234375 0.11015625
2 0.2890625 0.2703125 0.0375 0.05390625
9 0.609375 0.20703125 0.0421875 0.059375
2 0.1109375 0.18828125 0.05234375 0.06796875
9 0.16328125 0.36796875 0.0890625 0.06875
2 0.55 0.921875 0.03046875 0.05078125
2 0.325 0.39375 0.03671875 0.03203125
2 0.390625 0.77265625 0.02421875 0.03828125