2 0.546875 0.22890625 0.03359375 0.03984375
2 0.2921875 0.74375 0.01484375 0.01484375
2 0.071875 0.915625 0.009375 0.00859375
2 0.0328125 0.80078125 0.009375 0.01328125
2 0.77421875 0.90546875 0.01640625 0.02421875
2 0.01875 0.58046875 0.01015625 0.01328125
2 0.903125 0.634375 0.025 0.02421875
2 0.10234375 0.54609375 0.0171875 0.01953125
2 0.08984375 0.81015625 0.0265625 0.03828125
0 0.7765625 0.72265625 0.0375 0.05078125
2 0.78671875 0.984375 0.0171875 0.02265625
2 0.90078125 0.15703125 0.02734375 0.046875
2 0.01015625 0.50390625 0.0203125 0.040625
2 0.14765625 0.5140625 0.0296875 0.028125
2 0.146875 0.30390625 0.0203125 0.021875
2 0.3328125 0.44609375 0.01953125 0.03203125
2 0.54296875 0.91640625 0.02109375 0.03125
2 0.878125 0.53203125 0.01953125 0.028125
2 0.021875 0.63203125 0.00859375 0.0125
2 0.05703125 0.83984375 0.03359375 0.02734375
2 0.78515625 0.94453125 0.01640625 0.021875
2 0.99296875 0.72890625 0.0140625 0.02734375
2 0.625 0.525 0.1359375 0.15390625
2 0.8015625 0.5578125 0.01015625 0.009375
2 0.6515625 0.9171875 0.01171875 0.01328125
2 0.24453125 0.09453125 0.0078125 0.00546875
2 0.3875 0.475 0.02734375 0.028125
2 0.4390625 0.18828125 0.01015625 0.01640625
0 0.8890625 0.7109375 0.09296875 0.09921875
2 0.8875 0.38515625 0.00703125 0.01171875
2 0.55078125 0.84609375 0.0078125 0.00859375
2 0.6140625 0.82734375 0.01171875 0.02578125
2 0.153125 0.13984375 0.0203125 0.04140625
2 0.1265625 0.69453125 0.01484375 0.021875
2 0.1953125 0.21328125 0.00859375 0.009375
2 0.95625 0.61875 0.04140625 0.02265625
9 0.98203125 0.39921875 0.0359375 0.0328125
2 0.11171875 0.44453125 0.02421875 0.02734375
2 0.4796875 0.37890625 0.02109375 0.02734375
2 0.49609375 0.35859375 0.01640625 0.01796875
2 0.78125 0.26328125 0.01796875 0.01953125
2 0.990625 0.653125 0.01796875 0.02421875
2 0.7171875 0.04765625 0.02265625 0.028125
2 0.6984375 0.67109375 0.0234375 0.028125
2 0.21328125 0.48828125 0.0234375 0.02734375
2 0.92734375 0.38671875 0.01640625 0.028125
2 0.009375 0.83203125 0.01875 0.0265625
2 0.31875 0.98671875 0.021875 0.021875
2 0.0828125 0.86875 0.0171875 0.02578125
2 0.07109375 0.75390625 0.03125 0.04296875
2 0.0390625 0.6921875 0.0140625 0.02890625
2 0.11328125 0.24296875 0.01171875 0.01953125
2 0.2921875 0.04140625 0.00390625 0.00703125
2 0.39453125 0.19453125 0.0109375 0.00625
2 0.4109375 0.13828125 0.01015625 0.01796875
2 0.3640625 0.42421875 0.0078125 0.0125
2 0.57578125 0.89453125 0.009375 0.01015625
2 0.80625 0.878125 0.00859375 0.015625
0 0.85625 0.79453125 0.08671875 0.078125
2 0.3015625 0.35078125 0.01171875 0.01484375
2 0.303125 0.04921875 0.0078125 0.01015625
2 0.3296875 0.00703125 0.0171875 0.01328125
2 0.73984375 0.01796875 0.009375 0.01328125
2 0.134375 0.4890625 0.0109375 0.01015625
2 0.19609375 0.296875 0.0140625 0.015625
2 0.1859375 0.18671875 0.0109375 0.0125
2 0.07578125 0.15 0.0078125 0.009375
2 0.0359375 0.14296875 0.00625 0.00703125
2 0.56796875 0.334375 0.00546875 0.01015625
2 0.3515625 0.43671875 0.01796875 0.01796875
2 0.503125 0.82890625 0.009375 0.015625
2 0.728125 0.74296875 0.0078125 0.02265625
2 0.33203125 0.28828125 0.01953125 0.02578125
2 0.24375 0.17109375 0.04453125 0.03125
2 0.3953125 0.09296875 0.02109375 0.03359375
2 0.434375 0.0578125 0.01796875 0.01875
9 0.21328125 0.55234375 0.03359375 0.05078125
2 0.00390625 0.79140625 0.0078125 0.0375
2 0.24921875 0.9265625 0.0109375 0.0125
2 0.26796875 0.96171875 0.0140625 0.00703125
2 0.36875 0.85078125 0.00703125 0.00546875
2 0.4453125 0.80234375 0.02890625 0.04296875
2 0.7171875 0.84609375 0.02421875 0.02265625
2 0.334375 0.8359375 0.0234375 0.03046875
2 0.15859375 0.26953125 0.009375 0.0125
2 0.2671875 0.58046875 0.01015625 0.01015625
2 0.05703125 0.28671875 0.01171875 0.0125
0 0.6796875 0.4578125 0.02421875 0.028125
0 0.8125 0.6234375 0.0453125 0.06171875
2 0.64375 0.80703125 0.02265625 0.028125
2 0.7328125 0.49765625 0.02109375 0.02265625
2 0.93359375 0.4625 0.01640625 0.02734375
2 0.93359375 0.26640625 0.0203125 0.03359375
2 0.95 0.07578125 0.01640625 0.01953125
2 0.16640625 0.0265625 0.0109375 0.01640625
2 0.2984375 0.02578125 0.0046875 0.00625
2 0.1171875 0.30390625 0.025 0.02578125
2 0.23515625 0.24765625 0.01328125 0.01171875
2 0.190625 0.32890625 0.009375 0.01640625
2 0.30625 0.246875 0.01015625 0.00703125
2 0.2203125 0.19453125 0.009375 0.00859375
2 0.1375 0.2 0.00703125 0.00859375
2 0.4265625 0.19140625 0.01015625 0.02109375
2 0.3453125 0.17734375 0.0078125 0.00625
2 0.440625 0.4875 0.0140625 0.03046875
2 0.715625 0.73984375 0.009375 0.00859375
2 0.85390625 0.51171875 0.0109375 0.0125
2 0.946875 0.1890625 0.02265625 0.03203125
2 0.8734375 0.44921875 0.01015625 0.01328125
2 0.23125 0.76015625 0.0109375 0.01640625
2 0.2046875 0.69375 0.01484375 0.01484375
2 0.3125 0.91015625 0.01171875 0.00859375
2 0.39140625 0.86171875 0.01015625 0.01015625
2 0.446875 0.2796875 0.0234375 0.02421875
2 0.47578125 0.171875 0.0203125 0.02890625
2 0.0875 0.11640625 0.01171875 0.02578125
9 0.34765625 0.025 0.02421875 0.03125
2 0.25 0.98359375 0.0234375 0.01953125
2 0.403125 0.73125 0.015625 0.01875
2 0.2890625 0.94140625 0.0203125 0.021875
2 0.28984375 0.27109375 0.03125 0.021875
2 0.2078125 0.14140625 0.0203125 0.03046875
9 0.66484375 0.35390625 0.0578125 0.05859375
9 0.55 0.528125 0.03203125 0.096875
2 0.184375 0.246875 0.01796875 0.02578125
2 0.0796875 0.546875 0.01796875 0.021875
2 0.2296875 0.67109375 0.03359375 0.028125
2 0.52734375 0.95859375 0.02421875 0.02890625
2 0.428125 0.28828125 0.01328125 0.01953125
2 0.2796875 0.571875 0.009375 0.0125
2 0.8734375 0.10390625 0.00625 0.0125
2 0.2671875 0.48984375 0.09765625 0.07421875
2 0.83046875 0.05546875 0.01640625 0.02578125
2 0.26171875 0.01328125 0.0265625 0.0265625
2 0.02734375 0.05703125 0.0140625 0.028125
2 0.046875 0.86875 0.02109375 0.01953125
0 0.89296875 0.58125 0.0265625 0.03359375
2 0.1625 0.39375 0.02109375 0.021875
2 0.8390625 0.84296875 0.01484375 0.02421875
4 0.390625 0.43671875 0.1640625 0.27421875
2 0.9015625 0.096875 0.01171875 0.0125
2 0.35625 0.509375 0.0234375 0.02734375
2 0.3734375 0.3203125 0.01953125 0.03671875
2 0.2921875 0.12578125 0.02734375 0.03125
2 0.4125 0.98046875 0.0265625 0.03359375
2 0.02109375 0.69609375 0.0109375 0.01640625
2 0.2609375 0.221875 0.00859375 0.01015625
2 0.15625 0.19765625 0.00625 0.009375
2 0.1640625 0.06953125 0.00703125 0.01328125
2 0.2484375 0.0578125 0.00625 0.00859375
2 0.5015625 0.234375 0.01796875 0.01875
2 0.60859375 0.91796875 0.009375 0.01015625
2 0.8828125 0.39453125 0.0078125 0.009375