2 0.9625 0.01640625 0.0234375 0.02265625
2 0.2265625 0.66015625 0.02265625 0.05703125
2 0.059375 0.859375 0.05859375 0.04609375
2 0.6125 0.16796875 0.015625 0.028125
2 0.859375 0.72734375 0.0171875 0.0125
9 0.02734375 0.9328125 0.021875 0.08359375
2 0.01875 0.5734375 0.01328125 0.02578125
2 0.259375 0.58359375 0.0453125 0.03359375
14 0.409375 0.534375 0.81796875 0.93125
9 0.07109375 0.421875 0.08359375 0.0375
2 0.76796875 0.17734375 0.1328125 0.253125
9 0.67109375 0.22265625 0.2015625 0.4453125
9 0.084375 0.45390625 0.14765625 0.12578125
9 0.58515625 0.5859375 0.253125 0.44921875
7 0.1125 0.73828125 0.10078125 0.11953125
2 0.28984375 0.03515625 0.1484375 0.0703125
9 0.675 0.41171875 0.028125 0.046875
2 0.215625 0.43125 0.05234375 0.1
2 0.9609375 0.86328125 0.0234375 0.03671875
2 0.721875 0.99453125 0.01640625 0.01015625
9 0.3171875 0.82109375 0.0984375 0.34921875
2 0.85 0.12421875 0.01328125 0.01328125
9 0.82265625 0.7578125 0.06484375 0.24140625
2 0.7984375 0.3671875 0.08203125 0.10703125
2 0.9359375 0.0765625 0.07265625 0.096875
2 0.6953125 0.69765625 0.05625 0.09140625
2 0.92890625 0.74765625 0.021875 0.03046875
9 0.52421875 0.48359375 0.03046875 0.10546875
2 0.65625 0.325 0.04140625 0.06796875
2 0.54140625 0.396875 0.02265625 0.01875
9 0.5625 0.06328125 0.0578125 0.04296875
2 0.5265625 0.10390625 0.01484375 0.01796875
9 0.0203125 0.32421875 0.040625 0.07734375
2 0.459375 0.828125 0.01796875 0.03046875
2 0.425 0.85625 0.0609375 0.09609375
2 0.384375 0.69921875 0.0546875 0.11875
9 0.053125 0.53046875 0.06328125 0.03984375
2 0.92734375 0.86953125 0.0203125 0.02578125
2 0.76796875 0.70625 0.0203125 0.02109375
2 0.7453125 0.67734375 0.02890625 0.05234375
2 0.8734375 0.03828125 0.01875 0.02421875
2 0.5296875 0.01015625 0.021875 0.0203125
2 0.5453125 0.9921875 0.01328125 0.015625
2 0.13828125 0.60703125 0.01875 0.04140625
2 0.1015625 0.89609375 0.02109375 0.03515625
2 0.3625 0.21484375 0.0296875 0.03515625
2 0.6984375 0.5015625 0.01953125 0.025
2 0.3625 0.16328125 0.09140625 0.06875
9 0.8765625 0.93046875 0.06875 0.12109375
2 0.96171875 0.61640625 0.0765625 0.11953125
2 0.91875 0.32109375 0.021875 0.02265625
2 0.48125 0.05546875 0.03125 0.034375
2 0.44375 0.12109375 0.0453125 0.059375
2 0.390625 0.09453125 0.0484375 0.059375
9 0.1890625 0.4890625 0.06875 0.0375
9 0.934375 0.24375 0.05078125 0.04140625
9 0.2265625 0.60234375 0.03125 0.05546875
9 0.57109375 0.45859375 0.04140625 0.04453125
2 0.41875 0.95390625 0.03828125 0.046875
2 0.7796875 0.790625 0.01953125 0.02265625
2 0.84375 0.18671875 0.0203125 0.05390625
2 0.4203125 0.3390625 0.03203125 0.034375
2 0.54375 0.153125 0.0390625 0.02734375
2 0.1515625 0.18046875 0.06015625 0.07109375
2 0.01015625 0.81484375 0.0203125 0.02578125
2 0.553125 0.2546875 0.0828125 0.13046875
2 0.42890625 0.4640625 0.046875 0.07109375
2 0.9890625 0.76171875 0.02109375 0.04609375
2 0.1609375 0.81796875 0.01484375 0.02734375
2 0.42578125 0.28125 0.03125 0.02890625
2 0.90703125 0.46484375 0.0265625 0.02890625
2 0.2421875 0.54296875 0.01875 0.02578125
2 0.6703125 0.08125 0.0625 0.07734375