2 0.02421875 0.32890625 0.0484375 0.121875
2 0.365625 0.70859375 0.13125 0.15625
2 0.1796875 0.58828125 0.0765625 0.07421875
2 0.90859375 0.83984375 0.14453125 0.16328125
2 0.08046875 0.45078125 0.06484375 0.08046875
2 0.2765625 0.59765625 0.0390625 0.078125
2 0.9671875 0.1875 0.065625 0.2625
2 0.05859375 0.58671875 0.10859375 0.09765625
2 0.4546875 0.87734375 0.115625 0.11953125
2 0.91171875 0.48515625 0.1765625 0.2296875
2 0.575 0.2453125 0.4296875 0.490625
2 0.2421875 0.4328125 0.040625 0.07265625
15 0.74453125 0.51171875 0.5109375 0.97265625
2 0.1015625 0.24609375 0.05234375 0.075
2 0.2359375 0.8140625 0.2859375 0.36640625
2 0.109375 0.6578125 0.03046875 0.06015625
2 0.7734375 0.71015625 0.0625 0.11484375