2 0.3125 0.27578125 0.06484375 0.128125
2 0.8265625 0.43515625 0.11796875 0.090625
14 0.73359375 0.56171875 0.5328125 0.8234375
5 0.6421875 0.82578125 0.23828125 0.16796875
2 0.353125 0.1046875 0.51328125 0.20390625
5 0.7703125 0.534375 0.10703125 0.18125
2 0.828125 0.94765625 0.10859375 0.10234375
2 0.9875 0.45546875 0.025 0.059375
2 0.671875 0.60390625 0.31484375 0.32265625
2 0.87734375 0.6 0.1203125 0.17578125
2 0.2234375 0.5015625 0.06875 0.06171875
2 0.196875 0.796875 0.39375 0.4
2 0.0171875 0.08046875 0.02890625 0.08359375
2 0.328125 0.63046875 0.0828125 0.13984375
2 0.678125 0.12734375 0.03046875 0.03046875
2 0.228125 0.60234375 0.1078125 0.11015625
2 0.75625 0.24375 0.03515625 0.02265625
2 0.865625 0.83984375 0.16640625 0.153125
2 0.4578125 0.55078125 0.1015625 0.14765625
2 0.96328125 0.7265625 0.0734375 0.16875
5 0.8859375 0.22890625 0.0703125 0.09296875
2 0.86953125 0.05625 0.0390625 0.040625
2 0.809375 0.32265625 0.1078125 0.14765625
2 0.9671875 0.14921875 0.03359375 0.08828125
2 0.459375 0.74140625 0.14453125 0.23203125
2 0.9453125 0.034375 0.10859375 0.06328125
2 0.07578125 0.52578125 0.1515625 0.17890625
5 0.43125 0.97265625 0.08125 0.05390625
2 0.1015625 0.26484375 0.20234375 0.34140625
2 0.2375 0.23359375 0.06484375 0.11015625
2 0.9046875 0.11796875 0.05234375 0.08203125
2 0.378125 0.528125 0.06640625 0.09140625
2 0.6609375 0.25078125 0.1046875 0.2