2 0.10390625 0.32421875 0.05078125 0.06484375
2 0.92734375 0.6015625 0.096875 0.165625
2 0.6671875 0.8953125 0.0765625 0.08046875
2 0.36875 0.91171875 0.084375 0.06953125
2 0.0703125 0.79296875 0.08359375 0.07265625
2 0.028125 0.446875 0.05625 0.07109375
2 0.2078125 0.81484375 0.06796875 0.08828125
5 0.4296875 0.54453125 0.05390625 0.07109375
2 0.2359375 0.31015625 0.10546875 0.10703125
2 0.715625 0.17578125 0.11796875 0.26328125
2 0.6265625 0.7015625 0.05234375 0.08671875
2 0.0765625 0.4609375 0.05546875 0.06953125
2 0.14765625 0.49296875 0.0375 0.128125
2 0.609375 0.0953125 0.10078125 0.14296875
5 0.6828125 0.446875 0.0375 0.05546875
2 0.0796875 0.02578125 0.05078125 0.05
2 0.6515625 0.8125 0.05234375 0.03359375
2 0.47109375 0.296875 0.0234375 0.05625
2 0.0671875 0.53671875 0.02109375 0.02578125
2 0.921875 0.721875 0.01953125 0.03125
2 0.1765625 0.028125 0.075 0.05625
5 0.2 0.12734375 0.125 0.15390625
2 0.90390625 0.45859375 0.1703125 0.13359375
2 0.40625 0.41484375 0.09765625 0.16171875
2 0.4578125 0.9625 0.1625 0.075
2 0.30625 0.440625 0.11171875 0.08828125
2 0.3953125 0.33984375 0.03359375 0.04609375
2 0.58515625 0.82109375 0.04921875 0.059375
2 0.4890625 0.84765625 0.146875 0.23125
2 0.19375 0.38828125 0.0421875 0.059375
2 0.18359375 0.69140625 0.03828125 0.05
2 0.52578125 0.35546875 0.0921875 0.128125
2 0.36484375 0.13515625 0.30234375 0.26796875
2 0.51875 0.66796875 0.06953125 0.096875
2 0.90078125 0.92578125 0.03125 0.03203125
2 0.8390625 0.71171875 0.096875 0.084375
2 0.5765625 0.22890625 0.14609375 0.15625
2 0.69765625 0.59765625 0.03203125 0.03203125
2 0.7640625 0.64609375 0.0796875 0.04296875
2 0.0625 0.91484375 0.125 0.16328125
2 0.31796875 0.3421875 0.04375 0.04453125
2 0.028125 0.25390625 0.05625 0.15859375
2 0.9671875 0.97890625 0.03046875 0.03828125
2 0.8171875 0.84296875 0.18828125 0.17421875
2 0.9796875 0.7578125 0.040625 0.06484375
2 0.80234375 0.48671875 0.1046875 0.28203125
2 0.86796875 0.31328125 0.14296875 0.13828125
2 0.453125 0.63671875 0.0515625 0.08359375
5 0.28984375 0.85625 0.07734375 0.11015625
2 0.1140625 0.18984375 0.14453125 0.240625
2 0.36875 0.7625 0.05234375 0.07734375
5 0.9875 0.60703125 0.02421875 0.07890625
2 0.584375 0.92734375 0.03359375 0.05625
2 0.69609375 0.43828125 0.15 0.3
2 0.16328125 0.91015625 0.08671875 0.11171875
2 0.021875 0.1125 0.04375 0.04375
2 0.684375 0.65 0.0234375 0.05
16 0.92421875 0.12421875 0.1484375 0.2484375
2 0.346875 0.678125 0.02734375 0.03671875
2 0.8171875 0.0296875 0.0515625 0.059375
2 0.5859375 0.759375 0.02578125 0.07109375
2 0.584375 0.65859375 0.01796875 0.01953125
2 0.7984375 0.97421875 0.02109375 0.03515625
2 0.99140625 0.97578125 0.0171875 0.0234375
5 0.734375 0.0296875 0.115625 0.059375
2 0.634375 0.975 0.046875 0.05
2 0.66796875 0.71875 0.01328125 0.0125
5 0.62109375 0.365625 0.096875 0.115625
2 0.7953125 0.253125 0.03125 0.046875
2 0.80234375 0.10390625 0.06875 0.10546875
2 0.4328125 0.29765625 0.01796875 0.028125
2 0.946875 0.83359375 0.0453125 0.06640625
2 0.2875 0.9546875 0.075 0.090625
2 0.890625 0.97421875 0.034375 0.040625
2 0.7859375 0.29609375 0.03671875 0.03671875
2 0.85546875 0.953125 0.03828125 0.04453125
15 0.4234375 0.75859375 0.65234375 0.37578125
2 0.0484375 0.3828125 0.0171875 0.021875
2 0.63359375 0.76796875 0.01875 0.02109375
2 0.5609375 0.5109375 0.071875 0.08046875
2 0.2390625 0.42578125 0.03046875 0.04609375
2 0.021875 0.034375 0.04296875 0.06875