2 0.2453125 0.95078125 0.02109375 0.01953125
2 0.1796875 0.38984375 0.12734375 0.14296875
0 0.69765625 0.04296875 0.0484375 0.059375
2 0.44609375 0.52265625 0.04375 0.05390625
2 0.66328125 0.42421875 0.05625 0.07265625
2 0.13125 0.11328125 0.02421875 0.040625
2 0.878125 0.51875 0.08203125 0.20703125
5 0.609375 0.9609375 0.059375 0.075
5 0.1953125 0.2484375 0.028125 0.0375
2 0.2046875 0.9734375 0.028125 0.053125
2 0.9484375 0.52734375 0.0796875 0.08515625
2 0.290625 0.43203125 0.1296875 0.225
2 0.4984375 0.62265625 0.06875 0.12109375
2 0.79375 0.61484375 0.08203125 0.26484375
2 0.584375 0.61328125 0.1671875 0.23984375
2 0.20703125 0.734375 0.025 0.04453125
2 0.9859375 0.69375 0.028125 0.10703125
2 0.1875 0.87890625 0.11015625 0.1375
2 0.0859375 0.69921875 0.025 0.05625
2 0.065625 0.5484375 0.03828125 0.078125
2 0.2 0.66484375 0.06875 0.08671875
2 0.53671875 0.0546875 0.1078125 0.109375
2 0.9671875 0.62734375 0.065625 0.08203125
2 0.71484375 0.31484375 0.034375 0.04609375
3 0.3515625 0.09609375 0.196875 0.16796875
2 0.3734375 0.515625 0.03046875 0.02578125
2 0.046875 0.81484375 0.09296875 0.13046875
2 0.1125 0.20625 0.165625 0.11953125
2 0.60625 0.771875 0.02421875 0.05
2 0.190625 0.55390625 0.08671875 0.13359375
3 0.803125 0.09921875 0.38828125 0.19765625
2 0.8453125 0.67421875 0.04453125 0.08984375
5 0.484375 0.85234375 0.0515625 0.04765625
2 0.0609375 0.38203125 0.121875 0.2140625
2 0.1234375 0.528125 0.0625 0.12578125
2 0.82109375 0.46171875 0.04375 0.07109375
2 0.61484375 0.8609375 0.05078125 0.05
2 0.69453125 0.71328125 0.05859375 0.12421875
2 0.8875 0.64296875 0.015625 0.04140625
2 0.4203125 0.57890625 0.03828125 0.06953125
2 0.8859375 0.2953125 0.15 0.13046875
2 0.5921875 0.38359375 0.053125 0.103125
2 0.54921875 0.92734375 0.0484375 0.06484375
2 0.2359375 0.77734375 0.02890625 0.04765625
5 0.775 0.18046875 0.05546875 0.08203125
2 0.02421875 0.73984375 0.01640625 0.02578125
2 0.4671875 0.225 0.3046875 0.23203125
5 0.140625 0.2890625 0.03203125 0.04921875
5 0.04140625 0.02265625 0.0828125 0.0453125
5 0.98984375 0.2890625 0.0203125 0.059375
5 0.4703125 0.765625 0.0453125 0.06328125
2 0.86640625 0.9421875 0.20703125 0.10703125
2 0.5578125 0.78359375 0.0171875 0.02578125
2 0.378125 0.56796875 0.034375 0.03984375
2 0.49140625 0.10703125 0.02265625 0.02421875
5 0.5546875 0.66953125 0.0765625 0.07734375
5 0.178125 0.484375 0.05234375 0.06875
2 0.91875 0.81328125 0.1625 0.19296875
2 0.396875 0.39140625 0.0765625 0.05859375
5 0.703125 0.37578125 0.04453125 0.05546875
2 0.415625 0.01484375 0.059375 0.0296875
5 0.4125 0.22421875 0.05546875 0.06875
2 0.12734375 0.76640625 0.03515625 0.040625
2 0.51328125 0.93671875 0.02109375 0.046875
2 0.7296875 0.2140625 0.23203125 0.15546875
2 0.35546875 0.71953125 0.21875 0.26328125
2 0.73125 0.8703125 0.01796875 0.01796875
2 0.3734375 0.91953125 0.22109375 0.16015625
2 0.20390625 0.16953125 0.0375 0.05390625
2 0.734375 0.78359375 0.07265625 0.09140625
2 0.13984375 0.9734375 0.0671875 0.053125
14 0.678125 0.64765625 0.3578125 0.596875