2 0.73515625 0.63515625 0.04453125 0.05703125
2 0.73125 0.4484375 0.03203125 0.03984375
2 0.8375 0.1703125 0.01484375 0.01171875
2 0.30390625 0.1609375 0.03203125 0.04453125
2 0.346875 0.4578125 0.02265625 0.02734375
2 0.1421875 0.85390625 0.028125 0.04140625
2 0.1046875 0.18359375 0.02421875 0.04609375
0 0.84765625 0.6203125 0.0484375 0.065625
2 0.10703125 0.015625 0.02578125 0.02734375
0 0.55234375 0.59453125 0.08046875 0.14296875
2 0.1421875 0.9453125 0.05390625 0.08046875
2 0.334375 0.33046875 0.0109375 0.01640625
2 0.0375 0.696875 0.021875 0.02265625
2 0.09609375 0.29375 0.08359375 0.109375
2 0.46875 0.76796875 0.02734375 0.02578125
2 0.7109375 0.14609375 0.03046875 0.03359375
3 0.44375 0.71328125 0.1078125 0.15703125
2 0.02890625 0.56953125 0.025 0.03515625
2 0.5375 0.00546875 0.02265625 0.01015625
2 0.0765625 0.41015625 0.0265625 0.028125
2 0.7703125 0.0625 0.0765625 0.090625
2 0.2578125 0.93515625 0.02109375 0.02265625
2 0.1703125 0.68359375 0.0390625 0.071875
2 0.27890625 0.66953125 0.01875 0.015625
2 0.3015625 0.76015625 0.0203125 0.02734375
2 0.11328125 0.99375 0.0265625 0.0125
2 0.2765625 0.215625 0.01953125 0.03359375
2 0.546875 0.93359375 0.01875 0.028125
2 0.0125 0.08359375 0.02421875 0.06484375
0 0.6734375 0.96328125 0.1109375 0.06953125
0 0.92265625 0.33359375 0.0796875 0.11875
2 0.57265625 0.94375 0.0390625 0.04375
2 0.52421875 0.6328125 0.03671875 0.040625
0 0.85390625 0.04453125 0.0625 0.0875
2 0.403125 0.32890625 0.0265625 0.0375
2 0.596875 0.49921875 0.0734375 0.05078125
0 0.50390625 0.39296875 0.06875 0.10078125
0 0.47265625 0.87578125 0.05234375 0.08203125
2 0.0765625 0.78515625 0.06953125 0.05859375
2 0.1515625 0.79375 0.0703125 0.06015625
2 0.1953125 0.98671875 0.028125 0.02265625
2 0.1703125 0.1109375 0.053125 0.090625
2 0.8703125 0.90390625 0.05078125 0.08125
2 0.253125 0.84765625 0.0359375 0.07734375
2 0.334375 0.68984375 0.02890625 0.040625
0 0.7671875 0.75546875 0.03828125 0.1
2 0.4453125 0.6453125 0.0140625 0.015625
2 0.23671875 0.5328125 0.1609375 0.203125
2 0.06015625 0.57734375 0.0203125 0.02421875
2 0.0046875 0.0203125 0.009375 0.03125
2 0.240625 0.31953125 0.0109375 0.015625
14 0.50703125 0.42109375 0.3671875 0.83828125
2 0.19375 0.271875 0.02734375 0.02734375
2 0.05859375 0.15078125 0.0171875 0.03359375
2 0.23671875 0.17421875 0.07265625 0.08984375
2 0.52421875 0.5109375 0.0265625 0.028125
2 0.91484375 0.47109375 0.10390625 0.10625
2 0.1953125 0.2109375 0.02890625 0.06171875
2 0.21875 0.71328125 0.03046875 0.0375
14 0.68984375 0.46484375 0.2546875 0.9296875
2 0.23984375 0.71171875 0.01640625 0.028125
2 0.696875 0.04609375 0.0265625 0.05234375
2 0.9515625 0.971875 0.05625 0.05390625
3 0.571875 0.28828125 0.17578125 0.375
2 0.2328125 0.06640625 0.084375 0.10234375
2 0.13359375 0.58984375 0.0296875 0.046875
2 0.0140625 0.3328125 0.028125 0.05625
2 0.10625 0.6109375 0.0265625 0.01953125
2 0.05 0.01875 0.01875 0.0375
2 0.446875 0.57421875 0.0375 0.06171875
2 0.03671875 0.840625 0.0734375 0.1
2 0.1875 0.371875 0.03125 0.028125
2 0.76875 0.86328125 0.03125 0.05390625
2 0.890625 0.9796875 0.03515625 0.040625
0 0.3921875 0.59609375 0.04453125 0.06015625
2 0.86953125 0.25546875 0.025 0.02890625
0 0.44765625 0.47265625 0.0421875 0.05
2 0.7921875 0.15703125 0.0125 0.01484375
2 0.3390625 0.97578125 0.08984375 0.04296875
2 0.83828125 0.9640625 0.06484375 0.071875
2 0.39140625 0.2359375 0.0484375 0.06171875
2 0.1015625 0.04921875 0.0671875 0.04609375
2 0.009375 0.64921875 0.01796875 0.040625
2 0.2609375 0.72734375 0.02421875 0.02890625
2 0.9703125 0.89296875 0.05859375 0.10390625
2 0.14296875 0.36953125 0.025 0.03671875
0 0.7578125 0.3875 0.08046875 0.21171875
2 0.1890625 0.85859375 0.0203125 0.0375
2 0.078125 0.64140625 0.03671875 0.04453125
2 0.884375 0.53046875 0.025 0.028125
2 0.4203125 0.17734375 0.034375 0.06171875
2 0.6234375 0.62109375 0.04453125 0.075
0 0.71875 0.63671875 0.1484375 0.196875
2 0.4453125 0.28671875 0.0265625 0.05234375
2 0.721875 0.01171875 0.02421875 0.02265625
2 0.134375 0.10703125 0.01796875 0.028125
2 0.628125 0.12578125 0.075 0.08671875
2 0.33046875 0.04453125 0.0265625 0.05546875
0 0.8953125 0.86796875 0.209375 0.25625
2 0.88828125 0.75859375 0.0546875 0.07890625
2 0.821875 0.6734375 0.01796875 0.034375
2 0.5328125 0.7265625 0.02109375 0.04140625
2 0.884375 0.10859375 0.0515625 0.03125
0 0.9078125 0.1828125 0.04921875 0.075
2 0.9140625 0.63671875 0.17109375 0.225
2 0.9765625 0.41875 0.04609375 0.028125
2 0.96484375 0.203125 0.0421875 0.06953125
2 0.79375 0.21953125 0.04921875 0.07734375
2 0.79375 0.79296875 0.04921875 0.06640625
2 0.5421875 0.9953125 0.025 0.009375
0 0.42578125 0.96328125 0.06171875 0.06953125
0 0.603125 0.76796875 0.1484375 0.08046875
2 0.00625 0.96796875 0.0125 0.03671875
2 0.93828125 0.64609375 0.1234375 0.1734375
2 0.9078125 0.85859375 0.046875 0.05234375
2 0.4671875 0.52578125 0.05625 0.059375
2 0.440625 0.08359375 0.05859375 0.08671875