2 0.253125 0.79375 0.05234375 0.125
2 0.1234375 0.6421875 0.01640625 0.021875
2 0.4859375 0.12109375 0.1640625 0.18203125
2 0.2953125 0.1828125 0.20546875 0.246875
2 0.5328125 0.39140625 0.1421875 0.18046875
2 0.01875 0.121875 0.03515625 0.03828125
2 0.5796875 0.91015625 0.02890625 0.02734375
2 0.92890625 0.25390625 0.0734375 0.06796875
2 0.69453125 0.9578125 0.0265625 0.02265625
2 0.1421875 0.8640625 0.14140625 0.16640625
2 0.89765625 0.16328125 0.04140625 0.03671875
2 0.890625 0.6109375 0.09765625 0.11484375
3 0.4859375 0.64375 0.3046875 0.37890625
2 0.5921875 0.23046875 0.0375 0.05
2 0.628125 0.09140625 0.02734375 0.03515625
2 0.08125 0.26171875 0.02421875 0.07421875
2 0.9625 0.328125 0.0546875 0.078125
2 0.2109375 0.73125 0.01171875 0.02890625
2 0.575 0.28828125 0.0296875 0.02578125
2 0.453125 0.82421875 0.0546875 0.0375
2 0.84375 0.26171875 0.04296875 0.05390625
2 0.609375 0.32734375 0.028125 0.046875
2 0.73984375 0.740625 0.0359375 0.05078125
2 0.47734375 0.91875 0.02734375 0.046875
2 0.28828125 0.93125 0.06875 0.075
0 0.784375 0.29453125 0.18671875 0.27578125
0 0.059375 0.52109375 0.0828125 0.38359375
2 0.3046875 0.86171875 0.071875 0.06796875
2 0.56953125 0.815625 0.034375 0.04609375
0 0.6984375 0.65859375 0.13125 0.30625
2 0.115625 0.53203125 0.034375 0.04453125
2 0.83125 0.82265625 0.02265625 0.040625
2 0.8296875 0.7578125 0.03203125 0.04609375
2 0.03203125 0.30234375 0.02421875 0.03203125
2 0.375 0.27578125 0.04140625 0.05234375
0 0.68203125 0.1359375 0.15234375 0.271875
2 0.0421875 0.45390625 0.03515625 0.04453125
2 0.15625 0.9796875 0.0453125 0.0375
0 0.9796875 0.95859375 0.040625 0.07890625
2 0.2015625 0.78515625 0.0375 0.05234375
2 0.425 0.77421875 0.01171875 0.01328125
2 0.8015625 0.00859375 0.025 0.0171875
2 0.05625 0.76640625 0.0390625 0.05859375
2 0.553125 0.10234375 0.03203125 0.03671875
2 0.3296875 0.73984375 0.06328125 0.05703125
2 0.3765625 0.965625 0.04375 0.05
0 0.975 0.78671875 0.04921875 0.096875
0 0.90078125 0.4015625 0.071875 0.16640625
2 0.4890625 0.86796875 0.04296875 0.06796875
2 0.528125 0.890625 0.0359375 0.03984375
2 0.296875 0.4640625 0.0265625 0.04140625
2 0.3921875 0.33046875 0.03515625 0.05625
2 0.87890625 0.7734375 0.05625 0.06015625
2 0.1453125 0.21953125 0.0265625 0.03515625
2 0.3078125 0.55859375 0.03203125 0.06328125
2 0.428125 0.37265625 0.03828125 0.06171875
0 0.0296875 0.80546875 0.059375 0.128125
0 0.0421875 0.96953125 0.084375 0.059375
2 0.6828125 0.37421875 0.0453125 0.06015625
2 0.790625 0.8609375 0.040625 0.071875
0 0.834375 0.03984375 0.03515625 0.07890625
2 0.37734375 0.86484375 0.0453125 0.05
2 0.33203125 0.03046875 0.0515625 0.05859375