2 0.8765625 0.08828125 0.06015625 0.08828125
4 0.5 0.67265625 1 0.646875
2 0.4046875 0.86640625 0.04453125 0.065625
2 0.7765625 0.7546875 0.121875 0.18125
2 0.35 0.940625 0.11875 0.115625
2 0.909375 0.38046875 0.05234375 0.04609375
2 0.05078125 0.109375 0.1015625 0.17890625
17 0.97890625 0.96796875 0.0421875 0.06171875
2 0.2515625 0.03359375 0.03203125 0.04296875
2 0.37265625 0.55390625 0.17421875 0.07265625
2 0.475 0.809375 0.07734375 0.08828125
2 0.9546875 0.08984375 0.08984375 0.10234375
2 0.3953125 0.45859375 0.0453125 0.05390625
2 0.09140625 0.53203125 0.08203125 0.27578125
2 0.7859375 0.578125 0.06640625 0.05390625
2 0.165625 0.94765625 0.06484375 0.08671875
2 0.196875 0.33515625 0.1015625 0.14453125