0 0.58671875 0.96796875 0.0421875 0.059375
14 0.109375 0.6109375 0.21875 0.76875
0 0.3890625 0.65703125 0.05625 0.09375
2 0.6421875 0.328125 0.1359375 0.15859375
0 0.346875 0.30546875 0.03203125 0.05
2 0.8734375 0.4796875 0.10703125 0.15078125
0 0.528125 0.8921875 0.06953125 0.11015625
0 0.3109375 0.25390625 0.0265625 0.04296875
2 0.78203125 0.10234375 0.06875 0.084375
0 0.428125 0.72890625 0.03828125 0.06015625
0 0.47109375 0.8015625 0.05546875 0.09609375
2 0.60078125 0.565625 0.0890625 0.115625
2 0.9359375 0.6671875 0.0421875 0.06328125
14 0.3734375 0.496875 0.74296875 0.990625