0 0.03984375 0.36171875 0.0796875 0.15078125
2 0.515625 0.73828125 0.065625 0.084375
0 0.15625 0.43203125 0.1421875 0.21328125
2 0.78125 0.30546875 0.09609375 0.16640625
2 0.8609375 0.6921875 0.0546875 0.08046875
0 0.521875 0.5140625 0.3671875 0.18984375
2 0.6140625 0.71328125 0.0984375 0.08359375
14 0.925 0.33046875 0.15 0.66015625
2 0.3890625 0.23359375 0.04921875 0.06171875
2 0.69765625 0.21171875 0.1609375 0.24609375
2 0.075 0.61484375 0.0890625 0.07421875
2 0.571875 0.8125 0.0546875 0.065625
2 0.3 0.71328125 0.25390625 0.3375
2 0.40625 0.875 0.12734375 0.09140625
2 0.5328125 0.06484375 0.12421875 0.10625
14 0.5 0.35390625 1 0.46328125
0 0.28125 0.48125 0.10390625 0.19375