2 0.24375 0.07734375 0.0359375 0.03984375
2 0.48515625 0.23828125 0.0171875 0.02734375
2 0.4625 0.85859375 0.0203125 0.03671875
2 0.09375 0.446875 0.06171875 0.07890625
2 0.471875 0.20546875 0.028125 0.028125
2 0.49453125 0.05625 0.03515625 0.02421875
2 0.290625 0.22734375 0.1015625 0.12109375
2 0.97265625 0.084375 0.0546875 0.05
2 0.3765625 0.31953125 0.06484375 0.065625
2 0.346875 0.86328125 0.0484375 0.05234375
2 0.190625 0.89296875 0.38125 0.2046875
2 0.9046875 0.1234375 0.03671875 0.05625
2 0.190625 0.11640625 0.05390625 0.071875
2 0.24375 0.53671875 0.1046875 0.09375
2 0.40625 0.05546875 0.0984375 0.0875
2 0.5640625 0.02109375 0.0421875 0.04140625
2 0.19296875 0.78671875 0.02734375 0.04453125
2 0.2890625 0.6265625 0.0375 0.04296875
2 0.034375 0.05078125 0.05625 0.1
2 0.9546875 0.278125 0.0734375 0.096875
2 0.15078125 0.0390625 0.06328125 0.078125
2 0.0140625 0.54609375 0.028125 0.0796875
2 0.1078125 0.6828125 0.034375 0.08828125
2 0.375 0.92265625 0.0484375 0.05546875
2 0.26875 0.028125 0.0296875 0.040625
14 0.5 0.51796875 1 0.6375
2 0.24453125 0.66171875 0.04375 0.07421875
2 0.27109375 0.72265625 0.021875 0.03671875
2 0.41484375 0.96640625 0.03125 0.03203125
2 0.3625 0.690625 0.02421875 0.03203125
0 0.47578125 0.78984375 0.30078125 0.41015625
2 0.3125 0.57578125 0.04140625 0.03671875
2 0.109375 0.11953125 0.0421875 0.08359375
2 0.309375 0.096875 0.05390625 0.0375
2 0.421875 0.14609375 0.07421875 0.06328125
2 0.0296875 0.65703125 0.05859375 0.06484375
2 0.4421875 0.23515625 0.034375 0.05390625
0 0.83828125 0.88828125 0.3234375 0.21484375
2 0.53671875 0.23046875 0.059375 0.04140625
14 0.6546875 0.49765625 0.165625 0.9953125
2 0.5171875 0.3015625 0.0828125 0.07421875
2 0.8890625 0.2921875 0.04765625 0.128125
2 0.60625 0.44453125 0.12421875 0.15625
2 0.2625 0.81796875 0.03203125 0.05390625
2 0.6078125 0.29765625 0.0484375 0.11484375
2 0.528125 0.88125 0.025 0.02578125
2 0.28828125 0.68125 0.028125 0.0375
2 0.13125 0.57421875 0.06171875 0.06953125
2 0.5046875 0.12890625 0.06484375 0.05078125
2 0.3296875 0.78515625 0.028125 0.07890625
2 0.11640625 0.778125 0.06328125 0.04609375
0 0.85234375 0.37265625 0.2953125 0.7390625
2 0.92109375 0.43671875 0.1578125 0.2140625
2 0.1859375 0.659375 0.0390625 0.07421875
2 0.04296875 0.38984375 0.0296875 0.04296875
2 0.4109375 0.78515625 0.08359375 0.09375