2 0.43125 0.04609375 0.0890625 0.08671875
2 0.140625 0.04140625 0.05859375 0.08125
0 0.29296875 0.88203125 0.053125 0.065625
0 0.25546875 0.4359375 0.07578125 0.07734375
0 0.0484375 0.29609375 0.096875 0.13125
0 0.25625 0.73828125 0.05234375 0.08671875
2 0.0640625 0.5640625 0.05234375 0.07734375
0 0.3421875 0.83828125 0.065625 0.078125
2 0.4890625 0.10390625 0.04453125 0.04296875
0 0.0453125 0.91484375 0.07734375 0.12890625
0 0.1703125 0.98046875 0.034375 0.03125
2 0.2390625 0.13203125 0.09296875 0.18203125
2 0.30625 0.03671875 0.0390625 0.06953125
2 0.09609375 0.62890625 0.03359375 0.05390625
0 0.3140625 0.63515625 0.0515625 0.05703125
2 0.4390625 0.17265625 0.04140625 0.06328125
2 0.925 0.3296875 0.14921875 0.14140625
2 0.5140625 0.1640625 0.0453125 0.05390625
2 0.31796875 0.19375 0.1296875 0.08828125
2 0.0984375 0.08203125 0.05234375 0.06484375
2 0.7296875 0.66640625 0.13828125 0.12890625
0 0.01953125 0.96796875 0.0390625 0.06171875
0 0.11484375 0.8546875 0.0765625 0.12109375
0 0.340625 0.48828125 0.10078125 0.09921875
0 0.24609375 0.92890625 0.05625 0.06796875
0 0.19921875 0.95859375 0.03125 0.046875
0 0.178125 0.8046875 0.06171875 0.103125
0 0.225 0.78203125 0.03359375 0.05546875
2 0.96953125 0.5453125 0.0609375 0.134375
2 0.4171875 0.28359375 0.06640625 0.08359375
2 0.675 0.28046875 0.04921875 0.05546875
2 0.91015625 0.78515625 0.0703125 0.15234375
14 0.4296875 0.66328125 0.85859375 0.66796875
14 0.89140625 0.07578125 0.2171875 0.1515625
0 0.171875 0.64609375 0.103125 0.11953125
0 0.95546875 0.21796875 0.0890625 0.13828125
0 0.45 0.90078125 0.26796875 0.19375
0 0.3421875 0.2078125 0.684375 0.415625
0 0.75234375 0.74609375 0.43828125 0.50390625
0 0.265625 0.59453125 0.0421875 0.05859375
2 0.7453125 0.45234375 0.04375 0.065625
0 0.0296875 0.46640625 0.05234375 0.08046875
2 0.778125 0.55234375 0.096875 0.10234375
2 0.875 0.53984375 0.07265625 0.13359375
0 0.0734375 0.47890625 0.04140625 0.04921875
0 0.11015625 0.51875 0.06171875 0.08359375
0 0.15625 0.36953125 0.125 0.10234375
2 0.6 0.63671875 0.07578125 0.06953125
0 0.04375 0.67109375 0.08671875 0.18671875
0 0.7640625 0.11796875 0.07890625 0.21640625
14 0.51875 0.50078125 0.94921875 0.990625