2 0.5375 0.1 0.06328125 0.06015625
0 0.15859375 0.47109375 0.03125 0.03828125
0 0.828125 0.5765625 0.03828125 0.04609375
0 0.209375 0.50703125 0.03125 0.11875
0 0.78515625 0.46328125 0.0421875 0.06328125
0 0.171875 0.5734375 0.0203125 0.02578125
0 0.1578125 0.41875 0.025 0.03125
0 0.22421875 0.66953125 0.02734375 0.05625
2 0.4921875 0.0203125 0.05390625 0.0375
0 0.8703125 0.659375 0.03046875 0.04453125
0 0.0171875 0.07421875 0.03203125 0.04765625
0 0.22734375 0.6203125 0.03515625 0.046875
0 0.85625 0.48125 0.02421875 0.02890625
0 0.8859375 0.6859375 0.021875 0.03828125
2 0.8953125 0.34609375 0.03203125 0.13828125
0 0.2328125 0.7125 0.02890625 0.03515625
0 0.803125 0.51640625 0.0421875 0.06328125
0 0.38671875 0.1734375 0.0875 0.34375
14 0.046875 0.03046875 0.09375 0.06015625
3 0.1140625 0.64375 0.02890625 0.02890625
0 0.7640625 0.5015625 0.27734375 0.50859375
2 0.6859375 0.78671875 0.0265625 0.04765625
0 0.175 0.34609375 0.071875 0.06015625
0 0.96796875 0.3015625 0.0640625 0.603125
0 0.4078125 0.76328125 0.06015625 0.46484375
2 0.2359375 0.07421875 0.02890625 0.03671875
14 0.78515625 0.43046875 0.4265625 0.8609375
14 0.2890625 0.4984375 0.20078125 0.996875
2 0.5953125 0.9515625 0.1 0.05390625
14 0.2078125 0.6734375 0.08671875 0.64765625
14 0.95390625 0.384375 0.0921875 0.76875
2 0.028125 0.6359375 0.0265625 0.03046875
0 0.8421875 0.42734375 0.034375 0.040625
0 0.20078125 0.3140625 0.2921875 0.56015625
2 0.6109375 0.47421875 0.09296875 0.16328125
2 0.484375 0.62265625 0.04375 0.03671875
0 0.84375 0.62890625 0.0453125 0.06484375
0 0.81796875 0.34296875 0.0578125 0.071875
2 0.2140625 0.58125 0.02421875 0.03125
2 0.95 0.95546875 0.075 0.08046875
0 0.896875 0.7390625 0.04453125 0.06171875