2 0.7203125 0.76171875 0.03203125 0.03671875
2 0.153125 0.596875 0.0859375 0.04765625
2 0.71640625 0.97890625 0.1828125 0.04140625
2 0.21015625 0.47421875 0.053125 0.075
2 0.66328125 0.24921875 0.16328125 0.30234375
2 0.51796875 0.065625 0.11328125 0.12578125
2 0.45 0.6671875 0.03671875 0.03828125
14 0.4203125 0.5 0.13984375 0.99765625
2 0.23984375 0.9609375 0.153125 0.078125
2 0.9015625 0.953125 0.196875 0.09375
2 0.12734375 0.7734375 0.0671875 0.09765625
2 0.2 0.22578125 0.39921875 0.28515625
2 0.30546875 0.5109375 0.06640625 0.11328125
2 0.5 0.32890625 0.15234375 0.08359375
2 0.315625 0.80546875 0.12734375 0.18828125
2 0.090625 0.03359375 0.04921875 0.06484375
5 0.03125 0.15546875 0.0625 0.16328125
2 0.225 0.3703125 0.04140625 0.03671875
2 0.66875 0.54296875 0.09609375 0.20234375
2 0.10703125 0.13671875 0.08671875 0.15078125
2 0.8625 0.43359375 0.27421875 0.853125
2 0.6046875 0.02265625 0.034375 0.04453125
2 0.31484375 0.35078125 0.0796875 0.09375
2 0.5609375 0.7734375 0.0484375 0.05703125
2 0.5484375 0.51484375 0.16015625 0.24140625
2 0.54375 0.209375 0.0828125 0.096875
2 0.1578125 0.678125 0.0234375 0.03359375
2 0.3171875 0.64609375 0.07578125 0.1375
2 0.03125 0.39921875 0.0625 0.075
2 0.43125 0.46171875 0.0375 0.05859375
2 0.040625 0.8359375 0.08046875 0.271875
2 0.4609375 0.2015625 0.05546875 0.11328125
2 0.19296875 0.25078125 0.059375 0.06015625
2 0.1890625 0.046875 0.08046875 0.09375
2 0.1203125 0.38828125 0.09609375 0.11875
2 0.05625 0.51796875 0.11171875 0.13984375
2 0.69921875 0.05546875 0.0515625 0.09375
2 0.3171875 0.07421875 0.17109375 0.140625
2 0.7671875 0.9078125 0.0859375 0.109375
2 0.653125 0.85390625 0.0359375 0.06875
2 0.14140625 0.48359375 0.05546875 0.08203125
2 0.1125 0.30859375 0.12890625 0.07265625
2 0.240625 0.303125 0.06953125 0.09765625
2 0.25703125 0.4265625 0.0703125 0.15234375