2 0.5765625 0.56015625 0.0171875 0.021875
2 0.41875 0.4515625 0.03046875 0.021875
2 0.3 0.80625 0.0140625 0.01875
2 0.97734375 0.56015625 0.0453125 0.134375
2 0.096875 0.43515625 0.02421875 0.03203125
2 0.896875 0.58984375 0.0515625 0.06953125
2 0.06875 0.77734375 0.01640625 0.01484375
2 0.459375 0.309375 0.0203125 0.01875
2 0.015625 0.28203125 0.01328125 0.028125
2 0.9 0.240625 0.146875 0.478125
2 0.0953125 0.7625 0.01171875 0.02578125
2 0.403125 0.60234375 0.01484375 0.02265625
2 0.44296875 0.828125 0.02734375 0.06796875
2 0.6390625 0.18828125 0.03515625 0.05546875
9 0.3828125 0.0921875 0.15234375 0.184375
14 0.5 0.39296875 1 0.20546875
2 0.7921875 0.8984375 0.0578125 0.11640625
2 0.4265625 0.73359375 0.0359375 0.040625
9 0.9171875 0.7578125 0.12109375 0.478125
2 0.13125 0.92109375 0.04765625 0.06484375
9 0.56484375 0.284375 0.02890625 0.17578125
2 0.73125 0.21640625 0.03515625 0.05390625
2 0.11875 0.5203125 0.01171875 0.015625
2 0.0125 0.1671875 0.02421875 0.07890625
2 0.1171875 0.128125 0.03515625 0.05
2 0.07890625 0.21015625 0.0375 0.04296875
2 0.646875 0.1109375 0.028125 0.03125
9 0.53515625 0.85859375 0.05078125 0.12265625
2 0.98828125 0.93828125 0.0234375 0.05
2 0.9671875 0.65078125 0.04921875 0.03359375
9 0.484375 0.890625 0.04375 0.04453125
2 0.51875 0.821875 0.0375 0.05234375
9 0.78125 0.7984375 0.0875 0.13203125
2 0.6640625 0.55390625 0.03203125 0.040625
9 0.8328125 0.50625 0.09453125 0.03359375
9 0.25625 0.5828125 0.0765625 0.04140625
9 0.5984375 0.090625 0.05234375 0.01953125
2 0.7359375 0.9125 0.03515625 0.04765625
9 0.5921875 0.64140625 0.13671875 0.096875
2 0.196875 0.16484375 0.04296875 0.059375
2 0.7015625 0.35546875 0.02890625 0.04140625
2 0.096875 0.55703125 0.0203125 0.02265625
2 0.5796875 0.1953125 0.0359375 0.04453125
2 0.83515625 0.83125 0.0375 0.05859375
9 0.265625 0.86796875 0.06328125 0.06875
2 0.7140625 0.14375 0.02109375 0.021875
2 0.32890625 0.10546875 0.01953125 0.02578125
2 0.2328125 0.54453125 0.04453125 0.04140625
2 0.00703125 0.77578125 0.0140625 0.02421875
2 0.47734375 0.08828125 0.02734375 0.05078125
9 0.215625 0.09921875 0.03828125 0.16796875
2 0.36875 0.76875 0.028125 0.03203125
2 0.171875 0.09921875 0.01796875 0.03046875
9 0.7828125 0.24375 0.12109375 0.21328125
9 0.6046875 0.67421875 0.0234375 0.12890625