14 0.05546875 0.06953125 0.1109375 0.13515625
2 0.8671875 0.721875 0.05546875 0.096875
2 0.4171875 0.10703125 0.084375 0.075
2 0.42421875 0.87109375 0.090625 0.115625
2 0.74375 0.71328125 0.04453125 0.08125
2 0.2953125 0.92734375 0.12421875 0.12421875
2 0.471875 0.6828125 0.153125 0.18828125
2 0.1640625 0.52890625 0.0703125 0.09609375
14 0.2953125 0.49921875 0.590625 0.99609375
2 0.7953125 0.053125 0.05625 0.05859375
2 0.65390625 0.54453125 0.0453125 0.09765625
2 0.26796875 0.31953125 0.14921875 0.12578125
14 0.70625 0.43125 0.246875 0.86015625
2 0.109375 0.85390625 0.0375 0.059375
2 0.6390625 0.25078125 0.04296875 0.059375