2 0.45625 0.06328125 0.0296875 0.0375
2 0.38125 0.903125 0.03828125 0.02890625
2 0.625 0.1015625 0.025 0.03125
0 0.14296875 0.75234375 0.02421875 0.05
2 0.3296875 0.63828125 0.0140625 0.03828125
0 0.5515625 0.80234375 0.01796875 0.03046875
2 0.6125 0.26171875 0.0171875 0.02265625
2 0.7515625 0.32109375 0.02734375 0.02421875
2 0.42578125 0.57421875 0.01484375 0.046875
2 0.61796875 0.35 0.05859375 0.07734375
0 0.621875 0.721875 0.02421875 0.02421875
2 0.47421875 0.34140625 0.0234375 0.02890625
0 0.0328125 0.59453125 0.065625 0.16328125
2 0.1703125 0.1671875 0.01328125 0.01953125
2 0.77578125 0.9484375 0.02109375 0.046875
2 0.5875 0.36171875 0.021875 0.02265625
3 0.82265625 0.0515625 0.06484375 0.09765625
2 0.6140625 0.15390625 0.01953125 0.03671875
2 0.3015625 0.653125 0.02421875 0.02421875
2 0.7125 0.35625 0.02109375 0.02734375
2 0.22890625 0.3140625 0.01796875 0.03359375
2 0.453125 0.88046875 0.040625 0.040625
2 0.246875 0.14375 0.028125 0.04609375
2 0.0546875 0.48984375 0.025 0.03359375
2 0.70703125 0.3078125 0.01953125 0.03515625
2 0.265625 0.89765625 0.04453125 0.06015625
2 0.89296875 0.91640625 0.0203125 0.03125
2 0.7125 0.26015625 0.02109375 0.03125
0 0.1296875 0.6640625 0.04453125 0.06796875
2 0.6578125 0.39765625 0.0171875 0.02421875
2 0.61015625 0.2171875 0.0171875 0.04453125
0 0.0140625 0.58359375 0.028125 0.04140625
2 0.60625 0.659375 0.0203125 0.03359375
0 0.00859375 0.0203125 0.0171875 0.03515625
2 0.69921875 0.45546875 0.0375 0.03828125
2 0.54765625 0.628125 0.0171875 0.02578125
2 0.5921875 0.87265625 0.03359375 0.04296875
2 0.7171875 0.171875 0.07890625 0.08828125
2 0.8921875 0.67421875 0.10390625 0.13828125
0 0.628125 0.50234375 0.05078125 0.04609375
0 0.19375 0.5953125 0.0375 0.06484375
2 0.253125 0.3203125 0.0265625 0.06015625
2 0.925 0.97265625 0.0296875 0.028125
2 0.5625 0.27890625 0.02109375 0.02265625
2 0.4375 0.70390625 0.02109375 0.02578125
0 0.5765625 0.76015625 0.01640625 0.03125
0 0.75859375 0.71953125 0.0234375 0.02734375
2 0.3421875 0.5609375 0.01640625 0.01484375
2 0.675 0.30546875 0.0234375 0.03359375
2 0.29921875 0.0296875 0.021875 0.03203125
2 0.5109375 0.26015625 0.02109375 0.03125
2 0.85234375 0.86796875 0.02109375 0.03359375
0 0.790625 0.35546875 0.08984375 0.140625
2 0.2234375 0.984375 0.05625 0.03125
2 0.975 0.61953125 0.03125 0.0375
0 0.1078125 0.6953125 0.03125 0.084375
3 0.171875 0.85859375 0.13125 0.190625
2 0.121875 0.32578125 0.01796875 0.03125
2 0.3046875 0.378125 0.02109375 0.04140625
4 0.5203125 0.30390625 0.27421875 0.45859375
3 0.79375 0.39765625 0.08359375 0.07890625
16 0.88359375 0.25859375 0.2296875 0.5171875
2 0.2796875 0.81015625 0.0421875 0.07890625
2 0.61796875 0.42890625 0.0140625 0.02421875
2 0.1671875 0.35703125 0.02421875 0.03515625
3 0.3625 0.41484375 0.18515625 0.24609375
2 0.09921875 0.45234375 0.0171875 0.01953125
2 0.51875 0.390625 0.0171875 0.02578125
0 0.73359375 0.8453125 0.5328125 0.3
0 0.75 0.76796875 0.0234375 0.03671875
2 0.12109375 0.084375 0.0203125 0.04921875
2 0.0546875 0.16015625 0.01796875 0.028125
3 0.3453125 0.86875 0.184375 0.24609375
2 0.7625 0.065625 0.0171875 0.021875
2 0.0671875 0.8984375 0.0484375 0.06015625
2 0.75 0.8359375 0.02109375 0.02421875
2 0.3671875 0.3359375 0.05625 0.09375
2 0.16875 0.44296875 0.01484375 0.02265625
2 0.0703125 0.2578125 0.0203125 0.0375
0 0.86953125 0.484375 0.128125 0.11484375
3 0.109375 0.73359375 0.04453125 0.16953125
2 0.29375 0.25625 0.02421875 0.03359375
2 0.053125 0.35859375 0.01953125 0.03671875
2 0.178125 0.49453125 0.02890625 0.03515625