2 0.59765625 0.68984375 0.0203125 0.03203125
2 0.884375 0.6203125 0.03125 0.04453125
2 0.0921875 0.12578125 0.04921875 0.09609375
2 0.60078125 0.10390625 0.0703125 0.11875
2 0.81875 0.6578125 0.065625 0.084375
2 0.0484375 0.68046875 0.096875 0.10234375
14 0.5125 0.4984375 0.06875 0.996875
2 0.03125 0.12578125 0.01953125 0.02578125
2 0.2078125 0.36796875 0.059375 0.0875
2 0.7671875 0.15703125 0.025 0.03125
2 0.0640625 0.9390625 0.02421875 0.03359375
2 0.78125 0.86875 0.0390625 0.06875
2 0.38828125 0.7984375 0.1046875 0.09140625
2 0.7171875 0.7171875 0.1109375 0.15234375
2 0.4453125 0.91875 0.10078125 0.13515625
2 0.715625 0.24140625 0.02109375 0.03203125
2 0.0859375 0.8203125 0.05234375 0.08203125
2 0.625 0.32265625 0.0515625 0.05078125
2 0.16484375 0.92421875 0.02734375 0.03359375
2 0.1703125 0.08125 0.059375 0.12265625
2 0.4765625 0.44921875 0.0265625 0.040625
2 0.39140625 0.02265625 0.03359375 0.03359375
2 0.16484375 0.61328125 0.0234375 0.02421875
2 0.671875 0.08515625 0.053125 0.05
2 0.45703125 0.15 0.0796875 0.16796875
2 0.315625 0.196875 0.0515625 0.07109375
2 0.965625 0.54140625 0.028125 0.05
2 0.3578125 0.68125 0.11015625 0.134375
2 0.64765625 0.56328125 0.07734375 0.16171875
2 0.41796875 0.46796875 0.059375 0.0875
2 0.525 0.4484375 0.034375 0.046875
2 0.7515625 0.31796875 0.03671875 0.06484375
2 0.2046875 0.7578125 0.0265625 0.0375
2 0.015625 0.028125 0.025 0.03203125
2 0.13125 0.72578125 0.03515625 0.05390625
2 0.296875 0.878125 0.05234375 0.06328125
2 0.96640625 0.1359375 0.0671875 0.153125
2 0.06640625 0.45390625 0.0265625 0.03515625
2 0.8140625 0.04140625 0.0890625 0.07890625