2 0.740625 0.60859375 0.1 0.13046875
2 0.075 0.70859375 0.05234375 0.059375
14 0.4 0.628125 0.8 0.721875
2 0.49296875 0.60703125 0.05859375 0.07265625
2 0.925 0.56015625 0.065625 0.07734375
2 0.95625 0.1359375 0.04609375 0.05390625
2 0.08359375 0.928125 0.05625 0.08203125
2 0.1265625 0.65390625 0.03203125 0.03671875
2 0.6015625 0.46640625 0.08515625 0.18828125
2 0.85390625 0.2796875 0.0609375 0.08359375
2 0.296875 0.8984375 0.06875 0.07890625
2 0.37578125 0.08046875 0.07265625 0.09921875
2 0.5625 0.21015625 0.075 0.05546875
2 0.2984375 0.20078125 0.05234375 0.06171875
2 0.80859375 0.4359375 0.084375 0.10625
2 0.85546875 0.75625 0.071875 0.103125