2 0.1265625 0.6828125 0.028125 0.02734375
0 0.89140625 0.95078125 0.03359375 0.08046875
2 0.184375 0.79453125 0.01328125 0.015625
2 0.1625 0.66484375 0.0203125 0.02421875
0 0.75703125 0.70390625 0.03828125 0.06953125
0 0.24140625 0.6296875 0.04765625 0.10625
2 0.70859375 0.36875 0.0265625 0.03359375
2 0.5625 0.07265625 0.025 0.06484375
2 0.59921875 0.72265625 0.0296875 0.04296875
0 0.9 0.78984375 0.0625 0.09140625
0 0.01015625 0.20546875 0.0203125 0.12890625
2 0.734375 0.57890625 0.0296875 0.04765625
0 0.98984375 0.9859375 0.0203125 0.025
2 0.49375 0.98203125 0.01484375 0.01953125
4 0.3484375 0.38046875 0.22265625 0.36015625
0 0.56484375 0.6390625 0.3359375 0.57734375
2 0.0546875 0.94296875 0.01796875 0.021875
0 0.9671875 0.58359375 0.06484375 0.07265625
16 0.659375 0.15390625 0.190625 0.3
0 0.98515625 0.4546875 0.0296875 0.08125
0 0.315625 0.74453125 0.03203125 0.05625
2 0.078125 0.86953125 0.028125 0.02890625
0 0.85703125 0.49375 0.146875 0.66015625
2 0.0671875 0.96484375 0.01484375 0.01953125
0 0.3625 0.94609375 0.03046875 0.03515625
2 0.52578125 0.09765625 0.0171875 0.02265625
0 0.8421875 0.12265625 0.034375 0.05859375
2 0.48125 0.2359375 0.02265625 0.028125
2 0.21328125 0.49140625 0.01484375 0.021875
2 0.171875 0.98203125 0.04765625 0.03125
2 0.3421875 0.93515625 0.0171875 0.01875
2 0.3 0.70859375 0.03125 0.040625
2 0.23125 0.890625 0.0140625 0.02265625
2 0.5078125 0.11796875 0.0171875 0.021875
2 0.334375 0.49296875 0.0234375 0.03046875
0 0.5171875 0.403125 0.01796875 0.01875
2 0.459375 0.0109375 0.01953125 0.01875
2 0.5703125 0.98046875 0.0171875 0.02578125
2 0.5328125 0.54140625 0.0453125 0.03828125
0 0.51171875 0.92578125 0.02734375 0.02890625
0 0.984375 0.95390625 0.02265625 0.02265625
2 0.9140625 0.06328125 0.02421875 0.03046875
0 0.68359375 0.359375 0.0625 0.103125
2 0.528125 0.64140625 0.025 0.03125
2 0.365625 0.6015625 0.03359375 0.046875
2 0.40390625 0.95703125 0.053125 0.08046875
2 0.9359375 0.9625 0.0265625 0.04765625
2 0.075 0.2421875 0.0171875 0.02421875
2 0.8484375 0.0140625 0.0265625 0.02578125
0 0.3953125 0.49375 0.04140625 0.05
0 0.7828125 0.65 0.025 0.03125
2 0.11171875 0.365625 0.03203125 0.02734375
2 0.953125 0.88359375 0.028125 0.03359375
0 0.509375 0.3171875 0.028125 0.06796875
2 0.8890625 0.44765625 0.02109375 0.03046875
2 0.8984375 0.28203125 0.06484375 0.09609375
0 0.49375 0.01328125 0.03125 0.0265625
2 0.159375 0.009375 0.0234375 0.01328125
2 0.0828125 0.89609375 0.01796875 0.02421875
0 0.0078125 0.02421875 0.01484375 0.04765625
2 0.2828125 0.20625 0.025 0.02578125
2 0.1484375 0.3015625 0.03125 0.03359375
0 0.44140625 0.428125 0.0203125 0.02578125
2 0.259375 0.0859375 0.01328125 0.01328125
2 0.5875 0.5203125 0.01484375 0.01875
2 0.1859375 0.83515625 0.06328125 0.04296875
2 0.3 0.04140625 0.01328125 0.021875
2 0.625 0.44921875 0.03515625 0.04765625
2 0.20859375 0.44765625 0.0140625 0.01328125
2 0.15 0.90703125 0.01953125 0.01875
0 0.47734375 0.909375 0.0171875 0.02578125
2 0.0375 0.5796875 0.0203125 0.03125
2 0.9015625 0.38203125 0.0234375 0.01875
2 0.1625 0.19140625 0.0390625 0.03671875
2 0.4 0.16953125 0.02734375 0.03828125
2 0.54140625 0.3375 0.01640625 0.02890625
2 0.01953125 0.66875 0.0234375 0.04453125
0 0.6171875 0.30234375 0.03515625 0.04609375
2 0.571875 0.45625 0.04921875 0.03359375
2 0.96015625 0.21015625 0.0375 0.04296875
2 0.9375 0.63828125 0.0109375 0.01953125
0 0.771875 0.88984375 0.0234375 0.02734375
0 0.0625 0.440625 0.01796875 0.02421875
2 0.9265625 0.53828125 0.03125 0.02578125
2 0.9625 0.11015625 0.01484375 0.01640625
2 0.384375 0.22890625 0.03203125 0.03359375
2 0.784375 0.628125 0.01640625 0.01796875
2 0.52734375 0.96171875 0.0265625 0.02578125
2 0.0453125 0.89453125 0.0171875 0.02578125
2 0.0515625 0.6859375 0.01640625 0.01953125
0 0.3671875 0.85078125 0.04609375 0.11875
0 0.9140625 0.95859375 0.0265625 0.03203125
2 0.190625 0.1671875 0.02109375 0.028125
2 0.1328125 0.12265625 0.01796875 0.02421875
2 0.3265625 0.08984375 0.01953125 0.03515625
2 0.340625 0.03828125 0.01015625 0.01796875
2 0.38515625 0.28515625 0.02421875 0.03046875
0 0.07890625 0.03046875 0.0484375 0.0609375
2 0.909375 0.5125 0.03046875 0.02265625
2 0.2359375 0.83515625 0.0140625 0.02265625
2 0.0546875 0.6015625 0.01328125 0.01796875
2 0.753125 0.20859375 0.053125 0.08671875
2 0.346875 0.725 0.01328125 0.02578125
0 0.09921875 0.97734375 0.02734375 0.03671875
2 0.4546875 0.73515625 0.02421875 0.03203125
2 0.396875 0.3234375 0.0171875 0.028125
0 0.05078125 0.17109375 0.0453125 0.06953125
2 0.13515625 0.71328125 0.040625 0.03125
2 0.9359375 0.365625 0.02421875 0.021875
2 0.20859375 0.98359375 0.01640625 0.02578125
2 0.5625 0.26171875 0.01796875 0.01953125
2 0.27578125 0.6015625 0.0453125 0.04453125
0 0.5703125 0.20625 0.028125 0.05234375
2 0.0796875 0.57109375 0.02421875 0.03046875
2 0.41328125 0.0953125 0.090625 0.08828125
2 0.1015625 0.52578125 0.0203125 0.028125
2 0.2828125 0.66796875 0.03671875 0.040625
2 0.99296875 0.8984375 0.0140625 0.028125
0 0.9453125 0.48203125 0.01953125 0.03125
2 0.15625 0.446875 0.025 0.028125
2 0.403125 0.859375 0.025 0.05
2 0.615625 0.7609375 0.01953125 0.04296875
2 0.4859375 0.134375 0.01484375 0.021875
0 0.48828125 0.86796875 0.01953125 0.02578125
2 0.525 0.76640625 0.01328125 0.02265625
2 0.790625 0.88984375 0.01796875 0.0375
2 0.53125 0.046875 0.040625 0.07265625
2 0.5140625 0.578125 0.0171875 0.021875
2 0.91484375 0.09453125 0.01484375 0.03203125
2 0.8578125 0.79296875 0.01640625 0.03203125
2 0.60390625 0.64375 0.0359375 0.04609375
2 0.875 0.075 0.03359375 0.02734375
2 0.7734375 0.60390625 0.01640625 0.01953125
2 0.9046875 0.34453125 0.021875 0.046875
2 0.08515625 0.365625 0.01953125 0.02734375
2 0.2109375 0.79765625 0.02109375 0.02265625
2 0.0421875 0.27265625 0.01796875 0.01953125
2 0.284375 0.05546875 0.01484375 0.02421875
2 0.65234375 0.80390625 0.04453125 0.04609375
2 0.0328125 0.53046875 0.0203125 0.01875
2 0.1484375 0.40546875 0.01640625 0.02265625
2 0.1203125 0.2765625 0.01484375 0.021875
0 0.78828125 0.43046875 0.034375 0.05234375
2 0.0359375 0.23515625 0.0171875 0.021875
2 0.10234375 0.55390625 0.0234375 0.02421875
2 0.3125 0.98984375 0.02734375 0.01796875
2 0.159375 0.85859375 0.0171875 0.02421875