2 0.01796875 0.53828125 0.0359375 0.05859375
2 0.8 0.7484375 0.134375 0.20234375
2 0.8953125 0.89921875 0.01796875 0.02890625
2 0.871875 0.55390625 0.03203125 0.03046875
2 0.425 0.89140625 0.053125 0.05859375
2 0.921875 0.50703125 0.0234375 0.06328125
2 0.5796875 0.75390625 0.03828125 0.06796875
2 0.45703125 0.00859375 0.0265625 0.0171875
2 0.23125 0.4375 0.028125 0.04453125
2 0.415625 0.02109375 0.05625 0.04140625
2 0.671875 0.15703125 0.02265625 0.028125
2 0.53125 0.97265625 0.05546875 0.05
8 0.57890625 0.428125 0.0859375 0.21875
2 0.38046875 0.42578125 0.0296875 0.06328125
2 0.175 0.871875 0.028125 0.07109375
2 0.77578125 0.515625 0.0515625 0.06015625
2 0.7859375 0.01953125 0.090625 0.03828125
2 0.37578125 0.9046875 0.0203125 0.021875
5 0.078125 0.66015625 0.0625 0.08671875
2 0.0625 0.08828125 0.12421875 0.17421875
2 0.76015625 0.98671875 0.05078125 0.021875
2 0.83125 0.115625 0.02265625 0.02890625
2 0.58203125 0.93046875 0.190625 0.13515625
2 0.6875 0.35859375 0.0234375 0.046875
2 0.9671875 0.76171875 0.06484375 0.34921875
2 0.4625 0.0625 0.0546875 0.0875
2 0.05 0.5203125 0.02109375 0.02734375
2 0.65625 0.90546875 0.04453125 0.05234375
2 0.6375 0.42421875 0.034375 0.02890625
2 0.4515625 0.56640625 0.0578125 0.065625
2 0.98359375 0.38515625 0.0328125 0.0265625
2 0.71328125 0.5515625 0.0390625 0.07890625
2 0.28828125 0.74140625 0.01640625 0.01953125
2 0.65859375 0.06484375 0.025 0.02578125
2 0.0640625 0.946875 0.12734375 0.103125
2 0.34375 0.6796875 0.05859375 0.05703125
2 0.5203125 0.02421875 0.0390625 0.04765625