2 0.8125 0.5890625 0.05234375 0.05546875
2 0.6578125 0.16484375 0.03828125 0.05
2 0.3703125 0.75234375 0.02734375 0.03984375
2 0.96953125 0.81484375 0.0203125 0.04609375
2 0.70625 0.06484375 0.071875 0.03359375
3 0.0953125 0.23125 0.190625 0.459375
2 0.4921875 0.60078125 0.05078125 0.059375
2 0.87109375 0.26328125 0.05625 0.06171875
2 0.60703125 0.94296875 0.0359375 0.05
2 0.8390625 0.83984375 0.03671875 0.05390625
2 0.9703125 0.8984375 0.05234375 0.05546875
2 0.475 0.90703125 0.0234375 0.0375
2 0.8890625 0.08515625 0.0203125 0.03125
2 0.4875 0.84921875 0.03359375 0.03984375
2 0.359375 0.54453125 0.21796875 0.25
2 0.51875 0.79609375 0.01796875 0.02265625
4 0.5296875 0.5046875 0.43984375 0.98515625
2 0.78984375 0.2171875 0.0578125 0.09765625
2 0.12578125 0.64921875 0.034375 0.04765625
2 0.484375 0.67890625 0.034375 0.05078125
2 0.90625 0.93046875 0.03828125 0.02421875
2 0.8890625 0.465625 0.0390625 0.05546875
2 0.9296875 0.5859375 0.02890625 0.05625
0 0.08203125 0.05234375 0.1109375 0.1046875
2 0.44375 0.74296875 0.02421875 0.04296875
2 0.778125 0.9140625 0.0390625 0.06796875
2 0.7671875 0.37734375 0.059375 0.05390625
2 0.2703125 0.684375 0.03203125 0.04296875
2 0.453125 0.33671875 0.08359375 0.25078125
2 0.2359375 0.221875 0.02734375 0.04765625
2 0.9125 0.8203125 0.034375 0.04453125
2 0.83125 0.0171875 0.01953125 0.03203125
0 0.43125 0.1625 0.39140625 0.25546875
2 0.8234375 0.66328125 0.06796875 0.08984375
2 0.159375 0.26640625 0.16953125 0.23984375
2 0.5171875 0.5046875 0.028125 0.03828125
2 0.7375 0.82578125 0.04453125 0.05078125
2 0.3328125 0.32421875 0.05390625 0.06875
0 0.33125 0.72578125 0.6625 0.5390625