2 0.628125 0.1453125 0.04140625 0.040625
2 0.5859375 0.84453125 0.01796875 0.028125
2 0.446875 0.74609375 0.040625 0.04765625
2 0.85 0.01953125 0.17578125 0.03828125
2 0.09609375 0.95234375 0.04140625 0.0875
2 0.6171875 0.4328125 0.05546875 0.05390625
2 0.053125 0.02890625 0.03828125 0.046875
5 0.3890625 0.71796875 0.0765625 0.09609375
2 0.2125 0.78671875 0.04765625 0.08671875
2 0.75703125 0.92109375 0.03046875 0.03828125
2 0.4859375 0.67578125 0.0453125 0.05625
2 0.39609375 0.009375 0.0203125 0.01875
2 0.203125 0.27578125 0.04765625 0.06328125
2 0.7046875 0.04921875 0.04609375 0.09609375
2 0.1421875 0.91171875 0.0390625 0.040625
2 0.3640625 0.19453125 0.04765625 0.04140625
2 0.4296875 0.80078125 0.04296875 0.04765625
2 0.44765625 0.0390625 0.03046875 0.0375
2 0.65234375 0.01640625 0.0234375 0.0328125
2 0.6015625 0.28984375 0.03046875 0.03671875
2 0.4140625 0.92109375 0.11328125 0.15234375
2 0.23125 0.10390625 0.07265625 0.06484375
3 0.74375 0.07265625 0.50625 0.14453125
2 0.7546875 0.39140625 0.0265625 0.02578125
2 0.80546875 0.24375 0.03046875 0.04140625
2 0.8828125 0.72734375 0.04609375 0.06796875
2 0.08828125 0.89453125 0.0296875 0.065625
2 0.5171875 0.80546875 0.1 0.09375
2 0.5703125 0.15703125 0.04140625 0.05390625
2 0.7296875 0.41328125 0.0234375 0.03671875
5 0.546875 0.47890625 0.05078125 0.06875
2 0.54296875 0.97265625 0.03125 0.04765625
2 0.3390625 0.97890625 0.0234375 0.03515625
2 0.559375 0.8859375 0.06640625 0.07265625
2 0.3015625 0.65234375 0.09296875 0.07421875
2 0.3125 0.0671875 0.04296875 0.08671875
2 0.0625 0.85390625 0.03515625 0.04453125
2 0.4015625 0.42890625 0.025 0.04921875
2 0.7609375 0.05625 0.0359375 0.05625
2 0.55078125 0.01953125 0.0671875 0.03671875
2 0.6296875 0.659375 0.0234375 0.03359375
5 0.121875 0.25 0.04609375 0.06796875
2 0.69765625 0.15234375 0.0546875 0.08671875
2 0.77421875 0.975 0.04453125 0.04453125
5 0.45390625 0.46953125 0.06796875 0.09609375
5 0.94765625 0.10078125 0.040625 0.059375
5 0.28671875 0.42109375 0.08984375 0.10625
2 0.8953125 0.12734375 0.0828125 0.15703125
2 0.7421875 0.028125 0.0546875 0.05625
2 0.0296875 0.8859375 0.05859375 0.08046875
2 0.3390625 0.73828125 0.02421875 0.0375
2 0.95546875 0.22734375 0.0890625 0.084375
5 0.5125 0.42578125 0.0484375 0.06484375
14 0.596875 0.49765625 0.58046875 0.603125
2 0.9078125 0.86953125 0.03203125 0.0375
2 0.56953125 0.33515625 0.08046875 0.11640625
2 0.640625 0.93359375 0.0484375 0.05546875
5 0.6640625 0.39453125 0.07890625 0.10625
2 0.29375 0.80546875 0.03046875 0.06953125
5 0.9421875 0.94453125 0.06953125 0.08828125
2 0.0578125 0.35390625 0.11484375 0.70625
2 0.93984375 0.63828125 0.1203125 0.44609375
2 0.98359375 0.10625 0.0328125 0.115625
2 0.7984375 0.68984375 0.15390625 0.3625
2 0.73828125 0.18046875 0.01953125 0.028125
2 0.95 0.3828125 0.0453125 0.06484375
5 0.83125 0.17890625 0.071875 0.09609375
5 0.840625 0.68671875 0.059375 0.08046875
2 0.03125 0.80234375 0.0625 0.08671875
2 0.5984375 0.20703125 0.10078125 0.05390625
2 0.6625 0.584375 0.1078125 0.16640625
2 0.72578125 0.31015625 0.03046875 0.03671875
2 0.25078125 0.29453125 0.03671875 0.05078125
2 0.2078125 0.9453125 0.11015625 0.103125
2 0.8265625 0.49765625 0.0390625 0.07265625
2 0.903125 0.29140625 0.04609375 0.04296875
2 0.51875 0.54375 0.1828125 0.17578125
2 0.1625 0.08984375 0.0453125 0.07265625
2 0.7640625 0.23203125 0.0515625 0.04296875
2 0.1 0.27578125 0.09140625 0.14296875
2 0.1546875 0.79609375 0.05625 0.071875
2 0.88203125 0.37109375 0.0359375 0.05390625
2 0.19453125 0.41796875 0.06484375 0.06953125
2 0.4875 0.9046875 0.0546875 0.06484375
3 0.14453125 0.75546875 0.1765625 0.26640625
2 0.5625 0.25390625 0.04296875 0.03203125
2 0.45 0.18515625 0.12421875 0.1375
2 0.7875 0.1234375 0.02734375 0.0375
2 0.21328125 0.55234375 0.03359375 0.03515625
2 0.1234375 0.14453125 0.03828125 0.03359375
2 0.34921875 0.83046875 0.053125 0.03828125