2 0.928125 0.70625 0.02265625 0.03359375
2 0.85703125 0.753125 0.028125 0.05234375
0 0.8375 0.33515625 0.071875 0.1125
2 0.61796875 0.42109375 0.0140625 0.021875
2 0.1734375 0.45390625 0.02421875 0.01796875
0 0.93515625 0.26875 0.01953125 0.02421875
2 0.34609375 0.378125 0.03125 0.03125
3 0.340625 0.58984375 0.14453125 0.134375
2 0.78125 0.79296875 0.03125 0.03203125
2 0.640625 0.36171875 0.02265625 0.02421875
2 0.01796875 0.1 0.028125 0.02578125
2 0.0703125 0.01484375 0.01484375 0.01640625
2 0.71875 0.44921875 0.0265625 0.01796875
2 0.81875 0.50390625 0.01640625 0.01875
2 0.725 0.7015625 0.021875 0.021875
2 0.78125 0.10234375 0.0171875 0.04140625
2 0.590625 0.66875 0.02109375 0.03125
2 0.284375 0.0140625 0.01796875 0.028125
3 0.10390625 0.1828125 0.11328125 0.12578125
5 0.71640625 0.33046875 0.02109375 0.028125
2 0.90859375 0.678125 0.02109375 0.028125
5 0.47265625 0.77109375 0.0265625 0.03515625
4 0.3546875 0.25390625 0.209375 0.421875
2 0.15625 0.6296875 0.021875 0.02265625
2 0.6875 0.2984375 0.0203125 0.02734375
0 0.0109375 0.29765625 0.02109375 0.03125
2 0.23828125 0.56015625 0.01484375 0.01953125
2 0.54375 0.678125 0.0234375 0.02578125
3 0.49375 0.046875 0.084375 0.09140625
2 0.55859375 0.12890625 0.0359375 0.02890625
3 0.25859375 0.3640625 0.09765625 0.18828125
2 0.96875 0.21953125 0.01484375 0.02578125
2 0.69375 0.33984375 0.021875 0.04296875
2 0.69921875 0.12734375 0.03125 0.04453125
2 0.8609375 0.13359375 0.01640625 0.02265625
2 0.51953125 0.17421875 0.01953125 0.01875
2 0.846875 0.70078125 0.03359375 0.04140625
2 0.403125 0.86328125 0.0171875 0.02421875
2 0.025 0.69453125 0.0265625 0.04296875
0 0.76796875 0.659375 0.0265625 0.06875
2 0.86953125 0.5 0.02109375 0.02421875
0 0.8828125 0.5734375 0.01953125 0.01953125
3 0.15859375 0.91953125 0.3171875 0.15234375
2 0.65859375 0.01328125 0.01953125 0.02421875
2 0.540625 0.35234375 0.02890625 0.03359375
0 0.9515625 0.53984375 0.03125 0.03984375
2 0.7546875 0.66484375 0.025 0.05859375
2 0.11875 0.78046875 0.06171875 0.05625
0 0.7625 0.40234375 0.0484375 0.06015625
2 0.26875 0.1 0.01953125 0.028125
3 0.0421875 0.58359375 0.0734375 0.05
3 0.4171875 0.52265625 0.0484375 0.14921875
0 0.925 0.5140625 0.028125 0.03671875
2 0.759375 0.4625 0.0109375 0.021875
2 0.66953125 0.57421875 0.021875 0.0375
3 0.94765625 0.85546875 0.0890625 0.26484375
2 0.665625 0.51171875 0.025 0.04453125
0 0.940625 0.47734375 0.11875 0.24140625
2 0.9078125 0.890625 0.03203125 0.04140625
3 0.2484375 0.85234375 0.2015625 0.2875
2 0.671875 0.46640625 0.03671875 0.05390625
2 0.94296875 0.159375 0.0234375 0.028125
2 0.63671875 0.32890625 0.0171875 0.02265625
2 0.871875 0.65234375 0.028125 0.0375
2 0.425 0.88828125 0.0140625 0.01875
2 0.3671875 0.91484375 0.0203125 0.03203125
2 0.98984375 0.62734375 0.0203125 0.03203125
2 0.121875 0.46015625 0.03125 0.03984375
2 0.63515625 0.70859375 0.0203125 0.02890625
2 0.4484375 0.92734375 0.0109375 0.02734375
2 0.5375 0.75703125 0.01796875 0.02578125
2 0.028125 0.04765625 0.01640625 0.02578125
2 0.1359375 0.5734375 0.03125 0.04453125
2 0.47578125 0.8859375 0.01640625 0.03046875
2 0.5609375 0.55390625 0.0203125 0.03046875
0 0.97265625 0.2875 0.0546875 0.11015625
0 0.83671875 0.24765625 0.0484375 0.06796875
2 0.0765625 0.090625 0.01484375 0.01953125
2 0.28984375 0.16640625 0.01484375 0.02578125
2 0.87890625 0.04921875 0.01640625 0.0375
2 0.7046875 0.18984375 0.034375 0.03359375
0 0.959375 0.46328125 0.02421875 0.03515625
0 0.6765625 0.14609375 0.0234375 0.03359375
2 0.628125 0.3875 0.01796875 0.02265625
2 0.2828125 0.421875 0.02734375 0.02890625
0 0.0171875 0.44453125 0.0265625 0.04609375
2 0.05625 0.61875 0.025 0.028125
2 0.80625 0.47265625 0.03046875 0.028125
2 0.76953125 0.1578125 0.03125 0.01953125
2 0.6828125 0.96328125 0.0546875 0.06328125
2 0.26171875 0.23359375 0.03359375 0.03515625
2 0.7875 0.75703125 0.02421875 0.046875
3 0.13203125 0.0375 0.01796875 0.075
2 0.6796875 0.73359375 0.01328125 0.01875
2 0.6609375 0.28359375 0.01328125 0.02421875
2 0.10078125 0.09921875 0.01640625 0.01953125
3 0.63671875 0.171875 0.07578125 0.08359375
3 0.8921875 0.875 0.125 0.23125
2 0.0453125 0.53203125 0.0140625 0.02421875
2 0.425 0.91796875 0.03125 0.02734375
3 0.6 0.89765625 0.2234375 0.20234375
2 0.146875 0.29140625 0.01953125 0.02265625
3 0.215625 0.75859375 0.06171875 0.19296875
2 0.47734375 0.98359375 0.025 0.03046875
2 0.65625 0.73828125 0.0171875 0.021875
2 0.134375 0.475 0.02109375 0.02265625
2 0.2890625 0.1328125 0.01328125 0.02421875
0 0.7390625 0.2765625 0.034375 0.03515625
3 0.43984375 0.59609375 0.240625 0.38359375
0 0.94375 0.0734375 0.11171875 0.146875
2 0.37265625 0.70859375 0.01484375 0.02734375