2 0.1125 0.8640625 0.0578125 0.06953125
2 0.96875 0.94453125 0.06171875 0.09765625
4 0.490625 0.51875 0.3265625 0.459375
0 0.215625 0.41171875 0.12734375 0.08203125
2 0.46328125 0.95078125 0.04921875 0.04765625
2 0.525 0.67109375 0.08984375 0.06875
2 0.94921875 0.54609375 0.1015625 0.2625
2 0.01015625 0.38359375 0.0203125 0.03671875
2 0.07265625 0.1046875 0.06484375 0.08359375
2 0.50859375 0.81796875 0.07578125 0.103125
0 0.1546875 0.25625 0.0703125 0.09296875
2 0.80859375 0.65546875 0.0359375 0.06171875
2 0.92890625 0.80234375 0.1421875 0.2265625
2 0.1 0.940625 0.0390625 0.06796875
2 0.6890625 0.2875 0.02265625 0.05078125
2 0.79375 0.78984375 0.03671875 0.03671875
2 0.0375 0.034375 0.0421875 0.04453125
0 0.3265625 0.23984375 0.15234375 0.23828125
2 0.403125 0.16484375 0.04140625 0.03671875
2 0.11875 0.4984375 0.06875 0.06484375
2 0.0359375 0.365625 0.03125 0.03515625
2 0.60390625 0.19453125 0.0546875 0.06484375
2 0.96015625 0.05859375 0.07578125 0.10078125
2 0.35234375 0.940625 0.1078125 0.11015625
0 0.39375 0.73828125 0.13125 0.11953125
0 0.46875 0.33515625 0.09375 0.09921875
2 0.0453125 0.5546875 0.05625 0.121875
2 0.575 0.1109375 0.034375 0.07734375
0 0.31015625 0.49765625 0.21640625 0.12265625
2 0.43125 0.24140625 0.05078125 0.06328125
0 0.49609375 0.190625 0.1453125 0.19375
0 0.171875 0.1015625 0.0484375 0.071875
2 0.7859375 0.58984375 0.0390625 0.04296875
2 0.028125 0.29140625 0.05625 0.075
0 0.51640625 0.03671875 0.1859375 0.0734375
2 0.86953125 0.11484375 0.2609375 0.2296875
2 0.184375 0.22890625 0.1484375 0.42734375
2 0.36328125 0.65078125 0.31953125 0.30625
2 0.765625 0.36484375 0.06953125 0.06015625
2 0.915625 0.97265625 0.040625 0.04609375
2 0.16875 0.659375 0.04375 0.05546875
2 0.3234375 0.0734375 0.18671875 0.11171875
3 0.384375 0.859375 0.478125 0.25078125
2 0.728125 0.87265625 0.0875 0.171875
2 0.009375 0.17578125 0.01875 0.0359375
2 0.67421875 0.0484375 0.08671875 0.08046875
0 0.18125 0.62109375 0.09765625 0.24140625
2 0.76875 0.4671875 0.04375 0.04453125
0 0.7953125 0.284375 0.409375 0.34765625
2 0.0390625 0.86484375 0.07734375 0.2
0 0.3390625 0.8703125 0.06328125 0.08203125
0 0.84765625 0.6484375 0.07890625 0.56015625
0 0.27734375 0.8328125 0.034375 0.046875
2 0.65 0.7703125 0.059375 0.15859375
2 0.709375 0.56796875 0.1203125 0.17265625
5 0.6953125 0.40546875 0.028125 0.05625
0 0.94296875 0.94453125 0.11171875 0.10703125
2 0.1640625 0.79453125 0.0578125 0.06953125
2 0.06015625 0.43671875 0.10390625 0.08671875