2 0.8390625 0.3515625 0.03203125 0.03828125
2 0.71171875 0.53515625 0.0421875 0.04296875
2 0.13671875 0.225 0.03125 0.06015625
0 0.3234375 0.5140625 0.04140625 0.03671875
2 0.7078125 0.8921875 0.1671875 0.115625
2 0.03671875 0.34296875 0.04921875 0.075
0 0.33359375 0.45546875 0.05859375 0.06953125
0 0.98828125 0.8234375 0.0234375 0.053125
2 0.665625 0.06484375 0.03203125 0.02734375
2 0.22578125 0.75703125 0.090625 0.11640625
2 0.80625 0.78828125 0.02421875 0.03359375
2 0.79921875 0.096875 0.075 0.1125
2 0.25078125 0.28828125 0.05859375 0.06875
0 0.62109375 0.28046875 0.03203125 0.11171875
2 0.88125 0.6015625 0.028125 0.03671875
2 0.834375 0.21796875 0.0109375 0.01328125
2 0.159375 0.5578125 0.0203125 0.02734375
2 0.0109375 0.69453125 0.02109375 0.04453125
2 0.734375 0.590625 0.0234375 0.04140625
2 0.15390625 0.83515625 0.00703125 0.0125
2 0.53984375 0.29921875 0.059375 0.04765625
2 0.99453125 0.75625 0.0109375 0.04453125
2 0.1484375 0.50234375 0.02421875 0.03125
2 0.4109375 0.40078125 0.03046875 0.03671875
2 0.4515625 0.52578125 0.0234375 0.02734375
2 0.78828125 0.703125 0.0265625 0.02734375
2 0.5671875 0.60859375 0.12421875 0.14140625
2 0.07421875 0.58984375 0.053125 0.05234375
2 0.0796875 0.35390625 0.05546875 0.08203125
2 0.021875 0.45390625 0.04296875 0.10625
2 0.1109375 0.82890625 0.03515625 0.040625
0 0.3234375 0.32734375 0.17109375 0.15390625
2 0.01171875 0.22109375 0.0234375 0.07421875
2 0.19609375 0.22890625 0.0234375 0.02734375
0 0.53125 0.35 0.05546875 0.05859375
2 0.78125 0.38828125 0.03125 0.02734375
0 0.73203125 0.18203125 0.0359375 0.03359375
2 0.0609375 0.034375 0.04765625 0.065625
2 0.95625 0.57421875 0.01796875 0.02890625
0 0.36328125 0.5546875 0.03359375 0.03828125
2 0.4140625 0.93125 0.09375 0.12578125
2 0.0140625 0.053125 0.02734375 0.103125
2 0.7859375 0.640625 0.03203125 0.04140625
2 0.0734375 0.65390625 0.02421875 0.028125
2 0.06953125 0.1921875 0.09296875 0.14453125
2 0.2546875 0.41328125 0.0921875 0.05859375
2 0.66796875 0.35 0.0234375 0.03125
2 0.6578125 0.30625 0.02265625 0.02890625
2 0.03125 0.95703125 0.06171875 0.08359375
2 0.11953125 0.58671875 0.01953125 0.02578125
2 0.0296875 0.80859375 0.059375 0.109375
2 0.65625 0.815625 0.02890625 0.04765625
2 0.0140625 0.63203125 0.028125 0.0703125
2 0.64375 0.67578125 0.0625 0.11484375
0 0.97890625 0.734375 0.0421875 0.08203125
2 0.71328125 0.2640625 0.12421875 0.090625
2 0.11875 0.91484375 0.0484375 0.05546875
2 0.046875 0.73046875 0.0203125 0.05
2 0.92890625 0.09609375 0.01953125 0.02578125
2 0.934375 0.60234375 0.0234375 0.03515625
3 0.91171875 0.0859375 0.1765625 0.0625
0 0.64296875 0.75390625 0.0203125 0.03203125
2 0.64453125 0.59921875 0.0390625 0.04609375
2 0.1546875 0.6109375 0.02109375 0.03359375
2 0.2140625 0.15546875 0.0171875 0.03125
2 0.20625 0.29921875 0.034375 0.05
2 0.7203125 0.12890625 0.053125 0.07265625
2 0.025 0.55625 0.04140625 0.05078125
2 0.6625 0.52421875 0.04921875 0.08671875
0 0.47109375 0.50625 0.196875 0.15234375
2 0.90859375 0.62421875 0.01953125 0.03828125
0 0.73828125 0.025 0.065625 0.05
2 0.1390625 0.11328125 0.0125 0.03046875
2 0.84765625 0.296875 0.03828125 0.03203125
0 0.953125 0.76875 0.09296875 0.41484375
0 0.60078125 0.921875 0.1875 0.14765625
0 0.7796875 0.16484375 0.03828125 0.05625
0 0.696875 0.83203125 0.04140625 0.14453125
2 0.2109375 0.33515625 0.01953125 0.028125
2 0.3046875 0.94765625 0.0859375 0.10234375
2 0.8328125 0.18046875 0.02109375 0.028125
2 0.8921875 0.34453125 0.02734375 0.03515625
2 0.840625 0.9125 0.01640625 0.02734375
2 0.25625 0.18671875 0.05546875 0.09375
2 0.9109375 0.02265625 0.01640625 0.028125
2 0.728125 0.4046875 0.08203125 0.08046875
2 0.0578125 0.44921875 0.04453125 0.07421875
2 0.0625 0.89453125 0.0609375 0.03828125
2 0.91328125 0.82421875 0.01640625 0.03203125
2 0.5703125 0.25703125 0.05234375 0.05625
2 0.2390625 0.0578125 0.06171875 0.05390625
2 0.4234375 0.60703125 0.06796875 0.06796875
0 0.72421875 0.1 0.24296875 0.2
2 0.98359375 0.42109375 0.0328125 0.0546875
2 0.8953125 0.309375 0.01484375 0.02421875
0 0.575 0.73984375 0.05234375 0.0875
2 0.1890625 0.0703125 0.01953125 0.03125
3 0.478125 0.35859375 0.0765625 0.18046875
0 0.246875 0.62265625 0.12265625 0.11484375
2 0.97421875 0.890625 0.04921875 0.03984375
2 0.278125 0.77421875 0.04921875 0.07265625
0 0.72578125 0.99296875 0.02421875 0.0125
2 0.971875 0.64453125 0.0234375 0.03359375
2 0.8828125 0.83828125 0.021875 0.028125
2 0.01015625 0.28984375 0.0203125 0.03359375
2 0.840625 0.64453125 0.03125 0.03828125
2 0.5171875 0.39765625 0.02890625 0.03515625
2 0.86171875 0.42421875 0.034375 0.04609375
2 0.946875 0.225 0.05078125 0.05859375
0 0.4203125 0.29921875 0.0375 0.0375
2 0.14140625 0.30546875 0.08203125 0.09140625
2 0.1375 0.875 0.025 0.02734375
0 0.29296875 0.67890625 0.06328125 0.05390625
2 0.6703125 0.12421875 0.04921875 0.06328125
0 0.2703125 0.48828125 0.07265625 0.12421875
2 0.1859375 0.85 0.05546875 0.05546875
2 0.1046875 0.65078125 0.0234375 0.03359375
2 0.72109375 0.63046875 0.0171875 0.02734375
2 0.5125 0.84765625 0.03828125 0.08203125
2 0.3046875 0.85859375 0.028125 0.03125
2 0.28125 0.64375 0.1203125 0.134375
2 0.2171875 0.490625 0.06484375 0.1375
0 0.940625 0.9671875 0.11875 0.06015625
16 0.4703125 0.14140625 0.31015625 0.28046875
2 0.596875 0.48046875 0.0234375 0.03125
2 0.81796875 0.53671875 0.02734375 0.02734375
2 0.971875 0.459375 0.01640625 0.021875
2 0.85625 0.178125 0.02421875 0.03125
2 0.6875 0.03671875 0.05078125 0.0375
2 0.609375 0.80625 0.0546875 0.1375
2 0.125 0.74765625 0.08203125 0.128125
0 0.71484375 0.71640625 0.02421875 0.04296875
2 0.1515625 0.9515625 0.04453125 0.04609375
2 0.796875 0.234375 0.0203125 0.02578125
2 0.27421875 0.01953125 0.0484375 0.03828125
2 0.5125 0.70234375 0.0734375 0.08203125
2 0.9421875 0.3640625 0.01953125 0.01875
2 0.6578125 0.4296875 0.10625 0.103125
3 0.31875 0.77421875 0.23359375 0.20390625
2 0.78125 0.5796875 0.0453125 0.08203125
2 0.8875 0.78515625 0.0296875 0.046875
2 0.8671875 0.803125 0.01484375 0.065625
2 0.225 0.94453125 0.05859375 0.109375
2 0.2953125 0.0875 0.01953125 0.02734375
2 0.12734375 0.46171875 0.04140625 0.07109375
2 0.0875 0.98203125 0.02734375 0.021875
2 0.9796875 0.01796875 0.02421875 0.02890625
2 0.9359375 0.31796875 0.03203125 0.05390625
0 0.57265625 0.41640625 0.0359375 0.07109375
2 0.06875 0.53671875 0.040625 0.02734375
0 0.96015625 0.52734375 0.04921875 0.065625
0 0.85 0.11796875 0.0234375 0.03359375
2 0.171875 0.1625 0.02421875 0.02734375
2 0.11796875 0.0234375 0.034375 0.046875
2 0.2015625 0.7015625 0.025 0.02734375
2 0.75078125 0.6640625 0.03671875 0.06171875
2 0.81875 0.940625 0.03203125 0.03515625
2 0.10078125 0.43125 0.02421875 0.02734375
2 0.0796875 0.29765625 0.02734375 0.04140625
2 0.028125 0.38828125 0.02421875 0.03203125