2 0.98203125 0.084375 0.0359375 0.059375
2 0.53125 0.75859375 0.0703125 0.065625
0 0.16484375 0.68828125 0.3296875 0.615625
2 0.96875 0.8921875 0.02890625 0.03515625
2 0.75859375 0.16015625 0.04765625 0.075
2 0.7828125 0.41796875 0.06484375 0.059375
3 0.075 0.90234375 0.14921875 0.19296875
2 0.7078125 0.81484375 0.09375 0.15625
2 0.45625 0.9390625 0.0421875 0.11640625
2 0.14375 0.58828125 0.0734375 0.07265625
2 0.1375 0.0953125 0.01328125 0.015625
2 0.6 0.73203125 0.025 0.03203125
2 0.23125 0.278125 0.0421875 0.05078125
2 0.1828125 0.3984375 0.0890625 0.090625
2 0.3625 0.5 0.07578125 0.08125
2 0.778125 0.29453125 0.04453125 0.06484375
2 0.6703125 0.04765625 0.071875 0.08984375
0 0.5890625 0.33046875 0.51953125 0.65859375
2 0.49375 0.07421875 0.028125 0.028125
8 0.6109375 0.57578125 0.2140625 0.16796875
2 0.315625 0.43046875 0.05390625 0.071875
2 0.9140625 0.65703125 0.05859375 0.06484375
2 0.33828125 0.740625 0.06328125 0.11015625
2 0.04921875 0.28203125 0.01640625 0.01796875
2 0.1375 0.321875 0.034375 0.03125
2 0.921875 0.95390625 0.0171875 0.01953125
2 0.88515625 0.26328125 0.06015625 0.14296875
2 0.78125 0.93515625 0.09453125 0.109375
2 0.72265625 0.23203125 0.08671875 0.05546875
2 0.4921875 0.8828125 0.02109375 0.03203125
2 0.46875 0.4609375 0.06875 0.059375
2 0.178125 0.125 0.071875 0.12109375
2 0.98828125 0.41171875 0.0234375 0.046875
2 0.18125 0.96953125 0.0734375 0.05546875
2 0.79375 0.57109375 0.0421875 0.07265625
2 0.17890625 0.31953125 0.04375 0.05625
2 0.1171875 0.21953125 0.040625 0.06796875
2 0.86171875 0.19296875 0.05234375 0.11015625
2 0.028125 0.14296875 0.05078125 0.090625
2 0.096875 0.03046875 0.03828125 0.03515625
2 0.959375 0.2421875 0.02734375 0.06171875
2 0.25625 0.09609375 0.04453125 0.05
2 0.4984375 0.215625 0.14921875 0.13515625
2 0.2875 0.21953125 0.0484375 0.06953125
2 0.796875 0.33984375 0.03046875 0.021875
2 0.8046875 0.7625 0.13203125 0.16015625
2 0.04375 0.66953125 0.0875 0.13203125
2 0.81875 0.6546875 0.05625 0.09140625
2 0.484375 0.02265625 0.01640625 0.03203125
2 0.646875 0.8953125 0.13828125 0.18828125
2 0.375 0.98515625 0.05546875 0.021875
2 0.053125 0.071875 0.03828125 0.04140625
3 0.54375 0.9546875 0.128125 0.0875
2 0.9828125 0.66328125 0.03359375 0.06328125
2 0.865625 0.96953125 0.01796875 0.01875
2 0.9671875 0.5875 0.03671875 0.05390625
2 0.44140625 0.60859375 0.096875 0.16953125
2 0.6921875 0.14765625 0.03125 0.05234375
2 0.23125 0.02265625 0.04609375 0.03359375
0 0.228125 0.87109375 0.23359375 0.246875
2 0.88125 0.0578125 0.05625 0.06484375
2 0.1734375 0.7 0.03125 0.03203125
2 0.48046875 0.83828125 0.02734375 0.02890625
2 0.965625 0.78359375 0.06875 0.075
2 0.0625 0.53984375 0.12421875 0.14921875
2 0.6328125 0.44921875 0.1140625 0.17890625
2 0.8671875 0.5 0.12578125 0.1
2 0.41875 0.03203125 0.053125 0.04609375