2 0.140625 0.30625 0.03203125 0.040625
2 0.47578125 0.82421875 0.028125 0.06328125
2 0.6296875 0.22421875 0.3078125 0.44375
2 0.4609375 0.39140625 0.103125 0.14453125
0 0.8359375 0.01953125 0.03828125 0.03828125
2 0.0890625 0.4046875 0.08984375 0.08671875
2 0.29375 0.08046875 0.0828125 0.115625
2 0.2453125 0.31015625 0.103125 0.11484375
2 0.04375 0.65703125 0.0390625 0.07890625
2 0.46328125 0.09140625 0.03359375 0.03515625
2 0.0640625 0.78046875 0.03828125 0.06015625
2 0.5953125 0.80703125 0.028125 0.03984375
2 0.96953125 0.59453125 0.0203125 0.03125
2 0.259375 0.51015625 0.17421875 0.16796875
2 0.91875 0.08828125 0.1625 0.17578125
2 0.51328125 0.66484375 0.05859375 0.08359375
2 0.0125 0.36796875 0.025 0.07265625
2 0.165625 0.22421875 0.096875 0.06015625
2 0.78125 0.0234375 0.0796875 0.04453125
2 0.621875 0.54453125 0.13828125 0.20703125
2 0.11171875 0.09453125 0.1109375 0.12109375
2 0.384375 0.5109375 0.12109375 0.171875
2 0.16875 0.33984375 0.0140625 0.021875
2 0.0828125 0.58515625 0.04140625 0.06953125
2 0.0984375 0.9421875 0.1046875 0.10703125
2 0.83515625 0.37578125 0.09375 0.07890625
2 0.0234375 0.26796875 0.04609375 0.08046875
2 0.49609375 0.5734375 0.075 0.06328125
2 0.94296875 0.8390625 0.1140625 0.209375
2 0.2859375 0.76796875 0.190625 0.30078125
2 0.0140625 0.50625 0.028125 0.05
2 0.39375 0.371875 0.0671875 0.05234375
2 0.45625 0.90703125 0.0390625 0.078125
2 0.9625 0.49296875 0.05078125 0.06171875
2 0.8125 0.528125 0.0546875 0.04609375
2 0.1296875 0.45859375 0.0390625 0.06328125
2 0.16484375 0.17578125 0.04765625 0.03828125
2 0.1421875 0.53671875 0.03828125 0.06015625
2 0.840625 0.71796875 0.1015625 0.12578125
2 0.08046875 0.27265625 0.0421875 0.04765625
2 0.29375 0.184375 0.0625 0.06953125
2 0.3328125 0.1734375 0.01953125 0.04609375
2 0.49375 0.11796875 0.0421875 0.05
2 0.4109375 0.24375 0.07265625 0.09609375
2 0.5234375 0.92109375 0.07421875 0.07890625
2 0.33828125 0.37109375 0.025 0.02890625
2 0.96640625 0.3734375 0.0671875 0.16171875
2 0.834375 0.88046875 0.12109375 0.2125
2 0.2875 0.39453125 0.0390625 0.046875
2 0.903125 0.62421875 0.09453125 0.09765625
14 0.478125 0.4984375 0.60078125 0.996875
2 0.134375 0.73515625 0.0703125 0.06796875
2 0.01875 0.5828125 0.0375 0.07421875
2 0.265625 0.9359375 0.0546875 0.04453125
2 0.0296875 0.10859375 0.059375 0.075
2 0.21640625 0.97265625 0.06953125 0.05078125
2 0.72734375 0.68046875 0.0296875 0.040625
2 0.9828125 0.715625 0.03359375 0.11640625
2 0.1125 0.24140625 0.02421875 0.05
2 0.72578125 0.60234375 0.0265625 0.04453125
2 0.87109375 0.19609375 0.2359375 0.18828125
2 0.9515625 0.5375 0.02109375 0.02890625
2 0.4828125 0.20859375 0.04765625 0.059375
3 0.471875 0.78203125 0.31875 0.23828125
2 0.04375 0.71953125 0.08671875 0.04921875
2 0.96171875 0.98671875 0.02421875 0.02421875
2 0.14921875 0.63359375 0.05078125 0.103125
2 0.02265625 0.01640625 0.0453125 0.0328125
2 0.4234375 0.93671875 0.025 0.021875
2 0.71015625 0.85625 0.0875 0.27890625
2 0.4125 0.0171875 0.034375 0.03203125