2 0.5484375 0.79765625 0.01796875 0.01640625
0 0.9515625 0.83671875 0.02421875 0.02578125
0 0.98984375 0.3375 0.0203125 0.034375
2 0.821875 0.08203125 0.0125 0.02109375
2 0.41328125 0.66171875 0.01484375 0.01796875
2 0.753125 0.8375 0.00859375 0.00859375
2 0.3421875 0.88203125 0.01953125 0.03515625
0 0.19375 0.28359375 0.096875 0.16953125
0 0.371875 0.9265625 0.021875 0.03828125
2 0.0171875 0.515625 0.025 0.04140625
2 0.69921875 0.93671875 0.01328125 0.01015625
2 0.7375 0.95078125 0.00703125 0.01328125
2 0.65390625 0.92265625 0.0109375 0.01328125
2 0.90859375 0.16171875 0.01953125 0.03515625
2 0.1953125 0.3984375 0.0203125 0.02265625
2 0.125 0.1703125 0.01796875 0.01640625
2 0.053125 0.32734375 0.0203125 0.03125
2 0.875 0.04765625 0.01171875 0.009375
2 0.884375 0.93984375 0.02109375 0.02265625
2 0.56328125 0.134375 0.015625 0.015625
2 0.03828125 0.88203125 0.0203125 0.034375
2 0.853125 0.8515625 0.01640625 0.01953125
2 0.6546875 0.85 0.0421875 0.03125
0 0.0859375 0.47421875 0.03515625 0.07109375
2 0.60703125 0.83046875 0.009375 0.01328125
2 0.9 0.45859375 0.01953125 0.01953125
2 0.96484375 0.96484375 0.00390625 0.00859375
2 0.371875 0.39375 0.01484375 0.02890625
2 0.74609375 0.04453125 0.0546875 0.05625
2 0.1171875 0.8296875 0.01640625 0.02265625
2 0.54375 0.4171875 0.03828125 0.03828125
2 0.1015625 0.94296875 0.015625 0.01953125
2 0.58671875 0.74140625 0.06640625 0.046875
2 0.28671875 0.18046875 0.01953125 0.02578125
2 0.02578125 0.95 0.01015625 0.0125
2 0.1453125 0.47734375 0.01328125 0.02734375
2 0.5984375 0.99609375 0.01953125 0.00703125
2 0.9140625 0.93671875 0.0203125 0.02734375
2 0.6859375 0.2640625 0.0171875 0.01953125
2 0.28125 0.2234375 0.0125 0.01796875
2 0.16171875 0.05859375 0.02109375 0.028125
2 0.6171875 0.41015625 0.01640625 0.01953125
2 0.96953125 0.99375 0.015625 0.0125
2 0.8453125 0.93671875 0.02734375 0.01796875
2 0.959375 0.94765625 0.01015625 0.009375
2 0.0765625 0.60625 0.0171875 0.01953125
2 0.90546875 0.01171875 0.0265625 0.0234375
2 0.615625 0.996875 0.00859375 0.00625
2 0.33125 0.77734375 0.04453125 0.090625
2 0.14375 0.20859375 0.040625 0.05234375
2 0.01796875 0.4609375 0.0203125 0.03046875
2 0.7828125 0.61328125 0.0171875 0.01953125
2 0.2203125 0.9921875 0.02890625 0.015625
2 0.0796875 0.94921875 0.0125 0.01328125
2 0.390625 0.909375 0.021875 0.02265625
2 0.2171875 0.05703125 0.01796875 0.028125
2 0.17734375 0.7453125 0.02421875 0.065625
2 0.39375 0.73828125 0.02734375 0.05390625
2 0.9015625 0.62734375 0.01328125 0.01875
2 0.9984375 0.1828125 0.00234375 0.01953125
2 0.909375 0.75859375 0.01171875 0.01484375
2 0.0421875 0.5390625 0.01640625 0.025
2 0.4921875 0.76015625 0.01796875 0.02578125
2 0.884375 0.26953125 0.02109375 0.01875
2 0.0078125 0.021875 0.01484375 0.03671875
2 0.4984375 0.53203125 0.01640625 0.01953125
0 0.371875 0.86171875 0.03046875 0.04765625
2 0.2578125 0.371875 0.00625 0.01484375
2 0.45625 0.765625 0.0140625 0.01953125
2 0.803125 0.12265625 0.0171875 0.02734375
2 0.165625 0.1828125 0.0171875 0.015625
0 0.19375 0.1671875 0.02421875 0.03359375
2 0.97734375 0.21875 0.015625 0.01796875
2 0.11328125 0.77578125 0.015625 0.02890625
2 0.971875 0.26796875 0.05546875 0.075
2 0.7125 0.15078125 0.1015625 0.08671875
2 0.315625 0.54296875 0.01953125 0.01875
2 0.6078125 0.57421875 0.0203125 0.028125
2 0.15 0.66953125 0.025 0.01875
2 0.88671875 0.99296875 0.025 0.01328125
2 0.996875 0.95859375 0.00625 0.0125
2 0.56875 0.6640625 0.01484375 0.01875
2 0.06875 0.88671875 0.0375 0.03203125
0 0.421875 0.11328125 0.3828125 0.22265625
2 0.465625 0.32890625 0.04453125 0.04296875
2 0.9703125 0.8984375 0.0171875 0.01796875
2 0.65078125 0.265625 0.02109375 0.02578125
2 0.6859375 0.96640625 0.02734375 0.02734375
2 0.7125 0.253125 0.0234375 0.03828125
2 0.065625 0.83515625 0.0203125 0.03671875
2 0.4421875 0.63203125 0.01015625 0.01328125
2 0.10859375 0.89921875 0.01015625 0.0125
2 0.07578125 0.5359375 0.0203125 0.02109375
2 0.6484375 0.4890625 0.03125 0.04296875
2 0.3671875 0.16484375 0.01640625 0.02265625
2 0.921875 0.36640625 0.00546875 0.009375
2 0.9796875 0.67578125 0.03125 0.02265625
2 0.13203125 0.59453125 0.021875 0.04296875
2 0.88515625 0.3640625 0.03828125 0.059375
2 0.25625 0.41015625 0.01015625 0.01015625
2 0.8640625 0.690625 0.021875 0.02890625
2 0.55078125 0.32890625 0.03359375 0.03203125
0 0.10390625 0.00859375 0.0234375 0.0171875
2 0.6796875 0.90703125 0.00859375 0.01328125
3 0.3640625 0.45703125 0.11015625 0.06953125
2 0.31484375 0.84140625 0.01796875 0.03046875
2 0.07578125 0.34140625 0.01484375 0.015625
2 0.046875 0.009375 0.0203125 0.01875
2 0.05390625 0.56640625 0.01953125 0.01953125
2 0.0796875 0.07578125 0.040625 0.046875
0 0.090625 0.39609375 0.028125 0.03984375
2 0.1078125 0.98828125 0.0078125 0.01171875
2 0.86484375 0.025 0.0125 0.01171875
2 0.80234375 0.7015625 0.0125 0.01171875
2 0.00625 0.89609375 0.01171875 0.03359375
2 0.79296875 0.64453125 0.01171875 0.025
0 0.1546875 0.1015625 0.04453125 0.06328125
2 0.9015625 0.48671875 0.0140625 0.03125
2 0.753125 0.88203125 0.00859375 0.00859375
2 0.346875 0.27109375 0.01875 0.01328125
2 0.43125 0.22890625 0.0109375 0.015625
2 0.821875 0.04140625 0.03359375 0.0375
2 0.08671875 0.25 0.0125 0.01328125
2 0.26796875 0.26171875 0.01796875 0.028125
2 0.4953125 0.98203125 0.01484375 0.02890625
2 0.0046875 0.0828125 0.009375 0.01328125
2 0.98671875 0.10234375 0.021875 0.02734375
2 0.896875 0.834375 0.028125 0.040625
2 0.8375 0.54921875 0.01171875 0.015625
2 0.98125 0.48203125 0.0203125 0.03671875
2 0.3375 0.9515625 0.04765625 0.06953125
0 0.6234375 0.20625 0.01484375 0.01953125
2 0.5875 0.15234375 0.01484375 0.01796875
0 0.9546875 0.39765625 0.03203125 0.08359375
2 0.78359375 0.0234375 0.02734375 0.02109375
3 0.16640625 0.28671875 0.0546875 0.11640625
0 0.6078125 0.12578125 0.03203125 0.0875
2 0.3984375 0.6875 0.0203125 0.01640625
2 0.3765625 0.975 0.0125 0.01171875
2 0.509375 0.809375 0.01796875 0.015625
2 0.08203125 0.71171875 0.01015625 0.01328125
2 0.0265625 0.15703125 0.015625 0.01640625