2 0.015625 0.28671875 0.03046875 0.04453125
2 0.428125 0.65234375 0.040625 0.0375
2 0.2328125 0.96328125 0.13125 0.06953125
2 0.365625 0.75078125 0.0546875 0.03671875
5 0.78203125 0.7171875 0.096875 0.13515625
5 0.6484375 0.97734375 0.09140625 0.04140625
2 0.33125 0.25234375 0.08203125 0.059375
2 0.884375 0.04609375 0.034375 0.05
2 0.0140625 0.06484375 0.02734375 0.02890625
2 0.97890625 0.7046875 0.0421875 0.121875
2 0.43125 0.92109375 0.04609375 0.04765625
2 0.16796875 0.34453125 0.13984375 0.06796875
2 0.59375 0.76171875 0.1140625 0.15078125
2 0.0609375 0.7671875 0.121875 0.14375
2 0.428125 0.9703125 0.0578125 0.04921875
2 0.03125 0.1015625 0.04140625 0.03828125
2 0.02265625 0.02109375 0.0453125 0.03671875
2 0.95234375 0.13125 0.0953125 0.259375
2 0.1140625 0.2203125 0.13515625 0.15625
3 0.89921875 0.6484375 0.2015625 0.596875
2 0.34375 0.6953125 0.071875 0.07109375
2 0.3375 0.96953125 0.0578125 0.05703125
5 0.5765625 0.43984375 0.0875 0.11171875
2 0.4390625 0.153125 0.10859375 0.12890625
2 0.36640625 0.58984375 0.07578125 0.11640625
2 0.0859375 0.384375 0.0390625 0.02890625
2 0.421875 0.87734375 0.03671875 0.046875
2 0.97421875 0.284375 0.0515625 0.109375
2 0.46328125 0.784375 0.13828125 0.13515625
2 0.9546875 0.83125 0.08984375 0.15234375
2 0.76953125 0.03671875 0.2609375 0.06484375
2 0.5046875 0.9625 0.09609375 0.075
2 0.2359375 0.26484375 0.09140625 0.14765625
2 0.546875 0.90234375 0.08046875 0.08828125
2 0.328125 0.825 0.103125 0.096875
2 0.78203125 0.05546875 0.0484375 0.05703125
2 0.89375 0.40703125 0.16015625 0.22734375
2 0.79375 0.16484375 0.0890625 0.125
2 0.58125 0.5234375 0.2609375 0.340625
2 0.6890625 0.27578125 0.20703125 0.28046875
2 0.4421875 0.2390625 0.05859375 0.040625
2 0.72890625 0.82109375 0.09453125 0.08828125
2 0.2484375 0.65546875 0.153125 0.2375
2 0.0125 0.16484375 0.02421875 0.05
2 0.2828125 0.02734375 0.040625 0.05078125
2 0.828125 0.5796875 0.11328125 0.128125
2 0.1578125 0.07109375 0.2109375 0.134375
2 0.328125 0.14296875 0.13125 0.15703125
5 0.48515625 0.48359375 0.06796875 0.08203125
2 0.03125 0.35 0.0390625 0.08984375
2 0.58125 0.17890625 0.2078125 0.27421875
2 0.346875 0.4515625 0.209375 0.34921875
2 0.1875 0.4765625 0.25 0.13828125
2 0.3765625 0.04140625 0.11796875 0.078125
11 0.7375 0.5015625 0.38828125 0.98671875
2 0.7546875 0.91796875 0.0828125 0.11875
2 0.3203125 0.91328125 0.0546875 0.07421875
2 0.09375 0.90703125 0.1875 0.17109375
2 0.5015625 0.03671875 0.06953125 0.06875
3 0.15234375 0.66328125 0.3046875 0.55