2 0.459375 0.6921875 0.15625 0.14453125
2 0.590625 0.88671875 0.1875 0.12109375
2 0.7453125 0.42890625 0.4265625 0.84375
2 0.9109375 0.07265625 0.17734375 0.1375
5 0.271875 0.44609375 0.2125 0.29921875
2 0.0828125 0.11171875 0.14453125 0.14453125
2 0.95859375 0.4078125 0.0828125 0.221875
2 0.121875 0.61328125 0.24296875 0.346875
2 0.17265625 0.03828125 0.1265625 0.0765625
14 0.2765625 0.553125 0.553125 0.88515625
2 0.0296875 0.0515625 0.059375 0.103125
2 0.85390625 0.9015625 0.2921875 0.1875
2 0.27890625 0.9375 0.121875 0.11953125
2 0.96953125 0.1984375 0.0609375 0.159375
2 0.553125 0.409375 0.10546875 0.15703125
5 0.915625 0.58203125 0.121875 0.32265625
5 0.0765625 0.3359375 0.153125 0.21796875
2 0.403125 0.11875 0.3546875 0.23515625