2 0.6609375 0.04609375 0.09375 0.0921875
2 0.69296875 0.18046875 0.065625 0.09296875
3 0.4421875 0.5296875 0.884375 0.93828125
2 0.0484375 0.58828125 0.09609375 0.21640625
2 0.07890625 0.80859375 0.11796875 0.05234375
2 0.8140625 0.04140625 0.034375 0.08203125
2 0.075 0.40546875 0.0546875 0.078125
2 0.11953125 0.60625 0.11015625 0.18515625
2 0.2296875 0.36484375 0.021875 0.03125
2 0.3125 0.52734375 0.1703125 0.18671875
2 0.3234375 0.1484375 0.1375 0.11171875
2 0.45703125 0.640625 0.18828125 0.24921875
2 0.625 0.26015625 0.0515625 0.0875
5 0.96953125 0.87890625 0.0609375 0.1328125
5 0.0421875 0.909375 0.084375 0.11953125
2 0.184375 0.05546875 0.1421875 0.109375
11 0.21875 0.49921875 0.38828125 0.99609375
2 0.684375 0.77578125 0.05546875 0.10234375
2 0.7453125 0.61796875 0.0203125 0.03046875
5 0.62890625 0.36640625 0.05625 0.07734375
2 0.4890625 0.43984375 0.1453125 0.12890625
2 0.91796875 0.91796875 0.0671875 0.13984375
2 0.3390625 0.39140625 0.08046875 0.084375
2 0.8515625 0.6640625 0.07421875 0.10546875
2 0.59609375 0.83984375 0.1078125 0.31171875
2 0.9 0.8171875 0.021875 0.03515625
2 0.34375 0.30390625 0.06953125 0.08828125
2 0.1875 0.92109375 0.06171875 0.07890625
2 0.471875 0.19453125 0.11796875 0.128125
2 0.178125 0.73671875 0.059375 0.0875
2 0.240625 0.26640625 0.03671875 0.03984375
2 0.6375 0.17890625 0.03125 0.03515625
2 0.90625 0.07421875 0.065625 0.11484375
5 0.0203125 0.253125 0.040625 0.14140625
5 0.5828125 0.04609375 0.0765625 0.090625
2 0.028125 0.4296875 0.05625 0.09296875
2 0.8890625 0.77265625 0.025 0.02421875
2 0.740625 0.85 0.059375 0.05546875
2 0.74453125 0.0796875 0.11796875 0.11484375
2 0.6671875 0.9171875 0.1 0.15703125
2 0.05390625 0.21796875 0.04375 0.096875
2 0.8078125 0.37734375 0.384375 0.55625
2 0.3171875 0.03046875 0.13203125 0.059375
2 0.16796875 0.25234375 0.0578125 0.06171875
2 0.11484375 0.8734375 0.028125 0.040625
2 0.2578125 0.87734375 0.04453125 0.05234375
2 0.7609375 0.92421875 0.05390625 0.08984375
2 0.21484375 0.88046875 0.03203125 0.0375
2 0.0625 0.3453125 0.0359375 0.04296875
2 0.2671875 0.31328125 0.021875 0.04453125
2 0.5734375 0.18515625 0.084375 0.10546875
2 0.19921875 0.41015625 0.0453125 0.07421875
2 0.046875 0.7375 0.09375 0.10625
2 0.5765625 0.6671875 0.0484375 0.07734375
5 0.471875 0.88046875 0.1390625 0.18359375
2 0.8734375 0.81640625 0.03515625 0.03359375
2 0.45625 0.38671875 0.08984375 0.07109375
2 0.0171875 0.084375 0.034375 0.12421875
2 0.1875 0.33515625 0.0203125 0.03671875
2 0.16796875 0.85859375 0.0375 0.04921875
2 0.5796875 0.565625 0.06953125 0.06796875
2 0.79375 0.71484375 0.0234375 0.02578125
5 0.6640625 0.64375 0.08046875 0.10234375
2 0.74609375 0.01171875 0.0546875 0.02265625
2 0.359375 0.78515625 0.12578125 0.16953125
2 0.11640625 0.41484375 0.025 0.07109375
2 0.9203125 0.71640625 0.03125 0.02421875
2 0.14921875 0.93359375 0.05234375 0.04609375
2 0.4734375 0.06484375 0.10078125 0.12890625
2 0.31953125 0.94921875 0.075 0.08359375
2 0.9859375 0.76796875 0.02734375 0.07890625
2 0.9484375 0.05234375 0.103125 0.10234375
2 0.8125 0.75546875 0.04296875 0.05
2 0.12734375 0.9765625 0.0859375 0.03671875