2 0.3921875 0.22890625 0.103125 0.175
9 0.20625 0.12734375 0.11875 0.246875
8 0.6984375 0.65546875 0.2 0.64375
2 0.0640625 0.07109375 0.128125 0.13984375
9 0.3171875 0.6625 0.2140625 0.34375
2 0.5546875 0.42421875 0.21484375 0.35546875
9 0.28125 0.20234375 0.28828125 0.2
2 0.196875 0.38203125 0.04921875 0.06171875
9 0.65078125 0.29375 0.6984375 0.08125
9 0.246875 0.91953125 0.09453125 0.15859375
2 0.3984375 0.8234375 0.06484375 0.09609375
9 0.634375 0.07734375 0.0453125 0.14140625
2 0.6984375 0.26171875 0.07578125 0.06953125
2 0.88125 0.84140625 0.1390625 0.271875
2 0.3359375 0.11640625 0.13671875 0.103125
9 0.5703125 0.09296875 0.028125 0.18359375
2 0.88515625 0.59453125 0.13125 0.20390625
2 0.54765625 0.79453125 0.09609375 0.16796875
2 0.053125 0.82578125 0.10625 0.2203125
2 0.9203125 0.16484375 0.15859375 0.31875
9 0.4625 0.171875 0.0703125 0.03203125
2 0.07421875 0.46328125 0.09375 0.16171875
9 0.9 0.2140625 0.06640625 0.184375