0 0.575 0.41328125 0.03125 0.03828125
9 0.61328125 0.86328125 0.04296875 0.05625
0 0.790625 0.92109375 0.02734375 0.03125
2 0.87578125 0.04453125 0.1390625 0.0890625
2 0.415625 0.6140625 0.0171875 0.021875
9 0.6015625 0.15390625 0.1296875 0.11953125
0 0.54296875 0.38515625 0.03125 0.03671875
0 0.6375 0.43203125 0.01640625 0.03125
2 0.778125 0.81328125 0.0265625 0.02578125
0 0.490625 0.57421875 0.03125 0.08359375
0 0.3828125 0.45859375 0.096875 0.13828125
2 0.98984375 0.4125 0.0203125 0.01875
2 0.76171875 0.86171875 0.025 0.05546875
0 0.4546875 0.45625 0.0359375 0.028125
2 0.4234375 0.7625 0.02890625 0.02265625
2 0.2484375 0.02890625 0.0265625 0.05234375
0 0.4625 0.51015625 0.059375 0.07734375
0 0.471875 0.68828125 0.0171875 0.02578125
2 0.840625 0.4765625 0.01640625 0.03359375
2 0.959375 0.14375 0.0484375 0.10234375
2 0.58984375 0.5578125 0.0140625 0.015625
2 0.3890625 0.078125 0.028125 0.03515625
2 0.1125 0.63046875 0.0171875 0.02890625
2 0.528125 0.65703125 0.0234375 0.03125
0 0.49609375 0.28984375 0.0546875 0.03671875
2 0.96875 0.63984375 0.04140625 0.04609375
9 0.72578125 0.43125 0.0203125 0.08125
2 0.809375 0.621875 0.02890625 0.02578125
2 0.49375 0.15703125 0.03046875 0.04453125
2 0.85078125 0.89296875 0.028125 0.02890625
2 0.70078125 0.98515625 0.01796875 0.02421875
2 0.7921875 0.196875 0.084375 0.12265625
14 0.403125 0.35703125 0.2875 0.34765625
0 0.5546875 0.628125 0.0203125 0.01953125
2 0.721875 0.75703125 0.01484375 0.028125
0 0.5578125 0.53046875 0.0546875 0.12578125
9 0.30546875 0.4703125 0.08046875 0.021875
2 0.5171875 0.81796875 0.01640625 0.01640625
2 0.3640625 0.01171875 0.0359375 0.02265625
0 0.6234375 0.509375 0.03671875 0.05390625
9 0.221875 0.96640625 0.040625 0.059375
2 0.4359375 0.05546875 0.0578125 0.10703125
2 0.72109375 0.12734375 0.0375 0.06484375
2 0.5140625 0.11484375 0.01953125 0.01953125
9 0.2234375 0.4890625 0.121875 0.153125