2 0.4640625 0.3640625 0.02421875 0.04921875
2 0.1125 0.8078125 0.040625 0.03203125
2 0.671875 0.85703125 0.01328125 0.01640625
0 0.23359375 0.03828125 0.0484375 0.0765625
0 0.14375 0.0515625 0.12421875 0.103125
2 0.47890625 0.753125 0.1734375 0.24609375
2 0.040625 0.15078125 0.0203125 0.03046875
2 0.353125 0.11015625 0.0234375 0.02734375
2 0.2234375 0.2921875 0.05234375 0.06328125
2 0.0921875 0.37109375 0.02421875 0.040625
2 0.36875 0.98125 0.0484375 0.03515625
0 0.015625 0.00859375 0.03125 0.0171875
2 0.2 0.7 0.01484375 0.03203125
0 0.671875 0.9859375 0.02109375 0.02265625
2 0.05625 0.59765625 0.065625 0.11171875
0 0.33671875 0.68359375 0.12890625 0.07734375
2 0.36640625 0.75 0.04375 0.040625
0 0.6296875 0.67890625 0.02734375 0.03515625
0 0.084375 0.0078125 0.040625 0.015625
2 0.2984375 0.48671875 0.03203125 0.03515625
0 0.36171875 0.61796875 0.034375 0.05078125
2 0.240625 0.70859375 0.02734375 0.02890625
2 0.5671875 0.20078125 0.0203125 0.03359375
2 0.371875 0.86484375 0.09609375 0.09296875
16 0.0375 0.8046875 0.07421875 0.390625
0 0.00625 0.03828125 0.01171875 0.02578125
2 0.059375 0.1203125 0.0203125 0.03671875
2 0.34375 0.80859375 0.0734375 0.05234375
2 0.07421875 0.21796875 0.01953125 0.03359375
2 0.315625 0.62734375 0.0265625 0.03671875
2 0.7875 0.81796875 0.09140625 0.140625
2 0.01015625 0.1140625 0.0203125 0.02734375
2 0.25 0.6640625 0.01953125 0.02421875
2 0.2046875 0.19609375 0.0109375 0.015625
2 0.5109375 0.85859375 0.2359375 0.27734375
2 0.9921875 0.79453125 0.01484375 0.040625
2 0.2671875 0.2609375 0.034375 0.02421875
2 0.11875 0.7390625 0.03515625 0.0375
0 0.64921875 0.94375 0.040625 0.0375
2 0.446875 0.503125 0.02890625 0.03125
14 0.409375 0.509375 0.27734375 0.26328125
2 0.1703125 0.79375 0.0515625 0.06015625
0 0.425 0.64296875 0.03359375 0.08203125
2 0.0921875 0.5828125 0.05078125 0.05546875
2 0.0421875 0.4078125 0.0265625 0.03671875
2 0.0921875 0.16953125 0.01640625 0.03046875
0 0.32109375 0.02265625 0.04296875 0.04453125
0 0.05546875 0.059375 0.0421875 0.075
2 0.2515625 0.815625 0.10703125 0.12578125
2 0.115625 0.41640625 0.028125 0.02890625
2 0.021875 0.45390625 0.0203125 0.01796875
2 0.0125 0.5828125 0.02421875 0.04140625
2 0.15 0.3265625 0.0265625 0.0375
0 0.275 0.0109375 0.02421875 0.021875
2 0.79375 0.17109375 0.03046875 0.03203125