2 0.4828125 0.15078125 0.0375 0.05078125
2 0.640625 0.89609375 0.05625 0.12109375
2 0.828125 0.0328125 0.0265625 0.03359375
2 0.803125 0.52109375 0.09765625 0.12265625
2 0.7 0.45859375 0.0296875 0.04296875
2 0.478125 0.55234375 0.22265625 0.18828125
2 0.90546875 0.828125 0.1890625 0.21875
2 0.0578125 0.24609375 0.0875 0.12890625
2 0.19609375 0.90078125 0.1078125 0.134375
2 0.31640625 0.6296875 0.1734375 0.11953125
2 0.021875 0.7703125 0.04296875 0.12109375
2 0.71484375 0.93046875 0.1046875 0.11640625
2 0.0765625 0.38828125 0.15234375 0.10703125
2 0.8625 0.66640625 0.07265625 0.07890625
2 0.68203125 0.7640625 0.071875 0.07890625
2 0.7 0.571875 0.0859375 0.10625
2 0.96328125 0.37265625 0.0734375 0.1015625
4 0.5 0.29921875 1 0.484375
2 0.68515625 0.3984375 0.025 0.03125
2 0.771875 0.434375 0.11015625 0.16328125
2 0.303125 0.25703125 0.08203125 0.065625
2 0.171875 0.06328125 0.1734375 0.125
2 0.74375 0.671875 0.05234375 0.06953125
2 0.43125 0.91953125 0.0890625 0.10625
2 0.4546875 0.25390625 0.0390625 0.07265625
2 0.95078125 0.53671875 0.0984375 0.190625
2 0.5421875 0.7359375 0.1203125 0.16796875
2 0.0796875 0.93828125 0.07578125 0.08671875
2 0.6390625 0.49609375 0.1078125 0.12578125
2 0.94296875 0.16640625 0.06328125 0.06484375
2 0.415625 0.02734375 0.11328125 0.05
2 0.021875 0.97265625 0.04296875 0.04765625
2 0.22265625 0.5859375 0.10859375 0.06796875
2 0.11875 0.6953125 0.18125 0.23515625
2 0.6703125 0.10078125 0.15390625 0.14453125
2 0.1546875 0.25546875 0.13203125 0.15703125