2 0.9140625 0.57109375 0.03515625 0.046875
2 0.8671875 0.3125 0.03671875 0.040625
2 0.6 0.82109375 0.0453125 0.06171875
2 0.3609375 0.78671875 0.03515625 0.0375
2 0.01328125 0.63125 0.021875 0.025
2 0.4046875 0.5609375 0.01796875 0.02109375
2 0.5328125 0.34140625 0.040625 0.04296875
2 0.1765625 0.9265625 0.028125 0.02265625
2 0.371875 0.32421875 0.03203125 0.06328125
2 0.95625 0.03515625 0.0171875 0.04765625
2 0.771875 0.03984375 0.03828125 0.07421875
2 0.8421875 0.02734375 0.0140625 0.028125
2 0.5453125 0.28671875 0.02265625 0.02421875
2 0.5109375 0.65390625 0.0375 0.065625
2 0.33125 0.240625 0.0234375 0.01796875
2 0.74375 0.1765625 0.028125 0.021875
2 0.68125 0.07421875 0.06640625 0.10546875
2 0.41484375 0.01640625 0.01796875 0.01796875
2 0.5265625 0.30078125 0.02578125 0.01953125
2 0.2515625 0.1046875 0.02734375 0.025
2 0.75390625 0.921875 0.06875 0.071875
2 0.7265625 0.14375 0.02265625 0.02890625
8 0.475 0.5625 0.09765625 0.11484375
2 0.153125 0.17890625 0.040625 0.05390625
2 0.028125 0.93984375 0.03046875 0.03359375
2 0.58203125 0.678125 0.03125 0.06328125
2 0.98359375 0.06953125 0.0328125 0.05703125
2 0.2875 0.8859375 0.025 0.01875
2 0.88125 0.025 0.0375 0.04296875
2 0.21328125 0.953125 0.03125 0.02734375
2 0.2125 0.18359375 0.075 0.11953125
2 0.975 0.4375 0.01875 0.01796875
2 0.6140625 0.96484375 0.03515625 0.05078125
2 0.1171875 0.4890625 0.04296875 0.05
2 0.8453125 0.93359375 0.10859375 0.13046875
2 0.6796875 0.82890625 0.01484375 0.01796875
2 0.396875 0.509375 0.01171875 0.025
2 0.640625 0.90390625 0.01328125 0.021875
2 0.2546875 0.68359375 0.0671875 0.0625
2 0.103125 0.21953125 0.034375 0.05859375
2 0.209375 0.6171875 0.059375 0.08046875
2 0.9765625 0.01640625 0.01875 0.02109375
2 0.915625 0.375 0.03984375 0.04140625
2 0.67421875 0.16015625 0.0140625 0.01328125
2 0.42890625 0.48203125 0.0296875 0.04375
2 0.2609375 0.49296875 0.03515625 0.06953125
2 0.2875 0.47734375 0.01484375 0.025
2 0.1359375 0.24140625 0.02578125 0.04765625
2 0.3015625 0.78671875 0.02734375 0.025
2 0.540625 0.9921875 0.01875 0.015625
2 0.8171875 0.59921875 0.025 0.04296875
2 0.1875 0.56640625 0.03125 0.06328125
2 0.45 0.9453125 0.08515625 0.103125
2 0.9328125 0.78359375 0.0671875 0.059375
2 0.5859375 0.98984375 0.01875 0.01875
2 0.8671875 0.06328125 0.0234375 0.03671875
2 0.228125 0.91171875 0.0515625 0.04140625
2 0.0609375 0.37890625 0.0390625 0.04765625
2 0.82734375 0.83515625 0.09296875 0.08203125
2 0.99296875 0.76328125 0.0140625 0.06484375
2 0.87734375 0.09765625 0.0171875 0.01640625
2 0.584375 0.434375 0.07421875 0.10703125
2 0.03828125 0.35234375 0.01875 0.03515625
2 0.0859375 0.34140625 0.02421875 0.040625
2 0.80859375 0.28828125 0.03203125 0.03125
2 0.59375 0.1921875 0.11796875 0.15625
2 0.2625 0.15078125 0.015625 0.03125
2 0.85859375 0.525 0.0640625 0.05078125
2 0.9109375 0.14765625 0.0375 0.05
2 0.33515625 0.85234375 0.021875 0.025
2 0.571875 0.9375 0.0171875 0.02265625
2 0.93359375 0.2046875 0.028125 0.0375
2 0.0921875 0.97265625 0.0328125 0.021875
2 0.253125 0.59296875 0.03125 0.03125
2 0.9765625 0.26875 0.01953125 0.01953125
2 0.48203125 0.34296875 0.04609375 0.04765625
2 0.8125 0.08125 0.02890625 0.03984375
2 0.1546875 0.8515625 0.03828125 0.07421875
2 0.0640625 0.7625 0.0234375 0.03203125
2 0.3453125 0.17421875 0.0671875 0.05234375
2 0.2765625 0.10390625 0.01640625 0.01875
2 0.7890625 0.5390625 0.02734375 0.04296875
2 0.56328125 0.9828125 0.02265625 0.034375
2 0.484375 0.71484375 0.01796875 0.01484375
2 0.8328125 0.2546875 0.01640625 0.04140625
2 0.765625 0.2140625 0.04140625 0.040625
2 0.95078125 0.1078125 0.04375 0.07890625
2 0.40859375 0.61171875 0.03984375 0.05703125
2 0.934375 0.00625 0.02265625 0.0125
2 0.815625 0.64453125 0.025 0.03671875
2 0.0578125 0.65859375 0.0453125 0.05859375
2 0.3484375 0.7015625 0.0390625 0.08359375
2 0.4078125 0.37578125 0.04140625 0.10078125
2 0.553125 0.9 0.0296875 0.0375
2 0.390625 0.21875 0.0265625 0.01640625
2 0.078125 0.07734375 0.03125 0.02734375
2 0.546875 0.6015625 0.0265625 0.04453125
2 0.5890625 0.759375 0.02265625 0.03046875
2 0.896875 0.24453125 0.07421875 0.07265625
2 0.38671875 0.559375 0.01328125 0.01171875
2 0.4546875 0.41953125 0.01328125 0.02109375
2 0.01875 0.365625 0.0109375 0.01640625
2 0.15390625 0.49609375 0.01484375 0.01640625
2 0.9578125 0.20234375 0.0171875 0.02109375
2 0.4375 0.68828125 0.04375 0.05859375
2 0.00546875 0.13203125 0.0109375 0.03046875
2 0.66328125 0.5015625 0.01015625 0.01953125
2 0.34765625 0.82109375 0.0421875 0.040625
2 0.75390625 0.9875 0.0328125 0.025
2 0.3140625 0.2734375 0.04453125 0.034375
2 0.30703125 0.6171875 0.08125 0.09140625
2 0.89375 0.4078125 0.05546875 0.05078125
2 0.2 0.4984375 0.0140625 0.021875
2 0.84375 0.16484375 0.01875 0.03125
2 0.075 0.7 0.01171875 0.01484375
2 0.834375 0.33125 0.040625 0.05546875
2 0.8390625 0.19921875 0.03046875 0.040625
2 0.3125 0.90859375 0.028125 0.028125
2 0.325 0.94296875 0.03125 0.03125
2 0.7828125 0.33515625 0.02578125 0.01875
2 0.20390625 0.29765625 0.025 0.02421875
2 0.025 0.1125 0.03828125 0.0375
2 0.2421875 0.86171875 0.0390625 0.028125
2 0.51875 0.925 0.04296875 0.06484375
2 0.7421875 0.803125 0.090625 0.06640625
2 0.45625 0.00859375 0.01640625 0.01640625
2 0.15625 0.68671875 0.05546875 0.12890625
2 0.671875 0.9703125 0.02890625 0.02265625
2 0.246875 0.97109375 0.034375 0.0375
2 0.54375 0.71640625 0.05 0.03828125
2 0.0734375 0.6015625 0.0453125 0.059375
2 0.15234375 0.60234375 0.01796875 0.021875
2 0.12421875 0.17421875 0.01484375 0.021875
2 0.2265625 0.38203125 0.0484375 0.10390625
2 0.465625 0.26328125 0.09140625 0.08125
2 0.521875 0.390625 0.0359375 0.03671875
2 0.26015625 0.33671875 0.01875 0.01796875
2 0.91875 0.125 0.01875 0.01640625
2 0.090625 0.1671875 0.0234375 0.040625
2 0.56015625 0.31328125 0.02421875 0.05
2 0.7859375 0.56796875 0.02109375 0.02890625
2 0.928125 0.03359375 0.02109375 0.01875
2 0.11015625 0.42890625 0.0328125 0.06171875
2 0.1953125 0.075 0.0453125 0.040625
2 0.14296875 0.90546875 0.02578125 0.03671875
2 0.0359375 0.4359375 0.04140625 0.04765625
2 0.6390625 0.96328125 0.03046875 0.05234375
2 0.94140625 0.72109375 0.08359375 0.06484375
2 0.1328125 0.98515625 0.03203125 0.01953125
2 0.30546875 0.67421875 0.015625 0.06953125
2 0.9578125 0.25703125 0.01484375 0.05390625
2 0.65859375 0.23359375 0.02421875 0.03359375
2 0.7625 0.16015625 0.01875 0.03203125
2 0.26796875 0.94375 0.0171875 0.02265625
2 0.0296875 0.90234375 0.0265625 0.02578125
2 0.9671875 0.61875 0.06484375 0.128125
2 0.88046875 0.16953125 0.01484375 0.01484375
2 0.1234375 0.0734375 0.0546875 0.07890625
2 0.05625 0.55546875 0.040625 0.04375
2 0.31875 0.77421875 0.01640625 0.01015625
2 0.80625 0.02890625 0.025 0.05078125
2 0.953125 0.3140625 0.025 0.02890625
2 0.33046875 0.575 0.0375 0.065625
2 0.4859375 0.3734375 0.02109375 0.02421875
2 0.121875 0.571875 0.03125 0.04140625
2 0.290625 0.82421875 0.0265625 0.028125
2 0.16328125 0.43359375 0.05234375 0.10625
2 0.4078125 0.72890625 0.01484375 0.03203125
2 0.7640625 0.67421875 0.08203125 0.13984375
2 0.0421875 0.18671875 0.06640625 0.10390625
2 0.6765625 0.87421875 0.08203125 0.06171875
2 0.1625 0.30546875 0.03828125 0.0375
2 0.3 0.53828125 0.03515625 0.06328125
2 0.8125 0.74765625 0.0203125 0.02109375
2 0.69609375 0.17890625 0.01953125 0.02265625
2 0.2953125 0.31640625 0.02265625 0.01953125
2 0.715625 0.2015625 0.01328125 0.01796875
2 0.91171875 0.05078125 0.00859375 0.01796875
2 0.7015625 0.83828125 0.03828125 0.04296875
2 0.7 0.59609375 0.03515625 0.03125
2 0.990625 0.70234375 0.01796875 0.02734375
2 0.8578125 0.38828125 0.02421875 0.03828125
2 0.8453125 0.76796875 0.03828125 0.03671875
2 0.9046875 0.31484375 0.04921875 0.046875
2 0.36640625 0.25859375 0.01328125 0.01484375
2 0.0671875 0.51328125 0.01640625 0.01640625
2 0.0484375 0.89609375 0.01953125 0.02734375
2 0.66875 0.92421875 0.03046875 0.05859375
2 0.859375 0.58046875 0.05078125 0.05234375
2 0.5125 0.2421875 0.034375 0.05078125
2 0.759375 0.87734375 0.0421875 0.06328125
2 0.22890625 0.284375 0.0203125 0.03203125
2 0.475 0.17109375 0.04765625 0.05078125
2 0.2921875 0.73671875 0.04296875 0.05078125
2 0.95078125 0.1640625 0.03125 0.03203125
2 0.153125 0.13203125 0.0234375 0.03984375
2 0.94375 0.5078125 0.06171875 0.09609375
2 0.6734375 0.9890625 0.0296875 0.021875
2 0.46953125 0.10078125 0.04609375 0.08046875
2 0.95625 0.9765625 0.04765625 0.04140625
2 0.36640625 0.56171875 0.021875 0.02265625
2 0.19140625 0.2484375 0.03828125 0.05390625
2 0.13359375 0.33671875 0.0640625 0.046875
2 0.72578125 0.56796875 0.05 0.078125
2 0.7578125 0.1078125 0.08125 0.15390625
2 0.9578125 0.87421875 0.084375 0.125
2 0.36796875 0.1328125 0.02578125 0.03046875
2 0.10078125 0.821875 0.2015625 0.14921875
2 0.65 0.65078125 0.03046875 0.04921875
2 0.096875 0.94609375 0.01875 0.01875
2 0.0171875 0.34140625 0.009375 0.01796875
2 0.4953125 0.8859375 0.034375 0.04296875
2 0.8671875 0.68203125 0.05390625 0.146875
2 0.4125 0.78046875 0.02421875 0.02265625
2 0.87421875 0.45859375 0.0171875 0.03046875
2 0.9515625 0.40546875 0.03515625 0.0375
2 0.309375 0.22265625 0.0234375 0.02578125
2 0.5296875 0.46640625 0.04453125 0.059375
2 0.378125 0.4078125 0.0171875 0.02578125
2 0.9796875 0.18515625 0.01875 0.01640625
2 0.12734375 0.71328125 0.02421875 0.04609375
2 0.228125 0.53515625 0.04140625 0.04453125
2 0.0546875 0.52890625 0.0046875 0.00703125
2 0.009375 0.790625 0.01875 0.02578125
2 0.65703125 0.36171875 0.05234375 0.040625
2 0.71875 0.08515625 0.0125 0.01953125
2 0.346875 0.39140625 0.03828125 0.04140625
2 0.2546875 0.79921875 0.06328125 0.09765625
2 0.51328125 0.9765625 0.034375 0.046875
2 0.8203125 0.47421875 0.01640625 0.02109375
2 0.459375 0.8203125 0.03828125 0.09296875
2 0.72421875 0.4296875 0.02421875 0.03203125
2 0.6421875 0.54921875 0.01328125 0.021875
2 0.31328125 0.9796875 0.03203125 0.03203125
2 0.946875 0.35546875 0.0375 0.03828125
2 0.19375 0.03203125 0.0625 0.04609375
2 0.98984375 0.3015625 0.0203125 0.0375
2 0.90234375 0.18671875 0.03828125 0.028125
2 0.8109375 0.20859375 0.025 0.04140625
2 0.8203125 0.70234375 0.0328125 0.02890625
2 0.3453125 0.47734375 0.09609375 0.121875
2 0.734375 0.25 0.121875 0.07265625
2 0.27421875 0.42734375 0.03203125 0.06171875
2 0.5921875 0.8921875 0.040625 0.0625
2 0.665625 0.3171875 0.034375 0.03828125
2 0.2546875 0.73203125 0.02421875 0.034375
2 0.01484375 0.9828125 0.0296875 0.034375
2 0.36953125 0.87578125 0.03515625 0.05703125
2 0.4078125 0.07890625 0.0390625 0.071875
2 0.5203125 0.78671875 0.06953125 0.13359375
2 0.3640625 0.59765625 0.03203125 0.03515625
2 0.0375 0.27734375 0.07421875 0.075
2 0.06015625 0.9421875 0.0328125 0.03359375