2 0.8734375 0.89140625 0.08515625 0.15625
2 0.5203125 0.6046875 0.1625 0.096875
2 0.6515625 0.4609375 0.60078125 0.34921875
2 0.853125 0.765625 0.03828125 0.04453125
2 0.2953125 0.79140625 0.06875 0.07734375
2 0.1828125 0.28515625 0.365625 0.5703125
14 0.634375 0.77109375 0.42421875 0.24453125
5 0.475 0.87265625 0.10390625 0.05078125
2 0.9515625 0.03671875 0.08984375 0.07265625
5 0.6703125 0.71328125 0.06796875 0.090625
2 0.96875 0.2765625 0.06171875 0.11015625
2 0.7171875 0.725 0.04609375 0.09296875
2 0.209375 0.83515625 0.0671875 0.12109375
2 0.815625 0.57890625 0.034375 0.03671875
2 0.10078125 0.72890625 0.2015625 0.540625
2 0.30234375 0.6 0.1046875 0.11953125
2 0.6828125 0.878125 0.275 0.240625
2 0.7203125 0.63828125 0.09140625 0.07109375
2 0.98359375 0.6703125 0.0328125 0.215625
2 0.6484375 0.63046875 0.06640625 0.04765625
2 0.446875 0.77578125 0.04453125 0.04296875
2 0.5171875 0.95078125 0.04921875 0.08671875
2 0.61171875 0.6828125 0.075 0.06796875
2 0.596875 0.253125 0.07265625 0.0875
2 0.884375 0.58359375 0.06484375 0.09375
5 0.434375 0.43046875 0.071875 0.08671875
5 0.0203125 0.16171875 0.040625 0.096875
2 0.765625 0.5671875 0.02265625 0.04609375
2 0.94375 0.65703125 0.05078125 0.04296875
2 0.4171875 0.69453125 0.05078125 0.04453125
2 0.365625 0.91640625 0.28046875 0.16171875
2 0.0703125 0.40234375 0.05234375 0.06953125
5 0.9125 0.43515625 0.0421875 0.05703125
2 0.9640625 0.05234375 0.03046875 0.02734375
5 0.2625 0.8609375 0.06484375 0.0875
2 0.384375 0.78984375 0.03046875 0.06015625
2 0.82421875 0.25234375 0.02734375 0.046875
5 0.390625 0.53671875 0.05625 0.06796875
2 0.34375 0.67265625 0.07734375 0.0875
2 0.246875 0.69375 0.16328125 0.190625
2 0.52578125 0.70703125 0.0734375 0.078125
2 0.9171875 0.16796875 0.15703125 0.17734375
2 0.35625 0.47890625 0.04375 0.046875
2 0.96953125 0.434375 0.0609375 0.209375
2 0.9125 0.91484375 0.17421875 0.16171875
16 0.553125 0.1578125 0.7328125 0.315625
2 0.93359375 0.78046875 0.075 0.15625
2 0.0296875 0.43828125 0.059375 0.18828125
2 0.85 0.68203125 0.05078125 0.05
2 0.896875 0.65546875 0.034375 0.05078125
2 0.78125 0.775 0.0796875 0.13046875