2 0.90625 0.04453125 0.14296875 0.08671875
2 0.3515625 0.04140625 0.1140625 0.08125
2 0.89609375 0.41640625 0.04609375 0.05703125
2 0.4046875 0.24375 0.15546875 0.09609375
2 0.5484375 0.21328125 0.1140625 0.090625
4 0.5 0.5921875 1 0.28671875
2 0.70625 0.85859375 0.4890625 0.27578125
2 0.7546875 0.421875 0.13515625 0.19375
2 0.68515625 0.13046875 0.15390625 0.18359375
2 0.0265625 0.1515625 0.05234375 0.08125
2 0.12265625 0.17890625 0.1078125 0.06953125
2 0.8984375 0.20390625 0.09921875 0.15859375
2 0.11953125 0.27421875 0.11796875 0.040625
2 0.15234375 0.83984375 0.3046875 0.30625
2 0.1953125 0.38046875 0.034375 0.04765625
2 0.13046875 0.409375 0.1 0.11953125
3 0.3453125 0.85703125 0.2296875 0.26796875
2 0.4875 0.39140625 0.13203125 0.125
2 0.2421875 0.10703125 0.13671875 0.10078125