2 0.34375 0.46328125 0.025 0.05234375
2 0.496875 0.4296875 0.01640625 0.03359375
2 0.2015625 0.953125 0.01953125 0.021875
2 0.4703125 0.515625 0.0203125 0.03125
2 0.65625 0.00625 0.0140625 0.0125
2 0.51015625 0.45078125 0.0125 0.0125
2 0.99453125 0.95078125 0.0109375 0.084375
2 0.0765625 0.07421875 0.021875 0.03359375
2 0.915625 0.721875 0.0171875 0.01640625
2 0.1296875 0.0828125 0.04140625 0.03359375
2 0.65859375 0.25859375 0.02109375 0.03359375
2 0.6671875 0.31328125 0.01484375 0.02265625
2 0.84453125 0.06640625 0.04453125 0.04140625
2 0.2671875 0.29609375 0.02109375 0.03125
16 0.5546875 0.690625 0.4890625 0.60546875
2 0.4015625 0.3515625 0.01953125 0.028125
2 0.2375 0.23671875 0.0171875 0.02265625
2 0.44765625 0.0859375 0.0203125 0.02421875
2 0.1484375 0.94765625 0.01484375 0.02421875
2 0.4328125 0.39609375 0.02734375 0.02421875
4 0.4375 0.44453125 0.05546875 0.059375
2 0.575 0.284375 0.01171875 0.028125
2 0.1734375 0.07421875 0.0171875 0.02578125
2 0.6375 0.30234375 0.0171875 0.02421875
2 0.29375 0.203125 0.01484375 0.02890625
2 0.7328125 0.0515625 0.01328125 0.02578125
2 0.46875 0.29609375 0.021875 0.01953125
2 0.99140625 0.5578125 0.0171875 0.0375
2 0.9359375 0.125 0.03203125 0.03203125
2 0.1703125 0.97265625 0.01484375 0.02265625
2 0.58828125 0.18046875 0.05546875 0.06484375
2 0.24296875 0.303125 0.02421875 0.03671875
2 0.35 0.09453125 0.0265625 0.02578125
2 0.9015625 0.10234375 0.02109375 0.03828125
2 0.5703125 0.52578125 0.0203125 0.03359375
2 0.9609375 0.5203125 0.01796875 0.02421875
2 0.9828125 0.60078125 0.01328125 0.02734375
2 0.2375 0.98671875 0.04140625 0.02421875
2 0.5609375 0.49140625 0.02421875 0.02734375
2 0.1421875 0.90546875 0.028125 0.028125
2 0.47734375 0.00390625 0.0203125 0.0078125
2 0.25078125 0.7828125 0.0203125 0.01953125
2 0.35234375 0.01796875 0.0375 0.03515625
2 0.534375 0.46328125 0.02734375 0.03359375
2 0.4625 0.37421875 0.01640625 0.02578125
2 0.725 0.234375 0.0234375 0.046875
2 0.80234375 0.3390625 0.0203125 0.02265625
2 0.215625 0.11171875 0.02890625 0.021875
2 0.01796875 0.86171875 0.028125 0.03359375
2 0.53203125 0.36796875 0.02421875 0.04453125
2 0.325 0.5671875 0.02421875 0.03515625
2 0.3765625 0.0515625 0.01796875 0.02265625
2 0.09609375 0.8125 0.0234375 0.03125
16 0.1546875 0.54609375 0.309375 0.5546875
2 0.40859375 0.615625 0.02734375 0.03203125
2 0.63515625 0.17421875 0.01796875 0.015625
2 0.340625 0.378125 0.01015625 0.0125
2 0.8046875 0.06015625 0.0171875 0.03203125
2 0.95 0.16796875 0.03359375 0.03203125