2 0.50625 0.22734375 0.0203125 0.03359375
16 0.1359375 0.59765625 0.27109375 0.8
2 0.61171875 0.81640625 0.02890625 0.08359375
2 0.86328125 0.12265625 0.0515625 0.09296875
2 0.8046875 0.10390625 0.071875 0.096875
2 0.7046875 0.76953125 0.0828125 0.13359375
2 0.2875 0.40625 0.0125 0.02109375
2 0.4 0.08359375 0.0328125 0.02421875
2 0.2890625 0.4390625 0.01640625 0.021875
2 0.3984375 0.21640625 0.05 0.05234375
2 0.52109375 0.36953125 0.01328125 0.03515625
2 0.915625 0.89921875 0.0328125 0.05234375
2 0.328125 0.63671875 0.059375 0.11796875
2 0.821875 0.57578125 0.0390625 0.0375
2 0.353125 0.51640625 0.01953125 0.03203125
2 0.71953125 0.203125 0.040625 0.059375
2 0.3625 0.49140625 0.0203125 0.02109375
2 0.7765625 0.8765625 0.03515625 0.128125
2 0.4140625 0.15078125 0.0171875 0.02265625
2 0.65625 0.225 0.06328125 0.11640625
2 0.54453125 0.56171875 0.01171875 0.01953125
2 0.45390625 0.59140625 0.0203125 0.02265625
2 0.3984375 0.39609375 0.03203125 0.03671875
2 0.90234375 0.71484375 0.03828125 0.06015625
2 0.1578125 0.21015625 0.0484375 0.065625
2 0.29453125 0.53046875 0.01796875 0.03046875
2 0.42109375 0.12578125 0.01328125 0.01796875
2 0.34375 0.69453125 0.05546875 0.05078125
2 0.40078125 0.74453125 0.04296875 0.08359375
2 0.6796875 0.87578125 0.02421875 0.08359375
2 0.403125 0.64765625 0.04765625 0.05703125
2 0.35078125 0.1734375 0.096875 0.06484375
2 0.1453125 0.11875 0.03828125 0.07890625
2 0.5390625 0.975 0.11875 0.046875
2 0.34375 0.56171875 0.03515625 0.046875
2 0.5515625 0.3265625 0.04140625 0.06796875
2 0.88125 0.8671875 0.0359375 0.2
2 0.43125 0.62578125 0.01875 0.04375
2 0.69140625 0.31015625 0.01875 0.025
2 0.61953125 0.72265625 0.0421875 0.07109375
16 0.81015625 0.96953125 0.3796875 0.0546875
2 0.40078125 0.11875 0.02421875 0.03125
2 0.7328125 0.2984375 0.03984375 0.03203125
2 0.36953125 0.45234375 0.0203125 0.04921875
2 0.315625 0.4171875 0.01953125 0.03984375
2 0.803125 0.38359375 0.07421875 0.15546875
2 0.615625 0.34140625 0.07421875 0.12578125
2 0.565625 0.80546875 0.025 0.07578125
2 0.45703125 0.565625 0.015625 0.02265625
2 0.7109375 0.0921875 0.01328125 0.01484375
2 0.2671875 0.09296875 0.14453125 0.11875
2 0.7046875 0.38359375 0.04296875 0.06875
2 0.2859375 0.84296875 0.01875 0.021875
2 0.5171875 0.43125 0.0203125 0.01484375
2 0.23125 0.36171875 0.01328125 0.0375
2 0.4453125 0.10390625 0.03828125 0.1125
2 0.42734375 0.56328125 0.02421875 0.05625
2 0.9671875 0.90859375 0.04140625 0.078125
2 0.5015625 0.78671875 0.02578125 0.02578125
2 0.8390625 0.67890625 0.01171875 0.0125
2 0.9796875 0.1671875 0.0265625 0.071875
2 0.390625 0.528125 0.0375 0.06796875
2 0.4265625 0.48125 0.0125 0.01484375
2 0.61796875 0.00859375 0.0234375 0.0171875
2 0.4734375 0.7984375 0.01328125 0.03203125
2 0.265625 0.475 0.01328125 0.034375
2 0.88359375 0.61328125 0.06953125 0.07421875
2 0.5234375 0.246875 0.078125 0.10859375
2 0.3515625 0.73125 0.02734375 0.02265625
2 0.29140625 0.76796875 0.03203125 0.03828125
2 0.49375 0.94453125 0.02421875 0.05625
2 0.2875 0.21015625 0.0484375 0.06953125
2 0.4765625 0.73203125 0.0046875 0.00859375
2 0.625 0.44140625 0.06875 0.05859375
2 0.5609375 0.09375 0.015625 0.01875
2 0.96875 0.75546875 0.0625 0.125
2 0.6890625 0.121875 0.0140625 0.034375
2 0.521875 0.540625 0.01953125 0.025
2 0.7125 0.90625 0.02578125 0.05625
2 0.7875 0.21484375 0.06328125 0.14453125
2 0.5109375 0.40703125 0.01015625 0.01796875
2 0.54375 0.90703125 0.0890625 0.05
2 0.5953125 0.20078125 0.05078125 0.13984375
2 0.396875 0.58359375 0.03671875 0.03515625
2 0.559375 0.9375 0.0234375 0.02265625
2 0.5265625 0.8265625 0.0484375 0.05625
2 0.5265625 0.40078125 0.01484375 0.03671875
2 0.621875 0.76953125 0.01328125 0.01796875
2 0.4421875 0.66328125 0.01484375 0.02265625
2 0.3546875 0.865625 0.05234375 0.06484375
2 0.184375 0.26015625 0.02734375 0.046875
2 0.675 0.3453125 0.0265625 0.028125
2 0.5734375 0.69765625 0.04296875 0.11328125
2 0.728125 0.653125 0.01640625 0.02421875
2 0.396875 0.43515625 0.01484375 0.02265625
2 0.09375 0.246875 0.025 0.01953125
2 0.4546875 0.6265625 0.01953125 0.02265625
2 0.134375 0.04140625 0.04453125 0.05703125
2 0.66328125 0.37265625 0.028125 0.028125
2 0.44765625 0.87265625 0.096875 0.084375
2 0.6546875 0.93671875 0.02109375 0.021875
2 0.84140625 0.84375 0.0375 0.09921875
2 0.30625 0.02421875 0.053125 0.0484375
2 0.3140625 0.46796875 0.03828125 0.06796875
2 0.4421875 0.7765625 0.015625 0.06171875
2 0.428125 0.82578125 0.02734375 0.028125
2 0.20546875 0.03515625 0.0328125 0.06953125
2 0.78515625 0.03125 0.0390625 0.03125
2 0.1828125 0.13046875 0.01328125 0.02265625
2 0.8734375 0.36171875 0.04375 0.115625
2 0.85234375 0.20390625 0.0296875 0.028125
2 0.6828125 0.04296875 0.04453125 0.08515625
4 0.6421875 0.57109375 0.11484375 0.13203125
2 0.396875 0.03671875 0.04296875 0.05625
2 0.94375 0.6890625 0.04765625 0.065625
2 0.634375 0.12578125 0.015625 0.05703125
2 0.28671875 0.60234375 0.03203125 0.059375
2 0.2078125 0.18671875 0.03515625 0.075
2 0.4625 0.96328125 0.01640625 0.02265625
2 0.2046875 0.30703125 0.02109375 0.02578125
2 0.828125 0.92421875 0.02421875 0.04609375
2 0.7921875 0.5265625 0.02734375 0.06484375