2 0.43515625 0.690625 0.009375 0.01640625
2 0.79375 0.80078125 0.028125 0.0375
2 0.271875 0.27265625 0.025 0.02109375
2 0.5625 0.74296875 0.0140625 0.01953125
2 0.58671875 0.3125 0.0109375 0.01953125
2 0.20234375 0.20546875 0.02734375 0.01953125
2 0.3203125 0.9546875 0.0953125 0.04140625
2 0.15703125 0.51640625 0.01953125 0.05
2 0.2640625 0.54921875 0.021875 0.01796875
2 0.484375 0.54609375 0.01171875 0.02109375
2 0.784375 0.5078125 0.0703125 0.04765625
2 0.0234375 0.74296875 0.0265625 0.028125
2 0.8234375 0.44609375 0.103125 0.06796875
2 0.915625 0.20703125 0.01484375 0.025
2 0.984375 0.10859375 0.01484375 0.01640625
2 0.04921875 0.85390625 0.02421875 0.03359375
2 0.515625 0.0234375 0.0375 0.04140625
2 0.5125 0.74609375 0.0125 0.028125
2 0.23359375 0.85 0.01953125 0.01875
2 0.390625 0.18359375 0.07421875 0.10546875
2 0.85625 0.790625 0.03671875 0.07578125
2 0.3265625 0.70546875 0.09765625 0.11875
2 0.95 0.365625 0.1 0.175
2 0.6546875 0.475 0.0140625 0.03125
2 0.175 0.87734375 0.10703125 0.1625
2 0.50546875 0.55546875 0.01328125 0.021875
2 0.475 0.33359375 0.01171875 0.01953125
2 0.228125 0.37890625 0.015625 0.02265625
2 0.4609375 0.71328125 0.0171875 0.053125
2 0.96875 0.2671875 0.01875 0.01953125
2 0.740625 0.30234375 0.0234375 0.034375
2 0.2453125 0.80703125 0.01171875 0.028125
2 0.91796875 0.92734375 0.02734375 0.01875
2 0.7203125 0.47578125 0.025 0.03671875
2 0.9765625 0.77734375 0.03671875 0.04140625
2 0.8359375 0.11015625 0.03203125 0.04375
2 0.68125 0.15390625 0.0171875 0.015625
2 0.2953125 0.39453125 0.03203125 0.03515625
2 0.5296875 0.1703125 0.0265625 0.02421875
2 0.71796875 0.70546875 0.021875 0.05546875
2 0.39375 0.45390625 0.01328125 0.02578125
2 0.3140625 0.115625 0.075 0.059375
2 0.8375 0.8765625 0.0296875 0.028125
2 0.74375 0.08359375 0.0234375 0.02265625
2 0.28125 0.68359375 0.059375 0.06484375
2 0.3390625 0.3828125 0.0203125 0.028125
2 0.0421875 0.09296875 0.01796875 0.02734375
2 0.58828125 0.64453125 0.01328125 0.02109375
2 0.12109375 0.82890625 0.0140625 0.01171875
2 0.565625 0.05078125 0.0296875 0.03125
2 0.1265625 0.59921875 0.0484375 0.05078125
2 0.578125 0.10859375 0.0765625 0.075
2 0.43984375 0.25078125 0.01640625 0.01640625
2 0.43125 0.440625 0.01484375 0.02109375
2 0.3421875 0.55390625 0.028125 0.0375
2 0.796875 0.14296875 0.0140625 0.021875
2 0.70078125 0.4078125 0.00859375 0.01328125
2 0.85078125 0.96015625 0.03359375 0.04609375
2 0.396875 0.49609375 0.0140625 0.02421875
2 0.4625 0.21796875 0.0578125 0.03046875
2 0.97265625 0.07265625 0.02890625 0.04765625
2 0.7484375 0.61875 0.03046875 0.02109375
2 0.965625 0.19609375 0.0140625 0.02421875
2 0.340625 0.46171875 0.03359375 0.04296875
2 0.03125 0.71484375 0.02890625 0.02421875
2 0.703125 0.34609375 0.06015625 0.06328125
2 0.1890625 0.36015625 0.0484375 0.05234375
2 0.8296875 0.375 0.0359375 0.0375
0 0.4578125 0.89453125 0.3671875 0.20546875
2 0.63125 0.4125 0.03359375 0.02734375
2 0.8953125 0.7828125 0.03203125 0.0375
2 0.70390625 0.21953125 0.025 0.040625
2 0.42265625 0.60234375 0.06796875 0.0875
2 0.3046875 0.06640625 0.01796875 0.03046875
2 0.115625 0.3984375 0.025 0.03515625
2 0.225 0.87265625 0.02109375 0.01953125
2 0.053125 0.3671875 0.10625 0.096875
2 0.6765625 0.22578125 0.01875 0.02734375
2 0.184375 0.16640625 0.0390625 0.02890625
2 0.121875 0.13203125 0.03359375 0.02578125
2 0.19921875 0.26953125 0.128125 0.09765625
2 0.50625 0.06171875 0.02734375 0.02421875
2 0.4984375 0.58828125 0.02421875 0.034375
2 0.778125 0.321875 0.01328125 0.021875
2 0.6390625 0.93125 0.04453125 0.05390625
2 0.0640625 0.4234375 0.01953125 0.028125
2 0.8328125 0.0515625 0.05390625 0.07890625
2 0.65390625 0.4015625 0.0140625 0.01796875
2 0.0875 0.91796875 0.01796875 0.015625
2 0.709375 0.3109375 0.0140625 0.0125
2 0.99453125 0.47734375 0.0109375 0.02109375
2 0.89375 0.97421875 0.0421875 0.046875
2 0.09375 0.45234375 0.0625 0.059375
2 0.64140625 0.38046875 0.0203125 0.03046875
2 0.0890625 0.503125 0.0796875 0.040625
2 0.578125 0.72734375 0.0125 0.02109375
2 0.6984375 0.48515625 0.02109375 0.03515625
2 0.5421875 0.56015625 0.04296875 0.05625
2 0.38046875 0.3765625 0.01640625 0.01796875
2 0.665625 0.02265625 0.015625 0.015625
2 0.7984375 0.23828125 0.1046875 0.12265625
2 0.490625 0.68359375 0.0359375 0.05390625
2 0.915625 0.60703125 0.16328125 0.31484375
2 0.984375 0.93203125 0.021875 0.03046875
2 0.5203125 0.65078125 0.0484375 0.05859375
2 0.7671875 0.77265625 0.0359375 0.04453125
2 0.91015625 0.01484375 0.0203125 0.0296875
2 0.38125 0.67109375 0.0171875 0.025
2 0.75 0.68671875 0.028125 0.04765625
2 0.2859375 0.36171875 0.0171875 0.03046875
2 0.33125 0.20703125 0.03125 0.03515625
2 0.45 0.1859375 0.01015625 0.01953125
2 0.7875 0.87265625 0.084375 0.07421875
2 0.06171875 0.78671875 0.034375 0.03828125
2 0.459375 0.66484375 0.01640625 0.01875
2 0.7765625 0.73203125 0.03203125 0.0375
2 0.98984375 0.01640625 0.0171875 0.0328125
0 0.12109375 0.6234375 0.2421875 0.271875
2 0.93984375 0.86640625 0.11796875 0.09765625
2 0.6390625 0.3515625 0.04765625 0.03671875
2 0.2953125 0.30703125 0.0234375 0.03203125
4 0.59296875 0.49921875 0.4265625 0.9984375
2 0.8734375 0.12421875 0.034375 0.0375
2 0.4421875 0.29921875 0.06328125 0.07109375
2 0.66015625 0.2984375 0.04609375 0.06171875
2 0.81796875 0.77109375 0.03515625 0.040625
2 0.3625 0.61953125 0.040625 0.04296875
2 0.1515625 0.43984375 0.01171875 0.01640625
2 0.709375 0.51875 0.0140625 0.01875
2 0.9171875 0.12890625 0.0421875 0.05390625
2 0.953125 0.92421875 0.01953125 0.015625
2 0.71015625 0.42578125 0.0125 0.021875
2 0.8984375 0.25078125 0.01640625 0.01875
2 0.3953125 0.340625 0.03359375 0.03671875
2 0.88125 0.36171875 0.01796875 0.02421875