9 0.93203125 0.8703125 0.065625 0.165625
9 0.9078125 0.3546875 0.184375 0.35703125
9 0.09609375 0.32890625 0.1921875 0.33359375
9 0.703125 0.22265625 0.028125 0.05
9 0.5703125 0.02578125 0.05390625 0.0375
9 0.96640625 0.8046875 0.0671875 0.090625
2 0.040625 0.01640625 0.01796875 0.03046875
2 0.27734375 0.43046875 0.02421875 0.02421875
2 0.153125 0.81796875 0.0390625 0.03359375
2 0.06796875 0.746875 0.053125 0.084375
2 0.303125 0.54609375 0.04765625 0.071875
2 0.953125 0.72421875 0.059375 0.08671875
9 0.01015625 0.8828125 0.0203125 0.02421875
9 0.553125 0.2875 0.03125 0.05390625
9 0.6859375 0.96640625 0.040625 0.06484375
2 0.371875 0.13046875 0.028125 0.04140625
9 0.26015625 0.2421875 0.40703125 0.48125
2 0.471875 0.1 0.05625 0.07109375
2 0.015625 0.7578125 0.03046875 0.06796875
2 0.2484375 0.8734375 0.1015625 0.18046875
2 0.2875 0.34140625 0.05625 0.115625
2 0.703125 0.071875 0.1 0.13828125
2 0.609375 0.2453125 0.096875 0.10078125
9 0.609375 0.87265625 0.10078125 0.24921875
0 0.9140625 0.9171875 0.13203125 0.16015625
9 0.25546875 0.63671875 0.059375 0.05234375
9 0.2671875 0.609375 0.24375 0.27265625
2 0.3265625 0.82890625 0.02421875 0.05390625
2 0.9140625 0.15234375 0.0265625 0.04765625
2 0.16328125 0.73359375 0.0359375 0.09765625
2 0.06875 0.47734375 0.08984375 0.06328125
9 0.46015625 0.36953125 0.07734375 0.175
9 0.834375 0.85234375 0.07265625 0.07265625
9 0.4046875 0.696875 0.04296875 0.59765625
14 0.6171875 0.61171875 0.30546875 0.478125
9 0.10703125 0.63984375 0.125 0.096875
2 0.36875 0.96015625 0.06171875 0.078125
9 0.98515625 0.0828125 0.0296875 0.10625
2 0.121875 0.93984375 0.04453125 0.103125
2 0.65 0.16953125 0.03046875 0.0375
0 0.7796875 0.81484375 0.065625 0.18125
2 0.478125 0.5390625 0.07578125 0.10703125
2 0.0765625 0.0390625 0.0390625 0.04921875
2 0.5703125 0.58203125 0.1015625 0.11015625
2 0.42890625 0.89765625 0.04375 0.05703125
9 0.90234375 0.66953125 0.1953125 0.1625
2 0.76953125 0.14609375 0.04140625 0.05234375
9 0.4171875 0.20703125 0.05859375 0.309375
2 0.49296875 0.94453125 0.034375 0.03203125
9 0.7390625 0.26171875 0.05859375 0.03046875
9 0.859375 0.0515625 0.02421875 0.03125
2 0.090625 0.55390625 0.03515625 0.05546875
9 0.39609375 0.73125 0.11484375 0.1375
9 0.5609375 0.68984375 0.0890625 0.06328125
2 0.31953125 0.74609375 0.034375 0.040625
2 0.5109375 0.8375 0.040625 0.059375
9 0.83203125 0.18984375 0.3015625 0.3796875
2 0.0171875 0.9796875 0.034375 0.03203125
9 0.721875 0.17890625 0.02421875 0.021875
2 0.19296875 0.39921875 0.1078125 0.13984375
9 0.6359375 0.74296875 0.14140625 0.08046875