9 0.0234375 0.7015625 0.04609375 0.05625
9 0.1125 0.2734375 0.225 0.1625
0 0.6234375 0.40703125 0.15859375 0.27890625
9 0.759375 0.91484375 0.12734375 0.15078125
0 0.1125 0.9515625 0.03359375 0.05625
9 0.7546875 0.06015625 0.0421875 0.11640625
9 0.5734375 0.06171875 0.0515625 0.12109375
9 0.48046875 0.6296875 0.1984375 0.73515625
2 0.2328125 0.6625 0.11875 0.19375
9 0.9125 0.3546875 0.0828125 0.08359375
9 0.5078125 0.85546875 0.17890625 0.28359375
9 0.94921875 0.1328125 0.065625 0.02734375
9 0.071875 0.1140625 0.14375 0.075
9 0.04296875 0.609375 0.0859375 0.11953125
9 0.11953125 0.54921875 0.190625 0.71875
9 0.9203125 0.42421875 0.0515625 0.02578125
2 0.228125 0.3953125 0.03671875 0.040625
9 0.84375 0.5875 0.30546875 0.21484375
9 0.8203125 0.65390625 0.03046875 0.125
2 0.04453125 0.9484375 0.0890625 0.103125
9 0.7203125 0.05859375 0.01796875 0.11484375
2 0.83671875 0.50859375 0.0609375 0.07421875
9 0.9078125 0.26015625 0.09453125 0.07890625
9 0.71875 0.23671875 0.2125 0.08828125
9 0.825 0.35703125 0.11484375 0.15859375
9 0.46171875 0.50859375 0.2078125 0.15546875
9 0.1421875 0.04609375 0.1984375 0.09140625
9 0.8296875 0.0859375 0.1984375 0.171875
9 0.209375 0.17890625 0.01953125 0.04296875
0 0.984375 0.33046875 0.03046875 0.353125
9 0.565625 0.16484375 0.0578125 0.028125
0 0.3328125 0.85390625 0.26640625 0.28515625
9 0.08046875 0.85859375 0.1609375 0.08203125
9 0.1390625 0.59296875 0.16015625 0.13359375
9 0.0515625 0.425 0.103125 0.115625
0 0.3453125 0.18828125 0.20390625 0.33046875
2 0.446875 0.83359375 0.0859375 0.07421875
9 0.93515625 0.18203125 0.04921875 0.03125
9 0.18984375 0.16015625 0.1484375 0.12421875
9 0.8875 0.18515625 0.0625 0.24453125
9 0.38125 0.2828125 0.23984375 0.28671875
0 0.0125 0.82890625 0.02421875 0.05546875
9 0.090625 0.21015625 0.03125 0.046875
4 0.65859375 0.46953125 0.6828125 0.9390625