2 0.3453125 0.24921875 0.034375 0.03125
2 0.709375 0.87890625 0.01796875 0.03203125
2 0.99140625 0.3125 0.0171875 0.040625
0 0.928125 0.46640625 0.06953125 0.07265625
2 0.69296875 0.96171875 0.04140625 0.06875
2 0.5125 0.840625 0.0546875 0.06875
2 0.328125 0.203125 0.0265625 0.059375
0 0.875 0.453125 0.04765625 0.05625
2 0.034375 0.19921875 0.01328125 0.021875
2 0.02265625 0.91015625 0.0296875 0.03046875
2 0.73125 0.20859375 0.12421875 0.13828125
2 0.48671875 0.02109375 0.05625 0.03671875
2 0.965625 0.27265625 0.03359375 0.02421875
2 0.79296875 0.9765625 0.03515625 0.04453125
2 0.8640625 0.89375 0.03125 0.0375
2 0.509375 0.47734375 0.02109375 0.028125
0 0.36953125 0.1859375 0.03125 0.04453125
2 0.5578125 0.97421875 0.06171875 0.05
0 0.35 0.47265625 0.06640625 0.18984375
2 0.7640625 0.11640625 0.02421875 0.04140625
0 0.1875 0.8734375 0.08671875 0.08671875
0 0.2625 0.296875 0.03125 0.02890625
2 0.753125 0.0421875 0.0625 0.08203125
2 0.73671875 0.96875 0.0484375 0.0625
0 0.05546875 0.28359375 0.03828125 0.04296875
0 0.6171875 0.1875 0.03203125 0.03359375
2 0.40703125 0.02578125 0.02421875 0.03515625
2 0.15234375 0.71171875 0.04609375 0.065625
2 0.1921875 0.8015625 0.025 0.03359375
16 0.78125 0.571875 0.29921875 0.56015625
2 0.4859375 0.97265625 0.01484375 0.02890625
4 0.39453125 0.3953125 0.0453125 0.13203125
2 0.046875 0.86796875 0.05078125 0.04296875
2 0.2875 0.06953125 0.11484375 0.1125
2 0.171875 0.41875 0.0671875 0.06875
2 0.3109375 0.26328125 0.04609375 0.06953125
2 0.46640625 0.1296875 0.08203125 0.05546875
2 0.528125 0.9234375 0.0171875 0.02734375
2 0.0625 0.671875 0.0515625 0.0375
2 0.8859375 0.93984375 0.0375 0.04609375
0 0.059375 0.40859375 0.08046875 0.19921875
2 0.2359375 0.85625 0.0453125 0.05625
2 0.15625 0.08359375 0.11328125 0.128125
2 0.11171875 0.64296875 0.0703125 0.09296875
2 0.6703125 0.83359375 0.06796875 0.08203125
2 0.49765625 0.91015625 0.01953125 0.01796875
2 0.4234375 0.09140625 0.0625 0.10546875
2 0.7640625 0.84296875 0.028125 0.028125
0 0.33515625 0.75390625 0.04921875 0.02890625
0 0.56875 0.2875 0.03125 0.03203125
2 0.02109375 0.11328125 0.0421875 0.059375
2 0.9765625 0.36015625 0.02109375 0.02734375
2 0.33203125 0.946875 0.1640625 0.10625
0 0.01796875 0.74609375 0.03046875 0.06484375
2 0.7875 0.8109375 0.0203125 0.028125
2 0.4390625 0.72890625 0.1078125 0.20234375
2 0.453125 0.46015625 0.1390625 0.19453125
0 0.13125 0.12109375 0.26171875 0.23671875
2 0.8203125 0.28203125 0.03671875 0.05625
0 0.4421875 0.90859375 0.07578125 0.18203125
0 0.5078125 0.3296875 0.040625 0.05546875
2 0.0140625 0.575 0.028125 0.046875
0 0.5453125 0.5171875 0.1640625 0.23984375
2 0.659375 0.73203125 0.0609375 0.071875
2 0.85078125 0.29921875 0.02421875 0.03359375
2 0.4984375 0.06796875 0.07578125 0.05859375
2 0.2328125 0.22421875 0.0234375 0.015625
2 0.278125 0.2015625 0.03828125 0.04609375
0 0.2265625 0.5390625 0.22421875 0.55390625
0 0.603125 0.428125 0.028125 0.02578125
2 0.0296875 0.61953125 0.05078125 0.08359375
0 0.6171875 0.08359375 0.0734375 0.15625
0 0.3859375 0.6828125 0.034375 0.04921875
0 0.8640625 0.50234375 0.12734375 0.21328125
2 0.97734375 0.9328125 0.0453125 0.134375
2 0.415625 0.2546875 0.096875 0.09296875
2 0.096875 0.54921875 0.134375 0.12265625
2 0.01015625 0.51953125 0.0203125 0.05546875
0 0.27265625 0.25390625 0.0296875 0.02890625
2 0.603125 0.8375 0.02109375 0.02890625
2 0.1890625 0.2453125 0.02109375 0.03828125
2 0.5296875 0.26171875 0.03671875 0.03515625
2 0.82421875 0.98359375 0.0296875 0.02734375
0 0.08671875 0.79453125 0.03046875 0.03828125
2 0.0578125 0.80546875 0.02265625 0.046875
2 0.4921875 0.76640625 0.025 0.06328125
2 0.528125 0.10390625 0.10625 0.20234375
2 0.5296875 0.88671875 0.03046875 0.02578125
2 0.5296875 0.79765625 0.028125 0.028125
2 0.4859375 0.24375 0.02890625 0.03359375
2 0.5078125 0.68984375 0.040625 0.03671875
2 0.3765625 0.31953125 0.07421875 0.09296875
0 0.9046875 0.50859375 0.0765625 0.07421875
2 0.89921875 0.125 0.2015625 0.25
0 0.36328125 0.08359375 0.0515625 0.1671875
2 0.146875 0.77734375 0.059375 0.06328125
2 0.203125 0.66015625 0.09453125 0.14765625
2 0.4296875 0.18828125 0.0859375 0.06953125
2 0.475 0.29609375 0.02890625 0.05
2 0.121875 0.96328125 0.0625 0.06953125
0 0.96953125 0.64765625 0.0609375 0.0984375
2 0.559375 0.85859375 0.03828125 0.103125
0 0.3859375 0.609375 0.04765625 0.05234375
0 0.96875 0.50703125 0.0625 0.19375
2 0.9484375 0.753125 0.03046875 0.06875
2 0.8265625 0.91875 0.03515625 0.03359375
2 0.53359375 0.13984375 0.1296875 0.14453125
2 0.5796875 0.21484375 0.08984375 0.11640625
2 0.54921875 0.7484375 0.0359375 0.040625
2 0.9359375 0.65859375 0.0421875 0.06484375
2 0.00703125 0.26328125 0.0140625 0.02421875
0 0.20390625 0.96328125 0.04765625 0.06484375
2 0.596875 0.64765625 0.1171875 0.12578125
2 0.74765625 0.90078125 0.04765625 0.04453125
0 0.42734375 0.64296875 0.03046875 0.03359375
2 0.1109375 0.28203125 0.06953125 0.16171875
0 0.109375 0.86796875 0.05859375 0.078125
5 0.6546875 0.840625 0.03515625 0.02265625
2 0.6796875 0.64140625 0.028125 0.06171875
2 0.12109375 0.38046875 0.040625 0.04609375
0 0.5828125 0.34453125 0.0359375 0.0375
2 0.9609375 0.80546875 0.03671875 0.02890625
0 0.3890625 0.82578125 0.06953125 0.0875
2 0.9859375 0.4578125 0.02734375 0.121875
2 0.396875 0.57265625 0.03671875 0.03203125
2 0.39609375 0.734375 0.03828125 0.04140625
2 0.3421875 0.928125 0.01640625 0.02578125
0 0.10703125 0.18046875 0.028125 0.03125
2 0.625 0.88671875 0.04140625 0.07890625
2 0.7109375 0.73203125 0.02734375 0.03828125
0 0.6703125 0.24296875 0.06328125 0.125
2 0.3078125 0.325 0.06640625 0.09140625
2 0.98125 0.753125 0.034375 0.065625
2 0.0453125 0.9859375 0.0859375 0.02578125
0 0.44375 0.35 0.034375 0.03359375
2 0.6171875 0.965625 0.04609375 0.06875
0 0.29453125 0.8125 0.05625 0.084375
2 0.08046875 0.1890625 0.02421875 0.03359375
2 0.9703125 0.87890625 0.025 0.03203125
0 0.0703125 0.9375 0.0359375 0.06875
2 0.309375 0.90859375 0.03828125 0.075
2 0.321875 0.15546875 0.0265625 0.0375
0 0.05 0.24296875 0.03515625 0.0375
2 0.06484375 0.73359375 0.0390625 0.03984375
0 0.09375 0.72421875 0.02734375 0.03359375
2 0.5546875 0.30546875 0.0265625 0.03203125
2 0.81953125 0.878125 0.0359375 0.04453125