2 0.0296875 0.39296875 0.03515625 0.03359375
2 0.0140625 0.5234375 0.0125 0.01953125
2 0.8 0.65859375 0.0125 0.0125
2 0.715625 0.11640625 0.01953125 0.01953125
2 0.3875 0.09140625 0.00703125 0.00625
2 0.0859375 0.64609375 0.03671875 0.03515625
2 0.47109375 0.20703125 0.01484375 0.02890625
2 0.1 0.22265625 0.02109375 0.02421875
2 0.2765625 0.94765625 0.0046875 0.0125
2 0.371875 0.36796875 0.01484375 0.02421875
2 0.75859375 0.671875 0.0234375 0.02421875
2 0.121875 0.38671875 0.0140625 0.021875
2 0.2953125 0.81953125 0.02109375 0.03125
2 0.4078125 0.24296875 0.0234375 0.03359375
0 0.775 0.36015625 0.0859375 0.16953125
2 0.34375 0.84140625 0.0125 0.01796875
2 0.953125 0.73203125 0.02421875 0.021875
2 0.896875 0.53359375 0.0109375 0.01875
0 0.80625 0.54140625 0.02890625 0.04765625
2 0.45859375 0.49296875 0.028125 0.02265625
2 0.440625 0.17890625 0.01640625 0.021875
2 0.0453125 0.96640625 0.0109375 0.01328125
2 0.7703125 0.37109375 0.0234375 0.03671875
2 0.74453125 0.7734375 0.01171875 0.0125
3 0.1078125 0.5578125 0.0203125 0.03046875
2 0.0796875 0.43203125 0.01484375 0.02265625
2 0.8296875 0.91328125 0.0109375 0.01484375
2 0.425 0.2828125 0.02109375 0.046875
2 0.1015625 0.62734375 0.02265625 0.01796875
2 0.69296875 0.2484375 0.03359375 0.03203125
2 0.596875 0.42734375 0.0171875 0.03046875
2 0.5015625 0.99296875 0.01640625 0.01328125
2 0.3171875 0.13671875 0.01328125 0.03671875
2 0.2 0.71171875 0.0203125 0.028125
2 0.675 0.43984375 0.01328125 0.02734375
2 0.3765625 0.328125 0.01796875 0.02421875
2 0.046875 0.72890625 0.01484375 0.025
2 0.41015625 0.76328125 0.0265625 0.02890625
2 0.21171875 0.33671875 0.0203125 0.02578125
2 0.35 0.99140625 0.02265625 0.01640625
2 0.1796875 0.30859375 0.025 0.01953125
2 0.06640625 0.40703125 0.01328125 0.015625
2 0.1453125 0.77578125 0.01640625 0.021875
2 0.378125 0.05546875 0.0203125 0.02734375
2 0.3734375 0.01171875 0.02109375 0.0125
2 0.5515625 0.03125 0.0171875 0.021875
2 0.04375 0.21953125 0.0234375 0.028125
2 0.3421875 0.16953125 0.02265625 0.021875
2 0.459375 0.39140625 0.01640625 0.015625
0 0.703125 0.43359375 0.03828125 0.04609375
0 0.91875 0.52578125 0.02421875 0.03046875
2 0.6796875 0.08671875 0.03203125 0.03359375
2 0.4203125 0.8703125 0.01875 0.02265625
2 0.8453125 0.93515625 0.01875 0.03359375
0 0.8890625 0.32890625 0.10859375 0.23125
2 0.4890625 0.18359375 0.02734375 0.028125
2 0.81640625 0.5921875 0.01796875 0.02265625
2 0.2375 0.00859375 0.02734375 0.01640625
2 0.1046875 0.52578125 0.02109375 0.03671875
2 0.284375 0.71484375 0.02734375 0.02734375
2 0.2921875 0.134375 0.01953125 0.04296875
2 0.8578125 0.7359375 0.028125 0.03359375
2 0.484375 0.23046875 0.0140625 0.015625
2 0.78125 0.86015625 0.00859375 0.01484375
2 0.390625 0.278125 0.01171875 0.015625
2 0.93125 0.50234375 0.05078125 0.05546875
2 0.52265625 0.5703125 0.02109375 0.03671875
2 0.134375 0.10859375 0.01796875 0.01796875
2 0.0734375 0.20234375 0.0265625 0.03359375
3 0.921875 0.1984375 0.15546875 0.396875
2 0.1421875 0.12890625 0.01640625 0.02421875
2 0.3515625 0.73828125 0.02265625 0.028125
2 0.88359375 0.85546875 0.01015625 0.015625
0 0.85 0.99140625 0.03828125 0.01484375
2 0.84375 0.39140625 0.0203125 0.02578125
2 0.6296875 0.97421875 0.0578125 0.04765625
2 0.68515625 0.61328125 0.025 0.03359375
2 0.303125 0.15625 0.0109375 0.015625
2 0.40625 0.953125 0.01328125 0.01328125
2 0.6328125 0.15859375 0.01953125 0.05078125
2 0.05 0.60859375 0.009375 0.02421875
0 0.9609375 0.47421875 0.0453125 0.06171875
2 0.12890625 0.94921875 0.025 0.10078125
2 0.4171875 0.09921875 0.01171875 0.0125
3 0.04296875 0.75078125 0.0859375 0.046875
2 0.72578125 0.90390625 0.0125 0.01328125
0 0.9015625 0.03671875 0.01640625 0.028125
2 0.2578125 0.17890625 0.01640625 0.03515625
2 0.3453125 0.14140625 0.021875 0.028125
2 0.87578125 0.90546875 0.01015625 0.0125
2 0.6625 0.47734375 0.02734375 0.01953125
3 0.8375 0.1546875 0.2234375 0.18828125
2 0.421875 0.059375 0.01953125 0.02421875
2 0.80625 0.6296875 0.01796875 0.01953125
2 0.34375 0.7140625 0.01328125 0.01640625
2 0.240625 0.61953125 0.01484375 0.01953125
0 0.7171875 0.15234375 0.12890625 0.30390625
2 0.41953125 0.48125 0.01640625 0.01796875
2 0.8421875 0.54453125 0.03203125 0.046875
2 0.1640625 0.1734375 0.01796875 0.021875
2 0.0625 0.3265625 0.0203125 0.02734375
2 0.68671875 0.81796875 0.0125 0.01796875
2 0.6265625 0.53046875 0.0171875 0.01875
0 0.68984375 0.36171875 0.03515625 0.07734375
2 0.534375 0.13125 0.02890625 0.03125
2 0.15 0.62265625 0.0234375 0.02734375
2 0.403125 0.85 0.0046875 0.00546875
2 0.52421875 0.734375 0.01640625 0.02265625
2 0.4125 0.7390625 0.02109375 0.03046875
2 0.234375 0.52109375 0.0234375 0.02734375
2 0.734375 0.33984375 0.028125 0.04296875
2 0.571875 0.22421875 0.02734375 0.046875
2 0.7796875 0.49453125 0.0265625 0.03203125
2 0.15625 0.90078125 0.025 0.03359375
2 0.509375 0.76796875 0.01484375 0.02890625
2 0.48203125 0.53515625 0.028125 0.07109375
2 0.084375 0.17578125 0.0171875 0.02578125
2 0.075 0.71953125 0.01796875 0.01953125
2 0.6046875 0.33125 0.0515625 0.06015625
2 0.87421875 0.96015625 0.01015625 0.01328125
2 0.009375 0.25703125 0.01796875 0.02421875
2 0.41171875 0.50390625 0.0171875 0.021875
2 0.684375 0.58671875 0.00546875 0.01171875
2 0.5421875 0.91015625 0.01328125 0.01640625
2 0.68515625 0.6921875 0.02890625 0.0375
2 0.7515625 0.86796875 0.01171875 0.02265625
2 0.7734375 0.53359375 0.02109375 0.021875
8 0.559375 0.41015625 0.0421875 0.05078125
2 0.12265625 0.3546875 0.02109375 0.03046875
0 0.978125 0.1 0.0421875 0.10078125
2 0.99296875 0.49765625 0.0140625 0.12578125
2 0.309375 0.29609375 0.0234375 0.02421875
2 0.3265625 0.36015625 0.0109375 0.01171875
2 0.6421875 0.71796875 0.01953125 0.02578125
2 0.1859375 0.37109375 0.01796875 0.02265625
2 0.846875 0.90390625 0.009375 0.01484375
16 0.05859375 0.11640625 0.1171875 0.23125
2 0.21875 0.21640625 0.00859375 0.01015625
2 0.696875 0.87578125 0.01171875 0.01484375
0 0.61484375 0.27109375 0.0203125 0.03203125
2 0.234375 0.3859375 0.01640625 0.03203125
3 0.93359375 0.38984375 0.1328125 0.19609375
2 0.22734375 0.23671875 0.02109375 0.03125
2 0.4625 0.09453125 0.021875 0.02421875
2 0.6640625 0.578125 0.01640625 0.01796875
2 0.259375 0.04296875 0.02890625 0.040625
2 0.25546875 0.73203125 0.0171875 0.01953125
2 0.5390625 0.815625 0.0234375 0.02734375
0 0.66875 0.3109375 0.0171875 0.03359375
2 0.30546875 0.01328125 0.0171875 0.01640625
2 0.73671875 0.57890625 0.01796875 0.02734375
2 0.74375 0.81015625 0.01484375 0.02265625
2 0.2203125 0.69296875 0.02109375 0.03671875
0 0.8015625 0.03515625 0.065625 0.06875
2 0.8015625 0.4453125 0.02109375 0.02265625
2 0.41484375 0.44375 0.0171875 0.02890625
2 0.5796875 0.46015625 0.02109375 0.02578125
2 0.4390625 0.33984375 0.01953125 0.021875
2 0.21015625 0.1828125 0.021875 0.02578125
2 0.3578125 0.4171875 0.01328125 0.028125
0 0.8109375 0.48125 0.0296875 0.040625
2 0.303125 0.58203125 0.02109375 0.021875
2 0.42734375 0.08046875 0.021875 0.02421875
0 0.96015625 0.02265625 0.0390625 0.04296875
2 0.3125 0.08359375 0.02734375 0.02890625
2 0.3109375 0.26484375 0.01796875 0.03203125
0 0.765625 0.9796875 0.02421875 0.0375
2 0.04375 0.67734375 0.0140625 0.03046875
2 0.16484375 0.10390625 0.0171875 0.03203125
2 0.28125 0.25859375 0.02109375 0.02265625
2 0.68984375 0.85 0.015625 0.015625
2 0.734375 0.61953125 0.01796875 0.02890625
2 0.353125 0.06953125 0.01796875 0.03359375
2 0.634375 0.6328125 0.0140625 0.02421875
2 0.9765625 0.91015625 0.02265625 0.03359375
0 0.96875 0.20546875 0.04765625 0.06484375
2 0.121875 0.73671875 0.01484375 0.02421875
2 0.56484375 0.60234375 0.0171875 0.021875
2 0.36875 0.71484375 0.0140625 0.01484375
2 0.5328125 0.70859375 0.01796875 0.028125
3 0.6671875 0.59921875 0.25390625 0.25546875
2 0.32890625 0.50078125 0.01484375 0.025