2 0.16796875 0.75234375 0.0234375 0.02734375
2 0.6609375 0.8515625 0.07265625 0.05
2 0.953125 0.98125 0.028125 0.0375
2 0.265625 0.73125 0.07265625 0.05078125
4 0.7609375 0.23515625 0.478125 0.12421875
2 0.346875 0.90390625 0.090625 0.0875
2 0.359375 0.53828125 0.05234375 0.07421875
2 0.2171875 0.55234375 0.028125 0.0375
2 0.434375 0.16484375 0.0234375 0.02734375
2 0.8078125 0.028125 0.02421875 0.040625
2 0.190625 0.4078125 0.09375 0.09765625
2 0.85625 0.18046875 0.0375 0.040625
2 0.2890625 0.1109375 0.06328125 0.04453125
2 0.14765625 0.67578125 0.0375 0.08125
2 0.0078125 0.7328125 0.015625 0.034375
2 0.24296875 0.90703125 0.08671875 0.06953125
2 0.8875 0.153125 0.03203125 0.06484375
2 0.11640625 0.56875 0.0390625 0.0375
2 0.0203125 0.37578125 0.040625 0.059375
2 0.84375 0.08046875 0.03828125 0.08828125
2 0.0375 0.82890625 0.0375 0.03671875
2 0.53515625 0.95078125 0.0890625 0.09140625
2 0.0421875 0.04609375 0.084375 0.08671875
2 0.209375 0.81328125 0.0265625 0.03203125
2 0.403125 0.25859375 0.09765625 0.09609375
2 0.55390625 0.77734375 0.0859375 0.06875
2 0.7453125 0.49609375 0.07890625 0.08671875
2 0.684375 0.05078125 0.10390625 0.09765625
2 0.765625 0.89140625 0.11484375 0.146875
2 0.3296875 0.37421875 0.25703125 0.26484375
2 0.3953125 0.734375 0.1046875 0.12265625
2 0.196875 0.9671875 0.06171875 0.06015625
2 0.9109375 0.32734375 0.05625 0.07109375
2 0.575 0.90078125 0.059375 0.06484375
2 0.909375 0.80546875 0.17890625 0.290625
2 0.98046875 0.34609375 0.0390625 0.0609375
2 0.06796875 0.96953125 0.06953125 0.05390625
2 0.9109375 0.08984375 0.05078125 0.06953125
2 0.4171875 0.8234375 0.084375 0.07890625
2 0.134375 0.83828125 0.04921875 0.06328125
2 0.33515625 0.7875 0.025 0.059375
2 0.0453125 0.5171875 0.04296875 0.03515625
2 0.7859375 0.36328125 0.17734375 0.165625
2 0.5765625 0.096875 0.08984375 0.08125
2 0.13125 0.13359375 0.15625 0.21875
2 0.0453125 0.58828125 0.03046875 0.046875
2 0.0875 0.38671875 0.11484375 0.125
8 0.6015625 0.41640625 0.36328125 0.61953125
2 0.6640625 0.146875 0.06171875 0.08203125
2 0.503125 0.85625 0.06484375 0.09140625
2 0.0125 0.08828125 0.025 0.021875
2 0.32890625 0.04453125 0.12421875 0.08828125
2 0.475 0.55078125 0.0875 0.1375
2 0.09140625 0.74140625 0.02109375 0.046875
2 0.7484375 0.04921875 0.01328125 0.028125
2 0.49609375 0.43828125 0.05625 0.12578125
2 0.39609375 0.128125 0.05234375 0.09765625
2 0.1953125 0.70859375 0.02109375 0.05
2 0.3125 0.6328125 0.1203125 0.15078125
2 0.228125 0.67890625 0.02109375 0.04140625
2 0.93359375 0.5453125 0.1328125 0.203125
2 0.52265625 0.546875 0.01953125 0.02734375
2 0.7703125 0.17578125 0.01640625 0.01796875
2 0.09375 0.45859375 0.03515625 0.040625
2 0.28125 0.82421875 0.09296875 0.096875
2 0.790625 0.15703125 0.01953125 0.02421875
2 0.2078125 0.77578125 0.03203125 0.04453125
2 0.2828125 0.19609375 0.10859375 0.07265625
2 0.0328125 0.26875 0.065625 0.078125
2 0.77890625 0.76640625 0.1703125 0.13359375
2 0.8421875 0.49140625 0.07421875 0.09609375
2 0.52578125 0.66328125 0.07734375 0.09609375
2 0.9703125 0.07109375 0.034375 0.096875
2 0.825 0.60703125 0.08671875 0.09375
2 0.8390625 0.01640625 0.03125 0.0328125
2 0.3859375 0.98203125 0.04453125 0.028125
2 0.503125 0.04375 0.04765625 0.0875
2 0.6890625 0.96015625 0.065625 0.07734375
2 0.6265625 0.73671875 0.08984375 0.16484375
2 0.06328125 0.69921875 0.034375 0.04453125
2 0.70390625 0.30625 0.06796875 0.075