2 0.090625 0.0578125 0.0421875 0.0375
0 0.23125 0.35859375 0.075 0.253125
14 0.38671875 0.23125 0.1828125 0.459375
0 0.45625 0.89375 0.0625 0.078125
14 0.5 0.60390625 1 0.31171875
0 0.4859375 0.23359375 0.1078125 0.27578125
0 0.3671875 0.05625 0.0890625 0.11015625
2 0.0953125 0.29765625 0.18984375 0.36484375
14 0.71640625 0.4046875 0.5671875 0.809375
0 0.665625 0.859375 0.25078125 0.27578125
0 0.6015625 0.44609375 0.23203125 0.47109375
0 0.59609375 0.05390625 0.08203125 0.10703125
2 0.15 0.96171875 0.29921875 0.07109375
2 0.5625 0.178125 0.0234375 0.03125
14 0.71171875 0.328125 0.12109375 0.65078125
0 0.390625 0.36796875 0.03828125 0.05390625