2 0.803125 0.2203125 0.06953125 0.115625
2 0.09765625 0.77421875 0.08671875 0.078125
2 0.5796875 0.0765625 0.08984375 0.14453125
2 0.7203125 0.35625 0.084375 0.12890625
2 0.5421875 0.33671875 0.15703125 0.32890625
2 0.8 0.92578125 0.04609375 0.06484375
2 0.896875 0.28046875 0.0796875 0.12890625
2 0.43125 0.6671875 0.096875 0.23046875
2 0.921875 0.084375 0.103125 0.16171875
14 0.78359375 0.60234375 0.4328125 0.79296875
14 0.3125 0.753125 0.62421875 0.4875
2 0.18984375 0.45234375 0.065625 0.10625
0 0.0671875 0.1796875 0.134375 0.325
2 0.9515625 0.61640625 0.0796875 0.13515625
2 0.23828125 0.2 0.10390625 0.15078125
2 0.4234375 0.19453125 0.0875 0.18046875
2 0.21484375 0.8953125 0.07890625 0.10234375
2 0.3015625 0.45859375 0.12109375 0.353125