2 0.778125 0.13203125 0.028125 0.05625
2 0.6953125 0.58984375 0.06015625 0.09765625
2 0.95 0.15703125 0.09921875 0.05625
2 0.44375 0.865625 0.06875 0.08671875
2 0.85546875 0.14140625 0.0734375 0.07109375
2 0.79296875 0.53515625 0.07734375 0.09375
2 0.434375 0.18671875 0.09140625 0.05078125
14 0.471875 0.4984375 0.54140625 0.996875
2 0.8015625 0.98828125 0.0171875 0.02109375
2 0.98046875 0.21328125 0.0203125 0.034375
2 0.93515625 0.56796875 0.01015625 0.028125
2 0.9796875 0.6140625 0.0171875 0.02578125
2 0.753125 0.75078125 0.053125 0.08125
2 0.9875 0.796875 0.025 0.04296875
2 0.5875 0.44375 0.0421875 0.08359375
2 0.7125 0.28984375 0.02734375 0.03828125
2 0.80234375 0.84609375 0.03046875 0.03359375
2 0.55390625 0.04375 0.01640625 0.01875
2 0.875 0.07109375 0.00859375 0.00703125
2 0.2125 0.3328125 0.05 0.08515625
2 0.3609375 0.82578125 0.02890625 0.06953125
2 0.70703125 0.69140625 0.04140625 0.08984375
2 0.9015625 0.2015625 0.0265625 0.040625
2 0.63984375 0.57578125 0.03203125 0.075
2 0.946875 0.7859375 0.02578125 0.03046875
2 0.80625 0.4703125 0.01875 0.025
2 0.8890625 0.54609375 0.05078125 0.10546875
2 0.5140625 0.72109375 0.02421875 0.03984375
2 0.98125 0.1125 0.0203125 0.02265625
2 0.3859375 0.54453125 0.08046875 0.19375
2 0.85625 0.2265625 0.0359375 0.09765625
2 0.2484375 0.42734375 0.05703125 0.05078125
2 0.9953125 0.64296875 0.009375 0.01796875
2 0.346875 0.04140625 0.0265625 0.04453125
2 0.7578125 0.04765625 0.015625 0.02578125
2 0.5859375 0.27578125 0.02265625 0.02890625
2 0.73125 0.41796875 0.065625 0.03984375
2 0.953125 0.74140625 0.0140625 0.03125
2 0.53359375 0.01796875 0.0265625 0.03125
2 0.8015625 0.70625 0.01484375 0.02421875
2 0.8296875 0.81484375 0.0140625 0.02421875
2 0.63359375 0.01484375 0.0328125 0.0296875
2 0.859375 0.83359375 0.03203125 0.1
2 0.8046875 0.6671875 0.0703125 0.07421875
2 0.4625 0.64609375 0.05703125 0.07890625
2 0.98359375 0.6859375 0.0328125 0.05
2 0.925 0.69765625 0.05078125 0.07109375
2 0.9296875 0.07265625 0.04765625 0.04375
2 0.3234375 0.45 0.0421875 0.04921875
2 0.49296875 0.159375 0.02578125 0.04140625
2 0.97109375 0.01796875 0.04296875 0.03515625
2 0.603125 0.52890625 0.028125 0.03671875
2 0.959375 0.6359375 0.02265625 0.03203125
2 0.328125 0.34921875 0.0328125 0.08359375
2 0.82734375 0.60859375 0.0859375 0.03984375
0 0.146875 0.72578125 0.29375 0.5453125
2 0.9453125 0.11171875 0.01796875 0.03046875
2 0.45 0.26953125 0.034375 0.05234375
2 0.89296875 0.38984375 0.09296875 0.1125
2 0.8328125 0.05390625 0.06015625 0.071875
2 0.50390625 0.034375 0.03984375 0.05859375
2 0.96796875 0.25234375 0.04453125 0.04453125
2 0.69296875 0.34609375 0.00546875 0.02109375
2 0.73515625 0.20703125 0.03046875 0.05234375
2 0.6765625 0.51328125 0.06796875 0.0375
2 0.4890625 0.121875 0.03203125 0.034375
2 0.91015625 0.10546875 0.0203125 0.021875
2 0.4765625 0.21640625 0.02734375 0.025
2 0.528125 0.89921875 0.03671875 0.0625
2 0.7828125 0.01796875 0.03828125 0.03515625
2 0.0734375 0.3484375 0.01328125 0.0125
2 0.95625 0.18671875 0.01484375 0.025
2 0.9203125 0.93984375 0.03203125 0.07265625
2 0.57578125 0.1125 0.0859375 0.15390625
2 0.35859375 0.70234375 0.03671875 0.06953125
2 0.6671875 0.75 0.03359375 0.05
2 0.5609375 0.01796875 0.0203125 0.02578125
2 0.9515625 0.45859375 0.02421875 0.03828125
2 0.84375 0.4734375 0.04453125 0.07734375
2 0.9328125 0.30546875 0.01640625 0.02421875
2 0.625 0.246875 0.02109375 0.02734375
2 0.80234375 0.17578125 0.034375 0.04765625
2 0.953125 0.52109375 0.01484375 0.01875
0 0.0546875 0.18046875 0.10859375 0.36015625
2 0.85625 0.9578125 0.05546875 0.05859375
2 0.734375 0.62734375 0.034375 0.02109375
0 0.534375 0.96015625 0.25703125 0.07109375
2 0.778125 0.375 0.02734375 0.02890625
2 0.1046875 0.41171875 0.0125 0.02578125