2 0.28984375 0.11796875 0.02109375 0.02421875
2 0.696875 0.7796875 0.03671875 0.04296875
2 0.9109375 0.18046875 0.08203125 0.09375
0 0.1234375 0.0734375 0.246875 0.146875
2 0.803125 0.07890625 0.04296875 0.05625
2 0.52109375 0.01640625 0.021875 0.03125
2 0.07265625 0.73203125 0.08046875 0.09609375
2 0.8671875 0.85703125 0.06484375 0.090625
2 0.08203125 0.23828125 0.0296875 0.03984375
2 0.3890625 0.934375 0.096875 0.1125
2 0.90078125 0.928125 0.059375 0.04140625
2 0.2671875 0.25703125 0.0515625 0.06953125
2 0.6453125 0.1734375 0.021875 0.04296875
2 0.65625 0.90234375 0.209375 0.18671875
2 0.9078125 0.07109375 0.121875 0.11015625
2 0.165625 0.78515625 0.03125 0.06015625
2 0.6078125 0.07265625 0.04921875 0.04296875
2 0.28125 0.028125 0.065625 0.05390625
2 0.34609375 0.33671875 0.04921875 0.05859375
3 0.12265625 0.50703125 0.2453125 0.11328125
2 0.109375 0.96015625 0.20859375 0.06796875
2 0.02578125 0.64609375 0.0515625 0.18203125
2 0.140625 0.90859375 0.05078125 0.03203125
2 0.77578125 0.77265625 0.06953125 0.103125
0 0.0859375 0.42109375 0.17109375 0.10078125
2 0.2859375 0.8734375 0.1046875 0.18828125
2 0.08203125 0.30546875 0.03359375 0.02734375
8 0.5109375 0.5390625 0.3796875 0.68828125
2 0.21328125 0.65078125 0.0390625 0.09609375
2 0.5015625 0.08359375 0.08046875 0.11171875
2 0.77421875 0.13203125 0.03203125 0.07265625
2 0.34921875 0.18203125 0.059375 0.109375
2 0.84453125 0.4546875 0.3109375 0.19375
2 0.546875 0.12421875 0.028125 0.02265625
2 0.7015625 0.19765625 0.040625 0.05625
2 0.22421875 0.37734375 0.06171875 0.065625
2 0.9671875 0.94921875 0.04609375 0.07265625