2 0.0359375 0.27265625 0.025 0.03359375
2 0.3609375 0.56171875 0.07734375 0.12109375
2 0.2296875 0.81953125 0.084375 0.12421875
14 0.77890625 0.4984375 0.13828125 0.996875
3 0.91875 0.94375 0.1625 0.1125
2 0.3390625 0.975 0.0703125 0.046875
2 0.9453125 0.225 0.0265625 0.046875
2 0.4921875 0.60390625 0.02421875 0.03203125
2 0.06796875 0.33515625 0.0234375 0.03359375
2 0.7703125 0.16015625 0.03203125 0.04921875
2 0.9390625 0.78671875 0.053125 0.06953125
2 0.06953125 0.86640625 0.03046875 0.021875
2 0.2046875 0.67109375 0.03203125 0.0375
2 0.109375 0.35859375 0.08671875 0.13046875
2 0.3640625 0.440625 0.01953125 0.0375
2 0.69296875 0.86640625 0.065625 0.11484375
2 0.103125 0.26875 0.01953125 0.0375
2 0.425 0.87890625 0.0296875 0.05390625
2 0.5921875 0.39375 0.0828125 0.096875
2 0.5328125 0.7703125 0.09921875 0.10703125
2 0.415625 0.2890625 0.01484375 0.02734375
2 0.64921875 0.52578125 0.096875 0.125
2 0.1875 0.2015625 0.09296875 0.15625
2 0.425 0.078125 0.0671875 0.12109375
2 0.84375 0.6921875 0.04296875 0.06953125
2 0.5890625 0.60859375 0.0890625 0.13828125
2 0.446875 0.68359375 0.05078125 0.04453125
2 0.6421875 0.26015625 0.06171875 0.09765625
2 0.01796875 0.46171875 0.028125 0.03828125
2 0.2109375 0.9046875 0.0546875 0.06796875
2 0.41171875 0.74765625 0.071875 0.08359375