2 0.646875 0.47421875 0.03203125 0.03359375
2 0.2484375 0.22109375 0.00546875 0.01015625
0 0.565625 0.8453125 0.02734375 0.03203125
2 0.840625 0.6078125 0.01875 0.01875
2 0.0171875 0.85859375 0.03359375 0.02265625
2 0.3734375 0.08359375 0.01953125 0.01796875
2 0.68828125 0.65703125 0.00703125 0.00703125
2 0.2015625 0.9859375 0.02109375 0.01953125
2 0.0484375 0.071875 0.01015625 0.01015625
2 0.5140625 0.83203125 0.02109375 0.02734375
2 0.5890625 0.93359375 0.06171875 0.040625
4 0.765625 0.69765625 0.01953125 0.06953125
2 0.121875 0.01953125 0.05234375 0.03828125
2 0.44375 0.17109375 0.0234375 0.021875
2 0.43515625 0.1296875 0.015625 0.01953125
2 0.9890625 0.35703125 0.01640625 0.02890625
2 0.8109375 0.37265625 0.03671875 0.04296875
2 0.00859375 0.51015625 0.0171875 0.028125
2 0.4703125 0.60078125 0.01015625 0.01484375
2 0.1796875 0.17578125 0.0125 0.025
2 0.003125 0.603125 0.00625 0.028125
2 0.50546875 0.43359375 0.0171875 0.02578125
2 0.9734375 0.25390625 0.03359375 0.03828125
2 0.9265625 0.77109375 0.0203125 0.02890625
2 0.4703125 0.66875 0.03515625 0.03671875
0 0.03125 0.10546875 0.06171875 0.16875
2 0.9875 0.66328125 0.02265625 0.03828125
17 0.1859375 0.09453125 0.02265625 0.03359375
2 0.13203125 0.45078125 0.00859375 0.01640625
2 0.21875 0.21875 0.02109375 0.025
2 0.365625 0.66875 0.0125 0.01484375
2 0.2984375 0.1828125 0.0265625 0.02421875
2 0.3828125 0.83359375 0.02421875 0.04140625
2 0.80625 0.840625 0.0359375 0.03515625
2 0.284375 0.76015625 0.0546875 0.090625
8 0.5046875 0.68515625 0.0484375 0.06875
2 0.753125 0.96328125 0.00546875 0.01640625
2 0.4078125 0.7421875 0.02421875 0.02890625
2 0.4828125 0.06953125 0.01484375 0.03359375
2 0.42578125 0.56484375 0.03125 0.03359375
2 0.6890625 0.86171875 0.01484375 0.02109375
2 0.72578125 0.89765625 0.01171875 0.01328125
2 0.815625 0.32734375 0.0296875 0.02109375
2 0.6359375 0.85859375 0.02109375 0.00859375
2 0.2 0.4125 0.00859375 0.01328125
2 0.5703125 0.53671875 0.0171875 0.03203125
2 0.6234375 0.59921875 0.02421875 0.01640625
2 0.828125 0.66484375 0.03671875 0.05234375
0 0.6265625 0.903125 0.0203125 0.02890625
2 0.2671875 0.365625 0.01328125 0.01640625
2 0.9234375 0.08046875 0.0546875 0.08359375
2 0.9484375 0.19765625 0.0140625 0.03203125
2 0.978125 0.9046875 0.028125 0.02578125
2 0.03515625 0.97265625 0.04453125 0.04765625
16 0.6921875 0.18828125 0.3375 0.37109375
0 0.07578125 0.63984375 0.06640625 0.22265625
2 0.7546875 0.56171875 0.03515625 0.03203125
0 0.47109375 0.934375 0.178125 0.12421875
2 0.00625 0.1015625 0.0125 0.06796875
2 0.284375 0.3984375 0.01953125 0.021875
2 0.28125 0.93125 0.04453125 0.08828125
0 0.5234375 0.97578125 0.0515625 0.04609375
0 0.121875 0.10859375 0.24375 0.2171875
2 0.88125 0.20234375 0.034375 0.04140625
2 0.646875 0.9421875 0.0125 0.02421875
2 0.5125 0.09609375 0.01484375 0.03515625
2 0.1796875 0.92578125 0.02890625 0.02890625
2 0.56484375 0.97421875 0.04765625 0.046875
0 0.6234375 0.97890625 0.03203125 0.040625
2 0.00625 0.534375 0.0125 0.03203125
2 0.51875 0.3109375 0.01484375 0.025
2 0.9609375 0.94453125 0.0140625 0.02421875
2 0.4515625 0.73984375 0.0171875 0.01875
0 0.940625 0.01640625 0.025 0.03203125
0 0.43984375 0.684375 0.0234375 0.02890625
2 0.403125 0.16640625 0.0171875 0.028125