2 0.0953125 0.03359375 0.0390625 0.02890625
2 0.9328125 0.24453125 0.04609375 0.05078125
2 0.66875 0.71953125 0.05078125 0.059375
2 0.8421875 0.96171875 0.1796875 0.07109375
2 0.13671875 0.83671875 0.04140625 0.03125
2 0.746875 0.3828125 0.04921875 0.03203125
3 0.7015625 0.20546875 0.38828125 0.41015625
2 0.98203125 0.61640625 0.0359375 0.18828125
2 0.925 0.3296875 0.02734375 0.03125
2 0.878125 0.7390625 0.1625 0.19921875
2 0.16875 0.25625 0.06640625 0.14375
2 0.8 0.68046875 0.06953125 0.08671875
2 0.5828125 0.68515625 0.04453125 0.07421875
2 0.2609375 0.75078125 0.0484375 0.05703125
2 0.1890625 0.12421875 0.03125 0.03359375
2 0.0453125 0.18515625 0.090625 0.16953125
2 0.3609375 0.0203125 0.034375 0.040625
2 0.83359375 0.91015625 0.090625 0.040625
2 0.1328125 0.3984375 0.02734375 0.04140625
2 0.19609375 0.88203125 0.04375 0.05859375
2 0.7640625 0.54296875 0.05234375 0.06796875
2 0.546875 0.48671875 0.01796875 0.0375
2 0.484375 0.428125 0.05234375 0.07421875
2 0.8484375 0.3203125 0.096875 0.16796875
2 0.34765625 0.12421875 0.0484375 0.084375
2 0.46171875 0.10234375 0.06875 0.0875
2 0.68046875 0.88203125 0.125 0.165625
2 0.7015625 0.33515625 0.0484375 0.08046875
2 0.109375 0.0828125 0.07265625 0.046875
2 0.0796875 0.29765625 0.05859375 0.06875
2 0.1453125 0.75234375 0.0796875 0.078125
4 0.46015625 0.3671875 0.49296875 0.65859375
2 0.5078125 0.76328125 0.0484375 0.1
2 0.41875 0.43046875 0.07421875 0.10625
2 0.55625 0.72734375 0.03828125 0.084375
2 0.3875 0.97265625 0.07265625 0.04609375
2 0.46875 0.29296875 0.0609375 0.14453125
2 0.165625 0.96640625 0.06015625 0.059375
2 0.159375 0.06015625 0.02421875 0.03359375
2 0.16796875 0.48671875 0.3359375 0.47109375
2 0.76875 0.82890625 0.028125 0.03203125
2 0.24453125 0.80078125 0.04921875 0.03515625
2 0.56796875 0.89375 0.11171875 0.134375
2 0.8828125 0.54296875 0.11484375 0.12578125
2 0.0515625 0.7265625 0.0171875 0.04453125
2 0.375 0.2109375 0.0578125 0.075
2 0.78828125 0.15546875 0.05625 0.06484375
2 0.3828125 0.81328125 0.184375 0.21640625
2 0.97890625 0.06015625 0.0421875 0.0953125
2 0.296875 0.0484375 0.053125 0.06796875
2 0.934375 0.45703125 0.09453125 0.10703125
2 0.0390625 0.81953125 0.071875 0.05234375
2 0.00703125 0.93984375 0.0140625 0.059375
2 0.96328125 0.31484375 0.04765625 0.06171875
2 0.95 0.84921875 0.075 0.11171875
2 0.01796875 0.04609375 0.0359375 0.06875