2 0.946875 0.33359375 0.07734375 0.14453125
9 0.284375 0.41640625 0.07734375 0.82890625
2 0.93046875 0.70546875 0.04609375 0.03203125
9 0.21875 0.89609375 0.10859375 0.165625
2 0.92421875 0.86875 0.1515625 0.25625
2 0.15234375 0.04140625 0.0265625 0.02734375
2 0.68984375 0.20390625 0.0171875 0.03125
2 0.3953125 0.93046875 0.03125 0.04609375
9 0.665625 0.5953125 0.08515625 0.0375
9 0.375 0.30859375 0.54765625 0.09140625
2 0.9609375 0.10625 0.040625 0.06796875
2 0.18125 0.15546875 0.04140625 0.046875
2 0.83828125 0.60703125 0.03125 0.028125
9 0.803125 0.67421875 0.0171875 0.1375
2 0.87265625 0.16640625 0.02109375 0.03515625
2 0.7859375 0.3984375 0.0171875 0.03671875
2 0.39765625 0.14765625 0.02734375 0.03203125
2 0.4515625 0.22109375 0.05546875 0.07421875
2 0.71328125 0.8828125 0.03359375 0.03203125
2 0.2375 0.60078125 0.01796875 0.02421875
2 0.878125 0.221875 0.03046875 0.06484375
2 0.83046875 0.83125 0.03828125 0.05
9 0.10546875 0.940625 0.1484375 0.115625
2 0.62890625 0.84296875 0.0484375 0.059375
2 0.37734375 0.55625 0.02734375 0.02890625
2 0.53125 0.66875 0.0453125 0.05234375
2 0.6390625 0.77578125 0.02109375 0.03046875
2 0.721875 0.12734375 0.025 0.0375
2 0.4328125 0.54921875 0.02265625 0.03671875
2 0.3734375 0.65390625 0.028125 0.06328125
2 0.14921875 0.64609375 0.0265625 0.03046875
2 0.63359375 0.6859375 0.025 0.03671875
4 0.5296875 0.49921875 0.1640625 0.99609375
2 0.0890625 0.7078125 0.04140625 0.03671875
2 0.8375 0.97109375 0.0375 0.04453125
2 0.18359375 0.68046875 0.0359375 0.0375
2 0.23125 0.48671875 0.0265625 0.05546875
2 0.5703125 0.58203125 0.02109375 0.02734375
2 0.79765625 0.975 0.01953125 0.04453125
2 0.13046875 0.75078125 0.03515625 0.03828125
2 0.2015625 0.44453125 0.02734375 0.03203125
2 0.07265625 0.3375 0.0484375 0.04609375
2 0.75625 0.81796875 0.034375 0.02734375
2 0.9234375 0.6296875 0.03359375 0.04140625
2 0.403125 0.77109375 0.0203125 0.02734375
2 0.4828125 0.93515625 0.0453125 0.046875
2 0.5453125 0.15546875 0.04296875 0.03984375