2 0.54375 0.34609375 0.07265625 0.06875
2 0.87109375 0.16328125 0.1046875 0.19296875
2 0.05234375 0.92734375 0.1046875 0.13984375
2 0.52109375 0.2640625 0.1796875 0.16796875
2 0.1046875 0.51953125 0.20859375 0.47734375
5 0.63125 0.06171875 0.071875 0.09375
2 0.2234375 0.2109375 0.446875 0.41953125
2 0.59140625 0.6921875 0.8171875 0.609375
2 0.52734375 0.08984375 0.1484375 0.1796875
2 0.71875 0.4015625 0.1421875 0.23125
14 0.35078125 0.63203125 0.7015625 0.53984375
2 0.4078125 0.459375 0.0390625 0.040625
2 0.82890625 0.04765625 0.1078125 0.0953125
2 0.37890625 0.51015625 0.04453125 0.05
2 0.9625 0.02265625 0.07421875 0.04453125
2 0.88203125 0.35625 0.2359375 0.378125
2 0.14765625 0.96796875 0.121875 0.06015625
2 0.703125 0.0546875 0.07421875 0.109375
2 0.771875 0.26796875 0.06171875 0.09765625
5 0.4171875 0.57734375 0.06875 0.09609375
2 0.64375 0.16484375 0.10078125 0.1125
2 0.240625 0.86171875 0.1515625 0.17265625
2 0.96640625 0.096875 0.0671875 0.05078125
2 0.753125 0.15703125 0.10703125 0.096875