2 0.65859375 0.75703125 0.19921875 0.23046875
2 0.7875 0.10859375 0.19453125 0.09296875
2 0.3875 0.60546875 0.271875 0.14921875
2 0.13359375 0.1890625 0.07734375 0.16015625
2 0.2578125 0.2921875 0.14765625 0.04453125
2 0.1359375 0.534375 0.20078125 0.15234375
2 0.340625 0.72265625 0.1796875 0.24765625
14 0.3265625 0.278125 0.653125 0.55625
2 0.2109375 0.053125 0.1109375 0.10078125
2 0.84296875 0.8875 0.3109375 0.225
2 0.89296875 0.62109375 0.18125 0.08828125
14 0.54921875 0.41484375 0.9015625 0.82890625
2 0.43203125 0.46328125 0.1359375 0.0875