2 0.31875 0.33828125 0.03125 0.0375
2 0.578125 0.56953125 0.128125 0.17421875
2 0.2453125 0.51640625 0.01484375 0.03515625
2 0.00625 0.82734375 0.0125 0.0515625
2 0.0296875 0.26171875 0.059375 0.13359375
2 0.3015625 0.74609375 0.25703125 0.15078125
2 0.82265625 0.36796875 0.3046875 0.734375
2 0.8703125 0.04609375 0.053125 0.08671875
2 0.03671875 0.75703125 0.04140625 0.05234375
2 0.0671875 0.125 0.04609375 0.075
2 0.759375 0.68203125 0.040625 0.04453125
2 0.5484375 0.77890625 0.090625 0.09765625
2 0.690625 0.63984375 0.065625 0.075
2 0.0953125 0.2921875 0.0421875 0.05546875
2 0.746875 0.56328125 0.03828125 0.059375
2 0.240625 0.84296875 0.034375 0.05
2 0.48125 0.765625 0.0703125 0.11640625
2 0.1890625 0.96484375 0.06015625 0.05234375
2 0.896875 0.98359375 0.0375 0.02890625
2 0.11953125 0.78984375 0.03125 0.03671875
2 0.9484375 0.48203125 0.03046875 0.04140625
2 0.97265625 0.68359375 0.0359375 0.05546875
2 0.4921875 0.49296875 0.0578125 0.08046875
2 0.140625 0.4453125 0.0234375 0.03671875
2 0.75 0.82265625 0.103125 0.10546875
2 0.0609375 0.64609375 0.0546875 0.0875
2 0.1046875 0.51328125 0.20859375 0.31015625
2 0.734375 0.72265625 0.0484375 0.1
2 0.3546875 0.61640625 0.05625 0.07890625
2 0.56953125 0.15078125 0.12109375 0.10703125
2 0.4484375 0.67890625 0.03359375 0.03515625
2 0.3296875 0.11328125 0.1703125 0.21875
2 0.47578125 0.94140625 0.05078125 0.109375
14 0.4015625 0.55234375 0.803125 0.88984375
2 0.96640625 0.225 0.0671875 0.10078125
2 0.0796875 0.93671875 0.159375 0.12421875
2 0.06953125 0.828125 0.05234375 0.08671875
2 0.7203125 0.2453125 0.04140625 0.03671875