2 0.9015625 0.04609375 0.040625 0.06171875
2 0.2140625 0.67109375 0.04140625 0.06875
2 0.68046875 0.03203125 0.03046875 0.04609375
2 0.7859375 0.65 0.1453125 0.50390625
2 0.53671875 0.89453125 0.06328125 0.0875
2 0.4 0.41796875 0.059375 0.09140625
2 0.7109375 0.12734375 0.05078125 0.05078125
2 0.309375 0.71015625 0.15546875 0.575
2 0.1578125 0.6015625 0.01796875 0.01796875
14 0.653125 0.49765625 0.315625 0.9953125
2 0.0421875 0.36640625 0.084375 0.240625
2 0.11328125 0.83671875 0.2265625 0.32421875
2 0.4265625 0.2984375 0.0390625 0.05078125
2 0.2125 0.37578125 0.1515625 0.146875
2 0.1125 0.18359375 0.03203125 0.046875
2 0.65703125 0.06796875 0.0203125 0.028125