1 0.4699519230769231 0.34375 0.015625 0.021634615384615384
1 0.9074519230769231 0.23557692307692307 0.025240384615384616 0.030048076923076924
1 0.007211538461538462 0.6742788461538461 0.013221153846153846 0.021634615384615384
1 0.33413461538461536 0.7307692307692307 0.013221153846153846 0.027644230769230768
1 0.01201923076923077 0.6201923076923077 0.02283653846153846 0.025240384615384616
1 0.8870192307692307 0.09254807692307693 0.02283653846153846 0.016826923076923076
1 0.5108173076923077 0.828125 0.016826923076923076 0.027644230769230768
1 0.28846153846153844 0.8293269230769231 0.06850961538461539 0.08653846153846154
1 0.11658653846153846 0.6947115384615384 0.016826923076923076 0.018028846153846152
1 0.8425480769230769 0.6334134615384616 0.016826923076923076 0.028846153846153848
1 0.47716346153846156 0.375 0.02403846153846154 0.02283653846153846
1 0.018028846153846152 0.8725961538461539 0.036057692307692304 0.056490384615384616
1 0.2620192307692308 0.9206730769230769 0.020432692307692308 0.04567307692307692
1 0.057692307692307696 0.2824519230769231 0.009615384615384616 0.014423076923076924
1 0.04567307692307692 0.31009615384615385 0.018028846153846152 0.016826923076923076
1 0.9447115384615384 0.49038461538461536 0.027644230769230768 0.040865384615384616
1 0.08533653846153846 0.4182692307692308 0.02403846153846154 0.040865384615384616
1 0.15264423076923078 0.859375 0.05048076923076923 0.054086538461538464
1 0.6622596153846154 0.02403846153846154 0.02283653846153846 0.03365384615384615
1 0.2608173076923077 0.765625 0.016826923076923076 0.018028846153846152
1 0.49399038461538464 0.6009615384615384 0.04326923076923077 0.054086538461538464
1 0.010817307692307692 0.44591346153846156 0.01201923076923077 0.030048076923076924
1 0.7644230769230769 0.3449519230769231 0.06129807692307692 0.06129807692307692
1 0.5949519230769231 0.8149038461538461 0.010817307692307692 0.021634615384615384
1 0.11177884615384616 0.4206730769230769 0.016826923076923076 0.02283653846153846
1 0.10336538461538461 0.2824519230769231 0.055288461538461536 0.054086538461538464
1 0.7067307692307693 0.4519230769230769 0.051682692307692304 0.06490384615384616
1 0.7415865384615384 0.12980769230769232 0.051682692307692304 0.06971153846153846
1 0.4567307692307692 0.5084134615384616 0.030048076923076924 0.057692307692307696
1 0.24158653846153846 0.16346153846153846 0.014423076923076924 0.021634615384615384
1 0.9675480769230769 0.5108173076923077 0.06490384615384616 0.040865384615384616
1 0.9711538461538461 0.09134615384615384 0.03485576923076923 0.07572115384615384
1 0.8161057692307693 0.19951923076923078 0.020432692307692308 0.03485576923076923
1 0.2536057692307692 0.9651442307692307 0.019230769230769232 0.030048076923076924
1 0.27524038461538464 0.7379807692307693 0.014423076923076924 0.01201923076923077
1 0.004807692307692308 0.5036057692307693 0.009615384615384616 0.019230769230769232
1 0.16706730769230768 0.6598557692307693 0.014423076923076924 0.02283653846153846
1 0.040865384615384616 0.2860576923076923 0.010817307692307692 0.01201923076923077
1 0.8569711538461539 0.484375 0.04326923076923077 0.04326923076923077
1 0.8209134615384616 0.35697115384615385 0.021634615384615384 0.027644230769230768
1 0.40865384615384615 0.8125 0.009615384615384616 0.015625
1 0.6045673076923077 0.5709134615384616 0.02283653846153846 0.02283653846153846
1 0.01201923076923077 0.8016826923076923 0.02403846153846154 0.019230769230769232
1 0.9206730769230769 0.5444711538461539 0.020432692307692308 0.018028846153846152
1 0.7199519230769231 0.39783653846153844 0.030048076923076924 0.036057692307692304
3 0.37259615384615385 0.40024038461538464 0.4387019230769231 0.7992788461538461
1 0.7932692307692307 0.4567307692307692 0.055288461538461536 0.05048076923076923
1 0.49158653846153844 0.5084134615384616 0.020432692307692308 0.055288461538461536
1 0.11057692307692307 0.20552884615384615 0.02403846153846154 0.019230769230769232
1 0.17307692307692307 0.6237980769230769 0.014423076923076924 0.026442307692307692
1 0.7944711538461539 0.5060096153846154 0.042067307692307696 0.054086538461538464
1 0.296875 0.7608173076923077 0.021634615384615384 0.028846153846153848
1 0.4423076923076923 0.9387019230769231 0.014423076923076924 0.013221153846153846
1 0.8533653846153846 0.15745192307692307 0.02283653846153846 0.03245192307692308
1 0.6875 0.6466346153846154 0.026442307692307692 0.042067307692307696
1 0.6490384615384616 0.6911057692307693 0.019230769230769232 0.03365384615384615
1 0.19591346153846154 0.4074519230769231 0.02403846153846154 0.03245192307692308
1 0.39903846153846156 0.17668269230769232 0.03365384615384615 0.027644230769230768
1 0.3762019230769231 0.234375 0.02283653846153846 0.025240384615384616
1 0.3918269230769231 0.25961538461538464 0.016826923076923076 0.02283653846153846
1 0.2704326923076923 0.3245192307692308 0.03485576923076923 0.03245192307692308
1 0.5336538461538461 0.5456730769230769 0.03125 0.030048076923076924
1 0.8966346153846154 0.4879807692307692 0.016826923076923076 0.02283653846153846
1 0.8894230769230769 0.6538461538461539 0.018028846153846152 0.02283653846153846
