7 0.2980769230769231 0.8774038461538461 0.2091346153846154 0.23076923076923078
7 0.3112980769230769 0.7019230769230769 0.6225961538461539 0.203125
0 0.04326923076923077 0.10216346153846154 0.08653846153846154 0.20432692307692307
7 0.3786057692307692 0.8966346153846154 0.5240384615384616 0.19110576923076922
7 0.9026442307692307 0.5168269230769231 0.19471153846153846 0.17908653846153846
1 0.4326923076923077 0.06490384615384616 0.06129807692307692 0.06129807692307692
7 0.6262019230769231 0.109375 0.038461538461538464 0.03365384615384615
7 0.8088942307692307 0.39903846153846156 0.07692307692307693 0.06490384615384616
7 0.22716346153846154 0.828125 0.2980769230769231 0.33052884615384615
7 0.3016826923076923 0.07932692307692307 0.03485576923076923 0.05048076923076923
7 0.4170673076923077 0.6394230769230769 0.1201923076923077 0.09975961538461539
7 0.7920673076923077 0.6466346153846154 0.41586538461538464 0.2692307692307692
7 0.9699519230769231 0.9122596153846154 0.06009615384615385 0.1466346153846154
7 0.11057692307692307 0.34375 0.11899038461538461 0.5673076923076923
1 0.7680288461538461 0.21875 0.04927884615384615 0.057692307692307696
1 0.9483173076923077 0.8209134615384616 0.10336538461538461 0.08653846153846154
3 0.6274038461538461 0.5 0.3581730769230769 0.9939903846153846
7 0.7920673076923077 0.5817307692307693 0.08653846153846154 0.06971153846153846
7 0.2439903846153846 0.3713942307692308 0.2668269230769231 0.2692307692307692
7 0.13942307692307693 0.3641826923076923 0.037259615384615384 0.08653846153846154
7 0.5745192307692307 0.47836538461538464 0.0673076923076923 0.19591346153846154
