1 0.7608173076923077 0.7175480769230769 0.021634615384615384 0.02283653846153846
1 0.5336538461538461 0.8569711538461539 0.021634615384615384 0.02283653846153846
1 0.9591346153846154 0.7163461538461539 0.04927884615384615 0.04326923076923077
1 0.5432692307692307 0.7223557692307693 0.018028846153846152 0.027644230769230768
1 0.1201923076923077 0.27283653846153844 0.037259615384615384 0.03365384615384615
1 0.11298076923076923 0.3557692307692308 0.026442307692307692 0.02283653846153846
1 0.9747596153846154 0.5192307692307693 0.019230769230769232 0.028846153846153848
1 0.6959134615384616 0.23798076923076922 0.02403846153846154 0.027644230769230768
11 0.9399038461538461 0.23076923076923078 0.1201923076923077 0.45913461538461536
3 0.4014423076923077 0.3894230769230769 0.19951923076923078 0.6947115384615384
1 0.29927884615384615 0.29927884615384615 0.02403846153846154 0.03245192307692308
1 0.3605769230769231 0.25721153846153844 0.016826923076923076 0.030048076923076924
1 0.5060096153846154 0.8341346153846154 0.013221153846153846 0.021634615384615384
1 0.06129807692307692 0.9050480769230769 0.021634615384615384 0.042067307692307696
1 0.9927884615384616 0.7307692307692307 0.013221153846153846 0.027644230769230768
1 0.796875 0.7223557692307693 0.027644230769230768 0.040865384615384616
1 0.4230769230769231 0.8449519230769231 0.02403846153846154 0.027644230769230768
1 0.5721153846153846 0.8653846153846154 0.027644230769230768 0.028846153846153848
1 0.29086538461538464 0.33413461538461536 0.03125 0.03245192307692308
1 0.09014423076923077 0.2764423076923077 0.019230769230769232 0.027644230769230768
1 0.14903846153846154 0.2800480769230769 0.02403846153846154 0.03125
1 0.2608173076923077 0.052884615384615384 0.027644230769230768 0.026442307692307692
1 0.11298076923076923 0.109375 0.016826923076923076 0.021634615384615384
1 0.19591346153846154 0.7764423076923077 0.027644230769230768 0.03125
1 0.5673076923076923 0.24519230769230768 0.037259615384615384 0.0829326923076923
1 0.8401442307692307 0.9411057692307693 0.036057692307692304 0.027644230769230768
1 0.8329326923076923 0.3581730769230769 0.021634615384615384 0.027644230769230768
1 0.39783653846153844 0.018028846153846152 0.018028846153846152 0.018028846153846152
1 0.5120192307692307 0.2548076923076923 0.016826923076923076 0.027644230769230768
1 0.7884615384615384 0.19951923076923078 0.028846153846153848 0.04447115384615385
1 0.8004807692307693 0.1141826923076923 0.021634615384615384 0.03245192307692308
1 0.4362980769230769 0.8930288461538461 0.03125 0.042067307692307696
1 0.2512019230769231 0.27524038461538464 0.014423076923076924 0.02283653846153846
1 0.7740384615384616 0.375 0.02403846153846154 0.037259615384615384
7 0.671875 0.3004807692307692 0.19951923076923078 0.109375
1 0.7728365384615384 0.4050480769230769 0.02283653846153846 0.02283653846153846
1 0.08653846153846154 0.8870192307692307 0.019230769230769232 0.026442307692307692
1 0.4795673076923077 0.2704326923076923 0.02403846153846154 0.03245192307692308
1 0.9206730769230769 0.37740384615384615 0.020432692307692308 0.03245192307692308
1 0.32572115384615385 0.03485576923076923 0.03485576923076923 0.019230769230769232
1 0.8701923076923077 0.6057692307692307 0.021634615384615384 0.027644230769230768
1 0.2283653846153846 0.08653846153846154 0.019230769230769232 0.027644230769230768
1 0.0889423076923077 0.9723557692307693 0.016826923076923076 0.02403846153846154
1 0.30649038461538464 0.8725961538461539 0.025240384615384616 0.03245192307692308
1 0.38822115384615385 0.8617788461538461 0.018028846153846152 0.02403846153846154
1 0.49158653846153844 0.8894230769230769 0.018028846153846152 0.03125
1 0.5673076923076923 0.7175480769230769 0.021634615384615384 0.03125
1 0.7367788461538461 0.6899038461538461 0.027644230769230768 0.019230769230769232
1 0.8353365384615384 0.9711538461538461 0.016826923076923076 0.03125
1 0.8762019230769231 0.8209134615384616 0.03125 0.04807692307692308
1 0.40865384615384615 0.5264423076923077 0.025240384615384616 0.04567307692307692
1 0.8473557692307693 0.18028846153846154 0.02403846153846154 0.026442307692307692
1 0.38822115384615385 0.24278846153846154 0.021634615384615384 0.021634615384615384
1 0.140625 0.546875 0.020432692307692308 0.03125
1 0.07932692307692307 0.4675480769230769 0.10336538461538461 0.11538461538461539
1 0.08173076923076923 0.06971153846153846 0.055288461538461536 0.057692307692307696
1 0.11658653846153846 0.9146634615384616 0.016826923076923076 0.021634615384615384
1 0.14903846153846154 0.9567307692307693 0.016826923076923076 0.03125
1 0.234375 0.8076923076923077 0.02403846153846154 0.03245192307692308
1 0.34615384615384615 0.8305288461538461 0.02403846153846154 0.030048076923076924
1 0.5288461538461539 0.7463942307692307 0.025240384615384616 0.027644230769230768
1 0.7824519230769231 0.984375 0.020432692307692308 0.021634615384615384
1 0.9651442307692307 0.9759615384615384 0.026442307692307692 0.02403846153846154
1 0.9783653846153846 0.7848557692307693 0.027644230769230768 0.036057692307692304
1 0.8052884615384616 0.3918269230769231 0.03125 0.027644230769230768
1 0.5949519230769231 0.2824519230769231 0.027644230769230768 0.03485576923076923
1 0.8257211538461539 0.14543269230769232 0.016826923076923076 0.02403846153846154
1 0.06009615384615385 0.5492788461538461 0.02403846153846154 0.03125
1 0.006009615384615385 0.5949519230769231 0.01201923076923077 0.027644230769230768
1 0.5673076923076923 0.47716346153846156 0.02283653846153846 0.03125
1 0.3557692307692308 0.036057692307692304 0.018028846153846152 0.02403846153846154
1 0.6983173076923077 0.42427884615384615 0.018028846153846152 0.027644230769230768
1 0.5228365384615384 0.7992788461538461 0.018028846153846152 0.027644230769230768
1 0.7391826923076923 0.1875 0.020432692307692308 0.03485576923076923
1 0.3125 0.8052884615384616 0.021634615384615384 0.019230769230769232
1 0.009615384615384616 0.953125 0.019230769230769232 0.036057692307692304
1 0.20552884615384615 0.8173076923076923 0.02403846153846154 0.03365384615384615
1 0.7103365384615384 0.671875 0.02403846153846154 0.027644230769230768
1 0.2704326923076923 0.6382211538461539 0.027644230769230768 0.03365384615384615
1 0.020432692307692308 0.4951923076923077 0.016826923076923076 0.02403846153846154
1 0.34975961538461536 0.6346153846153846 0.014423076923076924 0.021634615384615384
1 0.03365384615384615 0.9146634615384616 0.02283653846153846 0.026442307692307692
1 0.8822115384615384 0.3762019230769231 0.027644230769230768 0.054086538461538464
1 0.9447115384615384 0.9471153846153846 0.020432692307692308 0.02403846153846154
1 0.8293269230769231 0.9050480769230769 0.028846153846153848 0.03245192307692308
1 0.2824519230769231 0.8665865384615384 0.020432692307692308 0.03365384615384615
1 0.9206730769230769 0.5528846153846154 0.016826923076923076 0.027644230769230768
1 0.8521634615384616 0.3713942307692308 0.026442307692307692 0.038461538461538464
1 0.6153846153846154 0.6598557692307693 0.040865384615384616 0.03485576923076923
1 0.8161057692307693 0.5180288461538461 0.027644230769230768 0.03365384615384615
