1 0.8701923076923077 0.7872596153846154 0.027644230769230768 0.03125
7 0.578125 0.9771634615384616 0.04567307692307692 0.042067307692307696
10 0.43990384615384615 0.453125 0.20673076923076922 0.6622596153846154
1 0.18509615384615385 0.8497596153846154 0.027644230769230768 0.030048076923076924
1 0.8629807692307693 0.9423076923076923 0.02403846153846154 0.030048076923076924
1 0.8990384615384616 0.9483173076923077 0.02403846153846154 0.036057692307692304
1 0.9759615384615384 0.4411057692307692 0.027644230769230768 0.03125
1 0.9855769230769231 0.15504807692307693 0.021634615384615384 0.037259615384615384
1 0.7728365384615384 0.6526442307692307 0.042067307692307696 0.046875
1 0.43990384615384615 0.9194711538461539 0.02403846153846154 0.027644230769230768
1 0.5480769230769231 0.22235576923076922 0.02403846153846154 0.021634615384615384
1 0.484375 0.7103365384615384 0.021634615384615384 0.03125
1 0.5649038461538461 0.19230769230769232 0.02403846153846154 0.03125
1 0.8798076923076923 0.6274038461538461 0.025240384615384616 0.03245192307692308
1 0.4375 0.9495192307692307 0.020432692307692308 0.021634615384615384
1 0.6346153846153846 0.4675480769230769 0.014423076923076924 0.02403846153846154
1 0.375 0.6802884615384616 0.025240384615384616 0.03245192307692308
7 0.7872596153846154 0.3701923076923077 0.0625 0.13341346153846154
