1 0.37259615384615385 0.3942307692307692 0.02403846153846154 0.04326923076923077
1 0.078125 0.8978365384615384 0.04447115384615385 0.054086538461538464
1 0.3786057692307692 0.9495192307692307 0.025240384615384616 0.03245192307692308
1 0.3293269230769231 0.47716346153846156 0.021634615384615384 0.027644230769230768
1 0.33533653846153844 0.23197115384615385 0.040865384615384616 0.06129807692307692
1 0.8473557692307693 0.23197115384615385 0.02403846153846154 0.038461538461538464
1 0.19110576923076922 0.42788461538461536 0.026442307692307692 0.02403846153846154
1 0.41466346153846156 0.9302884615384616 0.037259615384615384 0.07211538461538461
1 0.21995192307692307 0.9831730769230769 0.020432692307692308 0.027644230769230768
1 0.6526442307692307 0.9819711538461539 0.026442307692307692 0.026442307692307692
1 0.8221153846153846 0.8161057692307693 0.028846153846153848 0.016826923076923076
1 0.8353365384615384 0.6694711538461539 0.025240384615384616 0.030048076923076924
1 0.3137019230769231 0.6129807692307693 0.021634615384615384 0.021634615384615384
1 0.546875 0.7247596153846154 0.020432692307692308 0.02283653846153846
1 0.18389423076923078 0.8497596153846154 0.021634615384615384 0.03485576923076923
1 0.3485576923076923 0.8088942307692307 0.04447115384615385 0.06129807692307692
1 0.31850961538461536 0.5144230769230769 0.016826923076923076 0.037259615384615384
1 0.5168269230769231 0.057692307692307696 0.038461538461538464 0.037259615384615384
1 0.12139423076923077 0.9302884615384616 0.021634615384615384 0.02283653846153846
1 0.296875 0.7019230769230769 0.02403846153846154 0.04326923076923077
1 0.38461538461538464 0.8569711538461539 0.027644230769230768 0.054086538461538464
1 0.47115384615384615 0.6201923076923077 0.02403846153846154 0.028846153846153848
1 0.5276442307692307 0.5997596153846154 0.040865384615384616 0.06850961538461539
1 0.5036057692307693 0.35096153846153844 0.021634615384615384 0.021634615384615384
1 0.37740384615384615 0.22716346153846154 0.027644230769230768 0.028846153846153848
1 0.546875 0.4519230769230769 0.02403846153846154 0.039663461538461536
1 0.7752403846153846 0.9326923076923077 0.07932692307692307 0.06129807692307692
1 0.8112980769230769 0.8918269230769231 0.016826923076923076 0.027644230769230768
1 0.8894230769230769 0.6526442307692307 0.019230769230769232 0.038461538461538464
1 0.9435096153846154 0.49759615384615385 0.020432692307692308 0.030048076923076924
1 0.71875 0.13701923076923078 0.03125 0.03125
1 0.7127403846153846 0.08774038461538461 0.020432692307692308 0.040865384615384616
1 0.9182692307692307 0.3329326923076923 0.026442307692307692 0.03485576923076923
3 0.47115384615384615 0.5300480769230769 0.04807692307692308 0.03485576923076923
1 0.030048076923076924 0.30408653846153844 0.02403846153846154 0.026442307692307692
1 0.11298076923076923 0.28846153846153844 0.027644230769230768 0.03245192307692308
1 0.17668269230769232 0.23798076923076922 0.016826923076923076 0.02403846153846154
1 0.10096153846153846 0.6009615384615384 0.019230769230769232 0.019230769230769232
1 0.140625 0.6959134615384616 0.03245192307692308 0.030048076923076924
1 0.010817307692307692 0.8317307692307693 0.020432692307692308 0.027644230769230768
1 0.36538461538461536 0.7620192307692307 0.020432692307692308 0.026442307692307692
1 0.9362980769230769 0.7716346153846154 0.016826923076923076 0.026442307692307692
1 0.49278846153846156 0.3016826923076923 0.02403846153846154 0.042067307692307696
1 0.6490384615384616 0.6778846153846154 0.02403846153846154 0.03245192307692308
1 0.6802884615384616 0.17548076923076922 0.021634615384615384 0.03485576923076923
1 0.6346153846153846 0.08533653846153846 0.03365384615384615 0.037259615384615384
1 0.43028846153846156 0.8040865384615384 0.016826923076923076 0.036057692307692304
1 0.7079326923076923 0.35697115384615385 0.026442307692307692 0.03365384615384615
11 0.8930288461538461 0.046875 0.21394230769230768 0.09014423076923077
1 0.2439903846153846 0.2704326923076923 0.016826923076923076 0.02283653846153846
1 0.15745192307692307 0.6370192307692307 0.02403846153846154 0.030048076923076924
1 0.30408653846153844 0.7896634615384616 0.042067307692307696 0.06370192307692307
1 0.3605769230769231 0.4639423076923077 0.020432692307692308 0.021634615384615384
1 0.36778846153846156 0.9074519230769231 0.027644230769230768 0.028846153846153848
1 0.5084134615384616 0.8545673076923077 0.038461538461538464 0.056490384615384616
1 0.453125 0.07692307692307693 0.025240384615384616 0.03245192307692308
1 0.3918269230769231 0.054086538461538464 0.025240384615384616 0.027644230769230768
1 0.6165865384615384 0.5300480769230769 0.04927884615384615 0.09014423076923077
1 0.6526442307692307 0.75 0.026442307692307692 0.027644230769230768
1 0.7175480769230769 0.7764423076923077 0.03245192307692308 0.036057692307692304
1 0.6802884615384616 0.9615384615384616 0.03485576923076923 0.037259615384615384
1 0.7127403846153846 0.6682692307692307 0.02403846153846154 0.037259615384615384
1 0.8954326923076923 0.6935096153846154 0.018028846153846152 0.027644230769230768
1 0.6322115384615384 0.14783653846153846 0.027644230769230768 0.021634615384615384
1 0.6598557692307693 0.125 0.014423076923076924 0.02403846153846154
1 0.7379807692307693 0.6754807692307693 0.021634615384615384 0.03125
1 0.05889423076923077 0.28966346153846156 0.027644230769230768 0.046875
1 0.17307692307692307 0.08052884615384616 0.02403846153846154 0.026442307692307692
1 0.3858173076923077 0.3629807692307692 0.027644230769230768 0.019230769230769232
1 0.3389423076923077 0.10336538461538461 0.02403846153846154 0.03245192307692308
1 0.5012019230769231 0.9026442307692307 0.027644230769230768 0.03485576923076923
1 0.5649038461538461 0.7908653846153846 0.021634615384615384 0.042067307692307696
1 0.6394230769230769 0.24278846153846154 0.03245192307692308 0.02403846153846154
1 0.6033653846153846 0.36177884615384615 0.02403846153846154 0.027644230769230768
1 0.640625 0.7752403846153846 0.02283653846153846 0.03245192307692308
1 0.7920673076923077 0.7355769230769231 0.014423076923076924 0.03125
1 0.9891826923076923 0.47836538461538464 0.021634615384615384 0.038461538461538464
1 0.859375 0.3245192307692308 0.019230769230769232 0.03125
1 0.25 0.13701923076923078 0.021634615384615384 0.04447115384615385
1 0.040865384615384616 0.8954326923076923 0.016826923076923076 0.03365384615384615
1 0.1502403846153846 0.9675480769230769 0.04567307692307692 0.038461538461538464
1 0.22596153846153846 0.8125 0.040865384615384616 0.08653846153846154
1 0.109375 0.8052884615384616 0.02403846153846154 0.05048076923076923
1 0.13701923076923078 0.7800480769230769 0.016826923076923076 0.02403846153846154
1 0.1875 0.6153846153846154 0.016826923076923076 0.02283653846153846
1 0.203125 0.5625 0.02403846153846154 0.03245192307692308
1 0.24759615384615385 0.7211538461538461 0.02403846153846154 0.026442307692307692
1 0.3449519230769231 0.33052884615384615 0.03125 0.051682692307692304
1 0.35096153846153844 0.5697115384615384 0.019230769230769232 0.03125
1 0.3004807692307692 0.9146634615384616 0.037259615384615384 0.037259615384615384
1 0.45552884615384615 0.828125 0.021634615384615384 0.028846153846153848
1 0.5396634615384616 0.8701923076923077 0.025240384615384616 0.02403846153846154
1 0.5588942307692307 0.265625 0.02403846153846154 0.02403846153846154
1 0.5516826923076923 0.3269230769230769 0.025240384615384616 0.027644230769230768
1 0.6766826923076923 0.7620192307692307 0.02403846153846154 0.03365384615384615
1 0.7103365384615384 0.7175480769230769 0.02403846153846154 0.04567307692307692
1 0.8329326923076923 0.921875 0.021634615384615384 0.02403846153846154
1 0.9675480769230769 0.8473557692307693 0.042067307692307696 0.06850961538461539
1 0.9471153846153846 0.5600961538461539 0.02403846153846154 0.03245192307692308
1 0.9447115384615384 0.27283653846153844 0.03365384615384615 0.037259615384615384
1 0.78125 0.36177884615384615 0.03125 0.04447115384615385
1 0.6875 0.11057692307692307 0.014423076923076924 0.02283653846153846
1 0.24639423076923078 0.35096153846153844 0.021634615384615384 0.04326923076923077
1 0.3389423076923077 0.6947115384615384 0.055288461538461536 0.09735576923076923
1 0.055288461538461536 0.5 0.021634615384615384 0.019230769230769232
1 0.28846153846153844 0.10216346153846154 0.037259615384615384 0.06129807692307692
1 0.2620192307692308 0.5805288461538461 0.04567307692307692 0.056490384615384616
1 0.8269230769230769 0.9567307692307693 0.016826923076923076 0.019230769230769232
1 0.054086538461538464 0.5300480769230769 0.02403846153846154 0.019230769230769232
1 0.15264423076923078 0.42788461538461536 0.038461538461538464 0.03485576923076923
1 0.5637019230769231 0.027644230769230768 0.016826923076923076 0.03245192307692308
1 0.39783653846153844 0.609375 0.021634615384615384 0.027644230769230768
1 0.7415865384615384 0.19471153846153846 0.02283653846153846 0.026442307692307692
1 0.22115384615384615 0.6875 0.042067307692307696 0.06971153846153846
1 0.007211538461538462 0.4423076923076923 0.013221153846153846 0.021634615384615384
1 0.6742788461538461 0.4807692307692308 0.016826923076923076 0.018028846153846152
1 0.8004807692307693 0.6670673076923077 0.021634615384615384 0.03125
1 0.38341346153846156 0.5564903846153846 0.026442307692307692 0.04807692307692308
1 0.014423076923076924 0.039663461538461536 0.021634615384615384 0.026442307692307692
1 0.1201923076923077 0.8689903846153846 0.02403846153846154 0.02283653846153846
1 0.4254807692307692 0.6766826923076923 0.040865384615384616 0.07211538461538461
1 0.40865384615384615 0.5132211538461539 0.018028846153846152 0.028846153846153848
1 0.4519230769230769 0.3918269230769231 0.02403846153846154 0.027644230769230768
1 0.7103365384615384 0.49278846153846156 0.03125 0.02283653846153846
1 0.18870192307692307 0.9819711538461539 0.025240384615384616 0.027644230769230768
1 0.078125 0.13581730769230768 0.013221153846153846 0.021634615384615384
1 0.7439903846153846 0.2848557692307692 0.03125 0.036057692307692304
1 0.7295673076923077 0.6394230769230769 0.020432692307692308 0.026442307692307692
1 0.5805288461538461 0.9579326923076923 0.028846153846153848 0.04447115384615385
1 0.11778846153846154 0.9026442307692307 0.027644230769230768 0.03485576923076923
1 0.0889423076923077 0.7848557692307693 0.03245192307692308 0.04567307692307692
1 0.08774038461538461 0.7163461538461539 0.014423076923076924 0.03245192307692308
1 0.3858173076923077 0.7079326923076923 0.04567307692307692 0.06370192307692307
1 0.06129807692307692 0.5721153846153846 0.025240384615384616 0.030048076923076924
1 0.29927884615384615 0.3858173076923077 0.030048076923076924 0.03245192307692308
1 0.71875 0.16706730769230768 0.018028846153846152 0.027644230769230768
1 0.8209134615384616 0.4050480769230769 0.02403846153846154 0.03485576923076923
1 0.23317307692307693 0.6177884615384616 0.03485576923076923 0.028846153846153848
1 0.47475961538461536 0.6478365384615384 0.019230769230769232 0.028846153846153848
1 0.6286057692307693 0.9855769230769231 0.026442307692307692 0.02283653846153846
1 0.07091346153846154 0.3473557692307692 0.026442307692307692 0.03365384615384615
1 0.040865384615384616 0.042067307692307696 0.021634615384615384 0.037259615384615384
1 0.6057692307692307 0.24879807692307693 0.016826923076923076 0.02403846153846154
1 0.5252403846153846 0.19110576923076922 0.027644230769230768 0.026442307692307692
1 0.04326923076923077 0.6418269230769231 0.030048076923076924 0.03245192307692308
1 0.5540865384615384 0.9591346153846154 0.02283653846153846 0.040865384615384616
1 0.875 0.35096153846153844 0.021634615384615384 0.02283653846153846
1 0.09615384615384616 0.33413461538461536 0.013221153846153846 0.021634615384615384
1 0.47596153846153844 0.7584134615384616 0.021634615384615384 0.03125
1 0.515625 0.7872596153846154 0.04567307692307692 0.03125
1 0.5 0.10336538461538461 0.027644230769230768 0.03245192307692308
1 0.640625 0.5228365384615384 0.02403846153846154 0.027644230769230768
1 0.0889423076923077 0.6298076923076923 0.025240384615384616 0.03365384615384615
1 0.7680288461538461 0.484375 0.027644230769230768 0.030048076923076924
1 0.28846153846153844 0.46875 0.026442307692307692 0.021634615384615384
1 0.6610576923076923 0.078125 0.02283653846153846 0.03365384615384615
1 0.9555288461538461 0.6430288461538461 0.019230769230769232 0.03125
1 0.8882211538461539 0.9567307692307693 0.021634615384615384 0.026442307692307692
