1 0.6887019230769231 0.7259615384615384 0.12860576923076922 0.21634615384615385
1 0.8629807692307693 0.7944711538461539 0.0625 0.09134615384615384
1 0.40625 0.5865384615384616 0.054086538461538464 0.07451923076923077
1 0.5 0.9206730769230769 0.13942307692307693 0.15144230769230768
1 0.265625 0.6502403846153846 0.08052884615384616 0.10336538461538461
4 0.390625 0.057692307692307696 0.11778846153846154 0.109375
1 0.36658653846153844 0.6971153846153846 0.06610576923076923 0.07091346153846154
6 0.2956730769230769 0.3701923076923077 0.3954326923076923 0.36538461538461536
4 0.13221153846153846 0.11658653846153846 0.09014423076923077 0.17908653846153846
1 0.8689903846153846 0.4026442307692308 0.10817307692307693 0.16826923076923078
1 0.3401442307692308 0.1201923076923077 0.13822115384615385 0.109375
1 0.5673076923076923 0.8088942307692307 0.05048076923076923 0.04567307692307692
1 0.14543269230769232 0.6658653846153846 0.06971153846153846 0.08774038461538461
1 0.35336538461538464 0.6117788461538461 0.05889423076923077 0.04567307692307692
1 0.9314903846153846 0.8858173076923077 0.014423076923076924 0.015625
1 0.9483173076923077 0.5925480769230769 0.051682692307692304 0.04326923076923077
1 0.8918269230769231 0.22956730769230768 0.038461538461538464 0.06009615384615385
1 0.390625 0.8377403846153846 0.02403846153846154 0.042067307692307696
1 0.3125 0.9807692307692307 0.037259615384615384 0.038461538461538464
1 0.02403846153846154 0.025240384615384616 0.04807692307692308 0.05048076923076923
1 0.9867788461538461 0.9675480769230769 0.026442307692307692 0.06009615384615385
1 0.7584134615384616 0.9519230769230769 0.056490384615384616 0.07451923076923077
1 0.9771634615384616 0.38221153846153844 0.020432692307692308 0.0673076923076923
1 0.055288461538461536 0.2764423076923077 0.08173076923076923 0.1201923076923077
1 0.9579326923076923 0.796875 0.06129807692307692 0.06490384615384616
1 0.8713942307692307 0.5805288461538461 0.06490384615384616 0.11057692307692307
1 0.36658653846153844 0.7632211538461539 0.03485576923076923 0.057692307692307696
1 0.06370192307692307 0.06610576923076923 0.055288461538461536 0.0889423076923077
1 0.4735576923076923 0.7151442307692307 0.037259615384615384 0.06610576923076923
1 0.5384615384615384 0.5504807692307693 0.040865384615384616 0.08413461538461539
1 0.7824519230769231 0.22596153846153846 0.03365384615384615 0.036057692307692304
1 0.90625 0.052884615384615384 0.07692307692307693 0.0673076923076923
1 0.02403846153846154 0.6622596153846154 0.04807692307692308 0.15144230769230768
1 0.9447115384615384 0.3329326923076923 0.021634615384615384 0.04447115384615385
1 0.5300480769230769 0.6742788461538461 0.021634615384615384 0.03365384615384615
1 0.038461538461538464 0.40865384615384615 0.06850961538461539 0.10576923076923077
1 0.5168269230769231 0.3954326923076923 0.0733173076923077 0.10576923076923077
1 0.484375 0.5721153846153846 0.055288461538461536 0.06129807692307692
2 0.6911057692307693 0.2439903846153846 0.24519230769230768 0.4855769230769231
2 0.10817307692307693 0.8617788461538461 0.21634615384615385 0.2668269230769231
1 0.7908653846153846 0.75 0.06971153846153846 0.09735576923076923
1 0.7139423076923077 0.1622596153846154 0.09615384615384616 0.109375
1 0.18870192307692307 0.5372596153846154 0.025240384615384616 0.05048076923076923
1 0.26322115384615385 0.125 0.057692307692307696 0.04447115384615385
