1 0.9314903846153846 0.2704326923076923 0.052884615384615384 0.0673076923076923
1 0.05889423076923077 0.18028846153846154 0.040865384615384616 0.078125
1 0.6310096153846154 0.11538461538461539 0.05889423076923077 0.055288461538461536
1 0.22716346153846154 0.6117788461538461 0.03485576923076923 0.05048076923076923
1 0.9002403846153846 0.44711538461538464 0.16947115384615385 0.44591346153846156
1 0.38100961538461536 0.3449519230769231 0.030048076923076924 0.06009615384615385
1 0.3737980769230769 0.09495192307692307 0.037259615384615384 0.05889423076923077
1 0.1502403846153846 0.25721153846153844 0.055288461538461536 0.06129807692307692
1 0.6838942307692307 0.46274038461538464 0.06129807692307692 0.0733173076923077
1 0.14903846153846154 0.6189903846153846 0.12860576923076922 0.15264423076923078
0 0.6574519230769231 0.28125 0.030048076923076924 0.04326923076923077
1 0.2980769230769231 0.6983173076923077 0.038461538461538464 0.05048076923076923
1 0.32572115384615385 0.3401442307692308 0.03485576923076923 0.03365384615384615
1 0.03365384615384615 0.5420673076923077 0.06610576923076923 0.15625
1 0.09014423076923077 0.2403846153846154 0.028846153846153848 0.04447115384615385
1 0.052884615384615384 0.04326923076923077 0.1045673076923077 0.0829326923076923
1 0.5625 0.41947115384615385 0.08413461538461539 0.18028846153846154
1 0.078125 0.5120192307692307 0.03245192307692308 0.06610576923076923
4 0.039663461538461536 0.6550480769230769 0.04807692307692308 0.0673076923076923
1 0.2620192307692308 0.9399038461538461 0.09735576923076923 0.06971153846153846
1 0.5817307692307693 0.28125 0.13581730769230768 0.09735576923076923
1 0.016826923076923076 0.1935096153846154 0.03365384615384615 0.0889423076923077
1 0.1971153846153846 0.9074519230769231 0.03245192307692308 0.038461538461538464
1 0.7788461538461539 0.65625 0.08774038461538461 0.07932692307692307
1 0.890625 0.021634615384615384 0.09014423076923077 0.040865384615384616
2 0.5048076923076923 0.8509615384615384 0.25961538461538464 0.29086538461538464
1 0.030048076923076924 0.984375 0.056490384615384616 0.03125
1 0.16706730769230768 0.8677884615384616 0.021634615384615384 0.03125
1 0.140625 0.49038461538461536 0.05048076923076923 0.06490384615384616
1 0.7860576923076923 0.08774038461538461 0.2668269230769231 0.171875
1 0.16346153846153846 0.31971153846153844 0.052884615384615384 0.06850961538461539
1 0.7223557692307693 0.625 0.04567307692307692 0.057692307692307696
1 0.48677884615384615 0.22355769230769232 0.051682692307692304 0.06009615384615385
1 0.5132211538461539 0.0625 0.09735576923076923 0.10576923076923077
1 0.1466346153846154 0.41225961538461536 0.06490384615384616 0.0889423076923077
1 0.2091346153846154 0.1971153846153846 0.07932692307692307 0.06850961538461539
1 0.7992788461538461 0.41947115384615385 0.11298076923076923 0.0829326923076923
1 0.37259615384615385 0.03365384615384615 0.03125 0.04567307692307692
1 0.5625 0.026442307692307692 0.09495192307692307 0.046875
1 0.4170673076923077 0.6766826923076923 0.11538461538461539 0.06370192307692307
1 0.9543269230769231 0.03245192307692308 0.013221153846153846 0.042067307692307696
1 0.5480769230769231 0.17548076923076922 0.06129807692307692 0.10336538461538461
1 0.5973557692307693 0.09014423076923077 0.02403846153846154 0.026442307692307692
1 0.2403846153846154 0.6983173076923077 0.036057692307692304 0.03365384615384615
1 0.1778846153846154 0.7367788461538461 0.03485576923076923 0.05048076923076923
1 0.9807692307692307 0.5997596153846154 0.019230769230769232 0.03485576923076923
1 0.31850961538461536 0.8149038461538461 0.06129807692307692 0.06850961538461539
1 0.44591346153846156 0.14903846153846154 0.1201923076923077 0.07692307692307693
6 0.46875 0.40024038461538464 0.11177884615384616 0.21514423076923078
1 0.9735576923076923 0.6875 0.052884615384615384 0.07451923076923077
1 0.2860576923076923 0.6490384615384616 0.055288461538461536 0.04807692307692308
1 0.7007211538461539 0.9254807692307693 0.03365384615384615 0.06490384615384616
1 0.6514423076923077 0.5 0.04567307692307692 0.046875
1 0.4639423076923077 0.2704326923076923 0.05889423076923077 0.03245192307692308
1 0.23557692307692307 0.859375 0.01201923076923077 0.015625
1 0.8990384615384616 0.7668269230769231 0.016826923076923076 0.027644230769230768
1 0.056490384615384616 0.7584134615384616 0.057692307692307696 0.055288461538461536
1 0.02283653846153846 0.6995192307692307 0.026442307692307692 0.06129807692307692
1 0.7019230769230769 0.546875 0.07451923076923077 0.11057692307692307
1 0.2620192307692308 0.3641826923076923 0.04927884615384615 0.05889423076923077
1 0.17548076923076922 0.9867788461538461 0.037259615384615384 0.02283653846153846
1 0.9447115384615384 0.09375 0.042067307692307696 0.04447115384615385
1 0.11778846153846154 0.30408653846153844 0.021634615384615384 0.03485576923076923
1 0.07572115384615384 0.9555288461538461 0.027644230769230768 0.038461538461538464
1 0.9302884615384616 0.3449519230769231 0.1141826923076923 0.11057692307692307
1 0.7908653846153846 0.7199519230769231 0.03245192307692308 0.046875
1 0.7896634615384616 0.5048076923076923 0.04447115384615385 0.078125
1 0.07932692307692307 0.43028846153846156 0.03485576923076923 0.042067307692307696
1 0.6442307692307693 0.39903846153846156 0.06009615384615385 0.054086538461538464
1 0.20793269230769232 0.4699519230769231 0.020432692307692308 0.03245192307692308
1 0.53125 0.13221153846153846 0.04807692307692308 0.05048076923076923
1 0.33052884615384615 0.7487980769230769 0.08413461538461539 0.06490384615384616
2 0.8653846153846154 0.8990384615384616 0.1310096153846154 0.19230769230769232
4 0.42908653846153844 0.8317307692307693 0.03365384615384615 0.036057692307692304
1 0.5048076923076923 0.5745192307692307 0.15504807692307693 0.1346153846153846
1 0.04447115384615385 0.4338942307692308 0.025240384615384616 0.026442307692307692
1 0.02283653846153846 0.3401442307692308 0.04567307692307692 0.06610576923076923
4 0.6021634615384616 0.20552884615384615 0.055288461538461536 0.054086538461538464
1 0.25240384615384615 0.4182692307692308 0.052884615384615384 0.05889423076923077
1 0.33653846153846156 0.53125 0.18269230769230768 0.21875
1 0.38221153846153844 0.2692307692307692 0.03485576923076923 0.027644230769230768
4 0.6430288461538461 0.04927884615384615 0.027644230769230768 0.03245192307692308
4 0.6875 0.13701923076923078 0.021634615384615384 0.03485576923076923
1 0.7103365384615384 0.7620192307692307 0.10576923076923077 0.16947115384615385
1 0.38341346153846156 0.9567307692307693 0.09735576923076923 0.0829326923076923
1 0.7295673076923077 0.3125 0.0889423076923077 0.09014423076923077
1 0.234375 0.109375 0.2403846153846154 0.21153846153846154
1 0.4675480769230769 0.02283653846153846 0.09014423076923077 0.04447115384615385
4 0.20192307692307693 0.3894230769230769 0.05048076923076923 0.05889423076923077
4 0.33774038461538464 0.10697115384615384 0.03485576923076923 0.05048076923076923
1 0.3894230769230769 0.8846153846153846 0.036057692307692304 0.05889423076923077
1 0.4338942307692308 0.08173076923076923 0.04567307692307692 0.06971153846153846
1 0.9591346153846154 0.17668269230769232 0.08173076923076923 0.08413461538461539
0 0.8088942307692307 0.2247596153846154 0.0625 0.11298076923076923
1 0.6826923076923077 0.6598557692307693 0.06370192307692307 0.046875
0 0.8701923076923077 0.6526442307692307 0.14302884615384615 0.22235576923076922
1 0.43149038461538464 0.22596153846153846 0.051682692307692304 0.056490384615384616
1 0.6165865384615384 0.6394230769230769 0.06490384615384616 0.09615384615384616
0 0.9891826923076923 0.8161057692307693 0.021634615384615384 0.04927884615384615
