1 0.28125 0.40024038461538464 0.009615384615384616 0.026442307692307692
1 0.30528846153846156 0.23798076923076922 0.0673076923076923 0.078125
0 0.8112980769230769 0.03485576923076923 0.0733173076923077 0.06971153846153846
1 0.15985576923076922 0.45072115384615385 0.018028846153846152 0.019230769230769232
1 0.19230769230769232 0.06610576923076923 0.028846153846153848 0.06009615384615385
1 0.09615384615384616 0.3449519230769231 0.020432692307692308 0.040865384615384616
1 0.7644230769230769 0.5637019230769231 0.027644230769230768 0.04326923076923077
4 0.5396634615384616 0.45552884615384615 0.02283653846153846 0.03245192307692308
4 0.9819711538461539 0.84375 0.036057692307692304 0.038461538461538464
0 0.030048076923076924 0.10336538461538461 0.06009615384615385 0.18028846153846154
1 0.0985576923076923 0.17548076923076922 0.03245192307692308 0.042067307692307696
1 0.8557692307692307 0.6490384615384616 0.02403846153846154 0.02283653846153846
1 0.038461538461538464 0.625 0.07572115384615384 0.08413461538461539
1 0.4831730769230769 0.49038461538461536 0.030048076923076924 0.036057692307692304
1 0.5745192307692307 0.5552884615384616 0.027644230769230768 0.028846153846153848
1 0.9507211538461539 0.5084134615384616 0.040865384615384616 0.05048076923076923
1 0.7259615384615384 0.44711538461538464 0.028846153846153848 0.027644230769230768
1 0.5949519230769231 0.5288461538461539 0.007211538461538462 0.010817307692307692
1 0.5877403846153846 0.4651442307692308 0.019230769230769232 0.02283653846153846
1 0.6610576923076923 0.4411057692307692 0.007211538461538462 0.015625
1 0.9122596153846154 0.5745192307692307 0.016826923076923076 0.04927884615384615
1 0.49759615384615385 0.4338942307692308 0.016826923076923076 0.013221153846153846
1 0.44591346153846156 0.4375 0.02283653846153846 0.021634615384615384
1 0.35336538461538464 0.5408653846153846 0.018028846153846152 0.021634615384615384
1 0.38341346153846156 0.3786057692307692 0.021634615384615384 0.019230769230769232
1 0.3269230769230769 0.38221153846153844 0.016826923076923076 0.021634615384615384
1 0.21153846153846154 0.328125 0.051682692307692304 0.07211538461538461
1 0.15264423076923078 0.3088942307692308 0.07451923076923077 0.0625
1 0.16105769230769232 0.9170673076923077 0.030048076923076924 0.028846153846153848
1 0.2704326923076923 0.8365384615384616 0.0673076923076923 0.08173076923076923
1 0.004807692307692308 0.9675480769230769 0.009615384615384616 0.014423076923076924
1 0.24278846153846154 0.46033653846153844 0.02403846153846154 0.02283653846153846
1 0.9747596153846154 0.6514423076923077 0.037259615384615384 0.03485576923076923
1 0.8473557692307693 0.3545673076923077 0.026442307692307692 0.04567307692307692
1 0.12259615384615384 0.7235576923076923 0.026442307692307692 0.036057692307692304
1 0.21394230769230768 0.9891826923076923 0.02283653846153846 0.021634615384615384
4 0.01201923076923077 0.22596153846153846 0.02403846153846154 0.03365384615384615
4 0.3473557692307692 0.3173076923076923 0.027644230769230768 0.027644230769230768
0 0.3269230769230769 0.01201923076923077 0.02403846153846154 0.02283653846153846
1 0.1875 0.8341346153846154 0.09615384615384616 0.15144230769230768
4 0.054086538461538464 0.29927884615384615 0.027644230769230768 0.036057692307692304
1 0.8978365384615384 0.7139423076923077 0.027644230769230768 0.03125
1 0.9074519230769231 0.48197115384615385 0.038461538461538464 0.04447115384615385
1 0.42788461538461536 0.4963942307692308 0.06971153846153846 0.06490384615384616
1 0.18509615384615385 0.6009615384615384 0.042067307692307696 0.038461538461538464
1 0.5817307692307693 0.5192307692307693 0.009615384615384616 0.015625
1 0.6346153846153846 0.47596153846153844 0.015625 0.019230769230769232
1 0.3161057692307692 0.9855769230769231 0.036057692307692304 0.027644230769230768
1 0.23918269230769232 0.9747596153846154 0.03125 0.05048076923076923
1 0.34975961538461536 0.8822115384615384 0.03365384615384615 0.028846153846153848
1 0.27524038461538464 0.7680288461538461 0.018028846153846152 0.015625
1 0.2439903846153846 0.7415865384615384 0.009615384615384616 0.020432692307692308
1 0.5997596153846154 0.7896634615384616 0.010817307692307692 0.016826923076923076
1 0.1141826923076923 0.421875 0.020432692307692308 0.019230769230769232
1 0.1814903846153846 0.6430288461538461 0.013221153846153846 0.02283653846153846
1 0.07572115384615384 0.6141826923076923 0.021634615384615384 0.03245192307692308
1 0.007211538461538462 0.35216346153846156 0.010817307692307692 0.020432692307692308
1 0.06490384615384616 0.17427884615384615 0.04567307692307692 0.06490384615384616
1 0.1466346153846154 0.06610576923076923 0.021634615384615384 0.030048076923076924
1 0.18389423076923078 0.008413461538461538 0.03125 0.016826923076923076
1 0.44350961538461536 0.03365384615384615 0.04927884615384615 0.04326923076923077
1 0.6887019230769231 0.13822115384615385 0.025240384615384616 0.039663461538461536
1 0.6646634615384616 0.018028846153846152 0.03365384615384615 0.036057692307692304
1 0.9699519230769231 0.7908653846153846 0.019230769230769232 0.028846153846153848
1 0.9206730769230769 0.8713942307692307 0.02283653846153846 0.040865384615384616
1 0.8100961538461539 0.7163461538461539 0.015625 0.01201923076923077
1 0.7980769230769231 0.5252403846153846 0.02283653846153846 0.019230769230769232
1 0.12860576923076922 0.8485576923076923 0.052884615384615384 0.04927884615384615
1 0.052884615384615384 0.9855769230769231 0.027644230769230768 0.028846153846153848
4 0.546875 0.7860576923076923 0.021634615384615384 0.027644230769230768
1 0.8365384615384616 0.8100961538461539 0.039663461538461536 0.08173076923076923
1 0.7548076923076923 0.3581730769230769 0.03365384615384615 0.038461538461538464
1 0.8365384615384616 0.6598557692307693 0.009615384615384616 0.015625
1 0.013221153846153846 0.8461538461538461 0.026442307692307692 0.04326923076923077
1 0.171875 0.2608173076923077 0.052884615384615384 0.054086538461538464
1 0.04326923076923077 0.6935096153846154 0.019230769230769232 0.01201923076923077
1 0.1310096153846154 0.6850961538461539 0.019230769230769232 0.028846153846153848
1 0.6862980769230769 0.9651442307692307 0.016826923076923076 0.016826923076923076
1 0.8149038461538461 0.640625 0.014423076923076924 0.021634615384615384
1 0.8581730769230769 0.28966346153846156 0.08774038461538461 0.0985576923076923
1 0.12139423076923077 0.38822115384615385 0.05048076923076923 0.04567307692307692
1 0.021634615384615384 0.2932692307692308 0.04326923076923077 0.07451923076923077
1 0.3894230769230769 0.9603365384615384 0.06610576923076923 0.078125
1 0.671875 0.5793269230769231 0.03245192307692308 0.04567307692307692
1 0.7608173076923077 0.8004807692307693 0.025240384615384616 0.03125
1 0.6165865384615384 0.9915865384615384 0.036057692307692304 0.016826923076923076
1 0.7872596153846154 0.8052884615384616 0.027644230769230768 0.02283653846153846
1 0.23918269230769232 0.03485576923076923 0.019230769230769232 0.03485576923076923
1 0.38822115384615385 0.07091346153846154 0.03485576923076923 0.03245192307692308
1 0.9362980769230769 0.9206730769230769 0.01201923076923077 0.016826923076923076
1 0.8197115384615384 0.9711538461538461 0.054086538461538464 0.04447115384615385
4 0.7439903846153846 0.10336538461538461 0.020432692307692308 0.02403846153846154
1 0.6766826923076923 0.7355769230769231 0.021634615384615384 0.021634615384615384
1 0.04326923076923077 0.8822115384615384 0.027644230769230768 0.03245192307692308
1 0.1045673076923077 0.28365384615384615 0.009615384615384616 0.026442307692307692
1 0.6322115384615384 0.8245192307692307 0.019230769230769232 0.03365384615384615
1 0.018028846153846152 0.4495192307692308 0.036057692307692304 0.056490384615384616
1 0.028846153846153848 0.17427884615384615 0.016826923076923076 0.021634615384615384
1 0.9927884615384616 0.7572115384615384 0.013221153846153846 0.038461538461538464
1 0.9399038461538461 0.6490384615384616 0.02403846153846154 0.036057692307692304
1 0.07211538461538461 0.7271634615384616 0.02403846153846154 0.04447115384615385
1 0.9495192307692307 0.013221153846153846 0.038461538461538464 0.026442307692307692
1 0.12379807692307693 0.09375 0.021634615384615384 0.02403846153846154
1 0.12379807692307693 0.3473557692307692 0.01201923076923077 0.01201923076923077
1 0.6310096153846154 0.703125 0.018028846153846152 0.021634615384615384
1 0.15144230769230768 0.3605769230769231 0.018028846153846152 0.021634615384615384
1 0.7043269230769231 0.23076923076923078 0.06129807692307692 0.12139423076923077
1 0.9807692307692307 0.25721153846153844 0.021634615384615384 0.018028846153846152
1 0.171875 0.6586538461538461 0.021634615384615384 0.021634615384615384
1 0.22956730769230768 0.5709134615384616 0.0625 0.06490384615384616
1 0.057692307692307696 0.4375 0.02283653846153846 0.028846153846153848
1 0.6346153846153846 0.6814903846153846 0.0625 0.11538461538461539
4 0.7584134615384616 0.4723557692307692 0.025240384615384616 0.037259615384615384
1 0.6694711538461539 0.9507211538461539 0.008413461538461538 0.01201923076923077
4 0.27163461538461536 0.8990384615384616 0.020432692307692308 0.03245192307692308
1 0.7644230769230769 0.24639423076923078 0.06009615384615385 0.07572115384615384
0 0.4483173076923077 0.16947115384615385 0.22355769230769232 0.33774038461538464
1 0.9254807692307693 0.9651442307692307 0.14903846153846154 0.06850961538461539
1 0.875 0.7764423076923077 0.025240384615384616 0.03125
1 0.7415865384615384 0.7632211538461539 0.020432692307692308 0.020432692307692308
1 0.6923076923076923 0.6538461538461539 0.02283653846153846 0.027644230769230768
1 0.6899038461538461 0.7692307692307693 0.01201923076923077 0.019230769230769232
1 0.8918269230769231 0.8978365384615384 0.019230769230769232 0.02283653846153846
1 0.9651442307692307 0.6911057692307693 0.015625 0.038461538461538464
4 0.35216346153846156 0.5997596153846154 0.055288461538461536 0.042067307692307696
4 0.3137019230769231 0.578125 0.030048076923076924 0.04326923076923077
4 0.65625 0.9194711538461539 0.026442307692307692 0.03485576923076923
4 0.36538461538461536 0.3401442307692308 0.02403846153846154 0.04567307692307692
4 0.9170673076923077 0.25 0.018028846153846152 0.03245192307692308
4 0.5096153846153846 0.6850961538461539 0.019230769230769232 0.02403846153846154
0 0.21995192307692307 0.12379807692307693 0.027644230769230768 0.056490384615384616
1 0.7247596153846154 0.7067307692307693 0.09254807692307693 0.08774038461538461
1 0.8137019230769231 0.8966346153846154 0.13942307692307693 0.0985576923076923
1 0.11778846153846154 0.9026442307692307 0.03485576923076923 0.06370192307692307
1 0.03125 0.7620192307692307 0.0625 0.11298076923076923
1 0.06850961538461539 0.8329326923076923 0.06370192307692307 0.0829326923076923
1 0.328125 0.9206730769230769 0.04567307692307692 0.04326923076923077
1 0.4230769230769231 0.09495192307692307 0.038461538461538464 0.040865384615384616
1 0.8774038461538461 0.671875 0.014423076923076924 0.015625
1 0.6045673076923077 0.7103365384615384 0.06370192307692307 0.08774038461538461
1 0.06370192307692307 0.10817307692307693 0.039663461538461536 0.06009615384615385
1 0.9014423076923077 0.8161057692307693 0.040865384615384616 0.036057692307692304
1 0.13221153846153846 0.6334134615384616 0.020432692307692308 0.030048076923076924
4 0.15144230769230768 0.8665865384615384 0.021634615384615384 0.03125
1 0.9435096153846154 0.09495192307692307 0.11298076923076923 0.16826923076923078
1 0.6286057692307693 0.36658653846153844 0.026442307692307692 0.036057692307692304
1 0.6526442307692307 0.6899038461538461 0.021634615384615384 0.03245192307692308
1 0.7536057692307693 0.18389423076923078 0.0625 0.054086538461538464
4 0.3173076923076923 0.7992788461538461 0.026442307692307692 0.037259615384615384
1 0.8185096153846154 0.6682692307692307 0.02403846153846154 0.03365384615384615
1 0.6310096153846154 0.5865384615384616 0.020432692307692308 0.03245192307692308
1 0.25600961538461536 0.6430288461538461 0.04807692307692308 0.06850961538461539
1 0.8485576923076923 0.08653846153846154 0.06610576923076923 0.12379807692307693
1 0.7259615384615384 0.6105769230769231 0.07211538461538461 0.07692307692307693
1 0.4026442307692308 0.41225961538461536 0.030048076923076924 0.04807692307692308
2 0.7067307692307693 0.33774038461538464 0.5793269230769231 0.14423076923076922
1 0.6213942307692307 0.7259615384615384 0.021634615384615384 0.019230769230769232
1 0.2091346153846154 0.44471153846153844 0.019230769230769232 0.03245192307692308
1 0.11298076923076923 0.4519230769230769 0.02403846153846154 0.016826923076923076
1 0.06971153846153846 0.5228365384615384 0.009615384615384616 0.016826923076923076
1 0.006009615384615385 0.41586538461538464 0.01201923076923077 0.018028846153846152
1 0.2848557692307692 0.0673076923076923 0.056490384615384616 0.054086538461538464
1 0.3605769230769231 0.15264423076923078 0.021634615384615384 0.02283653846153846
1 0.8569711538461539 0.1875 0.06971153846153846 0.08173076923076923
1 0.8762019230769231 0.6983173076923077 0.013221153846153846 0.013221153846153846
1 0.7692307692307693 0.9663461538461539 0.04326923076923077 0.0673076923076923
1 0.5348557692307693 0.5144230769230769 0.026442307692307692 0.036057692307692304
1 0.9807692307692307 0.1971153846153846 0.037259615384615384 0.07932692307692307
1 0.47475961538461536 0.921875 0.09735576923076923 0.09134615384615384
1 0.3401442307692308 0.4831730769230769 0.016826923076923076 0.018028846153846152
2 0.5661057692307693 0.7992788461538461 0.07211538461538461 0.39302884615384615
1 0.20673076923076922 0.5108173076923077 0.015625 0.018028846153846152
1 0.12259615384615384 0.5769230769230769 0.021634615384615384 0.03125
6 0.38221153846153844 0.5384615384615384 0.03245192307692308 0.05889423076923077
4 0.30408653846153844 0.8786057692307693 0.02403846153846154 0.03365384615384615
4 0.5889423076923077 0.9723557692307693 0.03485576923076923 0.037259615384615384
4 0.6850961538461539 0.5540865384615384 0.02403846153846154 0.03245192307692308
4 0.30408653846153844 0.109375 0.026442307692307692 0.03485576923076923
4 0.17668269230769232 0.8173076923076923 0.03125 0.042067307692307696
1 0.40625 0.7451923076923077 0.26322115384615385 0.22235576923076922
1 0.6862980769230769 0.5036057692307693 0.06610576923076923 0.09134615384615384
1 0.1502403846153846 0.03485576923076923 0.019230769230769232 0.02283653846153846
1 0.4855769230769231 0.5745192307692307 0.09134615384615384 0.0673076923076923
1 0.8485576923076923 0.5096153846153846 0.07572115384615384 0.125
1 0.19831730769230768 0.7415865384615384 0.0625 0.05048076923076923
1 0.25961538461538464 0.140625 0.04326923076923077 0.028846153846153848
1 0.38221153846153844 0.16826923076923078 0.007211538461538462 0.019230769230769232
1 0.6334134615384616 0.19230769230769232 0.04807692307692308 0.039663461538461536
1 0.953125 0.9002403846153846 0.019230769230769232 0.020432692307692308
1 0.7331730769230769 0.9699519230769231 0.02403846153846154 0.05889423076923077
1 0.6574519230769231 0.9471153846153846 0.010817307692307692 0.013221153846153846
1 0.796875 0.6550480769230769 0.014423076923076924 0.026442307692307692
1 0.3629807692307692 0.49038461538461536 0.03245192307692308 0.027644230769230768
1 0.6117788461538461 0.7572115384615384 0.01201923076923077 0.016826923076923076
1 0.7860576923076923 0.43509615384615385 0.018028846153846152 0.027644230769230768
1 0.4110576923076923 0.4483173076923077 0.009615384615384616 0.016826923076923076
1 0.6646634615384616 0.8449519230769231 0.10817307692307693 0.10697115384615384
1 0.5072115384615384 0.5204326923076923 0.014423076923076924 0.018028846153846152
1 0.6069711538461539 0.8425480769230769 0.028846153846153848 0.019230769230769232
1 0.18389423076923078 0.9459134615384616 0.04326923076923077 0.04567307692307692
1 0.7223557692307693 0.41346153846153844 0.04567307692307692 0.027644230769230768
1 0.8581730769230769 0.734375 0.007211538461538462 0.013221153846153846
1 0.49158653846153844 0.45913461538461536 0.02283653846153846 0.02283653846153846
1 0.1778846153846154 0.3629807692307692 0.014423076923076924 0.015625
1 0.07451923076923077 0.5805288461538461 0.021634615384615384 0.021634615384615384
1 0.15865384615384615 0.984375 0.014423076923076924 0.014423076923076924
1 0.17908653846153846 0.9927884615384616 0.019230769230769232 0.013221153846153846
1 0.6526442307692307 0.484375 0.01201923076923077 0.01201923076923077
1 0.9471153846153846 0.5733173076923077 0.0625 0.08774038461538461
1 0.5552884615384616 0.5264423076923077 0.02403846153846154 0.020432692307692308
1 0.42908653846153844 0.453125 0.014423076923076924 0.019230769230769232
1 0.04807692307692308 0.38221153846153844 0.06850961538461539 0.0733173076923077
1 0.9903846153846154 0.5949519230769231 0.016826923076923076 0.030048076923076924
1 0.7512019230769231 0.06009615384615385 0.07572115384615384 0.10697115384615384
1 0.35216346153846156 0.3918269230769231 0.025240384615384616 0.019230769230769232
1 0.054086538461538464 0.5528846153846154 0.018028846153846152 0.02403846153846154
1 0.5817307692307693 0.41466346153846156 0.019230769230769232 0.015625
1 0.02283653846153846 0.8978365384615384 0.026442307692307692 0.020432692307692308
0 0.3762019230769231 0.0985576923076923 0.030048076923076924 0.06009615384615385
1 0.8137019230769231 0.5925480769230769 0.02283653846153846 0.036057692307692304
1 0.703125 0.9903846153846154 0.055288461538461536 0.019230769230769232
1 0.35336538461538464 0.5192307692307693 0.02403846153846154 0.019230769230769232
4 0.9471153846153846 0.43028846153846156 0.03245192307692308 0.046875
1 0.15865384615384615 0.703125 0.016826923076923076 0.015625
1 0.24278846153846154 0.7932692307692307 0.016826923076923076 0.018028846153846152
0 0.1658653846153846 0.2283653846153846 0.3317307692307692 0.24158653846153846
1 0.4098557692307692 0.5889423076923077 0.03245192307692308 0.019230769230769232
4 0.20432692307692307 0.6646634615384616 0.03485576923076923 0.0673076923076923
1 0.16466346153846154 0.5036057692307693 0.10096153846153846 0.08173076923076923
1 0.24759615384615385 0.8846153846153846 0.036057692307692304 0.078125
1 0.08774038461538461 0.9723557692307693 0.04567307692307692 0.051682692307692304
1 0.26802884615384615 0.020432692307692308 0.016826923076923076 0.03485576923076923
1 0.7728365384615384 0.13581730769230768 0.04567307692307692 0.04326923076923077
1 0.6430288461538461 0.546875 0.036057692307692304 0.026442307692307692
1 0.21153846153846154 0.3798076923076923 0.02403846153846154 0.02283653846153846
1 0.23197115384615385 0.5024038461538461 0.020432692307692308 0.019230769230769232
1 0.026442307692307692 0.5685096153846154 0.021634615384615384 0.021634615384615384
1 0.38221153846153844 0.5901442307692307 0.01201923076923077 0.02403846153846154
1 0.27524038461538464 0.9459134615384616 0.055288461538461536 0.056490384615384616
1 0.7391826923076923 0.5360576923076923 0.027644230769230768 0.019230769230769232
1 0.6802884615384616 0.421875 0.03365384615384615 0.028846153846153848
4 0.5144230769230769 0.4795673076923077 0.021634615384615384 0.03125
1 0.09134615384615384 0.5360576923076923 0.03485576923076923 0.06610576923076923
1 0.27524038461538464 0.9891826923076923 0.019230769230769232 0.021634615384615384
1 0.7836538461538461 0.5372596153846154 0.016826923076923076 0.019230769230769232
1 0.23677884615384615 0.7007211538461539 0.021634615384615384 0.03245192307692308
1 0.6634615384615384 0.7884615384615384 0.016826923076923076 0.02283653846153846
1 0.9855769230769231 0.8846153846153846 0.028846153846153848 0.03365384615384615
1 0.22355769230769232 0.9471153846153846 0.042067307692307696 0.03485576923076923
1 0.5745192307692307 0.49038461538461536 0.021634615384615384 0.019230769230769232
1 0.7872596153846154 0.46875 0.013221153846153846 0.014423076923076924
4 0.7091346153846154 0.7824519230769231 0.030048076923076924 0.046875
1 0.27403846153846156 0.31850961538461536 0.057692307692307696 0.06009615384615385
