1 0.30649038461538464 0.057692307692307696 0.056490384615384616 0.11298076923076923
1 0.5637019230769231 0.3545673076923077 0.05889423076923077 0.07091346153846154
1 0.4735576923076923 0.7572115384615384 0.03245192307692308 0.042067307692307696
1 0.6814903846153846 0.9771634615384616 0.08653846153846154 0.04567307692307692
1 0.4963942307692308 0.9447115384615384 0.030048076923076924 0.027644230769230768
1 0.6322115384615384 0.6610576923076923 0.030048076923076924 0.051682692307692304
1 0.19471153846153846 0.49038461538461536 0.037259615384615384 0.057692307692307696
1 0.5456730769230769 0.25961538461538464 0.021634615384615384 0.03125
1 0.49278846153846156 0.2536057692307692 0.027644230769230768 0.03365384615384615
1 0.11177884615384616 0.546875 0.02403846153846154 0.03245192307692308
1 0.0673076923076923 0.5721153846153846 0.03485576923076923 0.03485576923076923
1 0.84375 0.3173076923076923 0.019230769230769232 0.018028846153846152
1 0.5480769230769231 0.7091346153846154 0.02283653846153846 0.027644230769230768
1 0.03365384615384615 0.6201923076923077 0.019230769230769232 0.027644230769230768
1 0.4338942307692308 0.9122596153846154 0.025240384615384616 0.037259615384615384
1 0.7019230769230769 0.18509615384615385 0.03245192307692308 0.03365384615384615
1 0.4567307692307692 0.06009615384615385 0.03245192307692308 0.04447115384615385
1 0.7848557692307693 0.2127403846153846 0.030048076923076924 0.037259615384615384
1 0.5300480769230769 0.040865384615384616 0.03365384615384615 0.03365384615384615
1 0.7247596153846154 0.671875 0.027644230769230768 0.038461538461538464
1 0.3629807692307692 0.9134615384615384 0.030048076923076924 0.04326923076923077
1 0.9375 0.6165865384615384 0.025240384615384616 0.026442307692307692
1 0.9435096153846154 0.4807692307692308 0.027644230769230768 0.040865384615384616
1 0.23798076923076922 0.43509615384615385 0.02403846153846154 0.03125
1 0.5805288461538461 0.20673076923076922 0.04807692307692308 0.06490384615384616
1 0.2403846153846154 0.9543269230769231 0.055288461538461536 0.06370192307692307
1 0.3161057692307692 0.7235576923076923 0.14423076923076922 0.16826923076923078
1 0.6237980769230769 0.4338942307692308 0.04807692307692308 0.08413461538461539
1 0.26322115384615385 0.021634615384615384 0.030048076923076924 0.03365384615384615
1 0.38341346153846156 0.5913461538461539 0.06971153846153846 0.10576923076923077
1 0.921875 0.15745192307692307 0.07211538461538461 0.055288461538461536
1 0.9074519230769231 0.019230769230769232 0.019230769230769232 0.028846153846153848
1 0.6274038461538461 0.21754807692307693 0.03365384615384615 0.036057692307692304
4 0.4723557692307692 0.5432692307692307 0.1045673076923077 0.12620192307692307
1 0.17307692307692307 0.5757211538461539 0.09014423076923077 0.11778846153846154
4 0.0625 0.46634615384615385 0.11778846153846154 0.12259615384615384
2 0.6129807692307693 0.6838942307692307 0.27163461538461536 0.5504807692307693
1 0.7512019230769231 0.028846153846153848 0.042067307692307696 0.055288461538461536
1 0.9519230769230769 0.9290865384615384 0.030048076923076924 0.03485576923076923
1 0.15625 0.8737980769230769 0.036057692307692304 0.03485576923076923
1 0.07692307692307693 0.43149038461538464 0.10096153846153846 0.09735576923076923
2 0.08413461538461539 0.1201923076923077 0.09495192307692307 0.23197115384615385
1 0.3894230769230769 0.47716346153846156 0.10697115384615384 0.125
1 0.8233173076923077 0.47596153846153844 0.040865384615384616 0.052884615384615384
1 0.7536057692307693 0.1201923076923077 0.09735576923076923 0.08052884615384616
1 0.44471153846153844 0.8149038461538461 0.014423076923076924 0.02283653846153846
1 0.6875 0.7836538461538461 0.027644230769230768 0.04326923076923077
2 0.051682692307692304 0.9146634615384616 0.10216346153846154 0.16826923076923078
1 0.8341346153846154 0.5625 0.03245192307692308 0.055288461538461536
1 0.1778846153846154 0.33653846153846156 0.038461538461538464 0.06850961538461539
1 0.25721153846153844 0.47836538461538464 0.038461538461538464 0.04567307692307692
1 0.49759615384615385 0.1466346153846154 0.04326923076923077 0.08173076923076923
2 0.2980769230769231 0.8701923076923077 0.3545673076923077 0.25721153846153844
1 0.9350961538461539 0.34375 0.12379807692307693 0.14423076923076922
2 0.8233173076923077 0.9447115384615384 0.05048076923076923 0.1045673076923077
1 0.6129807692307693 0.12139423076923077 0.04326923076923077 0.05048076923076923
1 0.2536057692307692 0.3713942307692308 0.04447115384615385 0.028846153846153848
1 0.7932692307692307 0.7247596153846154 0.014423076923076924 0.021634615384615384
1 0.6682692307692307 0.4230769230769231 0.019230769230769232 0.030048076923076924
8 0.34134615384615385 0.22956730769230768 0.12860576923076922 0.4579326923076923
