4 0.6610576923076923 0.8677884615384616 0.02403846153846154 0.02283653846153846
0 0.421875 0.11538461538461539 0.28725961538461536 0.21634615384615385
1 0.48197115384615385 0.7668269230769231 0.026442307692307692 0.027644230769230768
1 0.7379807692307693 0.46634615384615385 0.15625 0.3245192307692308
4 0.6478365384615384 0.8125 0.12740384615384615 0.17307692307692307
1 0.8377403846153846 0.8810096153846154 0.2127403846153846 0.23076923076923078
1 0.9831730769230769 0.6682692307692307 0.03365384615384615 0.24519230769230768
4 0.5 0.8329326923076923 0.057692307692307696 0.051682692307692304
1 0.10576923076923077 0.14423076923076922 0.09615384615384616 0.10576923076923077
2 0.030048076923076924 0.22596153846153846 0.05889423076923077 0.2668269230769231
1 0.96875 0.8125 0.04567307692307692 0.04447115384615385
1 0.9567307692307693 0.38221153846153844 0.08653846153846154 0.31850961538461536
1 0.03245192307692308 0.6598557692307693 0.06490384615384616 0.046875
1 0.027644230769230768 0.5552884615384616 0.051682692307692304 0.06610576923076923
1 0.7391826923076923 0.8617788461538461 0.038461538461538464 0.03485576923076923
10 0.41586538461538464 0.2932692307692308 0.25721153846153844 0.5288461538461539
1 0.014423076923076924 0.39903846153846156 0.027644230769230768 0.04326923076923077
1 0.6730769230769231 0.6947115384615384 0.03245192307692308 0.054086538461538464
1 0.703125 0.7091346153846154 0.03125 0.027644230769230768
4 0.8341346153846154 0.40625 0.021634615384615384 0.042067307692307696
1 0.4074519230769231 0.6802884615384616 0.06610576923076923 0.16826923076923078
1 0.06971153846153846 0.046875 0.13942307692307693 0.09254807692307693
4 0.9302884615384616 0.5697115384615384 0.0733173076923077 0.08173076923076923
1 0.9795673076923077 0.9483173076923077 0.040865384615384616 0.08774038461538461
1 0.25240384615384615 0.49278846153846156 0.14182692307692307 0.17067307692307693
1 0.6225961538461539 0.65625 0.027644230769230768 0.04447115384615385
1 0.5180288461538461 0.7608173076923077 0.027644230769230768 0.0673076923076923
1 0.515625 0.6442307692307693 0.1045673076923077 0.11298076923076923
1 0.5829326923076923 0.3605769230769231 0.7139423076923077 0.15745192307692307
1 0.4831730769230769 0.8798076923076923 0.3161057692307692 0.23918269230769232
0 0.7668269230769231 0.1201923076923077 0.4543269230769231 0.22596153846153846
1 0.028846153846153848 0.4411057692307692 0.018028846153846152 0.02283653846153846
4 0.7199519230769231 0.4266826923076923 0.019230769230769232 0.03125
1 0.15264423076923078 0.390625 0.08052884615384616 0.1814903846153846
1 0.055288461538461536 0.4423076923076923 0.040865384615384616 0.05889423076923077
11 0.17427884615384615 0.7848557692307693 0.3485576923076923 0.4254807692307692
4 0.23317307692307693 0.2920673076923077 0.05048076923076923 0.07451923076923077
1 0.22596153846153846 0.109375 0.11899038461538461 0.21514423076923078
1 0.7728365384615384 0.6899038461538461 0.08533653846153846 0.12980769230769232
