1 0.3713942307692308 0.8701923076923077 0.06490384615384616 0.078125
1 0.6730769230769231 0.8870192307692307 0.06971153846153846 0.125
1 0.7620192307692307 0.36778846153846156 0.030048076923076924 0.09014423076923077
1 0.7572115384615384 0.09375 0.056490384615384616 0.09134615384615384
1 0.7692307692307693 0.8137019230769231 0.07211538461538461 0.13822115384615385
6 0.5805288461538461 0.5408653846153846 0.45072115384615385 0.6526442307692307
1 0.27283653846153844 0.021634615384615384 0.014423076923076924 0.036057692307692304
1 0.8076923076923077 0.9302884615384616 0.051682692307692304 0.06009615384615385
1 0.11658653846153846 0.12980769230769232 0.12620192307692307 0.0829326923076923
1 0.5192307692307693 0.9326923076923077 0.13581730769230768 0.12379807692307693
1 0.7235576923076923 0.9423076923076923 0.11057692307692307 0.11538461538461539
1 0.6514423076923077 0.025240384615384616 0.04447115384615385 0.03245192307692308
1 0.2776442307692308 0.08052884615384616 0.01201923076923077 0.021634615384615384
1 0.40865384615384615 0.109375 0.052884615384615384 0.08052884615384616
1 0.6694711538461539 0.2692307692307692 0.054086538461538464 0.0673076923076923
1 0.390625 0.171875 0.18629807692307693 0.13822115384615385
1 0.5228365384615384 0.12139423076923077 0.07451923076923077 0.07451923076923077
1 0.28725961538461536 0.8112980769230769 0.055288461538461536 0.07932692307692307
1 0.16346153846153846 0.9026442307692307 0.3269230769230769 0.19110576923076922
1 0.9519230769230769 0.4387019230769231 0.09615384615384616 0.09735576923076923
1 0.08653846153846154 0.7644230769230769 0.13221153846153846 0.12860576923076922
1 0.921875 0.21995192307692307 0.15625 0.34615384615384615
1 0.9362980769230769 0.5036057692307693 0.019230769230769232 0.028846153846153848
1 0.8617788461538461 0.5108173076923077 0.036057692307692304 0.04326923076923077
1 0.34615384615384615 0.020432692307692308 0.04326923076923077 0.040865384615384616
1 0.20192307692307693 0.49158653846153844 0.40384615384615385 0.4855769230769231
1 0.5036057692307693 0.042067307692307696 0.15985576923076922 0.08413461538461539
1 0.6177884615384616 0.1466346153846154 0.054086538461538464 0.06971153846153846
1 0.8786057692307693 0.5673076923076923 0.021634615384615384 0.019230769230769232
1 0.8088942307692307 0.7704326923076923 0.05048076923076923 0.056490384615384616
1 0.8834134615384616 0.7536057692307693 0.02403846153846154 0.03365384615384615
1 0.8870192307692307 0.6911057692307693 0.016826923076923076 0.03125
1 0.1814903846153846 0.03485576923076923 0.025240384615384616 0.026442307692307692
1 0.14182692307692307 0.23677884615384615 0.02403846153846154 0.027644230769230768
1 0.828125 0.6730769230769231 0.026442307692307692 0.03245192307692308
1 0.8557692307692307 0.734375 0.027644230769230768 0.037259615384615384
