2 0.34134615384615385 0.7115384615384616 0.07692307692307693 0.20552884615384615
1 0.6526442307692307 0.6971153846153846 0.014423076923076924 0.018028846153846152
1 0.703125 0.8569711538461539 0.01201923076923077 0.014423076923076924
1 0.609375 0.9134615384615384 0.026442307692307692 0.028846153846153848
1 0.7620192307692307 0.7283653846153846 0.008413461538461538 0.015625
1 0.9939903846153846 0.7043269230769231 0.01201923076923077 0.019230769230769232
1 0.18028846153846154 0.5396634615384616 0.019230769230769232 0.020432692307692308
1 0.18028846153846154 0.7271634615384616 0.04567307692307692 0.04326923076923077
1 0.8401442307692307 0.7596153846153846 0.02403846153846154 0.03125
2 0.8004807692307693 0.13221153846153846 0.09615384615384616 0.2548076923076923
1 0.5540865384615384 0.7836538461538461 0.008413461538461538 0.01201923076923077
1 0.9435096153846154 0.5865384615384616 0.014423076923076924 0.014423076923076924
1 0.8581730769230769 0.7295673076923077 0.021634615384615384 0.016826923076923076
1 0.7415865384615384 0.37259615384615385 0.014423076923076924 0.018028846153846152
1 0.47596153846153844 0.5973557692307693 0.009615384615384616 0.013221153846153846
1 0.2824519230769231 0.8317307692307693 0.03125 0.037259615384615384
1 0.1814903846153846 0.4855769230769231 0.020432692307692308 0.016826923076923076
1 0.390625 0.8894230769230769 0.021634615384615384 0.02283653846153846
2 0.8149038461538461 0.21394230769230768 0.07572115384615384 0.125
1 0.17427884615384615 0.9278846153846154 0.007211538461538462 0.019230769230769232
1 0.7451923076923077 0.9423076923076923 0.021634615384615384 0.019230769230769232
1 0.2932692307692308 0.7283653846153846 0.03485576923076923 0.04567307692307692
1 0.6947115384615384 0.4639423076923077 0.010817307692307692 0.026442307692307692
1 0.7752403846153846 0.7139423076923077 0.01201923076923077 0.016826923076923076
1 0.8197115384615384 0.8028846153846154 0.009615384615384616 0.013221153846153846
1 0.6802884615384616 0.8822115384615384 0.01201923076923077 0.025240384615384616
1 0.11538461538461539 0.9519230769230769 0.025240384615384616 0.028846153846153848
1 0.15384615384615385 0.7680288461538461 0.025240384615384616 0.027644230769230768
1 0.1045673076923077 0.7319711538461539 0.026442307692307692 0.025240384615384616
1 0.13221153846153846 0.09375 0.009615384615384616 0.016826923076923076
1 0.24879807692307693 0.021634615384615384 0.015625 0.01201923076923077
1 0.5384615384615384 0.03245192307692308 0.025240384615384616 0.018028846153846152
1 0.6153846153846154 0.23798076923076922 0.025240384615384616 0.019230769230769232
1 0.7548076923076923 0.046875 0.019230769230769232 0.021634615384615384
1 0.8641826923076923 0.09735576923076923 0.010817307692307692 0.016826923076923076
1 0.9266826923076923 0.2848557692307692 0.008413461538461538 0.013221153846153846
1 0.359375 0.052884615384615384 0.08173076923076923 0.056490384615384616
2 0.4338942307692308 0.3954326923076923 0.07451923076923077 0.0733173076923077
1 0.8353365384615384 0.7896634615384616 0.02283653846153846 0.02403846153846154
1 0.9314903846153846 0.9459134615384616 0.02403846153846154 0.040865384615384616
1 0.8521634615384616 0.6598557692307693 0.027644230769230768 0.03365384615384615
1 0.6334134615384616 0.03485576923076923 0.04447115384615385 0.026442307692307692
1 0.7980769230769231 0.09495192307692307 0.027644230769230768 0.036057692307692304
1 0.03125 0.35697115384615385 0.021634615384615384 0.03245192307692308
1 0.5348557692307693 0.6911057692307693 0.025240384615384616 0.019230769230769232
1 0.2247596153846154 0.8305288461538461 0.06610576923076923 0.06610576923076923
1 0.08173076923076923 0.5072115384615384 0.03125 0.03245192307692308
1 0.9230769230769231 0.7884615384615384 0.02403846153846154 0.030048076923076924
1 0.9675480769230769 0.71875 0.007211538461538462 0.010817307692307692
1 0.7451923076923077 0.6526442307692307 0.021634615384615384 0.02403846153846154
1 0.6887019230769231 0.8449519230769231 0.02403846153846154 0.013221153846153846
2 0.29927884615384615 0.9951923076923077 0.009615384615384616 0.009615384615384616
1 0.42788461538461536 0.8581730769230769 0.027644230769230768 0.030048076923076924
1 0.5288461538461539 0.25 0.030048076923076924 0.027644230769230768
1 0.22716346153846154 0.6862980769230769 0.027644230769230768 0.019230769230769232
1 0.016826923076923076 0.5697115384615384 0.019230769230769232 0.05889423076923077
1 0.15264423076923078 0.36177884615384615 0.026442307692307692 0.02283653846153846
1 0.9711538461538461 0.8209134615384616 0.016826923076923076 0.021634615384615384
1 0.1141826923076923 0.5288461538461539 0.010817307692307692 0.01201923076923077
11 0.42908653846153844 0.9411057692307693 0.25240384615384615 0.109375
1 0.13221153846153846 0.6550480769230769 0.037259615384615384 0.05048076923076923
0 0.13701923076923078 0.9495192307692307 0.03125 0.03485576923076923
1 0.4098557692307692 0.7259615384615384 0.06610576923076923 0.06370192307692307
2 0.3317307692307692 0.5576923076923077 0.13221153846153846 0.3233173076923077
1 0.25721153846153844 0.20673076923076922 0.027644230769230768 0.03365384615384615
1 0.010817307692307692 0.8509615384615384 0.021634615384615384 0.051682692307692304
1 0.3112980769230769 0.375 0.11057692307692307 0.06009615384615385
1 0.015625 0.7103365384615384 0.027644230769230768 0.02403846153846154
1 0.07091346153846154 0.5925480769230769 0.026442307692307692 0.04447115384615385
1 0.34615384615384615 0.21754807692307693 0.10817307692307693 0.12139423076923077
2 0.04567307692307692 0.47836538461538464 0.09014423076923077 0.04326923076923077
1 0.25240384615384615 0.4855769230769231 0.0673076923076923 0.09615384615384616
1 0.5072115384615384 0.8701923076923077 0.03365384615384615 0.06009615384615385
1 0.4567307692307692 0.8329326923076923 0.0673076923076923 0.046875
2 0.5612980769230769 0.7800480769230769 0.09735576923076923 0.38461538461538464
2 0.6225961538461539 0.4831730769230769 0.2776442307692308 0.2512019230769231
1 0.03125 0.9206730769230769 0.025240384615384616 0.021634615384615384
1 0.9314903846153846 0.71875 0.016826923076923076 0.019230769230769232
1 0.9747596153846154 0.640625 0.027644230769230768 0.040865384615384616
1 0.6862980769230769 0.8076923076923077 0.018028846153846152 0.02283653846153846
1 0.8918269230769231 0.5901442307692307 0.019230769230769232 0.026442307692307692
1 0.7740384615384616 0.7548076923076923 0.010817307692307692 0.015625
1 0.8305288461538461 0.6658653846153846 0.01201923076923077 0.010817307692307692
1 0.9807692307692307 0.7475961538461539 0.014423076923076924 0.021634615384615384
1 0.7043269230769231 0.9447115384615384 0.02283653846153846 0.030048076923076924
1 0.39903846153846156 0.7920673076923077 0.014423076923076924 0.013221153846153846
1 0.004807692307692308 0.7800480769230769 0.009615384615384616 0.01201923076923077
3 0.5661057692307693 0.3737980769230769 0.8677884615384616 0.5649038461538461
2 0.6971153846153846 0.2704326923076923 0.1201923076923077 0.16105769230769232
2 0.7728365384615384 0.12980769230769232 0.02403846153846154 0.140625
1 0.038461538461538464 0.8509615384615384 0.027644230769230768 0.051682692307692304
1 0.8653846153846154 0.7427884615384616 0.01201923076923077 0.013221153846153846
1 0.7608173076923077 0.8966346153846154 0.016826923076923076 0.03365384615384615
1 0.8233173076923077 0.7199519230769231 0.019230769230769232 0.01201923076923077
1 0.8942307692307693 0.8233173076923077 0.01201923076923077 0.01201923076923077
1 0.7211538461538461 0.9939903846153846 0.02283653846153846 0.01201923076923077
1 0.5985576923076923 0.8629807692307693 0.016826923076923076 0.02283653846153846
1 0.14302884615384615 0.7103365384615384 0.04927884615384615 0.055288461538461536
1 0.2620192307692308 0.7980769230769231 0.040865384615384616 0.042067307692307696
1 0.06490384615384616 0.7247596153846154 0.04927884615384615 0.05889423076923077
1 0.16105769230769232 0.2620192307692308 0.05889423076923077 0.09254807692307693
1 0.19591346153846154 0.984375 0.026442307692307692 0.028846153846153848
1 0.07211538461538461 0.9050480769230769 0.030048076923076924 0.042067307692307696
1 0.2512019230769231 0.8846153846153846 0.08413461538461539 0.037259615384615384
1 0.4050480769230769 0.8425480769230769 0.02403846153846154 0.037259615384615384
1 0.17427884615384615 0.8617788461538461 0.06850961538461539 0.08653846153846154
1 0.9567307692307693 0.7307692307692307 0.025240384615384616 0.021634615384615384
1 0.8028846153846154 0.6730769230769231 0.014423076923076924 0.03245192307692308
1 0.7235576923076923 0.7283653846153846 0.02403846153846154 0.042067307692307696
1 0.6634615384615384 0.9002403846153846 0.01201923076923077 0.013221153846153846
1 0.9423076923076923 0.6418269230769231 0.013221153846153846 0.018028846153846152
1 0.7439903846153846 0.9639423076923077 0.018028846153846152 0.025240384615384616
1 0.32572115384615385 0.7740384615384616 0.038461538461538464 0.052884615384615384
1 0.265625 0.6646634615384616 0.01201923076923077 0.021634615384615384
1 0.07211538461538461 0.0829326923076923 0.030048076923076924 0.04326923076923077
1 0.16346153846153846 0.08052884615384616 0.03125 0.02403846153846154
1 0.5324519230769231 0.07451923076923077 0.019230769230769232 0.026442307692307692
1 0.9555288461538461 0.12860576923076922 0.01201923076923077 0.019230769230769232
1 0.8617788461538461 0.43149038461538464 0.018028846153846152 0.019230769230769232
1 0.8545673076923077 0.40865384615384615 0.013221153846153846 0.020432692307692308
1 0.18269230769230768 0.46153846153846156 0.025240384615384616 0.027644230769230768
1 0.44471153846153844 0.020432692307692308 0.026442307692307692 0.03485576923076923
1 0.7391826923076923 0.765625 0.025240384615384616 0.03485576923076923
1 0.8834134615384616 0.7211538461538461 0.028846153846153848 0.02283653846153846
1 0.8497596153846154 0.4675480769230769 0.051682692307692304 0.054086538461538464
1 0.9723557692307693 0.10096153846153846 0.055288461538461536 0.056490384615384616
1 0.49158653846153844 0.21875 0.02283653846153846 0.027644230769230768
1 0.14302884615384615 0.15745192307692307 0.020432692307692308 0.04326923076923077
1 0.08653846153846154 0.42427884615384615 0.016826923076923076 0.02403846153846154
1 0.3581730769230769 0.8401442307692307 0.057692307692307696 0.08413461538461539
1 0.039663461538461536 0.9831730769230769 0.03245192307692308 0.027644230769230768
2 0.9362980769230769 0.96875 0.12740384615384615 0.04567307692307692
1 0.021634615384615384 0.6514423076923077 0.04326923076923077 0.046875
1 0.14543269230769232 0.5132211538461539 0.03245192307692308 0.03125
1 0.1875 0.7776442307692307 0.04567307692307692 0.04807692307692308
1 0.3269230769230769 0.9038461538461539 0.040865384615384616 0.055288461538461536
1 0.2536057692307692 0.5649038461538461 0.02403846153846154 0.03485576923076923
1 0.06490384615384616 0.24278846153846154 0.019230769230769232 0.02403846153846154
1 0.2980769230769231 0.06490384615384616 0.03485576923076923 0.042067307692307696
1 0.09495192307692307 0.010817307692307692 0.040865384615384616 0.021634615384615384
1 0.4362980769230769 0.1971153846153846 0.03485576923076923 0.02403846153846154
1 0.7103365384615384 0.7608173076923077 0.026442307692307692 0.03245192307692308
1 0.8689903846153846 0.7884615384615384 0.026442307692307692 0.046875
1 0.8605769230769231 0.34375 0.04447115384615385 0.04807692307692308
1 0.9447115384615384 0.037259615384615384 0.021634615384615384 0.028846153846153848
2 0.9639423076923077 0.84375 0.07211538461538461 0.046875
1 0.5372596153846154 0.7536057692307693 0.040865384615384616 0.04326923076923077
1 0.4579326923076923 0.2283653846153846 0.02403846153846154 0.03485576923076923
1 0.8221153846153846 0.6201923076923077 0.018028846153846152 0.02403846153846154
1 0.6033653846153846 0.9807692307692307 0.0625 0.03485576923076923
1 0.125 0.9242788461538461 0.015625 0.030048076923076924
1 0.23798076923076922 0.6995192307692307 0.010817307692307692 0.013221153846153846
1 0.30528846153846156 0.5853365384615384 0.028846153846153848 0.026442307692307692
1 0.13942307692307693 0.4411057692307692 0.016826923076923076 0.021634615384615384
1 0.002403846153846154 0.36658653846153844 0.004807692307692308 0.01201923076923077
1 0.25240384615384615 0.12620192307692307 0.010817307692307692 0.016826923076923076
1 0.24158653846153846 0.04567307692307692 0.019230769230769232 0.016826923076923076
1 0.4735576923076923 0.16466346153846154 0.02283653846153846 0.02403846153846154
1 0.6310096153846154 0.20432692307692307 0.021634615384615384 0.026442307692307692
1 0.6442307692307693 0.8004807692307693 0.04567307692307692 0.0673076923076923
1 0.27884615384615385 0.5625 0.021634615384615384 0.04447115384615385
1 0.8185096153846154 0.875 0.02403846153846154 0.03365384615384615
1 0.08413461538461539 0.11778846153846154 0.007211538461538462 0.018028846153846152
1 0.4675480769230769 0.6370192307692307 0.020432692307692308 0.03365384615384615
1 0.9927884615384616 0.5829326923076923 0.014423076923076924 0.025240384615384616
2 0.08653846153846154 0.640625 0.055288461538461536 0.11538461538461539
1 0.7103365384615384 0.8257211538461539 0.05048076923076923 0.037259615384615384
1 0.9074519230769231 0.1875 0.018028846153846152 0.027644230769230768
2 0.8125 0.9507211538461539 0.08413461538461539 0.09014423076923077
1 0.057692307692307696 0.9627403846153846 0.040865384615384616 0.027644230769230768
1 0.7752403846153846 0.34134615384615385 0.016826923076923076 0.020432692307692308
0 0.6526442307692307 0.3701923076923077 0.030048076923076924 0.042067307692307696
1 0.8894230769230769 0.03485576923076923 0.08413461538461539 0.05889423076923077
1 0.0829326923076923 0.3401442307692308 0.014423076923076924 0.019230769230769232
1 0.4375 0.4543269230769231 0.055288461538461536 0.06129807692307692
1 0.07091346153846154 0.8461538461538461 0.030048076923076924 0.026442307692307692
1 0.8125 0.0673076923076923 0.01201923076923077 0.01201923076923077
1 0.6382211538461539 0.8605769230769231 0.03485576923076923 0.051682692307692304
1 0.7199519230769231 0.10697115384615384 0.020432692307692308 0.019230769230769232
1 0.1045673076923077 0.06971153846153846 0.03365384615384615 0.03125
1 0.171875 0.6670673076923077 0.025240384615384616 0.03485576923076923
1 0.16105769230769232 0.5673076923076923 0.013221153846153846 0.019230769230769232
1 0.2283653846153846 0.11298076923076923 0.025240384615384616 0.020432692307692308
1 0.8653846153846154 0.12980769230769232 0.01201923076923077 0.019230769230769232
1 0.421875 0.5228365384615384 0.040865384615384616 0.03365384615384615
1 0.8930288461538461 0.3473557692307692 0.020432692307692308 0.018028846153846152
1 0.2920673076923077 0.5228365384615384 0.01201923076923077 0.015625
1 0.14903846153846154 0.9747596153846154 0.028846153846153848 0.019230769230769232
1 0.23197115384615385 0.6213942307692307 0.018028846153846152 0.020432692307692308
1 0.15985576923076922 0.3954326923076923 0.02403846153846154 0.02403846153846154
1 0.8858173076923077 0.40865384615384615 0.010817307692307692 0.016826923076923076
1 0.15745192307692307 0.4375 0.019230769230769232 0.016826923076923076
1 0.8100961538461539 0.04807692307692308 0.01201923076923077 0.013221153846153846
1 0.7800480769230769 0.5168269230769231 0.03125 0.027644230769230768
1 0.8016826923076923 0.35336538461538464 0.009615384615384616 0.01201923076923077
1 0.25240384615384615 0.3954326923076923 0.014423076923076924 0.02403846153846154
1 0.7247596153846154 0.018028846153846152 0.03125 0.03485576923076923
1 0.5240384615384616 0.5252403846153846 0.01201923076923077 0.021634615384615384
1 0.9507211538461539 0.6778846153846154 0.03245192307692308 0.04447115384615385
1 0.8978365384615384 0.2668269230769231 0.021634615384615384 0.04447115384615385
1 0.9146634615384616 0.6598557692307693 0.030048076923076924 0.027644230769230768
1 0.49158653846153844 0.051682692307692304 0.030048076923076924 0.026442307692307692
1 0.625 0.7223557692307693 0.027644230769230768 0.05048076923076923
1 0.15865384615384615 0.9495192307692307 0.01201923076923077 0.015625
1 0.6153846153846154 0.8245192307692307 0.027644230769230768 0.040865384615384616
1 0.12620192307692307 0.49038461538461536 0.010817307692307692 0.018028846153846152
1 0.7632211538461539 0.8329326923076923 0.020432692307692308 0.027644230769230768
1 0.7716346153846154 0.03365384615384615 0.01201923076923077 0.019230769230769232
1 0.027644230769230768 0.40865384615384615 0.018028846153846152 0.018028846153846152
