4 0.07091346153846154 0.484375 0.030048076923076924 0.040865384615384616
1 0.3317307692307692 0.2091346153846154 0.038461538461538464 0.054086538461538464
4 0.46153846153846156 0.7067307692307693 0.030048076923076924 0.039663461538461536
1 0.0733173076923077 0.21153846153846154 0.021634615384615384 0.036057692307692304
1 0.4879807692307692 0.06971153846153846 0.08413461538461539 0.09735576923076923
1 0.5805288461538461 0.6658653846153846 0.038461538461538464 0.038461538461538464
1 0.04807692307692308 0.18629807692307693 0.038461538461538464 0.046875
1 0.6814903846153846 0.09134615384615384 0.027644230769230768 0.03245192307692308
1 0.7800480769230769 0.41466346153846156 0.03245192307692308 0.03125
1 0.3016826923076923 0.27163461538461536 0.036057692307692304 0.06971153846153846
1 0.07572115384615384 0.4423076923076923 0.06850961538461539 0.052884615384615384
1 0.7391826923076923 0.2776442307692308 0.0625 0.07451923076923077
1 0.90625 0.5925480769230769 0.014423076923076924 0.03125
1 0.5456730769230769 0.30408653846153844 0.03485576923076923 0.04927884615384615
4 0.9194711538461539 0.328125 0.025240384615384616 0.03125
1 0.7007211538461539 0.7932692307692307 0.038461538461538464 0.05889423076923077
1 0.15504807692307693 0.35336538461538464 0.08653846153846154 0.09134615384615384
4 0.43028846153846156 0.43028846153846156 0.03485576923076923 0.05048076923076923
1 0.09615384615384616 0.5348557692307693 0.027644230769230768 0.03245192307692308
4 0.5973557692307693 0.3858173076923077 0.040865384615384616 0.05048076923076923
4 0.30528846153846156 0.7127403846153846 0.025240384615384616 0.027644230769230768
4 0.7103365384615384 0.8990384615384616 0.02283653846153846 0.028846153846153848
1 0.5072115384615384 0.5985576923076923 0.025240384615384616 0.042067307692307696
4 0.125 0.578125 0.020432692307692308 0.027644230769230768
4 0.859375 0.734375 0.02403846153846154 0.037259615384615384
1 0.03125 0.11298076923076923 0.0625 0.06370192307692307
1 0.28125 0.19230769230769232 0.02403846153846154 0.05048076923076923
1 0.05889423076923077 0.703125 0.04567307692307692 0.052884615384615384
4 0.42427884615384615 0.6790865384615384 0.019230769230769232 0.027644230769230768
4 0.040865384615384616 0.04807692307692308 0.018028846153846152 0.027644230769230768
4 0.06009615384615385 0.8353365384615384 0.03245192307692308 0.042067307692307696
4 0.1141826923076923 0.8040865384615384 0.016826923076923076 0.027644230769230768
4 0.05048076923076923 0.7403846153846154 0.03245192307692308 0.038461538461538464
4 0.18028846153846154 0.4795673076923077 0.03245192307692308 0.042067307692307696
4 0.08533653846153846 0.5709134615384616 0.018028846153846152 0.019230769230769232
4 0.9134615384615384 0.703125 0.03485576923076923 0.04447115384615385
1 0.24278846153846154 0.484375 0.03245192307692308 0.028846153846153848
1 0.32091346153846156 0.9302884615384616 0.019230769230769232 0.026442307692307692
1 0.019230769230769232 0.2620192307692308 0.030048076923076924 0.03125
1 0.5793269230769231 0.21394230769230768 0.056490384615384616 0.06370192307692307
1 0.7992788461538461 0.5576923076923077 0.021634615384615384 0.021634615384615384
1 0.3389423076923077 0.27403846153846156 0.04567307692307692 0.05889423076923077
11 0.054086538461538464 0.9411057692307693 0.10697115384615384 0.11538461538461539
4 0.19591346153846154 0.9459134615384616 0.04447115384615385 0.056490384615384616
4 0.12860576923076922 0.9603365384615384 0.040865384615384616 0.05048076923076923
4 0.22716346153846154 0.5120192307692307 0.020432692307692308 0.02403846153846154
4 0.3858173076923077 0.7079326923076923 0.026442307692307692 0.027644230769230768
1 0.7524038461538461 0.4855769230769231 0.040865384615384616 0.06610576923076923
1 0.01201923076923077 0.6875 0.02403846153846154 0.03245192307692308
1 0.8413461538461539 0.26322115384615385 0.04326923076923077 0.05048076923076923
1 0.10216346153846154 0.4807692307692308 0.014423076923076924 0.014423076923076924
1 0.027644230769230768 0.47596153846153844 0.04447115384615385 0.06490384615384616
1 0.026442307692307692 0.5540865384615384 0.052884615384615384 0.04927884615384615
1 0.5060096153846154 0.9675480769230769 0.037259615384615384 0.02283653846153846
1 0.7151442307692307 0.8834134615384616 0.016826923076923076 0.028846153846153848
1 0.328125 0.9807692307692307 0.027644230769230768 0.037259615384615384
1 0.5264423076923077 0.13221153846153846 0.04326923076923077 0.10697115384615384
1 0.6430288461538461 0.038461538461538464 0.06610576923076923 0.04447115384615385
1 0.5817307692307693 0.06490384615384616 0.051682692307692304 0.03485576923076923
4 0.359375 0.9603365384615384 0.03485576923076923 0.04807692307692308
4 0.33653846153846156 0.11298076923076923 0.038461538461538464 0.051682692307692304
4 0.13341346153846154 0.22355769230769232 0.02403846153846154 0.036057692307692304
4 0.546875 0.625 0.02283653846153846 0.03365384615384615
4 0.6346153846153846 0.30528846153846156 0.04447115384615385 0.05048076923076923
4 0.359375 0.3545673076923077 0.021634615384615384 0.03125
4 0.9627403846153846 0.2800480769230769 0.040865384615384616 0.054086538461538464
4 0.037259615384615384 0.36538461538461536 0.0733173076923077 0.10697115384615384
1 0.18990384615384615 0.1502403846153846 0.027644230769230768 0.03245192307692308
4 0.7740384615384616 0.36177884615384615 0.02403846153846154 0.028846153846153848
1 0.9338942307692307 0.046875 0.037259615384615384 0.05048076923076923
1 0.9326923076923077 0.16826923076923078 0.052884615384615384 0.051682692307692304
4 0.6935096153846154 0.31971153846153844 0.018028846153846152 0.037259615384615384
1 0.39302884615384615 0.5793269230769231 0.07692307692307693 0.11057692307692307
1 0.6141826923076923 0.7139423076923077 0.07572115384615384 0.07451923076923077
1 0.5024038461538461 0.3137019230769231 0.040865384615384616 0.07692307692307693
1 0.13581730769230768 0.5144230769230769 0.030048076923076924 0.026442307692307692
4 0.4050480769230769 0.6875 0.019230769230769232 0.03125
1 0.037259615384615384 0.6370192307692307 0.052884615384615384 0.09375
1 0.38341346153846156 0.0829326923076923 0.09975961538461539 0.1201923076923077
4 0.06009615384615385 0.1466346153846154 0.03485576923076923 0.03485576923076923
4 0.2668269230769231 0.055288461538461536 0.038461538461538464 0.05048076923076923
1 0.8413461538461539 0.8341346153846154 0.07692307692307693 0.09134615384615384
4 0.8894230769230769 0.6983173076923077 0.019230769230769232 0.036057692307692304
4 0.734375 0.008413461538461538 0.03125 0.016826923076923076
4 0.30408653846153844 0.3329326923076923 0.014423076923076924 0.026442307692307692
1 0.53125 0.2127403846153846 0.016826923076923076 0.037259615384615384
1 0.31490384615384615 0.17668269230769232 0.016826923076923076 0.019230769230769232
4 0.6117788461538461 0.6322115384615384 0.03485576923076923 0.042067307692307696
1 0.7115384615384616 0.13701923076923078 0.025240384615384616 0.06971153846153846
1 0.8100961538461539 0.4879807692307692 0.040865384615384616 0.0889423076923077
1 0.8870192307692307 0.5925480769230769 0.016826923076923076 0.02403846153846154
1 0.7752403846153846 0.5372596153846154 0.02403846153846154 0.03125
4 0.36658653846153844 0.9026442307692307 0.03245192307692308 0.04326923076923077
4 0.7163461538461539 0.390625 0.02403846153846154 0.027644230769230768
1 0.8245192307692307 0.6610576923076923 0.016826923076923076 0.021634615384615384
1 0.44350961538461536 0.171875 0.04807692307692308 0.042067307692307696
1 0.12139423076923077 0.5492788461538461 0.03245192307692308 0.04326923076923077
1 0.11538461538461539 0.5 0.013221153846153846 0.014423076923076924
1 0.453125 0.23677884615384615 0.07211538461538461 0.06610576923076923
1 0.7355769230769231 0.05889423076923077 0.06850961538461539 0.056490384615384616
1 0.9831730769230769 0.038461538461538464 0.03365384615384615 0.028846153846153848
1 0.9831730769230769 0.09975961538461539 0.027644230769230768 0.05048076923076923
1 0.9927884615384616 0.2403846153846154 0.013221153846153846 0.042067307692307696
1 0.12860576923076922 0.421875 0.030048076923076924 0.04927884615384615
1 0.27283653846153844 0.13701923076923078 0.03485576923076923 0.040865384615384616
2 0.8161057692307693 0.328125 0.23918269230769232 0.10697115384615384
1 0.24759615384615385 0.09375 0.019230769230769232 0.021634615384615384
1 0.6189903846153846 0.15384615384615385 0.052884615384615384 0.057692307692307696
1 0.9807692307692307 0.6502403846153846 0.03365384615384615 0.046875
1 0.09254807692307693 0.8918269230769231 0.07932692307692307 0.08533653846153846
1 0.09254807692307693 0.6670673076923077 0.021634615384615384 0.10096153846153846
1 0.09495192307692307 0.5901442307692307 0.02403846153846154 0.04326923076923077
1 0.22235576923076922 0.036057692307692304 0.06971153846153846 0.02403846153846154
1 0.8064903846153846 0.14182692307692307 0.0985576923076923 0.17548076923076922
1 0.6550480769230769 0.11177884615384616 0.026442307692307692 0.056490384615384616
1 0.06971153846153846 0.08533653846153846 0.04326923076923077 0.06610576923076923
1 0.7764423076923077 0.5769230769230769 0.014423076923076924 0.01201923076923077
1 0.2439903846153846 0.17307692307692307 0.019230769230769232 0.03365384615384615
1 0.8737980769230769 0.6838942307692307 0.020432692307692308 0.03485576923076923
1 0.8665865384615384 0.6430288461538461 0.02283653846153846 0.036057692307692304
1 0.4675480769230769 0.6802884615384616 0.015625 0.019230769230769232
1 0.9891826923076923 0.19230769230769232 0.021634615384615384 0.03245192307692308
1 0.27403846153846156 0.8942307692307693 0.04927884615384615 0.05048076923076923
1 0.41947115384615385 0.7932692307692307 0.03485576923076923 0.03245192307692308
1 0.9915865384615384 0.8149038461538461 0.016826923076923076 0.04807692307692308
1 0.8641826923076923 0.9350961538461539 0.03485576923076923 0.03365384615384615
2 0.9879807692307693 0.859375 0.02403846153846154 0.03125
1 0.9170673076923077 0.47836538461538464 0.1658653846153846 0.09735576923076923
1 0.40865384615384615 0.7163461538461539 0.03245192307692308 0.03365384615384615
1 0.44471153846153844 0.47716346153846156 0.03365384615384615 0.04807692307692308
1 0.21995192307692307 0.4266826923076923 0.008413461538461538 0.042067307692307696
1 0.9759615384615384 0.01201923076923077 0.04807692307692308 0.02283653846153846
1 0.9086538461538461 0.038461538461538464 0.02283653846153846 0.027644230769230768
1 0.4074519230769231 0.014423076923076924 0.039663461538461536 0.027644230769230768
4 0.4855769230769231 0.018028846153846152 0.03485576923076923 0.036057692307692304
1 0.35096153846153844 0.8125 0.042067307692307696 0.09014423076923077
1 0.5552884615384616 0.5252403846153846 0.02403846153846154 0.039663461538461536
1 0.59375 0.33533653846153844 0.038461538461538464 0.057692307692307696
1 0.6862980769230769 0.27884615384615385 0.016826923076923076 0.028846153846153848
1 0.9711538461538461 0.8918269230769231 0.016826923076923076 0.019230769230769232
1 0.9927884615384616 0.8822115384615384 0.014423076923076924 0.014423076923076924
1 0.9254807692307693 0.01201923076923077 0.038461538461538464 0.02403846153846154
1 0.9242788461538461 0.9867788461538461 0.040865384615384616 0.026442307692307692
1 0.9771634615384616 0.7992788461538461 0.006009615384615385 0.018028846153846152
1 0.4699519230769231 0.890625 0.05889423076923077 0.05889423076923077
1 0.7307692307692307 0.9723557692307693 0.06129807692307692 0.04447115384615385
1 0.9254807692307693 0.8521634615384616 0.051682692307692304 0.04807692307692308
1 0.421875 0.9399038461538461 0.037259615384615384 0.06370192307692307
1 0.018028846153846152 0.8052884615384616 0.036057692307692304 0.03125
1 0.08173076923076923 0.7884615384615384 0.040865384615384616 0.05889423076923077
1 0.0985576923076923 0.7379807692307693 0.016826923076923076 0.02403846153846154
1 0.31850961538461536 0.8653846153846154 0.019230769230769232 0.03245192307692308
1 0.4110576923076923 0.8653846153846154 0.057692307692307696 0.08653846153846154
4 0.8365384615384616 0.6021634615384616 0.036057692307692304 0.051682692307692304
1 0.7271634615384616 0.6802884615384616 0.1875 0.17548076923076922
1 0.8341346153846154 0.9879807692307693 0.03365384615384615 0.015625
4 0.7403846153846154 0.1045673076923077 0.036057692307692304 0.036057692307692304
1 0.9879807692307693 0.7007211538461539 0.02403846153846154 0.042067307692307696
1 0.6478365384615384 0.5036057692307693 0.1658653846153846 0.14783653846153846
4 0.9411057692307693 0.6574519230769231 0.030048076923076924 0.040865384615384616
4 0.6778846153846154 0.234375 0.038461538461538464 0.051682692307692304
4 0.7043269230769231 0.013221153846153846 0.019230769230769232 0.026442307692307692
1 0.8088942307692307 0.030048076923076924 0.037259615384615384 0.06009615384615385
1 0.8978365384615384 0.18870192307692307 0.030048076923076924 0.04807692307692308
1 0.546875 0.27884615384615385 0.014423076923076924 0.01201923076923077
1 0.016826923076923076 0.8389423076923077 0.02403846153846154 0.021634615384615384
1 0.23317307692307693 0.9122596153846154 0.03125 0.027644230769230768
1 0.18389423076923078 0.7271634615384616 0.06490384615384616 0.051682692307692304
4 0.9615384615384616 0.4098557692307692 0.028846153846153848 0.04567307692307692
1 0.23677884615384615 0.4014423076923077 0.040865384615384616 0.06009615384615385
1 0.5625 0.9411057692307693 0.040865384615384616 0.109375
1 0.5084134615384616 0.3786057692307692 0.040865384615384616 0.038461538461538464
1 0.5552884615384616 0.5817307692307693 0.04326923076923077 0.06971153846153846
1 0.7560096153846154 0.90625 0.05048076923076923 0.0985576923076923
1 0.8064903846153846 0.9350961538461539 0.04927884615384615 0.07451923076923077
1 0.296875 0.4026442307692308 0.06971153846153846 0.09735576923076923
1 0.953125 0.7175480769230769 0.03485576923076923 0.06971153846153846
1 0.2644230769230769 0.3762019230769231 0.03125 0.02403846153846154
1 0.1778846153846154 0.41346153846153844 0.03485576923076923 0.07091346153846154
1 0.4326923076923077 0.6995192307692307 0.016826923076923076 0.026442307692307692
1 0.5949519230769231 0.29086538461538464 0.02403846153846154 0.03245192307692308
1 0.8822115384615384 0.07451923076923077 0.030048076923076924 0.040865384615384616
1 0.9939903846153846 0.9338942307692307 0.01201923076923077 0.019230769230769232
1 0.9302884615384616 0.9495192307692307 0.04807692307692308 0.04567307692307692
1 0.5024038461538461 0.4495192307692308 0.11177884615384616 0.10096153846153846
1 0.42908653846153844 0.640625 0.03365384615384615 0.04567307692307692
1 0.9579326923076923 0.5552884615384616 0.016826923076923076 0.019230769230769232
1 0.1141826923076923 0.6694711538461539 0.03365384615384615 0.04927884615384615
1 0.21394230769230768 0.296875 0.08413461538461539 0.12139423076923077
1 0.9591346153846154 0.9242788461538461 0.019230769230769232 0.03485576923076923
1 0.8858173076923077 0.8810096153846154 0.040865384615384616 0.040865384615384616
1 0.47115384615384615 0.5492788461538461 0.037259615384615384 0.06129807692307692
1 0.40384615384615385 0.3173076923076923 0.08173076923076923 0.08774038461538461
1 0.265625 0.7692307692307693 0.026442307692307692 0.016826923076923076
1 0.8317307692307693 0.7379807692307693 0.04326923076923077 0.036057692307692304
1 0.7548076923076923 0.8125 0.052884615384615384 0.05048076923076923
1 0.5913461538461539 0.014423076923076924 0.030048076923076924 0.028846153846153848
1 0.875 0.9783653846153846 0.04807692307692308 0.04326923076923077
1 0.234375 0.8461538461538461 0.030048076923076924 0.026442307692307692
1 0.9507211538461539 0.08774038461538461 0.020432692307692308 0.026442307692307692
1 0.19471153846153846 0.8365384615384616 0.04807692307692308 0.07091346153846154
1 0.2536057692307692 0.9555288461538461 0.026442307692307692 0.06129807692307692
1 0.4495192307692308 0.7944711538461539 0.04807692307692308 0.06610576923076923
1 0.6370192307692307 0.3473557692307692 0.018028846153846152 0.028846153846153848
1 0.5240384615384616 0.8149038461538461 0.12860576923076922 0.15144230769230768
1 0.921875 0.8954326923076923 0.020432692307692308 0.025240384615384616
4 0.9879807692307693 0.39663461538461536 0.02403846153846154 0.036057692307692304
1 0.028846153846153848 0.44471153846153844 0.027644230769230768 0.03125
1 0.3125 0.7740384615384616 0.03125 0.05889423076923077
4 0.359375 0.7572115384615384 0.042067307692307696 0.04447115384615385
1 0.7512019230769231 0.4110576923076923 0.037259615384615384 0.06850961538461539
1 0.4639423076923077 0.9747596153846154 0.03365384615384615 0.04567307692307692
1 0.8557692307692307 0.01201923076923077 0.027644230769230768 0.02403846153846154
1 0.13942307692307693 0.8557692307692307 0.018028846153846152 0.04326923076923077
1 0.6694711538461539 0.32572115384615385 0.016826923076923076 0.04447115384615385
1 0.5192307692307693 0.6899038461538461 0.08653846153846154 0.10096153846153846
