1 0.7548076923076923 0.16826923076923078 0.49038461538461536 0.3293269230769231
1 0.09615384615384616 0.06490384615384616 0.13341346153846154 0.1201923076923077
1 0.45072115384615385 0.23918269230769232 0.028846153846153848 0.040865384615384616
1 0.41466346153846156 0.18389423076923078 0.03485576923076923 0.04326923076923077
1 0.12139423076923077 0.5865384615384616 0.07572115384615384 0.09495192307692307
4 0.054086538461538464 0.9362980769230769 0.10817307692307693 0.11778846153846154
1 0.06490384615384616 0.6298076923076923 0.12860576923076922 0.24879807692307693
1 0.2608173076923077 0.515625 0.037259615384615384 0.03485576923076923
1 0.42427884615384615 0.5625 0.12740384615384615 0.15144230769230768
1 0.19110576923076922 0.07572115384615384 0.040865384615384616 0.04807692307692308
1 0.8245192307692307 0.7632211538461539 0.35096153846153844 0.33052884615384615
1 0.3293269230769231 0.6177884615384616 0.057692307692307696 0.0889423076923077
1 0.22596153846153846 0.7223557692307693 0.17307692307692307 0.15144230769230768
2 0.41346153846153844 0.8641826923076923 0.14903846153846154 0.26802884615384615
1 0.14423076923076922 0.4074519230769231 0.11538461538461539 0.11298076923076923
1 0.46274038461538464 0.31490384615384615 0.036057692307692304 0.04447115384615385
3 0.5 0.39663461538461536 1 0.4807692307692308
1 0.46153846153846156 0.7680288461538461 0.17307692307692307 0.1875
1 0.19110576923076922 0.8870192307692307 0.15985576923076922 0.21514423076923078
1 0.796875 0.4050480769230769 0.1622596153846154 0.12620192307692307
1 0.0733173076923077 0.8197115384615384 0.0733173076923077 0.10817307692307693
1 0.040865384615384616 0.33653846153846156 0.08173076923076923 0.16947115384615385
1 0.6045673076923077 0.7908653846153846 0.1466346153846154 0.19230769230769232
1 0.23798076923076922 0.47596153846153844 0.016826923076923076 0.018028846153846152
1 0.47716346153846156 0.18870192307692307 0.07692307692307693 0.051682692307692304
1 0.23798076923076922 0.12740384615384615 0.09014423076923077 0.09375
1 0.9326923076923077 0.38221153846153844 0.0625 0.11057692307692307
1 0.5204326923076923 0.9278846153846154 0.04807692307692308 0.07692307692307693
1 0.31971153846153844 0.8425480769230769 0.03365384615384615 0.04326923076923077
1 0.9855769230769231 0.421875 0.028846153846153848 0.10336538461538461
1 0.6454326923076923 0.33533653846153844 0.1201923076923077 0.12980769230769232
1 0.03245192307692308 0.5 0.0625 0.06129807692307692
1 0.2127403846153846 0.47716346153846156 0.02403846153846154 0.021634615384615384
