0 0.15985576923076922 0.25961538461538464 0.31971153846153844 0.08774038461538461
0 0.8581730769230769 0.4014423076923077 0.28365384615384615 0.3161057692307692
1 0.7884615384615384 0.11778846153846154 0.07692307692307693 0.10576923076923077
1 0.921875 0.1814903846153846 0.02403846153846154 0.027644230769230768
0 0.8389423076923077 0.6610576923076923 0.2644230769230769 0.16346153846153846
0 0.8665865384615384 0.8497596153846154 0.2668269230769231 0.2764423076923077
4 0.36778846153846156 0.9362980769230769 0.12980769230769232 0.1201923076923077
0 0.17307692307692307 0.7596153846153846 0.14543269230769232 0.15625
0 0.13221153846153846 0.9230769230769231 0.2644230769230769 0.14423076923076922
4 0.6237980769230769 0.22355769230769232 0.09975961538461539 0.12980769230769232
1 0.10336538461538461 0.234375 0.08052884615384616 0.11658653846153846
1 0.9759615384615384 0.109375 0.04807692307692308 0.06610576923076923
1 0.8088942307692307 0.025240384615384616 0.04567307692307692 0.04567307692307692
1 0.06490384615384616 0.021634615384615384 0.04447115384615385 0.042067307692307696
4 0.22115384615384615 0.030048076923076924 0.052884615384615384 0.06009615384615385
0 0.3329326923076923 0.6610576923076923 0.24278846153846154 0.2848557692307692
1 0.8822115384615384 0.25240384615384615 0.0829326923076923 0.0985576923076923
1 0.07451923076923077 0.10697115384615384 0.038461538461538464 0.027644230769230768
1 0.5120192307692307 0.8798076923076923 0.12620192307692307 0.22716346153846154
1 0.9170673076923077 0.9591346153846154 0.1658653846153846 0.06850961538461539
4 0.7319711538461539 0.4230769230769231 0.07692307692307693 0.10336538461538461
1 0.6971153846153846 0.2512019230769231 0.09735576923076923 0.15625
4 0.5925480769230769 0.7259615384615384 0.21754807692307693 0.546875
1 0.5396634615384616 0.05889423076923077 0.0829326923076923 0.05048076923076923
0 0.014423076923076924 0.71875 0.028846153846153848 0.13581730769230768
1 0.8786057692307693 0.17307692307692307 0.06490384615384616 0.09375
0 0.4411057692307692 0.28966346153846156 0.13942307692307693 0.2127403846153846
1 0.19951923076923078 0.6213942307692307 0.05889423076923077 0.0829326923076923
1 0.4110576923076923 0.10576923076923077 0.14302884615384615 0.19951923076923078
0 0.6646634615384616 0.5504807692307693 0.13701923076923078 0.140625
0 0.23076923076923078 0.41586538461538464 0.18629807692307693 0.19230769230769232
1 0.5925480769230769 0.2704326923076923 0.23317307692307693 0.3557692307692308
0 0.07692307692307693 0.5048076923076923 0.15264423076923078 0.3425480769230769
1 0.5637019230769231 0.7379807692307693 0.10096153846153846 0.13701923076923078
4 0.14903846153846154 0.046875 0.08774038461538461 0.09014423076923077
1 0.6574519230769231 0.08173076923076923 0.14182692307692307 0.15144230769230768
4 0.028846153846153848 0.5600961538461539 0.057692307692307696 0.1346153846153846
