1 0.03365384615384615 0.6634615384615384 0.019230769230769232 0.03125
1 0.4567307692307692 0.8545673076923077 0.026442307692307692 0.03365384615384615
1 0.7728365384615384 0.49158653846153844 0.019230769230769232 0.027644230769230768
1 0.6153846153846154 0.027644230769230768 0.028846153846153848 0.027644230769230768
1 0.31971153846153844 0.9254807692307693 0.021634615384615384 0.026442307692307692
1 0.890625 0.16947115384615385 0.02283653846153846 0.027644230769230768
1 0.8521634615384616 0.8798076923076923 0.02283653846153846 0.02403846153846154
1 0.054086538461538464 0.7992788461538461 0.019230769230769232 0.03125
1 0.20673076923076922 0.6754807692307693 0.026442307692307692 0.027644230769230768
1 0.41225961538461536 0.6923076923076923 0.026442307692307692 0.05048076923076923
1 0.25240384615384615 0.1971153846153846 0.02283653846153846 0.027644230769230768
1 0.5889423076923077 0.5264423076923077 0.02403846153846154 0.027644230769230768
10 0.5528846153846154 0.26802884615384615 0.14182692307692307 0.18389423076923078
1 0.9807692307692307 0.7848557692307693 0.019230769230769232 0.030048076923076924
1 0.3088942307692308 0.3088942307692308 0.026442307692307692 0.019230769230769232
1 0.5769230769230769 0.15745192307692307 0.020432692307692308 0.028846153846153848
1 0.3004807692307692 0.6778846153846154 0.019230769230769232 0.02283653846153846
1 0.16346153846153846 0.48677884615384615 0.020432692307692308 0.018028846153846152
1 0.8774038461538461 0.26802884615384615 0.12860576923076922 0.08173076923076923
1 0.9134615384615384 0.16105769230769232 0.027644230769230768 0.03245192307692308
1 0.4987980769230769 0.7944711538461539 0.019230769230769232 0.027644230769230768
1 0.3329326923076923 0.6838942307692307 0.027644230769230768 0.02283653846153846
1 0.43509615384615385 0.5060096153846154 0.025240384615384616 0.027644230769230768
1 0.9435096153846154 0.5048076923076923 0.025240384615384616 0.026442307692307692
1 0.23076923076923078 0.13822115384615385 0.025240384615384616 0.027644230769230768
1 0.21153846153846154 0.3485576923076923 0.021634615384615384 0.027644230769230768
1 0.17067307692307693 0.10697115384615384 0.027644230769230768 0.037259615384615384
1 0.33774038461538464 0.14182692307692307 0.026442307692307692 0.040865384615384616
1 0.20192307692307693 0.10576923076923077 0.019230769230769232 0.026442307692307692
1 0.25961538461538464 0.515625 0.030048076923076924 0.03245192307692308
1 0.7896634615384616 0.22235576923076922 0.02403846153846154 0.02403846153846154
1 0.2824519230769231 0.3125 0.025240384615384616 0.027644230769230768
1 0.21875 0.24879807692307693 0.07692307692307693 0.04326923076923077
1 0.4182692307692308 0.4387019230769231 0.025240384615384616 0.05048076923076923
1 0.5576923076923077 0.03245192307692308 0.02283653846153846 0.03365384615384615
