1 0.9831730769230769 0.45552884615384615 0.03365384615384615 0.07091346153846154
7 0.11538461538461539 0.08774038461538461 0.23076923076923078 0.17067307692307693
1 0.5192307692307693 0.8942307692307693 0.04567307692307692 0.051682692307692304
7 0.6838942307692307 0.38822115384615385 0.4831730769230769 0.30528846153846156
1 0.9615384615384616 0.6286057692307693 0.07692307692307693 0.2860576923076923
1 0.47596153846153844 0.953125 0.08653846153846154 0.08653846153846154
1 0.027644230769230768 0.21394230769230768 0.040865384615384616 0.06370192307692307
10 0.4567307692307692 0.7728365384615384 0.9134615384615384 0.44591346153846156
1 0.16466346153846154 0.9471153846153846 0.057692307692307696 0.07451923076923077
1 0.8737980769230769 0.7572115384615384 0.07211538461538461 0.06490384615384616
1 0.41225961538461536 0.8004807692307693 0.051682692307692304 0.046875
1 0.5264423076923077 0.7728365384615384 0.027644230769230768 0.04326923076923077
1 0.7439903846153846 0.09615384615384616 0.06490384615384616 0.09014423076923077
1 0.9038461538461539 0.23677884615384615 0.03365384615384615 0.06129807692307692
