1 0.23798076923076922 0.19110576923076922 0.10336538461538461 0.1658653846153846
1 0.359375 0.30408653846153844 0.02283653846153846 0.036057692307692304
1 0.4026442307692308 0.0829326923076923 0.1141826923076923 0.15144230769230768
1 0.9146634615384616 0.8401442307692307 0.040865384615384616 0.046875
1 0.055288461538461536 0.09735576923076923 0.06610576923076923 0.10216346153846154
1 0.9807692307692307 0.9411057692307693 0.02403846153846154 0.038461538461538464
1 0.8725961538461539 0.9350961538461539 0.028846153846153848 0.027644230769230768
7 0.9122596153846154 0.5228365384615384 0.15985576923076922 0.16105769230769232
1 0.3473557692307692 0.6526442307692307 0.040865384615384616 0.056490384615384616
7 0.5516826923076923 0.5805288461538461 0.11177884615384616 0.11057692307692307
1 0.203125 0.3605769230769231 0.010817307692307692 0.014423076923076924
1 0.32091346153846156 0.12740384615384615 0.037259615384615384 0.05889423076923077
1 0.3245192307692308 0.46875 0.03365384615384615 0.051682692307692304
1 0.39783653846153844 0.7427884615384616 0.03485576923076923 0.04326923076923077
1 0.23317307692307693 0.640625 0.013221153846153846 0.015625
1 0.3858173076923077 0.4699519230769231 0.04567307692307692 0.10576923076923077
1 0.3233173076923077 0.22716346153846154 0.03245192307692308 0.040865384615384616
1 0.2127403846153846 0.43990384615384615 0.020432692307692308 0.03365384615384615
1 0.06009615384615385 0.6370192307692307 0.02283653846153846 0.02403846153846154
1 0.04326923076923077 0.33533653846153844 0.030048076923076924 0.03485576923076923
1 0.9266826923076923 0.15264423076923078 0.026442307692307692 0.04447115384615385
1 0.36658653846153844 0.7848557692307693 0.02283653846153846 0.027644230769230768
1 0.19110576923076922 0.39783653846153844 0.03485576923076923 0.06009615384615385
1 0.19831730769230768 0.5973557692307693 0.04567307692307692 0.05048076923076923
1 0.7151442307692307 0.7367788461538461 0.31490384615384615 0.21514423076923078
1 0.4567307692307692 0.7223557692307693 0.038461538461538464 0.07451923076923077
1 0.16346153846153846 0.3786057692307692 0.016826923076923076 0.026442307692307692
1 0.24879807692307693 0.5877403846153846 0.021634615384615384 0.019230769230769232
1 0.8557692307692307 0.12980769230769232 0.03485576923076923 0.03245192307692308
1 0.6225961538461539 0.9447115384615384 0.07572115384615384 0.09134615384615384
1 0.7992788461538461 0.14783653846153846 0.026442307692307692 0.03365384615384615
1 0.5348557692307693 0.24639423076923078 0.14302884615384615 0.15865384615384615
1 0.9543269230769231 0.04927884615384615 0.07572115384615384 0.07451923076923077
1 0.7908653846153846 0.04927884615384615 0.03125 0.05889423076923077
8 0.6947115384615384 0.15504807692307693 0.6105769230769231 0.3088942307692308
1 0.43990384615384615 0.39302884615384615 0.07211538461538461 0.08774038461538461
