2 0.4699519230769231 0.6382211538461539 0.09495192307692307 0.23798076923076922
1 0.14182692307692307 0.17908653846153846 0.03125 0.03245192307692308
1 0.7560096153846154 0.13701923076923078 0.037259615384615384 0.036057692307692304
4 0.05048076923076923 0.3449519230769231 0.016826923076923076 0.019230769230769232
4 0.3389423076923077 0.8966346153846154 0.03245192307692308 0.019230769230769232
4 0.24158653846153846 0.9266826923076923 0.03365384615384615 0.018028846153846152
0 0.9855769230769231 0.015625 0.027644230769230768 0.027644230769230768
4 0.30649038461538464 0.3942307692307692 0.02403846153846154 0.019230769230769232
4 0.09975961538461539 0.44350961538461536 0.018028846153846152 0.02403846153846154
4 0.32211538461538464 0.8197115384615384 0.016826923076923076 0.02403846153846154
4 0.09615384615384616 0.8894230769230769 0.02403846153846154 0.040865384615384616
4 0.31971153846153844 0.9435096153846154 0.025240384615384616 0.016826923076923076
4 0.6862980769230769 0.640625 0.014423076923076924 0.03125
4 0.2776442307692308 0.06610576923076923 0.014423076923076924 0.027644230769230768
8 0.4723557692307692 0.5240384615384616 0.7019230769230769 0.18509615384615385
1 0.5444711538461539 0.7319711538461539 0.06971153846153846 0.07692307692307693
1 0.3605769230769231 0.7451923076923077 0.04326923076923077 0.027644230769230768
1 0.23317307692307693 0.6141826923076923 0.06610576923076923 0.054086538461538464
1 0.8978365384615384 0.109375 0.037259615384615384 0.05889423076923077
1 0.9891826923076923 0.06370192307692307 0.021634615384615384 0.036057692307692304
4 0.7235576923076923 0.5264423076923077 0.038461538461538464 0.06370192307692307
1 0.4254807692307692 0.8617788461538461 0.04447115384615385 0.03245192307692308
1 0.38221153846153844 0.03485576923076923 0.027644230769230768 0.036057692307692304
1 0.1658653846153846 0.20552884615384615 0.025240384615384616 0.03245192307692308
1 0.59375 0.6057692307692307 0.04326923076923077 0.03245192307692308
4 0.04326923076923077 0.3605769230769231 0.010817307692307692 0.018028846153846152
0 0.0733173076923077 0.6370192307692307 0.03365384615384615 0.06490384615384616
4 0.2620192307692308 0.8161057692307693 0.025240384615384616 0.02283653846153846
4 0.39783653846153844 0.4951923076923077 0.02283653846153846 0.019230769230769232
4 0.33653846153846156 0.5492788461538461 0.02403846153846154 0.021634615384615384
4 0.019230769230769232 0.109375 0.013221153846153846 0.027644230769230768
4 0.7740384615384616 0.7451923076923077 0.02403846153846154 0.026442307692307692
0 0.007211538461538462 0.7728365384615384 0.013221153846153846 0.037259615384615384
4 0.23317307692307693 0.9026442307692307 0.02403846153846154 0.036057692307692304
4 0.140625 0.2932692307692308 0.01201923076923077 0.019230769230769232
4 0.19110576923076922 0.8293269230769231 0.028846153846153848 0.019230769230769232
4 0.6983173076923077 0.4699519230769231 0.02403846153846154 0.019230769230769232
0 0.027644230769230768 0.015625 0.036057692307692304 0.03125
4 0.1814903846153846 0.8052884615384616 0.021634615384615384 0.036057692307692304
4 0.4026442307692308 0.42427884615384615 0.020432692307692308 0.02403846153846154
4 0.2800480769230769 0.6057692307692307 0.016826923076923076 0.037259615384615384
4 0.49038461538461536 0.4951923076923077 0.01201923076923077 0.026442307692307692
4 0.7884615384615384 0.53125 0.06370192307692307 0.09615384615384616
1 0.29086538461538464 0.7536057692307693 0.021634615384615384 0.02283653846153846
1 0.3112980769230769 0.6802884615384616 0.014423076923076924 0.03245192307692308
1 0.32211538461538464 0.3798076923076923 0.040865384615384616 0.056490384615384616
1 0.8040865384615384 0.6430288461538461 0.03485576923076923 0.06971153846153846
1 0.9158653846153846 0.265625 0.019230769230769232 0.026442307692307692
1 0.6105769230769231 0.43028846153846156 0.02403846153846154 0.05048076923076923
0 0.03365384615384615 0.4831730769230769 0.014423076923076924 0.03365384615384615
0 0.08413461538461539 0.4951923076923077 0.038461538461538464 0.028846153846153848
4 0.625 0.06610576923076923 0.016826923076923076 0.021634615384615384
4 0.625 0.04326923076923077 0.016826923076923076 0.019230769230769232
4 0.9915865384615384 0.9338942307692307 0.014423076923076924 0.027644230769230768
4 0.46153846153846156 0.8870192307692307 0.02403846153846154 0.014423076923076924
4 0.4495192307692308 0.9266826923076923 0.038461538461538464 0.026442307692307692
4 0.47716346153846156 0.4879807692307692 0.01201923076923077 0.02403846153846154
1 0.9050480769230769 0.5853365384615384 0.020432692307692308 0.018028846153846152
4 0.15745192307692307 0.8317307692307693 0.014423076923076924 0.026442307692307692
1 0.3629807692307692 0.84375 0.027644230769230768 0.04567307692307692
4 0.6754807692307693 0.05048076923076923 0.04567307692307692 0.06370192307692307
4 0.2091346153846154 0.8545673076923077 0.014423076923076924 0.037259615384615384
4 0.8353365384615384 0.1045673076923077 0.020432692307692308 0.019230769230769232
4 0.40625 0.7512019230769231 0.025240384615384616 0.019230769230769232
4 0.25721153846153844 0.5324519230769231 0.016826923076923076 0.03125
4 0.36538461538461536 0.7644230769230769 0.016826923076923076 0.016826923076923076
4 0.31009615384615385 0.5252403846153846 0.016826923076923076 0.027644230769230768
4 0.020432692307692308 0.14903846153846154 0.009615384615384616 0.016826923076923076
4 0.1310096153846154 0.3125 0.021634615384615384 0.019230769230769232
4 0.1658653846153846 0.016826923076923076 0.030048076923076924 0.019230769230769232
1 0.3786057692307692 0.203125 0.09014423076923077 0.06370192307692307
4 0.49038461538461536 0.9230769230769231 0.020432692307692308 0.015625
4 0.484375 0.9375 0.016826923076923076 0.021634615384615384
4 0.1502403846153846 0.7079326923076923 0.05889423076923077 0.09134615384615384
1 0.6069711538461539 0.9675480769230769 0.0985576923076923 0.06009615384615385
2 0.8966346153846154 0.41346153846153844 0.07572115384615384 0.0889423076923077
1 0.9567307692307693 0.43990384615384615 0.03365384615384615 0.06009615384615385
1 0.7776442307692307 0.2439903846153846 0.018028846153846152 0.03125
1 0.3233173076923077 0.5997596153846154 0.038461538461538464 0.03125
1 0.8185096153846154 0.7283653846153846 0.026442307692307692 0.030048076923076924
4 0.3641826923076923 0.5985576923076923 0.040865384615384616 0.03125
1 0.5913461538461539 0.3701923076923077 0.020432692307692308 0.019230769230769232
4 0.15264423076923078 0.03485576923076923 0.027644230769230768 0.018028846153846152
4 0.24879807692307693 0.06971153846153846 0.02403846153846154 0.02283653846153846
4 0.29086538461538464 0.5324519230769231 0.02403846153846154 0.019230769230769232
2 0.4735576923076923 0.04807692307692308 0.1141826923076923 0.0889423076923077
1 0.6790865384615384 0.5348557692307693 0.021634615384615384 0.027644230769230768
1 0.6790865384615384 0.9423076923076923 0.010817307692307692 0.018028846153846152
1 0.9122596153846154 0.328125 0.05889423076923077 0.040865384615384616
1 0.9375 0.25961538461538464 0.019230769230769232 0.021634615384615384
1 0.042067307692307696 0.9495192307692307 0.019230769230769232 0.026442307692307692
1 0.0625 0.38822115384615385 0.04567307692307692 0.028846153846153848
4 0.3605769230769231 0.12620192307692307 0.020432692307692308 0.021634615384615384
4 0.33774038461538464 0.8125 0.021634615384615384 0.019230769230769232
4 0.3557692307692308 0.546875 0.016826923076923076 0.016826923076923076
1 0.9591346153846154 0.055288461538461536 0.018028846153846152 0.028846153846153848
4 0.6526442307692307 0.5504807692307693 0.020432692307692308 0.019230769230769232
4 0.8293269230769231 0.11658653846153846 0.019230769230769232 0.013221153846153846
4 0.5901442307692307 0.7980769230769231 0.021634615384615384 0.021634615384615384
4 0.7896634615384616 0.019230769230769232 0.016826923076923076 0.02403846153846154
4 0.8028846153846154 0.014423076923076924 0.018028846153846152 0.019230769230769232
1 0.06610576923076923 0.8569711538461539 0.042067307692307696 0.09615384615384616
1 0.30408653846153844 0.06490384615384616 0.040865384615384616 0.05048076923076923
1 0.8088942307692307 0.4266826923076923 0.027644230769230768 0.06370192307692307
1 0.5540865384615384 0.43509615384615385 0.0625 0.027644230769230768
1 0.265625 0.23677884615384615 0.016826923076923076 0.03485576923076923
1 0.5612980769230769 0.859375 0.030048076923076924 0.05048076923076923
1 0.8581730769230769 0.48677884615384615 0.042067307692307696 0.0673076923076923
4 0.5264423076923077 0.6754807692307693 0.021634615384615384 0.026442307692307692
4 0.703125 0.44471153846153844 0.018028846153846152 0.016826923076923076
1 0.7632211538461539 0.02403846153846154 0.03125 0.03125
4 0.203125 0.5324519230769231 0.052884615384615384 0.10576923076923077
1 0.4543269230769231 0.421875 0.038461538461538464 0.06129807692307692
4 0.1045673076923077 0.2764423076923077 0.021634615384615384 0.03125
1 0.6442307692307693 0.6502403846153846 0.030048076923076924 0.04567307692307692
2 0.6875 0.9651442307692307 0.06129807692307692 0.06009615384615385
1 0.9735576923076923 0.15985576923076922 0.052884615384615384 0.16706730769230768
0 0.8762019230769231 0.020432692307692308 0.040865384615384616 0.040865384615384616
1 0.9915865384615384 0.6009615384615384 0.016826923076923076 0.04807692307692308
1 0.9939903846153846 0.8425480769230769 0.010817307692307692 0.05048076923076923
1 0.6394230769230769 0.3449519230769231 0.06610576923076923 0.05889423076923077
1 0.7632211538461539 0.9134615384615384 0.030048076923076924 0.037259615384615384
1 0.4987980769230769 0.203125 0.019230769230769232 0.042067307692307696
1 0.7391826923076923 0.7608173076923077 0.04567307692307692 0.0673076923076923
1 0.3401442307692308 0.30288461538461536 0.036057692307692304 0.03485576923076923
1 0.421875 0.6754807692307693 0.03485576923076923 0.04807692307692308
1 0.8185096153846154 0.8293269230769231 0.02403846153846154 0.036057692307692304
4 0.71875 0.4519230769230769 0.014423076923076924 0.027644230769230768
4 0.6526442307692307 0.5889423076923077 0.021634615384615384 0.02403846153846154
1 0.8798076923076923 0.19591346153846154 0.037259615384615384 0.056490384615384616
1 0.9567307692307693 0.3473557692307692 0.03245192307692308 0.036057692307692304
1 0.4699519230769231 0.14423076923076922 0.040865384615384616 0.04807692307692308
1 0.20192307692307693 0.22716346153846154 0.016826923076923076 0.03245192307692308
1 0.02403846153846154 0.7608173076923077 0.02403846153846154 0.03485576923076923
1 0.8581730769230769 0.8798076923076923 0.028846153846153848 0.036057692307692304
1 0.8701923076923077 0.5348557692307693 0.02283653846153846 0.026442307692307692
1 0.16346153846153846 0.3629807692307692 0.025240384615384616 0.03485576923076923
1 0.11298076923076923 0.33533653846153844 0.02403846153846154 0.02403846153846154
1 0.7776442307692307 0.18509615384615385 0.02403846153846154 0.021634615384615384
4 0.8088942307692307 0.13822115384615385 0.021634615384615384 0.014423076923076924
4 0.8185096153846154 0.12980769230769232 0.007211538461538462 0.019230769230769232
4 0.11658653846153846 0.6923076923076923 0.016826923076923076 0.037259615384615384
4 0.8786057692307693 0.30288461538461536 0.021634615384615384 0.03485576923076923
4 0.27283653846153844 0.7079326923076923 0.042067307692307696 0.04326923076923077
4 0.39663461538461536 0.7680288461538461 0.01201923076923077 0.027644230769230768
4 0.2247596153846154 0.8786057692307693 0.03485576923076923 0.019230769230769232
4 0.05889423076923077 0.3389423076923077 0.013221153846153846 0.019230769230769232
4 0.12860576923076922 0.2800480769230769 0.016826923076923076 0.01201923076923077
4 0.9182692307692307 0.7764423076923077 0.010817307692307692 0.026442307692307692
4 0.5997596153846154 0.42908653846153844 0.013221153846153846 0.021634615384615384
0 0.078125 0.5588942307692307 0.057692307692307696 0.05889423076923077
4 0.23798076923076922 0.5973557692307693 0.010817307692307692 0.019230769230769232
4 0.3641826923076923 0.4375 0.018028846153846152 0.018028846153846152
4 0.2668269230769231 0.6069711538461539 0.016826923076923076 0.036057692307692304
4 0.31490384615384615 0.4723557692307692 0.038461538461538464 0.04807692307692308
4 0.3942307692307692 0.8942307692307693 0.05889423076923077 0.06129807692307692
4 0.6370192307692307 0.7680288461538461 0.016826923076923076 0.038461538461538464
4 0.7295673076923077 0.038461538461538464 0.016826923076923076 0.03245192307692308
1 0.6201923076923077 0.1971153846153846 0.08173076923076923 0.09134615384615384
4 0.10216346153846154 0.42788461538461536 0.021634615384615384 0.018028846153846152
4 0.17307692307692307 0.7800480769230769 0.030048076923076924 0.02283653846153846
1 0.7764423076923077 0.6911057692307693 0.027644230769230768 0.028846153846153848
1 0.06610576923076923 0.3088942307692308 0.018028846153846152 0.019230769230769232
4 0.35216346153846156 0.3245192307692308 0.014423076923076924 0.021634615384615384
4 0.6358173076923077 0.59375 0.013221153846153846 0.018028846153846152
4 0.5588942307692307 0.19230769230769232 0.055288461538461536 0.11177884615384616
0 0.453125 0.33052884615384615 0.027644230769230768 0.040865384615384616
1 0.9314903846153846 0.08173076923076923 0.03125 0.03125
1 0.5432692307692307 0.625 0.03125 0.042067307692307696
1 0.19831730769230768 0.009615384615384616 0.021634615384615384 0.016826923076923076
1 0.5300480769230769 0.2692307692307692 0.025240384615384616 0.03125
1 0.7475961538461539 0.8149038461538461 0.04447115384615385 0.027644230769230768
1 0.8894230769230769 0.7776442307692307 0.027644230769230768 0.04807692307692308
1 0.8221153846153846 0.28125 0.016826923076923076 0.03245192307692308
1 0.18870192307692307 0.038461538461538464 0.042067307692307696 0.03245192307692308
1 0.010817307692307692 0.36778846153846156 0.021634615384615384 0.04567307692307692
1 0.9122596153846154 0.640625 0.030048076923076924 0.040865384615384616
1 0.8305288461538461 0.9747596153846154 0.09014423076923077 0.042067307692307696
1 0.19110576923076922 0.15504807692307693 0.027644230769230768 0.03365384615384615
1 0.027644230769230768 0.5757211538461539 0.055288461538461536 0.15264423076923078
1 0.5817307692307693 0.3425480769230769 0.025240384615384616 0.021634615384615384
1 0.5877403846153846 0.4026442307692308 0.020432692307692308 0.02403846153846154
4 0.8137019230769231 0.9122596153846154 0.06971153846153846 0.07692307692307693
4 0.2692307692307692 0.7620192307692307 0.018028846153846152 0.010817307692307692
1 0.5168269230769231 0.11658653846153846 0.0625 0.05048076923076923
4 0.9074519230769231 0.8245192307692307 0.016826923076923076 0.02283653846153846
1 0.7896634615384616 0.8521634615384616 0.030048076923076924 0.04447115384615385
1 0.375 0.2980769230769231 0.036057692307692304 0.037259615384615384
4 0.039663461538461536 0.13701923076923078 0.01201923076923077 0.019230769230769232
4 0.4098557692307692 0.47836538461538464 0.01201923076923077 0.028846153846153848
4 0.13701923076923078 0.44711538461538464 0.016826923076923076 0.039663461538461536
4 0.5853365384615384 0.5240384615384616 0.04807692307692308 0.054086538461538464
1 0.7115384615384616 0.6875 0.03485576923076923 0.03125
1 0.27163461538461536 0.35336538461538464 0.03365384615384615 0.027644230769230768
11 0.2980769230769231 0.9603365384615384 0.34375 0.07091346153846154
4 0.7355769230769231 0.9507211538461539 0.020432692307692308 0.015625
1 0.734375 0.234375 0.04807692307692308 0.07451923076923077
4 0.21634615384615385 0.6430288461538461 0.026442307692307692 0.019230769230769232
1 0.9879807692307693 0.35096153846153844 0.02403846153846154 0.04326923076923077
1 0.4879807692307692 0.2932692307692308 0.016826923076923076 0.018028846153846152
4 0.3173076923076923 0.5432692307692307 0.021634615384615384 0.014423076923076924
4 0.25 0.5877403846153846 0.016826923076923076 0.014423076923076924
1 0.6971153846153846 0.1622596153846154 0.03125 0.04807692307692308
1 0.22235576923076922 0.7992788461538461 0.055288461538461536 0.10336538461538461
4 0.27403846153846156 0.5372596153846154 0.016826923076923076 0.019230769230769232
1 0.9387019230769231 0.84375 0.04567307692307692 0.07451923076923077
4 0.953125 0.8257211538461539 0.026442307692307692 0.019230769230769232
1 0.90625 0.21875 0.025240384615384616 0.042067307692307696
1 0.5 0.43028846153846156 0.038461538461538464 0.06009615384615385
1 0.30649038461538464 0.8737980769230769 0.02403846153846154 0.028846153846153848
1 0.22956730769230768 0.04567307692307692 0.016826923076923076 0.02403846153846154
2 0.07451923076923077 0.14903846153846154 0.11778846153846154 0.2956730769230769
1 0.7920673076923077 0.7247596153846154 0.021634615384615384 0.026442307692307692
1 0.5733173076923077 0.055288461538461536 0.08173076923076923 0.04567307692307692
4 0.34134615384615385 0.5841346153846154 0.021634615384615384 0.018028846153846152
4 0.03125 0.36177884615384615 0.013221153846153846 0.019230769230769232
4 0.16826923076923078 0.7596153846153846 0.030048076923076924 0.027644230769230768
4 0.8954326923076923 0.8425480769230769 0.016826923076923076 0.018028846153846152
