1 0.24158653846153846 0.8822115384615384 0.09495192307692307 0.15144230769230768
1 0.7956730769230769 0.046875 0.0829326923076923 0.0889423076923077
1 0.6298076923076923 0.6286057692307693 0.02283653846153846 0.028846153846153848
1 0.9038461538461539 0.9423076923076923 0.07451923076923077 0.09735576923076923
1 0.31490384615384615 0.3954326923076923 0.025240384615384616 0.036057692307692304
1 0.16466346153846154 0.3088942307692308 0.03245192307692308 0.026442307692307692
1 0.6610576923076923 0.8605769230769231 0.03245192307692308 0.036057692307692304
1 0.21754807692307693 0.2620192307692308 0.06610576923076923 0.12259615384615384
1 0.06850961538461539 0.8930288461538461 0.07211538461538461 0.0889423076923077
1 0.38461538461538464 0.7055288461538461 0.030048076923076924 0.02403846153846154
1 0.40024038461538464 0.6418269230769231 0.02283653846153846 0.027644230769230768
1 0.7632211538461539 0.9387019230769231 0.04567307692307692 0.06370192307692307
1 0.09254807692307693 0.96875 0.057692307692307696 0.054086538461538464
1 0.11658653846153846 0.46033653846153844 0.02403846153846154 0.042067307692307696
1 0.8786057692307693 0.12139423076923077 0.06971153846153846 0.10216346153846154
1 0.6682692307692307 0.6995192307692307 0.0889423076923077 0.07211538461538461
1 0.23197115384615385 0.49278846153846156 0.042067307692307696 0.05048076923076923
1 0.125 0.8725961538461539 0.04567307692307692 0.08774038461538461
1 0.8641826923076923 0.703125 0.018028846153846152 0.037259615384615384
1 0.8461538461538461 0.8449519230769231 0.038461538461538464 0.078125
1 0.35216346153846156 0.43028846153846156 0.02283653846153846 0.027644230769230768
1 0.15264423076923078 0.4074519230769231 0.016826923076923076 0.027644230769230768
1 0.3425480769230769 0.5072115384615384 0.025240384615384616 0.039663461538461536
1 0.5600961538461539 0.05048076923076923 0.03245192307692308 0.03125
1 0.35697115384615385 0.65625 0.03485576923076923 0.04447115384615385
1 0.12259615384615384 0.703125 0.016826923076923076 0.027644230769230768
1 0.640625 0.036057692307692304 0.021634615384615384 0.021634615384615384
1 0.021634615384615384 0.6935096153846154 0.007211538461538462 0.018028846153846152
1 0.13221153846153846 0.12259615384615384 0.03245192307692308 0.027644230769230768
1 0.28846153846153844 0.5673076923076923 0.021634615384615384 0.026442307692307692
2 0.9591346153846154 0.7139423076923077 0.08173076923076923 0.22115384615384615
1 0.013221153846153846 0.5877403846153846 0.026442307692307692 0.021634615384615384
1 0.5408653846153846 0.9242788461538461 0.08774038461538461 0.1141826923076923
1 0.0625 0.625 0.021634615384615384 0.019230769230769232
1 0.21033653846153846 0.13221153846153846 0.030048076923076924 0.05889423076923077
1 0.7151442307692307 0.3713942307692308 0.055288461538461536 0.06129807692307692
1 0.08413461538461539 0.625 0.014423076923076924 0.018028846153846152
1 0.171875 0.020432692307692308 0.027644230769230768 0.037259615384615384
1 0.44350961538461536 0.019230769230769232 0.013221153846153846 0.02283653846153846
1 0.1502403846153846 0.7896634615384616 0.018028846153846152 0.026442307692307692
1 0.8185096153846154 0.9651442307692307 0.0889423076923077 0.06009615384615385
1 0.027644230769230768 0.17908653846153846 0.055288461538461536 0.11899038461538461
1 0.6490384615384616 0.3798076923076923 0.05048076923076923 0.08173076923076923
1 0.2548076923076923 0.27884615384615385 0.018028846153846152 0.03125
1 0.41225961538461536 0.0625 0.030048076923076924 0.03245192307692308
1 0.3016826923076923 0.7824519230769231 0.07932692307692307 0.10697115384615384
1 0.5504807692307693 0.5240384615384616 0.040865384615384616 0.05048076923076923
1 0.1045673076923077 0.7992788461538461 0.036057692307692304 0.04807692307692308
1 0.38822115384615385 0.5901442307692307 0.013221153846153846 0.013221153846153846
1 0.5865384615384616 0.3125 0.10817307692307693 0.21754807692307693
1 0.6069711538461539 0.8161057692307693 0.021634615384615384 0.05048076923076923
1 0.17427884615384615 0.7199519230769231 0.06971153846153846 0.0889423076923077
1 0.04807692307692308 0.7824519230769231 0.07451923076923077 0.109375
1 0.055288461538461536 0.7055288461538461 0.013221153846153846 0.018028846153846152
1 0.11177884615384616 0.6370192307692307 0.014423076923076924 0.021634615384615384
1 0.25961538461538464 0.21875 0.03485576923076923 0.07211538461538461
1 0.15745192307692307 0.6442307692307693 0.014423076923076924 0.021634615384615384
1 0.4050480769230769 0.1622596153846154 0.025240384615384616 0.019230769230769232
1 0.49399038461538464 0.5300480769230769 0.013221153846153846 0.014423076923076924
1 0.0985576923076923 0.7007211538461539 0.009615384615384616 0.014423076923076924
1 0.45072115384615385 0.671875 0.010817307692307692 0.02403846153846154
1 0.3942307692307692 0.7295673076923077 0.020432692307692308 0.02403846153846154
1 0.12740384615384615 0.38221153846153844 0.09735576923076923 0.109375
1 0.6670673076923077 0.125 0.11658653846153846 0.09735576923076923
1 0.4567307692307692 0.3125 0.07692307692307693 0.1466346153846154
1 0.5168269230769231 0.6069711538461539 0.009615384615384616 0.008413461538461538
3 0.6514423076923077 0.5 0.6538461538461539 0.9939903846153846
1 0.5901442307692307 0.7151442307692307 0.037259615384615384 0.04927884615384615
1 0.25841346153846156 0.6526442307692307 0.10096153846153846 0.12139423076923077
1 0.8209134615384616 0.7115384615384616 0.05048076923076923 0.08413461538461539
1 0.47836538461538464 0.5841346153846154 0.007211538461538462 0.010817307692307692
1 0.4338942307692308 0.6550480769230769 0.03485576923076923 0.03245192307692308
1 0.42788461538461536 0.042067307692307696 0.040865384615384616 0.040865384615384616
1 0.578125 0.12980769230769232 0.05889423076923077 0.09615384615384616
1 0.5540865384615384 0.7331730769230769 0.008413461538461538 0.013221153846153846
1 0.4651442307692308 0.8449519230769231 0.07451923076923077 0.07932692307692307
