0 0.078125 0.7223557692307693 0.055288461538461536 0.04326923076923077
2 0.3245192307692308 0.7872596153846154 0.06850961538461539 0.0673076923076923
2 0.13221153846153846 0.4675480769230769 0.05889423076923077 0.12379807692307693
1 0.1466346153846154 0.5877403846153846 0.009615384615384616 0.009615384615384616
1 0.4375 0.8329326923076923 0.02403846153846154 0.02403846153846154
0 0.19110576923076922 0.7896634615384616 0.05889423076923077 0.039663461538461536
0 0.13341346153846154 0.7512019230769231 0.040865384615384616 0.040865384615384616
1 0.8329326923076923 0.5925480769230769 0.009615384615384616 0.010817307692307692
1 0.24879807692307693 0.7560096153846154 0.014423076923076924 0.014423076923076924
1 0.8197115384615384 0.5600961538461539 0.009615384615384616 0.01201923076923077
11 0.1502403846153846 0.07932692307692307 0.3004807692307692 0.15865384615384615
1 0.8713942307692307 0.8677884615384616 0.016826923076923076 0.025240384615384616
1 0.1814903846153846 0.7307692307692307 0.03125 0.027644230769230768
1 0.5709134615384616 0.27884615384615385 0.007211538461538462 0.007211538461538462
1 0.8545673076923077 0.07211538461538461 0.016826923076923076 0.027644230769230768
1 0.5252403846153846 0.7596153846153846 0.021634615384615384 0.04567307692307692
0 0.015625 0.6622596153846154 0.030048076923076924 0.03125
0 0.10216346153846154 0.8293269230769231 0.20432692307692307 0.1971153846153846
1 0.4110576923076923 0.8533653846153846 0.02403846153846154 0.03245192307692308
2 0.6959134615384616 0.6153846153846154 0.23317307692307693 0.22596153846153846
1 0.21875 0.7199519230769231 0.014423076923076924 0.01201923076923077
1 0.203125 0.6598557692307693 0.014423076923076924 0.013221153846153846
1 0.46875 0.3269230769230769 0.018028846153846152 0.027644230769230768
5 0.5012019230769231 0.9555288461538461 0.9975961538461539 0.08653846153846154
1 0.04447115384615385 0.4254807692307692 0.013221153846153846 0.016826923076923076
0 0.24879807692307693 0.8629807692307693 0.051682692307692304 0.05048076923076923
0 0.21033653846153846 0.8978365384615384 0.016826923076923076 0.02403846153846154
1 0.2512019230769231 0.8040865384615384 0.009615384615384616 0.018028846153846152
1 0.9122596153846154 0.6911057692307693 0.013221153846153846 0.027644230769230768
0 0.24158653846153846 0.9050480769230769 0.030048076923076924 0.03125
2 0.4579326923076923 0.5084134615384616 0.06850961538461539 0.18389423076923078
1 0.9723557692307693 0.5877403846153846 0.007211538461538462 0.01201923076923077
1 0.9783653846153846 0.7956730769230769 0.01201923076923077 0.016826923076923076
1 0.7884615384615384 0.14783653846153846 0.003605769230769231 0.003605769230769231
1 0.25721153846153844 0.7367788461538461 0.02283653846153846 0.014423076923076924
1 0.5757211538461539 0.3076923076923077 0.006009615384615385 0.007211538461538462
1 0.46033653846153844 0.8269230769230769 0.02403846153846154 0.037259615384615384
0 0.296875 0.8713942307692307 0.018028846153846152 0.027644230769230768
3 0.3858173076923077 0.6550480769230769 0.18389423076923078 0.09375
1 0.53125 0.31009615384615385 0.010817307692307692 0.010817307692307692
1 0.7788461538461539 0.1502403846153846 0.007211538461538462 0.008413461538461538
1 0.2091346153846154 0.35697115384615385 0.015625 0.019230769230769232
