1 0.33653846153846156 0.23557692307692307 0.021634615384615384 0.02283653846153846
0 0.8317307692307693 0.2776442307692308 0.02283653846153846 0.027644230769230768
0 0.6201923076923077 0.5204326923076923 0.03485576923076923 0.06490384615384616
1 0.7391826923076923 0.7932692307692307 0.030048076923076924 0.051682692307692304
1 0.9423076923076923 0.13701923076923078 0.025240384615384616 0.03245192307692308
1 0.8629807692307693 0.953125 0.02403846153846154 0.02283653846153846
0 0.4891826923076923 0.7668269230769231 0.016826923076923076 0.03245192307692308
1 0.04447115384615385 0.5168269230769231 0.021634615384615384 0.019230769230769232
0 0.9759615384615384 0.7536057692307693 0.02403846153846154 0.07451923076923077
1 0.9927884615384616 0.14302884615384615 0.014423076923076924 0.03245192307692308
1 0.4423076923076923 0.8629807692307693 0.014423076923076924 0.014423076923076924
0 0.29927884615384615 0.984375 0.020432692307692308 0.021634615384615384
0 0.2932692307692308 0.33052884615384615 0.027644230769230768 0.03485576923076923
1 0.9615384615384616 0.019230769230769232 0.027644230769230768 0.026442307692307692
1 0.8401442307692307 0.6298076923076923 0.016826923076923076 0.027644230769230768
1 0.7632211538461539 0.05048076923076923 0.018028846153846152 0.027644230769230768
1 0.6802884615384616 0.49759615384615385 0.021634615384615384 0.013221153846153846
1 0.859375 0.027644230769230768 0.016826923076923076 0.019230769230769232
1 0.9459134615384616 0.7019230769230769 0.016826923076923076 0.03485576923076923
1 0.49038461538461536 0.859375 0.019230769230769232 0.040865384615384616
11 0.5444711538461539 0.027644230769230768 0.14543269230769232 0.05048076923076923
0 0.4074519230769231 0.6598557692307693 0.02403846153846154 0.054086538461538464
1 0.6911057692307693 0.18269230769230768 0.013221153846153846 0.019230769230769232
1 0.33774038461538464 0.21153846153846154 0.014423076923076924 0.013221153846153846
2 0.4831730769230769 0.5492788461538461 0.08653846153846154 0.28725961538461536
1 0.5540865384615384 0.359375 0.030048076923076924 0.027644230769230768
1 0.45072115384615385 0.24278846153846154 0.014423076923076924 0.02403846153846154
1 0.9122596153846154 0.45552884615384615 0.018028846153846152 0.02403846153846154
1 0.5192307692307693 0.84375 0.027644230769230768 0.019230769230769232
1 0.8425480769230769 0.5072115384615384 0.021634615384615384 0.028846153846153848
1 0.8112980769230769 0.9555288461538461 0.013221153846153846 0.027644230769230768
1 0.6658653846153846 0.1875 0.021634615384615384 0.027644230769230768
0 0.40384615384615385 0.546875 0.03365384615384615 0.1141826923076923
1 0.8509615384615384 0.8173076923076923 0.025240384615384616 0.05048076923076923
0 0.9759615384615384 0.65625 0.016826923076923076 0.038461538461538464
1 0.8701923076923077 0.5793269230769231 0.014423076923076924 0.019230769230769232
1 0.9038461538461539 0.8401442307692307 0.016826923076923076 0.016826923076923076
1 0.39783653846153844 0.10336538461538461 0.006009615384615385 0.007211538461538462
1 0.38461538461538464 0.03365384615384615 0.013221153846153846 0.018028846153846152
1 0.6322115384615384 0.7848557692307693 0.015625 0.03485576923076923
1 0.6923076923076923 0.6983173076923077 0.009615384615384616 0.010817307692307692
1 0.3786057692307692 0.109375 0.004807692307692308 0.007211538461538462
1 0.5769230769230769 0.10576923076923077 0.020432692307692308 0.018028846153846152
1 0.12980769230769232 0.8954326923076923 0.019230769230769232 0.021634615384615384
1 0.04567307692307692 0.890625 0.040865384615384616 0.027644230769230768
1 0.42788461538461536 0.039663461538461536 0.020432692307692308 0.021634615384615384
2 0.3473557692307692 0.3401442307692308 0.04807692307692308 0.18389423076923078
1 0.6189903846153846 0.2956730769230769 0.014423076923076924 0.02403846153846154
2 0.6694711538461539 0.3545673076923077 0.08774038461538461 0.0829326923076923
1 0.9350961538461539 0.5889423076923077 0.013221153846153846 0.020432692307692308
1 0.8317307692307693 0.5516826923076923 0.015625 0.014423076923076924
1 0.6814903846153846 0.5528846153846154 0.008413461538461538 0.013221153846153846
1 0.3942307692307692 0.078125 0.006009615384615385 0.007211538461538462
1 0.9362980769230769 0.8894230769230769 0.007211538461538462 0.008413461538461538
1 0.6394230769230769 0.5108173076923077 0.010817307692307692 0.01201923076923077
1 0.37740384615384615 0.29447115384615385 0.02283653846153846 0.025240384615384616
1 0.2091346153846154 0.7884615384615384 0.016826923076923076 0.02283653846153846
1 0.6045673076923077 0.5949519230769231 0.009615384615384616 0.021634615384615384
1 0.6262019230769231 0.08173076923076923 0.016826923076923076 0.019230769230769232
1 0.37740384615384615 0.39663461538461536 0.013221153846153846 0.019230769230769232
1 0.18389423076923078 0.7283653846153846 0.026442307692307692 0.028846153846153848
1 0.16105769230769232 0.30528846153846156 0.015625 0.020432692307692308
3 0.5661057692307693 0.5853365384615384 0.7824519230769231 0.5745192307692307
2 0.20793269230769232 0.4807692307692308 0.14903846153846154 0.11899038461538461
1 0.9134615384615384 0.7956730769230769 0.010817307692307692 0.025240384615384616
