1 0.3557692307692308 0.6875 0.03485576923076923 0.04326923076923077
3 0.4206730769230769 0.49759615384615385 0.38461538461538464 0.9951923076923077
1 0.9038461538461539 0.9326923076923077 0.08653846153846154 0.12139423076923077
1 0.9483173076923077 0.49759615384615385 0.03485576923076923 0.027644230769230768
1 0.6502403846153846 0.1778846153846154 0.03485576923076923 0.051682692307692304
1 0.8064903846153846 0.4651442307692308 0.07211538461538461 0.15865384615384615
1 0.7944711538461539 0.5997596153846154 0.12139423076923077 0.17548076923076922
1 0.6538461538461539 0.9146634615384616 0.038461538461538464 0.042067307692307696
1 0.625 0.6418269230769231 0.040865384615384616 0.0829326923076923
1 0.6189903846153846 0.40625 0.04807692307692308 0.051682692307692304
1 0.20552884615384615 0.11298076923076923 0.12139423076923077 0.11177884615384616
1 0.9891826923076923 0.8293269230769231 0.021634615384615384 0.0673076923076923
1 0.7632211538461539 0.24278846153846154 0.07572115384615384 0.19110576923076922
1 0.9591346153846154 0.7596153846153846 0.040865384615384616 0.06850961538461539
1 0.4963942307692308 0.1658653846153846 0.038461538461538464 0.09254807692307693
1 0.6850961538461539 0.20793269230769232 0.02403846153846154 0.0673076923076923
1 0.6995192307692307 0.7319711538461539 0.13942307692307693 0.14423076923076922
1 0.671875 0.8389423076923077 0.03125 0.04567307692307692
1 0.9855769230769231 0.009615384615384616 0.027644230769230768 0.019230769230769232
1 0.5480769230769231 0.7668269230769231 0.040865384615384616 0.06009615384615385
2 0.41947115384615385 0.6790865384615384 0.1875 0.6334134615384616
1 0.29086538461538464 0.31850961538461536 0.03125 0.03245192307692308
1 0.3858173076923077 0.08653846153846154 0.1622596153846154 0.1622596153846154
1 0.265625 0.23076923076923078 0.03365384615384615 0.036057692307692304
1 0.8665865384615384 0.07572115384615384 0.07932692307692307 0.15144230769230768
1 0.9891826923076923 0.6742788461538461 0.021634615384615384 0.11778846153846154
1 0.078125 0.18028846153846154 0.038461538461538464 0.027644230769230768
1 0.7848557692307693 0.9651442307692307 0.03245192307692308 0.021634615384615384
1 0.6622596153846154 0.6117788461538461 0.040865384615384616 0.0733173076923077
2 0.1045673076923077 0.9302884615384616 0.2091346153846154 0.1346153846153846
1 0.9026442307692307 0.7463942307692307 0.030048076923076924 0.04807692307692308
1 0.6129807692307693 0.8665865384615384 0.037259615384615384 0.042067307692307696
1 0.9375 0.1346153846153846 0.04447115384615385 0.07451923076923077
1 0.25721153846153844 0.8990384615384616 0.12379807692307693 0.15264423076923078
1 0.03125 0.14423076923076922 0.0625 0.28846153846153844
1 0.6033653846153846 0.8028846153846154 0.027644230769230768 0.051682692307692304
1 0.046875 0.453125 0.09254807692307693 0.1658653846153846
1 0.9831730769230769 0.9543269230769231 0.03365384615384615 0.08173076923076923
1 0.5444711538461539 0.5600961538461539 0.09014423076923077 0.18389423076923078
1 0.46033653846153844 0.36778846153846156 0.17548076923076922 0.19951923076923078
1 0.5480769230769231 0.15625 0.03125 0.078125
