1 0.5745192307692307 0.02283653846153846 0.05889423076923077 0.04326923076923077
1 0.8677884615384616 0.359375 0.042067307692307696 0.10576923076923077
1 0.7139423076923077 0.06971153846153846 0.038461538461538464 0.03485576923076923
1 0.7632211538461539 0.3449519230769231 0.037259615384615384 0.055288461538461536
1 0.8076923076923077 0.234375 0.03125 0.036057692307692304
1 0.5324519230769231 0.33774038461538464 0.04807692307692308 0.0829326923076923
1 0.8401442307692307 0.47716346153846156 0.03485576923076923 0.046875
1 0.4675480769230769 0.23197115384615385 0.08052884615384616 0.08774038461538461
1 0.4338942307692308 0.9423076923076923 0.09014423076923077 0.109375
1 0.18990384615384615 0.5144230769230769 0.09735576923076923 0.10216346153846154
1 0.09735576923076923 0.796875 0.07932692307692307 0.0733173076923077
1 0.5204326923076923 0.04447115384615385 0.040865384615384616 0.051682692307692304
6 0.3401442307692308 0.4699519230769231 0.6189903846153846 0.9122596153846154
1 0.01201923076923077 0.6766826923076923 0.02403846153846154 0.08774038461538461
1 0.17307692307692307 0.9579326923076923 0.06009615384615385 0.0673076923076923
1 0.018028846153846152 0.2824519230769231 0.027644230769230768 0.028846153846153848
1 0.5661057692307693 0.18990384615384615 0.07451923076923077 0.09975961538461539
1 0.9399038461538461 0.055288461538461536 0.055288461538461536 0.0829326923076923
1 0.8533653846153846 0.7512019230769231 0.2920673076923077 0.4891826923076923
1 0.6322115384615384 0.4483173076923077 0.054086538461538464 0.07692307692307693
1 0.8197115384615384 0.11538461538461539 0.019230769230769232 0.040865384615384616
1 0.016826923076923076 0.546875 0.026442307692307692 0.027644230769230768
1 0.040865384615384616 0.36658653846153844 0.038461538461538464 0.09615384615384616
1 0.36658653846153844 0.03485576923076923 0.030048076923076924 0.042067307692307696
1 0.9579326923076923 0.43028846153846156 0.028846153846153848 0.04447115384615385
1 0.921875 0.15384615384615385 0.030048076923076924 0.06850961538461539
1 0.05889423076923077 0.9459134615384616 0.11778846153846154 0.10576923076923077
1 0.5901442307692307 0.21875 0.03125 0.036057692307692304
1 0.39903846153846156 0.8233173076923077 0.054086538461538464 0.055288461538461536
1 0.21754807692307693 0.6262019230769231 0.040865384615384616 0.0985576923076923
1 0.984375 0.30408653846153844 0.030048076923076924 0.05889423076923077
1 0.9194711538461539 0.38822115384615385 0.026442307692307692 0.09014423076923077
1 0.984375 0.22596153846153846 0.030048076923076924 0.046875
1 0.24639423076923078 0.7776442307692307 0.09495192307692307 0.08413461538461539
1 0.4254807692307692 0.7560096153846154 0.037259615384615384 0.06610576923076923
1 0.07451923076923077 0.7067307692307693 0.0673076923076923 0.09134615384615384
1 0.43028846153846156 0.11658653846153846 0.04567307692307692 0.06009615384615385
