1 0.5817307692307693 0.4170673076923077 0.18389423076923078 0.2692307692307692
1 0.06850961538461539 0.06850961538461539 0.05889423076923077 0.0889423076923077
1 0.41466346153846156 0.4831730769230769 0.08653846153846154 0.08173076923076923
1 0.34134615384615385 0.04326923076923077 0.04927884615384615 0.08413461538461539
1 0.8257211538461539 0.2668269230769231 0.028846153846153848 0.04567307692307692
1 0.5228365384615384 0.21153846153846154 0.08052884615384616 0.3088942307692308
1 0.5180288461538461 0.39783653846153844 0.027644230769230768 0.06610576923076923
1 0.4326923076923077 0.13341346153846154 0.11778846153846154 0.2644230769230769
1 0.6274038461538461 0.65625 0.14302884615384615 0.15144230769230768
1 0.9459134615384616 0.6490384615384616 0.10817307692307693 0.18028846153846154
1 0.6322115384615384 0.02283653846153846 0.07692307692307693 0.04326923076923077
1 0.29927884615384615 0.42908653846153844 0.1346153846153846 0.13942307692307693
1 0.7007211538461539 0.42427884615384615 0.0733173076923077 0.09254807692307693
1 0.9543269230769231 0.8305288461538461 0.04567307692307692 0.04927884615384615
1 0.8413461538461539 0.4387019230769231 0.1466346153846154 0.15985576923076922
1 0.6911057692307693 0.7151442307692307 0.18028846153846154 0.21875
2 0.9543269230769231 0.19591346153846154 0.09134615384615384 0.3918269230769231
1 0.2283653846153846 0.15985576923076922 0.2283653846153846 0.3161057692307692
1 0.6983173076923077 0.07932692307692307 0.03125 0.04447115384615385
1 0.4795673076923077 0.36778846153846156 0.03365384615384615 0.04326923076923077
1 0.08774038461538461 0.3401442307692308 0.10576923076923077 0.16346153846153846
1 0.9206730769230769 0.7139423076923077 0.051682692307692304 0.07692307692307693
1 0.010817307692307692 0.06009615384615385 0.021634615384615384 0.054086538461538464
1 0.4699519230769231 0.7560096153846154 0.09735576923076923 0.28125
1 0.17067307692307693 0.859375 0.3401442307692308 0.2800480769230769
1 0.5901442307692307 0.8990384615384616 0.11778846153846154 0.16947115384615385
1 0.4170673076923077 0.4026442307692308 0.037259615384615384 0.057692307692307696
1 0.5348557692307693 0.8016826923076923 0.08052884615384616 0.20552884615384615
1 0.765625 0.9254807692307693 0.016826923076923076 0.026442307692307692
1 0.71875 0.23557692307692307 0.05889423076923077 0.06850961538461539
1 0.20793269230769232 0.35697115384615385 0.12379807692307693 0.07932692307692307
1 0.5661057692307693 0.17307692307692307 0.04326923076923077 0.04567307692307692
