1 0.15384615384615385 0.8413461538461539 0.013221153846153846 0.015625
1 0.7512019230769231 0.20673076923076922 0.013221153846153846 0.019230769230769232
1 0.6862980769230769 0.11177884615384616 0.014423076923076924 0.021634615384615384
1 0.14423076923076922 0.3161057692307692 0.04807692307692308 0.05889423076923077
1 0.36778846153846156 0.421875 0.01201923076923077 0.019230769230769232
1 0.008413461538461538 0.8858173076923077 0.015625 0.019230769230769232
1 0.140625 0.24278846153846154 0.013221153846153846 0.021634615384615384
1 0.5 0.5228365384615384 0.025240384615384616 0.021634615384615384
1 0.8269230769230769 0.35096153846153844 0.014423076923076924 0.014423076923076924
1 0.5384615384615384 0.6153846153846154 0.013221153846153846 0.016826923076923076
1 0.8197115384615384 0.25961538461538464 0.009615384615384616 0.015625
1 0.3786057692307692 0.6370192307692307 0.021634615384615384 0.03125
1 0.7692307692307693 0.5841346153846154 0.03485576923076923 0.04447115384615385
1 0.7391826923076923 0.6646634615384616 0.009615384615384616 0.020432692307692308
1 0.5132211538461539 0.4951923076923077 0.021634615384615384 0.02403846153846154
1 0.026442307692307692 0.20673076923076922 0.013221153846153846 0.013221153846153846
1 0.5300480769230769 0.3894230769230769 0.013221153846153846 0.019230769230769232
1 0.12379807692307693 0.5240384615384616 0.01201923076923077 0.01201923076923077
1 0.052884615384615384 0.20793269230769232 0.01201923076923077 0.028846153846153848
0 0.6947115384615384 0.9182692307692307 0.04326923076923077 0.05889423076923077
1 0.32091346153846156 0.10216346153846154 0.03485576923076923 0.042067307692307696
1 0.24158653846153846 0.32091346153846156 0.014423076923076924 0.015625
1 0.11899038461538461 0.21875 0.016826923076923076 0.021634615384615384
1 0.8197115384615384 0.32572115384615385 0.014423076923076924 0.027644230769230768
1 0.1658653846153846 0.1502403846153846 0.009615384615384616 0.027644230769230768
1 0.3557692307692308 0.328125 0.014423076923076924 0.021634615384615384
1 0.5348557692307693 0.875 0.016826923076923076 0.018028846153846152
1 0.9735576923076923 0.9447115384615384 0.009615384615384616 0.016826923076923076
1 0.21153846153846154 0.5084134615384616 0.013221153846153846 0.025240384615384616
1 0.18870192307692307 0.027644230769230768 0.021634615384615384 0.038461538461538464
1 0.28725961538461536 0.33052884615384615 0.021634615384615384 0.027644230769230768
1 0.06370192307692307 0.9122596153846154 0.016826923076923076 0.019230769230769232
0 0.9879807692307693 0.3076923076923077 0.02403846153846154 0.05048076923076923
1 0.1971153846153846 0.7427884615384616 0.016826923076923076 0.028846153846153848
1 0.40024038461538464 0.7920673076923077 0.021634615384615384 0.026442307692307692
1 0.7103365384615384 0.07451923076923077 0.010817307692307692 0.019230769230769232
1 0.36658653846153844 0.38461538461538464 0.02403846153846154 0.026442307692307692
1 0.1201923076923077 0.019230769230769232 0.016826923076923076 0.026442307692307692
1 0.3557692307692308 0.45552884615384615 0.010817307692307692 0.038461538461538464
1 0.2692307692307692 0.21634615384615385 0.010817307692307692 0.021634615384615384
1 0.5384615384615384 0.4266826923076923 0.016826923076923076 0.020432692307692308
1 0.4098557692307692 0.625 0.021634615384615384 0.04326923076923077
1 0.5408653846153846 0.29447115384615385 0.021634615384615384 0.06971153846153846
1 0.6069711538461539 0.09375 0.010817307692307692 0.018028846153846152
1 0.5600961538461539 0.24278846153846154 0.01201923076923077 0.021634615384615384
1 0.046875 0.4723557692307692 0.018028846153846152 0.027644230769230768
1 0.8461538461538461 0.8689903846153846 0.016826923076923076 0.026442307692307692
1 0.9459134615384616 0.8317307692307693 0.014423076923076924 0.026442307692307692
1 0.0889423076923077 0.13822115384615385 0.016826923076923076 0.02283653846153846
1 0.46153846153846156 0.03125 0.052884615384615384 0.03245192307692308
1 0.6286057692307693 0.3473557692307692 0.026442307692307692 0.04567307692307692
1 0.13341346153846154 0.08533653846153846 0.009615384615384616 0.02403846153846154
1 0.7259615384615384 0.25 0.007211538461538462 0.014423076923076924
1 0.6189903846153846 0.0625 0.014423076923076924 0.018028846153846152
1 0.20432692307692307 0.11298076923076923 0.021634615384615384 0.040865384615384616
1 0.59375 0.18509615384615385 0.019230769230769232 0.02403846153846154
3 0.3786057692307692 0.24158653846153846 0.14302884615384615 0.23557692307692307
1 0.31009615384615385 0.8100961538461539 0.040865384615384616 0.05889423076923077
1 0.7692307692307693 0.009615384615384616 0.038461538461538464 0.018028846153846152
1 0.1466346153846154 0.8197115384615384 0.02403846153846154 0.03365384615384615
1 0.3629807692307692 0.7295673076923077 0.03365384615384615 0.039663461538461536
1 0.2644230769230769 0.14543269230769232 0.016826923076923076 0.019230769230769232
1 0.25961538461538464 0.5817307692307693 0.021634615384615384 0.026442307692307692
1 0.7439903846153846 0.5865384615384616 0.007211538461538462 0.019230769230769232
1 0.4411057692307692 0.4855769230769231 0.027644230769230768 0.02283653846153846
1 0.05889423076923077 0.5769230769230769 0.019230769230769232 0.02283653846153846
1 0.8677884615384616 0.5913461538461539 0.014423076923076924 0.019230769230769232
1 0.14182692307692307 0.9459134615384616 0.01201923076923077 0.016826923076923076
1 0.6802884615384616 0.25721153846153844 0.03485576923076923 0.051682692307692304
0 0.6466346153846154 0.9579326923076923 0.016826923076923076 0.021634615384615384
1 0.234375 0.03245192307692308 0.027644230769230768 0.02283653846153846
1 0.5625 0.7439903846153846 0.019230769230769232 0.014423076923076924
1 0.3088942307692308 0.07572115384615384 0.016826923076923076 0.019230769230769232
1 0.34134615384615385 0.6177884615384616 0.014423076923076924 0.019230769230769232
1 0.390625 0.7067307692307693 0.02403846153846154 0.021634615384615384
1 0.4483173076923077 0.9879807692307693 0.026442307692307692 0.02403846153846154
1 0.27403846153846156 0.9375 0.016826923076923076 0.021634615384615384
1 0.3317307692307692 0.27403846153846156 0.01201923076923077 0.016826923076923076
1 0.6274038461538461 0.7596153846153846 0.026442307692307692 0.028846153846153848
1 0.12139423076923077 0.10576923076923077 0.009615384615384616 0.019230769230769232
1 0.4050480769230769 0.3701923076923077 0.01201923076923077 0.027644230769230768
1 0.4879807692307692 0.8040865384615384 0.009615384615384616 0.02403846153846154
1 0.9855769230769231 0.05048076923076923 0.01201923076923077 0.019230769230769232
1 0.12259615384615384 0.48677884615384615 0.027644230769230768 0.027644230769230768
0 0.09254807692307693 0.5276442307692307 0.020432692307692308 0.06129807692307692
1 0.14543269230769232 0.6069711538461539 0.013221153846153846 0.013221153846153846
1 0.0673076923076923 0.3245192307692308 0.013221153846153846 0.028846153846153848
1 0.23557692307692307 0.38341346153846156 0.020432692307692308 0.02283653846153846
1 0.6237980769230769 0.3798076923076923 0.021634615384615384 0.02283653846153846
1 0.38822115384615385 0.4170673076923077 0.014423076923076924 0.018028846153846152
1 0.4026442307692308 0.5252403846153846 0.030048076923076924 0.03485576923076923
1 0.7331730769230769 0.48197115384615385 0.014423076923076924 0.019230769230769232
1 0.08533653846153846 0.40625 0.01201923076923077 0.01201923076923077
1 0.8725961538461539 0.6670673076923077 0.027644230769230768 0.056490384615384616
1 0.3245192307692308 0.8942307692307693 0.010817307692307692 0.018028846153846152
1 0.10336538461538461 0.1814903846153846 0.01201923076923077 0.016826923076923076
1 0.6189903846153846 0.9399038461538461 0.01201923076923077 0.019230769230769232
1 0.328125 0.31490384615384615 0.016826923076923076 0.018028846153846152
1 0.9891826923076923 0.9735576923076923 0.021634615384615384 0.04807692307692308
1 0.5721153846153846 0.2644230769230769 0.021634615384615384 0.021634615384615384
0 0.5877403846153846 0.2980769230769231 0.018028846153846152 0.027644230769230768
1 0.5564903846153846 0.15144230769230768 0.013221153846153846 0.019230769230769232
0 0.45913461538461536 0.41225961538461536 0.03485576923076923 0.037259615384615384
1 0.13822115384615385 0.039663461538461536 0.010817307692307692 0.021634615384615384
1 0.9903846153846154 0.640625 0.014423076923076924 0.02283653846153846
1 0.5324519230769231 0.5913461538461539 0.014423076923076924 0.021634615384615384
1 0.11778846153846154 0.6947115384615384 0.018028846153846152 0.03365384615384615
2 0.013221153846153846 0.578125 0.026442307692307692 0.05048076923076923
1 0.1814903846153846 0.30528846153846156 0.026442307692307692 0.016826923076923076
1 0.27403846153846156 0.8509615384615384 0.019230769230769232 0.02403846153846154
1 0.1875 0.18269230769230768 0.013221153846153846 0.016826923076923076
1 0.9615384615384616 0.3076923076923077 0.021634615384615384 0.027644230769230768
1 0.3076923076923077 0.29447115384615385 0.014423076923076924 0.01201923076923077
1 0.028846153846153848 0.15384615384615385 0.028846153846153848 0.027644230769230768
1 0.44711538461538464 0.6045673076923077 0.0673076923076923 0.06490384615384616
0 0.008413461538461538 0.6766826923076923 0.016826923076923076 0.026442307692307692
1 0.5793269230769231 0.8305288461538461 0.01201923076923077 0.010817307692307692
0 0.8088942307692307 0.5673076923076923 0.06971153846153846 0.0673076923076923
1 0.16947115384615385 0.7692307692307693 0.01201923076923077 0.026442307692307692
1 0.4699519230769231 0.8774038461538461 0.01201923076923077 0.021634615384615384
1 0.9471153846153846 0.051682692307692304 0.01201923076923077 0.018028846153846152
1 0.24278846153846154 0.7596153846153846 0.008413461538461538 0.01201923076923077
1 0.08173076923076923 0.9411057692307693 0.03125 0.028846153846153848
1 0.2980769230769231 0.4519230769230769 0.013221153846153846 0.019230769230769232
0 0.07451923076923077 0.7427884615384616 0.04807692307692308 0.07932692307692307
1 0.13822115384615385 0.7788461538461539 0.03485576923076923 0.027644230769230768
1 0.375 0.35336538461538464 0.014423076923076924 0.015625
1 0.21634615384615385 0.6430288461538461 0.028846153846153848 0.02403846153846154
1 0.2848557692307692 0.6899038461538461 0.04807692307692308 0.054086538461538464
1 0.35336538461538464 0.65625 0.021634615384615384 0.021634615384615384
1 0.24879807692307693 0.10336538461538461 0.03485576923076923 0.027644230769230768
1 0.6550480769230769 0.4375 0.01201923076923077 0.015625
1 0.06610576923076923 0.9903846153846154 0.038461538461538464 0.015625
1 0.5048076923076923 0.5540865384615384 0.014423076923076924 0.026442307692307692
1 0.9026442307692307 0.15745192307692307 0.030048076923076924 0.042067307692307696
1 0.7620192307692307 0.16826923076923078 0.010817307692307692 0.021634615384615384
1 0.20793269230769232 0.0625 0.008413461538461538 0.019230769230769232
1 0.8221153846153846 0.8149038461538461 0.025240384615384616 0.051682692307692304
2 0.09375 0.6153846153846154 0.1875 0.19831730769230768
1 0.5444711538461539 0.7800480769230769 0.01201923076923077 0.016826923076923076
1 0.0889423076923077 0.3485576923076923 0.014423076923076924 0.018028846153846152
1 0.12980769230769232 0.7451923076923077 0.009615384615384616 0.016826923076923076
2 0.06370192307692307 0.8774038461538461 0.12740384615384615 0.2403846153846154
1 0.4014423076923077 0.09014423076923077 0.027644230769230768 0.027644230769230768
1 0.44471153846153844 0.8894230769230769 0.016826923076923076 0.02283653846153846
2 0.3293269230769231 0.9326923076923077 0.15985576923076922 0.1310096153846154
1 0.6478365384615384 0.6057692307692307 0.015625 0.025240384615384616
1 0.4543269230769231 0.38221153846153844 0.018028846153846152 0.019230769230769232
1 0.20793269230769232 0.2824519230769231 0.020432692307692308 0.018028846153846152
1 0.051682692307692304 0.028846153846153848 0.010817307692307692 0.01201923076923077
1 0.5492788461538461 0.09134615384615384 0.02403846153846154 0.028846153846153848
1 0.7776442307692307 0.8401442307692307 0.04927884615384615 0.04927884615384615
1 0.5865384615384616 0.8677884615384616 0.020432692307692308 0.02403846153846154
1 0.5985576923076923 0.3701923076923077 0.020432692307692308 0.036057692307692304
1 0.49278846153846156 0.46033653846153844 0.014423076923076924 0.028846153846153848
1 0.3293269230769231 0.43149038461538464 0.016826923076923076 0.019230769230769232
1 0.5625 0.9675480769230769 0.01201923076923077 0.016826923076923076
1 0.32211538461538464 0.04447115384615385 0.016826923076923076 0.015625
1 0.5192307692307693 0.6346153846153846 0.014423076923076924 0.019230769230769232
1 0.4987980769230769 0.6237980769230769 0.03125 0.056490384615384616
1 0.7079326923076923 0.3016826923076923 0.020432692307692308 0.02283653846153846
1 0.7055288461538461 0.6826923076923077 0.014423076923076924 0.02283653846153846
1 0.25721153846153844 0.484375 0.014423076923076924 0.02403846153846154
1 0.44591346153846156 0.7007211538461539 0.026442307692307692 0.04447115384615385
1 0.6033653846153846 0.6346153846153846 0.03125 0.025240384615384616
1 0.4519230769230769 0.921875 0.01201923076923077 0.02283653846153846
0 0.6141826923076923 0.9867788461538461 0.02403846153846154 0.02403846153846154
1 0.49399038461538464 0.28966346153846156 0.056490384615384616 0.10576923076923077
1 0.203125 0.9074519230769231 0.06009615384615385 0.07211538461538461
1 0.2403846153846154 0.5540865384615384 0.021634615384615384 0.02283653846153846
1 0.3125 0.4098557692307692 0.04567307692307692 0.042067307692307696
0 0.6213942307692307 0.2620192307692308 0.040865384615384616 0.037259615384615384
1 0.02283653846153846 0.38221153846153844 0.02283653846153846 0.015625
1 0.4014423076923077 0.23677884615384615 0.016826923076923076 0.016826923076923076
1 0.4723557692307692 0.7752403846153846 0.014423076923076924 0.02283653846153846
1 0.32572115384615385 0.6875 0.016826923076923076 0.016826923076923076
1 0.3629807692307692 0.07451923076923077 0.016826923076923076 0.02283653846153846
1 0.40625 0.026442307692307692 0.03485576923076923 0.040865384615384616
1 0.25 0.7319711538461539 0.016826923076923076 0.019230769230769232
1 0.4963942307692308 0.9350961538461539 0.040865384615384616 0.03485576923076923
1 0.11057692307692307 0.3545673076923077 0.013221153846153846 0.02403846153846154
1 0.5649038461538461 0.5432692307692307 0.009615384615384616 0.019230769230769232
1 0.41947115384615385 0.9350961538461539 0.016826923076923076 0.019230769230769232
1 0.6923076923076923 0.36538461538461536 0.01201923076923077 0.018028846153846152
0 0.5168269230769231 0.4098557692307692 0.036057692307692304 0.02283653846153846
1 0.8942307692307693 0.9783653846153846 0.016826923076923076 0.030048076923076924
1 0.054086538461538464 0.5372596153846154 0.018028846153846152 0.02283653846153846
1 0.07692307692307693 0.6923076923076923 0.016826923076923076 0.018028846153846152
1 0.3605769230769231 0.010817307692307692 0.02403846153846154 0.021634615384615384
1 0.19591346153846154 0.5492788461538461 0.02403846153846154 0.04447115384615385
1 0.06129807692307692 0.4050480769230769 0.014423076923076924 0.02283653846153846
1 0.2956730769230769 0.12860576923076922 0.016826923076923076 0.020432692307692308
1 0.9543269230769231 0.07211538461538461 0.013221153846153846 0.013221153846153846
1 0.7079326923076923 0.6418269230769231 0.009615384615384616 0.010817307692307692
1 0.2620192307692308 0.5324519230769231 0.052884615384615384 0.03125
1 0.5625 0.45072115384615385 0.009615384615384616 0.019230769230769232
1 0.5564903846153846 0.9927884615384616 0.013221153846153846 0.013221153846153846
1 0.5276442307692307 0.796875 0.014423076923076924 0.01201923076923077
1 0.18990384615384615 0.46634615384615385 0.018028846153846152 0.028846153846153848
1 0.6478365384615384 0.3701923076923077 0.020432692307692308 0.03365384615384615
1 0.6622596153846154 0.15985576923076922 0.026442307692307692 0.039663461538461536
1 0.48677884615384615 0.9903846153846154 0.014423076923076924 0.014423076923076924
1 0.6394230769230769 0.06490384615384616 0.021634615384615384 0.026442307692307692
1 0.84375 0.7620192307692307 0.016826923076923076 0.014423076923076924
1 0.19110576923076922 0.42908653846153844 0.020432692307692308 0.026442307692307692
1 0.06129807692307692 0.5096153846153846 0.013221153846153846 0.018028846153846152
1 0.9543269230769231 0.9603365384615384 0.013221153846153846 0.019230769230769232
1 0.6081730769230769 0.8197115384615384 0.016826923076923076 0.02403846153846154
1 0.1045673076923077 0.06971153846153846 0.014423076923076924 0.026442307692307692
1 0.17548076923076922 0.9819711538461539 0.02403846153846154 0.03125
1 0.15985576923076922 0.5060096153846154 0.008413461538461538 0.013221153846153846
1 0.16346153846153846 0.027644230769230768 0.028846153846153848 0.055288461538461536
1 0.9338942307692307 0.9891826923076923 0.02403846153846154 0.019230769230769232
0 0.8449519230769231 0.8112980769230769 0.030048076923076924 0.046875
1 0.33653846153846156 0.8425480769230769 0.013221153846153846 0.027644230769230768
1 0.39663461538461536 0.3954326923076923 0.014423076923076924 0.021634615384615384
1 0.09254807692307693 0.30408653846153844 0.018028846153846152 0.02403846153846154
1 0.21995192307692307 0.5697115384615384 0.027644230769230768 0.027644230769230768
1 0.4266826923076923 0.5612980769230769 0.026442307692307692 0.04447115384615385
1 0.7139423076923077 0.9855769230769231 0.015625 0.019230769230769232
1 0.5769230769230769 0.15504807692307693 0.021634615384615384 0.027644230769230768
1 0.41225961538461536 0.8509615384615384 0.010817307692307692 0.013221153846153846
0 0.9903846153846154 0.4963942307692308 0.019230769230769232 0.040865384615384616
1 0.23076923076923078 0.06490384615384616 0.013221153846153846 0.027644230769230768
1 0.23557692307692307 0.018028846153846152 0.016826923076923076 0.019230769230769232
1 0.46033653846153844 0.5372596153846154 0.018028846153846152 0.019230769230769232
1 0.020432692307692308 0.234375 0.016826923076923076 0.018028846153846152
1 0.2848557692307692 0.7728365384615384 0.01201923076923077 0.016826923076923076
1 0.3629807692307692 0.18870192307692307 0.030048076923076924 0.03365384615384615
1 0.4230769230769231 0.10817307692307693 0.013221153846153846 0.019230769230769232
0 0.9242788461538461 0.4519230769230769 0.10576923076923077 0.0673076923076923
1 0.5697115384615384 0.6298076923076923 0.013221153846153846 0.02403846153846154
1 0.4338942307692308 0.6550480769230769 0.03485576923076923 0.03485576923076923
0 0.6394230769230769 0.2091346153846154 0.021634615384615384 0.04447115384615385
1 0.609375 0.41947115384615385 0.014423076923076924 0.02403846153846154
1 0.47596153846153844 0.859375 0.014423076923076924 0.014423076923076924
1 0.4254807692307692 0.24879807692307693 0.020432692307692308 0.027644230769230768
0 0.7463942307692307 0.7427884615384616 0.07211538461538461 0.06971153846153846
1 0.07091346153846154 0.051682692307692304 0.02403846153846154 0.051682692307692304
1 0.6802884615384616 0.8725961538461539 0.009615384615384616 0.007211538461538462
1 0.25 0.05048076923076923 0.016826923076923076 0.027644230769230768
0 0.9495192307692307 0.71875 0.10096153846153846 0.05889423076923077
1 0.4230769230769231 0.8978365384615384 0.016826923076923076 0.03485576923076923
1 0.4230769230769231 0.078125 0.019230769230769232 0.02403846153846154
1 0.3858173076923077 0.11778846153846154 0.018028846153846152 0.019230769230769232
1 0.41586538461538464 0.46875 0.025240384615384616 0.027644230769230768
1 0.109375 0.7247596153846154 0.019230769230769232 0.03365384615384615
1 0.7415865384615384 0.890625 0.007211538461538462 0.015625
1 0.41346153846153844 0.828125 0.01201923076923077 0.018028846153846152
1 0.8341346153846154 0.9098557692307693 0.02403846153846154 0.030048076923076924
1 0.5612980769230769 0.9362980769230769 0.018028846153846152 0.027644230769230768
