1 0.9615384615384616 0.35697115384615385 0.07692307692307693 0.15264423076923078
1 0.9230769230769231 0.7355769230769231 0.1045673076923077 0.07692307692307693
1 0.12980769230769232 0.6706730769230769 0.08173076923076923 0.12139423076923077
1 0.02283653846153846 0.04567307692307692 0.04567307692307692 0.06971153846153846
1 0.7668269230769231 0.8269230769230769 0.17067307692307693 0.22235576923076922
1 0.4230769230769231 0.016826923076923076 0.055288461538461536 0.03245192307692308
1 0.7427884615384616 0.9603365384615384 0.07692307692307693 0.06850961538461539
1 0.4254807692307692 0.109375 0.037259615384615384 0.037259615384615384
1 0.006009615384615385 0.3076923076923077 0.01201923076923077 0.06370192307692307
1 0.6454326923076923 0.16466346153846154 0.07211538461538461 0.10336538461538461
1 0.8245192307692307 0.9399038461538461 0.040865384615384616 0.05889423076923077
1 0.7992788461538461 0.2608173076923077 0.05889423076923077 0.09375
1 0.4699519230769231 0.41466346153846156 0.11778846153846154 0.15144230769230768
1 0.5084134615384616 0.22235576923076922 0.1310096153846154 0.2127403846153846
1 0.9050480769230769 0.22956730769230768 0.07932692307692307 0.10216346153846154
1 0.9675480769230769 0.9507211538461539 0.06129807692307692 0.08774038461538461
1 0.875 0.5576923076923077 0.19831730769230768 0.26322115384615385
1 0.265625 0.0829326923076923 0.06490384615384616 0.06610576923076923
1 0.703125 0.12740384615384615 0.026442307692307692 0.04447115384615385
1 0.26802884615384615 0.296875 0.17307692307692307 0.34615384615384615
1 0.8064903846153846 0.35336538461538464 0.07932692307692307 0.11057692307692307
1 0.8978365384615384 0.12860576923076922 0.05048076923076923 0.10336538461538461
1 0.6189903846153846 0.23197115384615385 0.036057692307692304 0.06490384615384616
1 0.22716346153846154 0.6370192307692307 0.09254807692307693 0.15985576923076922
1 0.5600961538461539 0.02283653846153846 0.0889423076923077 0.04567307692307692
1 0.06490384615384616 0.6658653846153846 0.02403846153846154 0.03125
1 0.27884615384615385 0.8161057692307693 0.25 0.359375
4 0.8473557692307693 0.27403846153846156 0.03245192307692308 0.03365384615384615
4 0.7692307692307693 0.3076923076923077 0.05048076923076923 0.06850961538461539
1 0.8473557692307693 0.09975961538461539 0.23317307692307693 0.19951923076923078
1 0.02283653846153846 0.6634615384615384 0.04447115384615385 0.23677884615384615
1 0.3449519230769231 0.02283653846153846 0.0829326923076923 0.04326923076923077
1 0.9711538461538461 0.12980769230769232 0.057692307692307696 0.12860576923076922
1 0.10216346153846154 0.8713942307692307 0.11057692307692307 0.19110576923076922
1 0.5072115384615384 0.6875 0.32211538461538464 0.6141826923076923
3 0.6862980769230769 0.46634615384615385 0.056490384615384616 0.9326923076923077
4 0.8942307692307693 0.8016826923076923 0.038461538461538464 0.051682692307692304
1 0.09134615384615384 0.17427884615384615 0.1622596153846154 0.22235576923076922
1 0.15504807692307693 0.3016826923076923 0.057692307692307696 0.06850961538461539
1 0.7872596153846154 0.6598557692307693 0.16346153846153846 0.17668269230769232
1 0.16466346153846154 0.5697115384615384 0.05048076923076923 0.09615384615384616
4 0.6670673076923077 0.46875 0.05889423076923077 0.07932692307692307
1 0.33533653846153844 0.22235576923076922 0.042067307692307696 0.07451923076923077
1 0.078125 0.4423076923076923 0.15504807692307693 0.21514423076923078
1 0.875 0.3581730769230769 0.040865384615384616 0.09615384615384616
