1 0.5360576923076923 0.6790865384615384 0.10096153846153846 0.13701923076923078
1 0.31490384615384615 0.04326923076923077 0.055288461538461536 0.06370192307692307
1 0.9471153846153846 0.3137019230769231 0.1045673076923077 0.11658653846153846
1 0.7439903846153846 0.3473557692307692 0.11298076923076923 0.11298076923076923
1 0.0625 0.19591346153846154 0.125 0.16346153846153846
1 0.1502403846153846 0.12740384615384615 0.026442307692307692 0.037259615384615384
10 0.5 0.5276442307692307 1 0.3557692307692308
1 0.8605769230769231 0.11298076923076923 0.17067307692307693 0.21754807692307693
1 0.06490384615384616 0.7716346153846154 0.125 0.13942307692307693
1 0.2403846153846154 0.8028846153846154 0.1971153846153846 0.20432692307692307
1 0.4050480769230769 0.11177884615384616 0.09254807692307693 0.14423076923076922
1 0.22355769230769232 0.12980769230769232 0.06009615384615385 0.07451923076923077
0 0.9855769230769231 0.09375 0.027644230769230768 0.1814903846153846
1 0.8341346153846154 0.7451923076923077 0.15144230769230768 0.17548076923076922
1 0.38461538461538464 0.8449519230769231 0.14182692307692307 0.19110576923076922
1 0.2860576923076923 0.2668269230769231 0.040865384615384616 0.07091346153846154
1 0.6081730769230769 0.4014423076923077 0.06971153846153846 0.07091346153846154
1 0.6911057692307693 0.9194711538461539 0.06129807692307692 0.08774038461538461
1 0.5817307692307693 0.03485576923076923 0.04927884615384615 0.039663461538461536
1 0.7115384615384616 0.23557692307692307 0.08653846153846154 0.06971153846153846
1 0.20192307692307693 0.42788461538461536 0.040865384615384616 0.06490384615384616
