1 0.3269230769230769 0.7800480769230769 0.07211538461538461 0.12620192307692307
1 0.39783653846153844 0.41466346153846156 0.051682692307692304 0.06129807692307692
1 0.02403846153846154 0.8329326923076923 0.04807692307692308 0.11057692307692307
10 0.5661057692307693 0.4026442307692308 0.8677884615384616 0.7956730769230769
1 0.06850961538461539 0.13341346153846154 0.11298076923076923 0.1658653846153846
1 0.5024038461538461 0.04927884615384615 0.052884615384615384 0.06850961538461539
1 0.1310096153846154 0.6574519230769231 0.09975961538461539 0.125
1 0.02283653846153846 0.59375 0.02403846153846154 0.019230769230769232
1 0.3161057692307692 0.6177884615384616 0.0829326923076923 0.13581730769230768
0 0.5276442307692307 0.7427884615384616 0.4362980769230769 0.5060096153846154
1 0.8076923076923077 0.9411057692307693 0.07932692307692307 0.10336538461538461
1 0.9471153846153846 0.4375 0.10576923076923077 0.15625
1 0.09014423076923077 0.7608173076923077 0.02403846153846154 0.027644230769230768
1 0.41346153846153844 0.06971153846153846 0.06490384615384616 0.07211538461538461
1 0.41346153846153844 0.625 0.06850961538461539 0.10697115384615384
1 0.19831730769230768 0.8401442307692307 0.18028846153846154 0.15745192307692307
1 0.8028846153846154 0.7848557692307693 0.1346153846153846 0.18990384615384615
0 0.8016826923076923 0.16826923076923078 0.39663461538461536 0.33653846153846156
1 0.14182692307692307 0.40024038461538464 0.09735576923076923 0.125
1 0.5865384615384616 0.078125 0.09134615384615384 0.13581730769230768
1 0.8497596153846154 0.36658653846153844 0.0829326923076923 0.22716346153846154
