7 0.5348557692307693 0.9098557692307693 0.016826923076923076 0.09375
7 0.8629807692307693 0.44471153846153844 0.027644230769230768 0.08413461538461539
1 0.7427884615384616 0.13581730769230768 0.03365384615384615 0.04567307692307692
1 0.4675480769230769 0.6478365384615384 0.038461538461538464 0.054086538461538464
1 0.4230769230769231 0.47475961538461536 0.036057692307692304 0.054086538461538464
7 0.7355769230769231 0.23798076923076922 0.1502403846153846 0.11057692307692307
7 0.6213942307692307 0.3125 0.021634615384615384 0.036057692307692304
1 0.5697115384615384 0.4254807692307692 0.021634615384615384 0.03245192307692308
1 0.45913461538461536 0.8713942307692307 0.028846153846153848 0.046875
1 0.9603365384615384 0.46033653846153844 0.018028846153846152 0.018028846153846152
1 0.6538461538461539 0.3786057692307692 0.03365384615384615 0.04447115384615385
7 0.8052884615384616 0.22115384615384615 0.027644230769230768 0.06009615384615385
1 0.9146634615384616 0.42427884615384615 0.016826923076923076 0.026442307692307692
1 0.3004807692307692 0.21514423076923078 0.027644230769230768 0.054086538461538464
1 0.11658653846153846 0.75 0.02403846153846154 0.03365384615384615
7 0.7103365384615384 0.8689903846153846 0.027644230769230768 0.027644230769230768
1 0.7992788461538461 0.578125 0.03245192307692308 0.04807692307692308
1 0.6478365384615384 0.46153846153846156 0.037259615384615384 0.051682692307692304
1 0.19471153846153846 0.7223557692307693 0.019230769230769232 0.027644230769230768
1 0.640625 0.5096153846153846 0.038461538461538464 0.037259615384615384
1 0.9399038461538461 0.23798076923076922 0.03245192307692308 0.04927884615384615
7 0.7896634615384616 0.7536057692307693 0.018028846153846152 0.02403846153846154
1 0.3293269230769231 0.7872596153846154 0.016826923076923076 0.028846153846153848
1 0.05048076923076923 0.8293269230769231 0.027644230769230768 0.042067307692307696
7 0.5913461538461539 0.12620192307692307 0.026442307692307692 0.04326923076923077
1 0.09735576923076923 0.19230769230769232 0.06129807692307692 0.09375
1 0.5913461538461539 0.6850961538461539 0.027644230769230768 0.03245192307692308
7 0.5348557692307693 0.6574519230769231 0.04447115384615385 0.03245192307692308
1 0.47716346153846156 0.17548076923076922 0.042067307692307696 0.04807692307692308
7 0.796875 0.421875 0.03365384615384615 0.03125
1 0.6983173076923077 0.5673076923076923 0.054086538461538464 0.07932692307692307
1 0.6838942307692307 0.9771634615384616 0.040865384615384616 0.038461538461538464
7 0.9675480769230769 0.1875 0.040865384615384616 0.015625
1 0.9326923076923077 0.47475961538461536 0.02403846153846154 0.04326923076923077
7 0.27283653846153844 0.9555288461538461 0.10817307692307693 0.07091346153846154
1 0.21153846153846154 0.19230769230769232 0.028846153846153848 0.026442307692307692
1 0.8449519230769231 0.3401442307692308 0.04447115384615385 0.11177884615384616
7 0.30528846153846156 0.796875 0.11057692307692307 0.18389423076923078
1 0.47596153846153844 0.375 0.06370192307692307 0.05889423076923077
1 0.12860576923076922 0.9170673076923077 0.040865384615384616 0.08173076923076923
1 0.875 0.8533653846153846 0.04927884615384615 0.04927884615384615
7 0.9471153846153846 0.18269230769230768 0.021634615384615384 0.03485576923076923
1 0.6875 0.6622596153846154 0.054086538461538464 0.054086538461538464
1 0.3786057692307692 0.8521634615384616 0.040865384615384616 0.08413461538461539
7 0.9038461538461539 0.08413461538461539 0.055288461538461536 0.1658653846153846
7 0.5985576923076923 0.36778846153846156 0.027644230769230768 0.03485576923076923
1 0.3605769230769231 0.6646634615384616 0.013221153846153846 0.021634615384615384
1 0.796875 0.5072115384615384 0.025240384615384616 0.04447115384615385
7 0.22115384615384615 0.4423076923076923 0.038461538461538464 0.054086538461538464
7 0.8473557692307693 0.5264423076923077 0.014423076923076924 0.026442307692307692
7 0.8365384615384616 0.11177884615384616 0.07692307692307693 0.22115384615384615
1 0.27884615384615385 0.6442307692307693 0.027644230769230768 0.042067307692307696
7 0.7524038461538461 0.5396634615384616 0.027644230769230768 0.027644230769230768
7 0.7896634615384616 0.14302884615384615 0.016826923076923076 0.026442307692307692
1 0.7776442307692307 0.6850961538461539 0.021634615384615384 0.03365384615384615
1 0.08052884615384616 0.5372596153846154 0.03125 0.06490384615384616
7 0.7644230769230769 0.5853365384615384 0.036057692307692304 0.026442307692307692
1 0.9855769230769231 0.5516826923076923 0.028846153846153848 0.036057692307692304
1 0.7512019230769231 0.28725961538461536 0.040865384615384616 0.04447115384615385
7 0.8100961538461539 0.4026442307692308 0.016826923076923076 0.02403846153846154
7 0.359375 0.06971153846153846 0.02403846153846154 0.014423076923076924
7 0.8509615384615384 0.6177884615384616 0.03125 0.04326923076923077
1 0.828125 0.4495192307692308 0.037259615384615384 0.05889423076923077
1 0.9050480769230769 0.5192307692307693 0.038461538461538464 0.05048076923076923
1 0.020432692307692308 0.09375 0.02403846153846154 0.03365384615384615
1 0.11899038461538461 0.46875 0.019230769230769232 0.030048076923076924
1 0.07091346153846154 0.25600961538461536 0.05048076923076923 0.07091346153846154
7 0.21514423076923078 0.9026442307692307 0.020432692307692308 0.03485576923076923
1 0.6466346153846154 0.9158653846153846 0.07211538461538461 0.08774038461538461
1 0.19591346153846154 0.3161057692307692 0.020432692307692308 0.027644230769230768
1 0.11899038461538461 0.6105769230769231 0.04567307692307692 0.06009615384615385
7 0.7980769230769231 0.34375 0.030048076923076924 0.02403846153846154
1 0.6274038461538461 0.11298076923076923 0.019230769230769232 0.030048076923076924
1 0.5228365384615384 0.46274038461538464 0.02403846153846154 0.03365384615384615
1 0.12980769230769232 0.39663461538461536 0.027644230769230768 0.03245192307692308
7 0.7632211538461539 0.7608173076923077 0.03245192307692308 0.03245192307692308
7 0.5745192307692307 0.7572115384615384 0.08653846153846154 0.11177884615384616
1 0.9182692307692307 0.7632211538461539 0.0625 0.057692307692307696
1 0.2091346153846154 0.020432692307692308 0.0829326923076923 0.040865384615384616
7 0.9543269230769231 0.3798076923076923 0.09014423076923077 0.05048076923076923
7 0.6826923076923077 0.10576923076923077 0.04447115384615385 0.1346153846153846
1 0.13341346153846154 0.8581730769230769 0.02403846153846154 0.046875
7 0.6574519230769231 0.71875 0.027644230769230768 0.037259615384615384
7 0.5612980769230769 0.9519230769230769 0.03365384615384615 0.07451923076923077
1 0.5985576923076923 0.6105769230769231 0.037259615384615384 0.037259615384615384
1 0.6069711538461539 0.5216346153846154 0.020432692307692308 0.030048076923076924
1 0.33533653846153844 0.484375 0.030048076923076924 0.055288461538461536
