1 0.4326923076923077 0.02403846153846154 0.0889423076923077 0.04567307692307692
1 0.5180288461538461 0.4651442307692308 0.040865384615384616 0.04447115384615385
1 0.007211538461538462 0.7764423076923077 0.013221153846153846 0.021634615384615384
1 0.5060096153846154 0.19951923076923078 0.019230769230769232 0.027644230769230768
1 0.6454326923076923 0.47836538461538464 0.055288461538461536 0.078125
1 0.025240384615384616 0.7692307692307693 0.016826923076923076 0.03365384615384615
1 0.03245192307692308 0.7427884615384616 0.014423076923076924 0.019230769230769232
1 0.3629807692307692 0.5552884615384616 0.038461538461538464 0.06009615384615385
1 0.5721153846153846 0.014423076923076924 0.04807692307692308 0.027644230769230768
11 0.8665865384615384 0.5048076923076923 0.2668269230769231 0.6286057692307693
1 0.5240384615384616 0.6225961538461539 0.020432692307692308 0.026442307692307692
1 0.8245192307692307 0.18269230769230768 0.021634615384615384 0.03485576923076923
1 0.9326923076923077 0.1778846153846154 0.08653846153846154 0.09375
1 0.3798076923076923 0.3786057692307692 0.06610576923076923 0.109375
1 0.014423076923076924 0.6598557692307693 0.027644230769230768 0.039663461538461536
1 0.5300480769230769 0.41346153846153844 0.013221153846153846 0.018028846153846152
3 0.4326923076923077 0.37740384615384615 0.38461538461538464 0.5661057692307693
1 0.078125 0.328125 0.038461538461538464 0.0673076923076923
1 0.3269230769230769 0.65625 0.01201923076923077 0.019230769230769232
1 0.45552884615384615 0.3269230769230769 0.04807692307692308 0.06009615384615385
1 0.40865384615384615 0.0829326923076923 0.12259615384615384 0.06850961538461539
1 0.47836538461538464 0.5901442307692307 0.021634615384615384 0.026442307692307692
1 0.018028846153846152 0.8449519230769231 0.03485576923076923 0.06971153846153846
1 0.01201923076923077 0.7175480769230769 0.02403846153846154 0.05889423076923077
1 0.6814903846153846 0.5853365384615384 0.06370192307692307 0.09375
1 0.9338942307692307 0.25721153846153844 0.040865384615384616 0.03245192307692308
1 0.4338942307692308 0.9855769230769231 0.03365384615384615 0.026442307692307692
1 0.6887019230769231 0.19471153846153846 0.14423076923076922 0.22596153846153846
1 0.6009615384615384 0.9927884615384616 0.021634615384615384 0.01201923076923077
1 0.037259615384615384 0.3401442307692308 0.03365384615384615 0.0733173076923077
1 0.6069711538461539 0.6682692307692307 0.027644230769230768 0.03245192307692308
1 0.07091346153846154 0.734375 0.040865384615384616 0.04927884615384615
1 0.4230769230769231 0.6009615384615384 0.0889423076923077 0.07692307692307693
1 0.5360576923076923 0.051682692307692304 0.06490384615384616 0.10336538461538461
1 0.8882211538461539 0.7487980769230769 0.03125 0.03245192307692308
1 0.8557692307692307 0.055288461538461536 0.12860576923076922 0.10697115384615384
1 0.16706730769230768 0.7127403846153846 0.10096153846153846 0.078125
1 0.5817307692307693 0.04567307692307692 0.03485576923076923 0.028846153846153848
1 0.24759615384615385 0.8822115384615384 0.07211538461538461 0.11057692307692307
1 0.6322115384615384 0.8822115384615384 0.03485576923076923 0.04326923076923077
1 0.3401442307692308 0.014423076923076924 0.051682692307692304 0.027644230769230768
1 0.10096153846153846 0.7788461538461539 0.03125 0.038461538461538464
1 0.15264423076923078 0.15625 0.30528846153846156 0.3125
1 0.16826923076923078 0.6394230769230769 0.037259615384615384 0.028846153846153848
1 0.8028846153846154 0.9879807692307693 0.03245192307692308 0.019230769230769232
1 0.5048076923076923 0.16706730769230768 0.014423076923076924 0.02403846153846154
1 0.5396634615384616 0.2644230769230769 0.018028846153846152 0.019230769230769232
1 0.4362980769230769 0.16826923076923078 0.0625 0.055288461538461536
1 0.020432692307692308 0.23557692307692307 0.040865384615384616 0.02283653846153846
1 0.3233173076923077 0.625 0.03125 0.02403846153846154
1 0.2403846153846154 0.609375 0.04927884615384615 0.10576923076923077
1 0.9615384615384616 0.06971153846153846 0.07692307692307693 0.12139423076923077
1 0.8665865384615384 0.1971153846153846 0.027644230769230768 0.05889423076923077
1 0.15985576923076922 0.4411057692307692 0.13942307692307693 0.20673076923076922
1 0.06850961538461539 0.5625 0.13701923076923078 0.26322115384615385
1 0.7163461538461539 0.5228365384615384 0.02283653846153846 0.021634615384615384
1 0.45552884615384615 0.48677884615384615 0.018028846153846152 0.02403846153846154
1 0.140625 0.01201923076923077 0.04447115384615385 0.02283653846153846
1 0.2764423076923077 0.9867788461538461 0.020432692307692308 0.02403846153846154
1 0.5072115384615384 0.3161057692307692 0.037259615384615384 0.04567307692307692
1 0.49278846153846156 0.07211538461538461 0.013221153846153846 0.030048076923076924
1 0.9122596153846154 0.8473557692307693 0.026442307692307692 0.027644230769230768
1 0.4375 0.3557692307692308 0.027644230769230768 0.038461538461538464
1 0.35336538461538464 0.7091346153846154 0.028846153846153848 0.036057692307692304
1 0.4050480769230769 0.6526442307692307 0.04447115384615385 0.051682692307692304
1 0.21153846153846154 0.7560096153846154 0.020432692307692308 0.018028846153846152
1 0.4723557692307692 0.4110576923076923 0.056490384615384616 0.078125
1 0.9903846153846154 0.8774038461538461 0.019230769230769232 0.027644230769230768
1 0.7608173076923077 0.039663461538461536 0.04326923076923077 0.07451923076923077
1 0.32091346153846156 0.7139423076923077 0.016826923076923076 0.027644230769230768
1 0.6201923076923077 0.016826923076923076 0.025240384615384616 0.03365384615384615
1 0.41586538461538464 0.3173076923076923 0.02403846153846154 0.027644230769230768
1 0.27283653846153844 0.35336538461538464 0.15745192307692307 0.19110576923076922
1 0.15745192307692307 0.5925480769230769 0.030048076923076924 0.027644230769230768
1 0.4963942307692308 0.6862980769230769 0.019230769230769232 0.018028846153846152
1 0.03365384615384615 0.7091346153846154 0.019230769230769232 0.036057692307692304
0 0.5985576923076923 0.6021634615384616 0.125 0.09134615384615384
1 0.18990384615384615 0.025240384615384616 0.04567307692307692 0.04807692307692308
1 0.3293269230769231 0.47115384615384615 0.12379807692307693 0.07451923076923077
1 0.33533653846153844 0.5817307692307693 0.018028846153846152 0.027644230769230768
1 0.0673076923076923 0.43990384615384615 0.02403846153846154 0.027644230769230768
1 0.5733173076923077 0.38221153846153844 0.016826923076923076 0.019230769230769232
1 0.8617788461538461 0.7319711538461539 0.037259615384615384 0.054086538461538464
1 0.8449519230769231 0.9879807692307693 0.028846153846153848 0.021634615384615384
1 0.7307692307692307 0.625 0.038461538461538464 0.054086538461538464
1 0.4182692307692308 0.2548076923076923 0.2127403846153846 0.109375
1 0.7463942307692307 0.5288461538461539 0.018028846153846152 0.02283653846153846
1 0.3858173076923077 0.9699519230769231 0.03485576923076923 0.042067307692307696
