1 0.7463942307692307 0.9002403846153846 0.02403846153846154 0.03245192307692308
7 0.16466346153846154 0.08173076923076923 0.07211538461538461 0.16346153846153846
7 0.09495192307692307 0.9579326923076923 0.07692307692307693 0.08052884615384616
1 0.7644230769230769 0.5697115384615384 0.027644230769230768 0.027644230769230768
7 0.31490384615384615 0.5745192307692307 0.21754807692307693 0.06971153846153846
1 0.21754807692307693 0.8221153846153846 0.040865384615384616 0.05048076923076923
7 0.2848557692307692 0.20673076923076922 0.3605769230769231 0.28846153846153844
7 0.8930288461538461 0.25721153846153844 0.21394230769230768 0.10216346153846154
0 0.8509615384615384 0.8185096153846154 0.2980769230769231 0.3557692307692308
7 0.6622596153846154 0.18028846153846154 0.10336538461538461 0.06850961538461539
5 0.9362980769230769 0.0733173076923077 0.12740384615384615 0.1466346153846154
1 0.07091346153846154 0.14543269230769232 0.03365384615384615 0.046875
1 0.8257211538461539 0.5240384615384616 0.051682692307692304 0.09615384615384616
1 0.29086538461538464 0.7548076923076923 0.021634615384615384 0.028846153846153848
1 0.13942307692307693 0.4567307692307692 0.027644230769230768 0.036057692307692304
7 0.2980769230769231 0.3293269230769231 0.0889423076923077 0.29447115384615385
7 0.9314903846153846 0.1622596153846154 0.13701923076923078 0.171875
7 0.027644230769230768 0.5625 0.037259615384615384 0.07451923076923077
10 0.4266826923076923 0.6622596153846154 0.5096153846153846 0.15264423076923078
7 0.22115384615384615 0.18990384615384615 0.4423076923076923 0.3762019230769231
7 0.042067307692307696 0.6153846153846154 0.028846153846153848 0.055288461538461536
7 0.8942307692307693 0.5048076923076923 0.02403846153846154 0.07211538461538461
7 0.5961538461538461 0.27403846153846156 0.41586538461538464 0.3942307692307692
1 0.6286057692307693 0.8112980769230769 0.06610576923076923 0.09014423076923077
7 0.5420673076923077 0.375 0.19110576923076922 0.125
1 0.43509615384615385 0.8822115384615384 0.03485576923076923 0.03245192307692308
1 0.9350961538461539 0.5288461538461539 0.03245192307692308 0.04447115384615385
7 0.5649038461538461 0.8221153846153846 0.12860576923076922 0.35096153846153844
0 0.6346153846153846 0.6754807692307693 0.040865384615384616 0.040865384615384616
1 0.640625 0.5841346153846154 0.030048076923076924 0.027644230769230768
7 0.4651442307692308 0.46634615384615385 0.04567307692307692 0.15625
1 0.054086538461538464 0.7427884615384616 0.027644230769230768 0.04447115384615385
7 0.18269230769230768 0.08653846153846154 0.2956730769230769 0.17307692307692307
7 0.49278846153846156 0.8088942307692307 0.0673076923076923 0.3786057692307692
7 0.9735576923076923 0.3293269230769231 0.052884615384615384 0.052884615384615384
