1 0.9230769230769231 0.8858173076923077 0.037259615384615384 0.04326923076923077
1 0.3605769230769231 0.3942307692307692 0.040865384615384616 0.037259615384615384
0 0.6466346153846154 0.6838942307692307 0.03125 0.05889423076923077
1 0.16346153846153846 0.08533653846153846 0.06850961538461539 0.10216346153846154
7 0.9663461538461539 0.35216346153846156 0.0673076923076923 0.17548076923076922
1 0.28365384615384615 0.3713942307692308 0.03125 0.040865384615384616
7 0.6442307692307693 0.3701923076923077 0.0733173076923077 0.12860576923076922
0 0.4206730769230769 0.8605769230769231 0.8401442307692307 0.2776442307692308
1 0.13341346153846154 0.5432692307692307 0.06370192307692307 0.056490384615384616
1 0.21514423076923078 0.1502403846153846 0.02403846153846154 0.03485576923076923
1 0.234375 0.7860576923076923 0.03485576923076923 0.04326923076923077
1 0.8629807692307693 0.7704326923076923 0.04807692307692308 0.08052884615384616
1 0.7536057692307693 0.5036057692307693 0.018028846153846152 0.038461538461538464
1 0.953125 0.5661057692307693 0.04447115384615385 0.054086538461538464
7 0.04447115384615385 0.03365384615384615 0.057692307692307696 0.06490384615384616
1 0.7884615384615384 0.7403846153846154 0.020432692307692308 0.028846153846153848
7 0.11778846153846154 0.4423076923076923 0.16706730769230768 0.3389423076923077
10 0.5 0.46634615384615385 0.28125 0.5324519230769231
1 0.07451923076923077 0.4855769230769231 0.025240384615384616 0.02283653846153846
7 0.7980769230769231 0.2620192307692308 0.4026442307692308 0.15745192307692307
1 0.5901442307692307 0.9423076923076923 0.025240384615384616 0.04326923076923077
7 0.4495192307692308 0.6947115384615384 0.23557692307692307 0.41947115384615385
1 0.6971153846153846 0.6286057692307693 0.02403846153846154 0.03485576923076923
7 0.4735576923076923 0.29927884615384615 0.15625 0.18629807692307693
1 0.12740384615384615 0.11899038461538461 0.028846153846153848 0.036057692307692304
7 0.7463942307692307 0.38461538461538464 0.17427884615384615 0.10216346153846154
7 0.703125 0.12620192307692307 0.05889423076923077 0.25
1 0.0733173076923077 0.06610576923076923 0.020432692307692308 0.027644230769230768
7 0.6045673076923077 0.08653846153846154 0.20072115384615385 0.16947115384615385
1 0.4326923076923077 0.042067307692307696 0.03125 0.038461538461538464
1 0.7824519230769231 0.6105769230769231 0.038461538461538464 0.046875
7 0.2824519230769231 0.055288461538461536 0.019230769230769232 0.06610576923076923
1 0.5564903846153846 0.7980769230769231 0.03245192307692308 0.040865384615384616
1 0.9783653846153846 0.12740384615384615 0.04326923076923077 0.04927884615384615
7 0.7043269230769231 0.06610576923076923 0.33413461538461536 0.09014423076923077
7 0.7536057692307693 0.027644230769230768 0.29086538461538464 0.051682692307692304
