1 0.17908653846153846 0.9651442307692307 0.07692307692307693 0.06490384615384616
1 0.4879807692307692 0.9399038461538461 0.07211538461538461 0.0673076923076923
1 0.8305288461538461 0.4254807692307692 0.037259615384615384 0.04447115384615385
1 0.8870192307692307 0.5552884615384616 0.027644230769230768 0.03365384615384615
1 0.9375 0.06610576923076923 0.125 0.12259615384615384
1 0.7379807692307693 0.546875 0.04807692307692308 0.07692307692307693
1 0.9459134615384616 0.7211538461538461 0.10697115384615384 0.23798076923076922
1 0.5372596153846154 0.20192307692307693 0.06009615384615385 0.08173076923076923
1 0.6153846153846154 0.13942307692307693 0.09254807692307693 0.20192307692307693
1 0.016826923076923076 0.953125 0.03365384615384615 0.0889423076923077
1 0.09014423076923077 0.8377403846153846 0.0985576923076923 0.2920673076923077
1 0.19591346153846154 0.11658653846153846 0.31971153846153844 0.23076923076923078
1 0.8425480769230769 0.109375 0.2980769230769231 0.18269230769230768
1 0.5012019230769231 0.3245192307692308 0.07932692307692307 0.08653846153846154
1 0.4543269230769231 0.10216346153846154 0.09975961538461539 0.1346153846153846
1 0.9435096153846154 0.5276442307692307 0.025240384615384616 0.03245192307692308
1 0.46033653846153844 0.4326923076923077 0.09014423076923077 0.15985576923076922
1 0.6682692307692307 0.02403846153846154 0.025240384615384616 0.03365384615384615
1 0.9579326923076923 0.2439903846153846 0.07692307692307693 0.06610576923076923
1 0.8449519230769231 0.6550480769230769 0.06971153846153846 0.08653846153846154
6 0.47475961538461536 0.7127403846153846 0.6490384615384616 0.39663461538461536
1 0.7307692307692307 0.8978365384615384 0.3557692307692308 0.19951923076923078
1 0.9807692307692307 0.3449519230769231 0.03365384615384615 0.04927884615384615
1 0.8317307692307693 0.7572115384615384 0.05889423076923077 0.08052884615384616
1 0.8713942307692307 0.3737980769230769 0.040865384615384616 0.04927884615384615
1 0.8245192307692307 0.5336538461538461 0.07692307692307693 0.10697115384615384
1 0.5588942307692307 0.027644230769230768 0.10817307692307693 0.055288461538461536
1 0.6538461538461539 0.38221153846153844 0.24879807692307693 0.3317307692307692
1 0.33653846153846156 0.9507211538461539 0.10817307692307693 0.06971153846153846
1 0.1875 0.4254807692307692 0.375 0.38341346153846156
