1 0.8954326923076923 0.78125 0.025240384615384616 0.05048076923076923
1 0.875 0.038461538461538464 0.052884615384615384 0.05889423076923077
0 0.38822115384615385 0.23317307692307693 0.12860576923076922 0.09735576923076923
1 0.671875 0.40024038461538464 0.025240384615384616 0.019230769230769232
1 0.30288461538461536 0.6899038461538461 0.025240384615384616 0.03245192307692308
0 0.59375 0.28966346153846156 0.03365384615384615 0.039663461538461536
0 0.2247596153846154 0.140625 0.021634615384615384 0.027644230769230768
1 0.8701923076923077 0.78125 0.016826923076923076 0.03245192307692308
1 0.6947115384615384 0.9771634615384616 0.016826923076923076 0.03245192307692308
1 0.018028846153846152 0.7584134615384616 0.03485576923076923 0.09014423076923077
1 0.9338942307692307 0.25721153846153844 0.020432692307692308 0.02283653846153846
0 0.6935096153846154 0.13701923076923078 0.03365384615384615 0.040865384615384616
1 0.6742788461538461 0.9891826923076923 0.021634615384615384 0.021634615384615384
1 0.8125 0.1466346153846154 0.037259615384615384 0.04567307692307692
1 0.7800480769230769 0.5324519230769231 0.06850961538461539 0.09134615384615384
1 0.6802884615384616 0.8197115384615384 0.054086538461538464 0.10096153846153846
1 0.8209134615384616 0.9543269230769231 0.0829326923076923 0.0889423076923077
1 0.9050480769230769 0.18028846153846154 0.06129807692307692 0.06129807692307692
1 0.09735576923076923 0.7692307692307693 0.019230769230769232 0.03485576923076923
1 0.2620192307692308 0.7019230769230769 0.03125 0.042067307692307696
0 0.6201923076923077 0.2668269230769231 0.03485576923076923 0.040865384615384616
1 0.055288461538461536 0.953125 0.010817307692307692 0.03125
1 0.44591346153846156 0.6033653846153846 0.020432692307692308 0.021634615384615384
0 0.6298076923076923 0.21875 0.14423076923076922 0.06370192307692307
0 0.1971153846153846 0.375 0.06490384615384616 0.028846153846153848
1 0.4855769230769231 0.9675480769230769 0.027644230769230768 0.03365384615384615
1 0.1875 0.9639423076923077 0.02403846153846154 0.039663461538461536
1 0.13942307692307693 0.9699519230769231 0.052884615384615384 0.05889423076923077
1 0.7524038461538461 0.6141826923076923 0.05889423076923077 0.06490384615384616
0 0.7487980769230769 0.3076923076923077 0.040865384615384616 0.055288461538461536
1 0.15384615384615385 0.8076923076923077 0.021634615384615384 0.03245192307692308
1 0.5204326923076923 0.1201923076923077 0.06490384615384616 0.09735576923076923
0 0.7223557692307693 0.234375 0.04807692307692308 0.09134615384615384
1 0.14903846153846154 0.7572115384615384 0.02403846153846154 0.03485576923076923
0 0.14783653846153846 0.34134615384615385 0.037259615384615384 0.028846153846153848
1 0.5552884615384616 0.078125 0.038461538461538464 0.056490384615384616
1 0.046875 0.65625 0.01201923076923077 0.03485576923076923
1 0.6442307692307693 0.3076923076923077 0.04567307692307692 0.07451923076923077
1 0.5408653846153846 0.8882211538461539 0.016826923076923076 0.019230769230769232
1 0.8040865384615384 0.6682692307692307 0.030048076923076924 0.027644230769230768
1 0.796875 0.019230769230769232 0.037259615384615384 0.03245192307692308
1 0.39783653846153844 0.1778846153846154 0.027644230769230768 0.04567307692307692
2 0.5817307692307693 0.6875 0.03485576923076923 0.23197115384615385
1 0.8004807692307693 0.4675480769230769 0.016826923076923076 0.018028846153846152
1 0.9567307692307693 0.34615384615384615 0.03365384615384615 0.04447115384615385
0 0.04807692307692308 0.1346153846153846 0.09615384615384616 0.14423076923076922
1 0.19591346153846154 0.8641826923076923 0.03485576923076923 0.04927884615384615
1 0.9639423076923077 0.1622596153846154 0.04807692307692308 0.056490384615384616
11 0.40024038461538464 0.08173076923076923 0.22115384615384615 0.16105769230769232
1 0.5264423076923077 0.5817307692307693 0.040865384615384616 0.06971153846153846
1 0.07692307692307693 0.8689903846153846 0.018028846153846152 0.026442307692307692
1 0.3401442307692308 0.6274038461538461 0.01201923076923077 0.015625
1 0.8509615384615384 0.6045673076923077 0.03485576923076923 0.056490384615384616
1 0.8317307692307693 0.8497596153846154 0.06850961538461539 0.09014423076923077
1 0.9290865384615384 0.3269230769230769 0.020432692307692308 0.03485576923076923
1 0.9459134615384616 0.44711538461538464 0.016826923076923076 0.039663461538461536
1 0.8605769230769231 0.7415865384615384 0.026442307692307692 0.040865384615384616
0 0.6923076923076923 0.3449519230769231 0.02283653846153846 0.026442307692307692
1 0.43149038461538464 0.6911057692307693 0.05889423076923077 0.054086538461538464
1 0.3870192307692308 0.8269230769230769 0.03365384615384615 0.04326923076923077
0 0.578125 0.32091346153846156 0.02283653846153846 0.027644230769230768
1 0.6947115384615384 0.0673076923076923 0.02403846153846154 0.027644230769230768
1 0.9795673076923077 0.28365384615384615 0.040865384615384616 0.08052884615384616
1 0.22115384615384615 0.8125 0.0829326923076923 0.07451923076923077
0 0.4855769230769231 0.9375 0.052884615384615384 0.040865384615384616
1 0.31971153846153844 0.6201923076923077 0.019230769230769232 0.018028846153846152
1 0.9134615384615384 0.03125 0.021634615384615384 0.030048076923076924
1 0.9819711538461539 0.828125 0.03485576923076923 0.05048076923076923
1 0.1201923076923077 0.7019230769230769 0.025240384615384616 0.026442307692307692
1 0.6334134615384616 0.6057692307692307 0.030048076923076924 0.027644230769230768
1 0.9927884615384616 0.6346153846153846 0.013221153846153846 0.03125
1 0.7896634615384616 0.08173076923076923 0.037259615384615384 0.054086538461538464
1 0.010817307692307692 0.42788461538461536 0.021634615384615384 0.06009615384615385
1 0.8149038461538461 0.42788461538461536 0.026442307692307692 0.046875
1 0.46033653846153844 0.9699519230769231 0.019230769230769232 0.02283653846153846
1 0.03485576923076923 0.5865384615384616 0.06850961538461539 0.06490384615384616
1 0.07451923076923077 0.7127403846153846 0.013221153846153846 0.018028846153846152
4 0.9146634615384616 0.6574519230769231 0.042067307692307696 0.06490384615384616
1 0.3401442307692308 0.5384615384615384 0.04567307692307692 0.09134615384615384
1 0.036057692307692304 0.5132211538461539 0.021634615384615384 0.03485576923076923
0 0.6129807692307693 0.31850961538461536 0.02403846153846154 0.04326923076923077
0 0.2644230769230769 0.15745192307692307 0.036057692307692304 0.046875
2 0.10576923076923077 0.4723557692307692 0.09735576923076923 0.12860576923076922
1 0.6021634615384616 0.4050480769230769 0.020432692307692308 0.03245192307692308
0 0.7139423076923077 0.328125 0.038461538461538464 0.051682692307692304
0 0.49038461538461536 0.17548076923076922 0.020432692307692308 0.018028846153846152
0 0.6394230769230769 0.09014423076923077 0.05889423076923077 0.18028846153846154
0 0.7055288461538461 0.10216346153846154 0.02403846153846154 0.02283653846153846
1 0.3425480769230769 0.7848557692307693 0.02403846153846154 0.055288461538461536
1 0.43149038461538464 0.8016826923076923 0.052884615384615384 0.08173076923076923
0 0.33413461538461536 0.35096153846153844 0.11778846153846154 0.04447115384615385
0 0.40625 0.96875 0.08774038461538461 0.06009615384615385
3 0.3713942307692308 0.4543269230769231 0.1466346153846154 0.0829326923076923
1 0.5817307692307693 0.9675480769230769 0.026442307692307692 0.027644230769230768
1 0.9170673076923077 0.22716346153846154 0.016826923076923076 0.03245192307692308
1 0.006009615384615385 0.5396634615384616 0.01201923076923077 0.02283653846153846
1 0.46033653846153844 0.21754807692307693 0.018028846153846152 0.02403846153846154
1 0.21514423076923078 0.9639423076923077 0.027644230769230768 0.03125
0 0.030048076923076924 0.052884615384615384 0.016826923076923076 0.027644230769230768
1 0.09134615384615384 0.8233173076923077 0.02283653846153846 0.026442307692307692
1 0.4230769230769231 0.7379807692307693 0.02403846153846154 0.04567307692307692
1 0.13822115384615385 0.12620192307692307 0.06610576923076923 0.09735576923076923
2 0.9663461538461539 0.8882211538461539 0.0673076923076923 0.12980769230769232
1 0.49158653846153844 0.6057692307692307 0.021634615384615384 0.026442307692307692
0 0.09495192307692307 0.04927884615384615 0.025240384615384616 0.04807692307692308
1 0.3798076923076923 0.8774038461538461 0.021634615384615384 0.03245192307692308
1 0.6875 0.5300480769230769 0.037259615384615384 0.05889423076923077
1 0.65625 0.7007211538461539 0.027644230769230768 0.03125
1 0.6298076923076923 0.5072115384615384 0.014423076923076924 0.019230769230769232
1 0.9795673076923077 0.47836538461538464 0.038461538461538464 0.0733173076923077
0 0.6838942307692307 0.008413461538461538 0.036057692307692304 0.016826923076923076
1 0.5853365384615384 0.5204326923076923 0.051682692307692304 0.05889423076923077
1 0.03485576923076923 0.8557692307692307 0.021634615384615384 0.06129807692307692
0 0.23918269230769232 0.2247596153846154 0.15504807692307693 0.11298076923076923
1 0.6466346153846154 0.7764423076923077 0.028846153846153848 0.03485576923076923
1 0.8605769230769231 0.7079326923076923 0.021634615384615384 0.019230769230769232
1 0.09735576923076923 0.609375 0.02403846153846154 0.04326923076923077
0 0.2620192307692308 0.31971153846153844 0.040865384615384616 0.04567307692307692
1 0.22235576923076922 0.8786057692307693 0.014423076923076924 0.03125
1 0.5 0.6526442307692307 0.027644230769230768 0.042067307692307696
1 0.008413461538461538 0.008413461538461538 0.016826923076923076 0.016826923076923076
0 0.4963942307692308 0.3125 0.027644230769230768 0.040865384615384616
1 0.9951923076923077 0.5180288461538461 0.009615384615384616 0.02283653846153846
1 0.6370192307692307 0.9411057692307693 0.040865384615384616 0.03365384615384615
1 0.07932692307692307 0.9447115384615384 0.020432692307692308 0.03485576923076923
1 0.24158653846153846 0.052884615384615384 0.02283653846153846 0.027644230769230768
1 0.036057692307692304 0.9495192307692307 0.038461538461538464 0.0985576923076923
1 0.3786057692307692 0.6298076923076923 0.04567307692307692 0.08653846153846154
1 0.6478365384615384 0.5528846153846154 0.01201923076923077 0.02283653846153846
1 0.8677884615384616 0.18269230769230768 0.027644230769230768 0.036057692307692304
1 0.984375 0.042067307692307696 0.030048076923076924 0.038461538461538464
1 0.020432692307692308 0.8798076923076923 0.021634615384615384 0.036057692307692304
1 0.11899038461538461 0.9290865384615384 0.013221153846153846 0.019230769230769232
1 0.9146634615384616 0.8786057692307693 0.042067307692307696 0.06009615384615385
1 0.24879807692307693 0.6117788461538461 0.03365384615384615 0.05889423076923077
0 0.6646634615384616 0.24158653846153846 0.2644230769230769 0.3076923076923077
0 0.6862980769230769 0.2848557692307692 0.038461538461538464 0.055288461538461536
1 0.2932692307692308 0.5901442307692307 0.030048076923076924 0.07692307692307693
2 0.2439903846153846 0.31009615384615385 0.4879807692307692 0.11298076923076923
1 0.3317307692307692 0.9651442307692307 0.02283653846153846 0.030048076923076924
0 0.5456730769230769 0.27884615384615385 0.09254807692307693 0.20793269230769232
1 0.6478365384615384 0.8966346153846154 0.020432692307692308 0.037259615384615384
1 0.29447115384615385 0.7548076923076923 0.036057692307692304 0.06129807692307692
0 0.5985576923076923 0.1201923076923077 0.02403846153846154 0.03245192307692308
