1 0.3112980769230769 0.84375 0.025240384615384616 0.042067307692307696
1 0.16947115384615385 0.02283653846153846 0.018028846153846152 0.019230769230769232
1 0.45072115384615385 0.6694711538461539 0.014423076923076924 0.027644230769230768
1 0.08533653846153846 0.13581730769230768 0.16947115384615385 0.265625
1 0.3449519230769231 0.20192307692307693 0.020432692307692308 0.02283653846153846
1 0.028846153846153848 0.8293269230769231 0.03485576923076923 0.036057692307692304
1 0.36658653846153844 0.8521634615384616 0.03245192307692308 0.028846153846153848
1 0.19831730769230768 0.5036057692307693 0.03365384615384615 0.04807692307692308
1 0.28846153846153844 0.2403846153846154 0.019230769230769232 0.027644230769230768
1 0.6959134615384616 0.3473557692307692 0.05889423076923077 0.054086538461538464
1 0.515625 0.6850961538461539 0.016826923076923076 0.019230769230769232
1 0.17668269230769232 0.9026442307692307 0.04326923076923077 0.07451923076923077
1 0.39903846153846156 0.7752403846153846 0.051682692307692304 0.08653846153846154
1 0.2800480769230769 0.9146634615384616 0.07692307692307693 0.08774038461538461
0 0.4254807692307692 0.4543269230769231 0.019230769230769232 0.028846153846153848
1 0.08413461538461539 0.3076923076923077 0.021634615384615384 0.021634615384615384
1 0.5961538461538461 0.6826923076923077 0.02403846153846154 0.021634615384615384
1 0.47716346153846156 0.3293269230769231 0.02403846153846154 0.02283653846153846
1 0.16466346153846154 0.7920673076923077 0.025240384615384616 0.046875
1 0.8810096153846154 0.5480769230769231 0.027644230769230768 0.05048076923076923
1 0.7295673076923077 0.19831730769230768 0.12740384615384615 0.1814903846153846
1 0.49038461538461536 0.671875 0.020432692307692308 0.036057692307692304
1 0.8365384615384616 0.578125 0.027644230769230768 0.02403846153846154
1 0.01201923076923077 0.2932692307692308 0.02403846153846154 0.036057692307692304
1 0.39783653846153844 0.44471153846153844 0.016826923076923076 0.03365384615384615
1 0.5805288461538461 0.6153846153846154 0.014423076923076924 0.026442307692307692
1 0.43149038461538464 0.6370192307692307 0.016826923076923076 0.03125
1 0.5408653846153846 0.24519230769230768 0.021634615384615384 0.040865384615384616
1 0.054086538461538464 0.9182692307692307 0.027644230769230768 0.037259615384615384
1 0.9134615384615384 0.8353365384615384 0.037259615384615384 0.05048076923076923
2 0.7127403846153846 0.06850961538461539 0.0733173076923077 0.1346153846153846
1 0.4699519230769231 0.27884615384615385 0.027644230769230768 0.03365384615384615
1 0.9050480769230769 0.3954326923076923 0.020432692307692308 0.03365384615384615
1 0.6033653846153846 0.14543269230769232 0.04567307692307692 0.0673076923076923
4 0.7439903846153846 0.5793269230769231 0.04567307692307692 0.05889423076923077
1 0.30649038461538464 0.6526442307692307 0.038461538461538464 0.04326923076923077
1 0.5420673076923077 0.36778846153846156 0.05889423076923077 0.04927884615384615
1 0.3713942307692308 0.7716346153846154 0.016826923076923076 0.019230769230769232
1 0.8064903846153846 0.9423076923076923 0.021634615384615384 0.03125
1 0.7247596153846154 0.7103365384615384 0.021634615384615384 0.028846153846153848
1 0.4723557692307692 0.5396634615384616 0.020432692307692308 0.019230769230769232
1 0.33653846153846156 0.8076923076923077 0.03245192307692308 0.019230769230769232
1 0.9146634615384616 0.12740384615384615 0.02403846153846154 0.03485576923076923
1 0.6045673076923077 0.3269230769230769 0.040865384615384616 0.046875
3 0.38341346153846156 0.33052884615384615 0.08413461538461539 0.04927884615384615
1 0.8918269230769231 0.3485576923076923 0.03125 0.04447115384615385
1 0.4519230769230769 0.609375 0.028846153846153848 0.03245192307692308
1 0.027644230769230768 0.9399038461538461 0.026442307692307692 0.027644230769230768
1 0.6598557692307693 0.5973557692307693 0.052884615384615384 0.08413461538461539
1 0.5048076923076923 0.5300480769230769 0.027644230769230768 0.05048076923076923
1 0.2668269230769231 0.8305288461538461 0.025240384615384616 0.054086538461538464
1 0.18028846153846154 0.234375 0.025240384615384616 0.027644230769230768
1 0.9747596153846154 0.8665865384615384 0.025240384615384616 0.036057692307692304
1 0.6105769230769231 0.46153846153846156 0.04447115384615385 0.05048076923076923
1 0.7223557692307693 0.8725961538461539 0.02403846153846154 0.03245192307692308
1 0.5072115384615384 0.25721153846153844 0.040865384615384616 0.04567307692307692
1 0.3713942307692308 0.20673076923076922 0.03365384615384615 0.03365384615384615
1 0.9326923076923077 0.5841346153846154 0.0625 0.07932692307692307
1 0.3894230769230769 0.36778846153846156 0.02403846153846154 0.03125
1 0.8677884615384616 0.8004807692307693 0.06971153846153846 0.125
1 0.8882211538461539 0.9783653846153846 0.040865384615384616 0.040865384615384616
1 0.08774038461538461 0.3293269230769231 0.03365384615384615 0.03485576923076923
1 0.6490384615384616 0.14543269230769232 0.04927884615384615 0.056490384615384616
1 0.7728365384615384 0.9915865384615384 0.03365384615384615 0.014423076923076924
2 0.29927884615384615 0.6923076923076923 0.09014423076923077 0.04567307692307692
1 0.24639423076923078 0.9603365384615384 0.03245192307692308 0.04326923076923077
1 0.10576923076923077 0.44591346153846156 0.026442307692307692 0.03485576923076923
1 0.33774038461538464 0.4483173076923077 0.02403846153846154 0.03365384615384615
1 0.15745192307692307 0.9639423076923077 0.03365384615384615 0.028846153846153848
1 0.5769230769230769 0.109375 0.016826923076923076 0.03485576923076923
1 0.4675480769230769 0.9194711538461539 0.12860576923076922 0.16105769230769232
1 0.6959134615384616 0.78125 0.06490384615384616 0.056490384615384616
1 0.28846153846153844 0.36899038461538464 0.028846153846153848 0.10336538461538461
1 0.8521634615384616 0.14423076923076922 0.026442307692307692 0.03245192307692308
1 0.5084134615384616 0.7223557692307693 0.018028846153846152 0.03365384615384615
1 0.9783653846153846 0.46634615384615385 0.030048076923076924 0.027644230769230768
1 0.9254807692307693 0.2932692307692308 0.019230769230769232 0.018028846153846152
1 0.765625 0.4567307692307692 0.03125 0.03485576923076923
1 0.9399038461538461 0.41346153846153844 0.03245192307692308 0.03125
2 0.10096153846153846 0.47115384615384615 0.20192307692307693 0.34615384615384615
1 0.5540865384615384 0.4266826923076923 0.01201923076923077 0.014423076923076924
1 0.15865384615384615 0.4098557692307692 0.038461538461538464 0.051682692307692304
2 0.9747596153846154 0.21153846153846154 0.05048076923076923 0.2536057692307692
1 0.31490384615384615 0.5420673076923077 0.02403846153846154 0.027644230769230768
1 0.6826923076923077 0.9891826923076923 0.037259615384615384 0.019230769230769232
1 0.07451923076923077 0.4074519230769231 0.03125 0.08173076923076923
8 0.6586538461538461 0.7103365384615384 0.18028846153846154 0.5793269230769231
1 0.5360576923076923 0.45552884615384615 0.016826923076923076 0.027644230769230768
1 0.5757211538461539 0.38221153846153844 0.016826923076923076 0.021634615384615384
1 0.33653846153846156 0.578125 0.040865384615384616 0.04567307692307692
1 0.17427884615384615 0.2956730769230769 0.03365384615384615 0.04567307692307692
1 0.5829326923076923 0.5661057692307693 0.036057692307692304 0.06610576923076923
1 0.10697115384615384 0.90625 0.037259615384615384 0.05048076923076923
1 0.2644230769230769 0.33774038461538464 0.01201923076923077 0.014423076923076924
1 0.22355769230769232 0.4074519230769231 0.05889423076923077 0.07211538461538461
1 0.9603365384615384 0.9242788461538461 0.03245192307692308 0.027644230769230768
1 0.3425480769230769 0.24158653846153846 0.03485576923076923 0.027644230769230768
1 0.3713942307692308 0.6346153846153846 0.040865384615384616 0.06129807692307692
1 0.9915865384615384 0.03125 0.016826923076923076 0.0625
1 0.13942307692307693 0.31971153846153844 0.027644230769230768 0.038461538461538464
1 0.8557692307692307 0.04927884615384615 0.030048076923076924 0.037259615384615384
1 0.46153846153846156 0.37740384615384615 0.010817307692307692 0.010817307692307692
1 0.8990384615384616 0.7091346153846154 0.038461538461538464 0.046875
1 0.22596153846153846 0.9038461538461539 0.016826923076923076 0.03125
1 0.7764423076923077 0.8834134615384616 0.019230769230769232 0.02283653846153846
1 0.8509615384615384 0.6466346153846154 0.019230769230769232 0.02283653846153846
1 0.8088942307692307 0.5072115384615384 0.042067307692307696 0.0673076923076923
1 0.2608173076923077 0.7536057692307693 0.052884615384615384 0.07091346153846154
1 0.75 0.9447115384615384 0.03365384615384615 0.04447115384615385
1 0.04447115384615385 0.5216346153846154 0.016826923076923076 0.030048076923076924
1 0.23197115384615385 0.046875 0.04567307692307692 0.036057692307692304
1 0.23798076923076922 0.203125 0.056490384615384616 0.10697115384615384
1 0.203125 0.9783653846153846 0.055288461538461536 0.040865384615384616
1 0.44350961538461536 0.7103365384615384 0.038461538461538464 0.028846153846153848
1 0.640625 0.07572115384615384 0.04807692307692308 0.055288461538461536
1 0.042067307692307696 0.18509615384615385 0.08413461538461539 0.12620192307692307
1 0.1935096153846154 0.11057692307692307 0.03245192307692308 0.04326923076923077
1 0.8449519230769231 0.5096153846153846 0.018028846153846152 0.036057692307692304
1 0.18389423076923078 0.8353365384615384 0.03485576923076923 0.05048076923076923
1 0.5685096153846154 0.30288461538461536 0.020432692307692308 0.019230769230769232
1 0.6598557692307693 0.9411057692307693 0.05048076923076923 0.03125
1 0.31009615384615385 0.11778846153846154 0.09014423076923077 0.13701923076923078
1 0.2776442307692308 0.5492788461538461 0.04447115384615385 0.042067307692307696
1 0.04447115384615385 0.6911057692307693 0.07572115384615384 0.07451923076923077
1 0.7908653846153846 0.5865384615384616 0.025240384615384616 0.03485576923076923
1 0.054086538461538464 0.9651442307692307 0.027644230769230768 0.05889423076923077
1 0.9447115384615384 0.038461538461538464 0.03365384615384615 0.0733173076923077
1 0.39663461538461536 0.6935096153846154 0.01201923076923077 0.019230769230769232
11 0.4579326923076923 0.0985576923076923 0.24759615384615385 0.1971153846153846
1 0.43509615384615385 0.30408653846153844 0.03245192307692308 0.0889423076923077
1 0.07091346153846154 0.5889423076923077 0.042067307692307696 0.039663461538461536
1 0.5276442307692307 0.6045673076923077 0.038461538461538464 0.042067307692307696
1 0.16826923076923078 0.052884615384615384 0.016826923076923076 0.019230769230769232
1 0.5649038461538461 0.9555288461538461 0.056490384615384616 0.07932692307692307
1 0.10817307692307693 0.6742788461538461 0.05889423076923077 0.08413461538461539
1 0.5985576923076923 0.640625 0.02403846153846154 0.04326923076923077
1 0.6225961538461539 0.8112980769230769 0.030048076923076924 0.02283653846153846
1 0.9699519230769231 0.7572115384615384 0.06009615384615385 0.11538461538461539
1 0.38341346153846156 0.8125 0.020432692307692308 0.05048076923076923
1 0.27884615384615385 0.953125 0.019230769230769232 0.021634615384615384
1 0.4326923076923077 0.7920673076923077 0.020432692307692308 0.021634615384615384
1 0.6959134615384616 0.6875 0.10697115384615384 0.12379807692307693
1 0.6057692307692307 0.2536057692307692 0.03245192307692308 0.04326923076923077
1 0.9375 0.375 0.02403846153846154 0.037259615384615384
1 0.41466346153846156 0.4855769230769231 0.02403846153846154 0.019230769230769232
1 0.7740384615384616 0.7572115384615384 0.021634615384615384 0.03365384615384615
1 0.3293269230769231 0.7439903846153846 0.06129807692307692 0.055288461538461536
1 0.7463942307692307 0.890625 0.01201923076923077 0.039663461538461536
1 0.7956730769230769 0.7283653846153846 0.021634615384615384 0.02403846153846154
1 0.22355769230769232 0.5625 0.056490384615384616 0.05889423076923077
1 0.21995192307692307 0.3137019230769231 0.07451923076923077 0.057692307692307696
1 0.8040865384615384 0.04807692307692308 0.07572115384615384 0.0889423076923077
1 0.9459134615384616 0.3137019230769231 0.009615384615384616 0.03365384615384615
1 0.11298076923076923 0.8401442307692307 0.016826923076923076 0.021634615384615384
1 0.5204326923076923 0.7848557692307693 0.021634615384615384 0.03365384615384615
1 0.8052884615384616 0.34375 0.0733173076923077 0.057692307692307696
1 0.29927884615384615 0.6057692307692307 0.021634615384615384 0.036057692307692304
1 0.9879807692307693 0.9615384615384616 0.02403846153846154 0.07451923076923077
1 0.2403846153846154 0.4651442307692308 0.016826923076923076 0.039663461538461536
1 0.5649038461538461 0.4050480769230769 0.014423076923076924 0.021634615384615384
1 0.6237980769230769 0.38461538461538464 0.026442307692307692 0.027644230769230768
1 0.7235576923076923 0.5372596153846154 0.03485576923076923 0.036057692307692304
1 0.28846153846153844 0.026442307692307692 0.027644230769230768 0.04447115384615385
1 0.9555288461538461 0.9771634615384616 0.03125 0.037259615384615384
1 0.2439903846153846 0.5048076923076923 0.027644230769230768 0.036057692307692304
1 0.13341346153846154 0.5649038461538461 0.055288461538461536 0.08413461538461539
1 0.06610576923076923 0.2704326923076923 0.042067307692307696 0.04567307692307692
1 0.6370192307692307 0.28125 0.03365384615384615 0.03245192307692308
1 0.14783653846153846 0.6971153846153846 0.1875 0.18870192307692307
1 0.9723557692307693 0.4026442307692308 0.027644230769230768 0.06009615384615385
1 0.6334134615384616 0.7728365384615384 0.026442307692307692 0.06009615384615385
1 0.8557692307692307 0.6153846153846154 0.030048076923076924 0.03125
1 0.9891826923076923 0.5348557692307693 0.021634615384615384 0.0985576923076923
1 0.34615384615384615 0.5048076923076923 0.052884615384615384 0.06009615384615385
1 0.1502403846153846 0.9891826923076923 0.025240384615384616 0.019230769230769232
