1 0.6550480769230769 0.43028846153846156 0.056490384615384616 0.11177884615384616
1 0.33052884615384615 0.5949519230769231 0.1045673076923077 0.1346153846153846
1 0.8870192307692307 0.5192307692307693 0.11177884615384616 0.2283653846153846
1 0.1935096153846154 0.8677884615384616 0.3858173076923077 0.25961538461538464
1 0.6201923076923077 0.9807692307692307 0.06850961538461539 0.03485576923076923
1 0.921875 0.7860576923076923 0.06129807692307692 0.11899038461538461
1 0.9483173076923077 0.42788461538461536 0.10336538461538461 0.30408653846153844
1 0.28846153846153844 0.7427884615384616 0.06610576923076923 0.08653846153846154
1 0.8449519230769231 0.20072115384615385 0.31009615384615385 0.4014423076923077
1 0.48197115384615385 0.9158653846153846 0.17307692307692307 0.14903846153846154
1 0.44350961538461536 0.8353365384615384 0.04927884615384615 0.04326923076923077
1 0.6213942307692307 0.5600961538461539 0.04807692307692308 0.05889423076923077
1 0.6682692307692307 0.6045673076923077 0.08173076923076923 0.06490384615384616
1 0.7271634615384616 0.7752403846153846 0.22596153846153846 0.23557692307692307
1 0.8810096153846154 0.6947115384615384 0.07451923076923077 0.11899038461538461
1 0.6117788461538461 0.9074519230769231 0.057692307692307696 0.09735576923076923
1 0.3918269230769231 0.6935096153846154 0.06370192307692307 0.07451923076923077
1 0.23918269230769232 0.4723557692307692 0.051682692307692304 0.08173076923076923
1 0.41225961538461536 0.7836538461538461 0.057692307692307696 0.06129807692307692
1 0.7740384615384616 0.9375 0.15865384615384615 0.12139423076923077
1 0.23197115384615385 0.6057692307692307 0.10336538461538461 0.09735576923076923
1 0.6370192307692307 0.30408653846153844 0.07211538461538461 0.08653846153846154
1 0.2776442307692308 0.36177884615384615 0.5552884615384616 0.71875
1 0.515625 0.5709134615384616 0.23317307692307693 0.5240384615384616
1 0.5805288461538461 0.30528846153846156 0.03125 0.057692307692307696
1 0.9411057692307693 0.6358173076923077 0.04807692307692308 0.0829326923076923
1 0.3473557692307692 0.42427884615384615 0.1346153846153846 0.12379807692307693
1 0.38822115384615385 0.5264423076923077 0.07211538461538461 0.07091346153846154
1 0.0829326923076923 0.08653846153846154 0.1658653846153846 0.171875
