1 0.3870192307692308 0.8149038461538461 0.014423076923076924 0.027644230769230768
1 0.8088942307692307 0.9627403846153846 0.027644230769230768 0.027644230769230768
1 0.015625 0.3557692307692308 0.03125 0.038461538461538464
1 0.20072115384615385 0.5444711538461539 0.21875 0.33413461538461536
1 0.8810096153846154 0.2704326923076923 0.052884615384615384 0.07451923076923077
1 0.6923076923076923 0.4074519230769231 0.026442307692307692 0.027644230769230768
1 0.7127403846153846 0.4567307692307692 0.04326923076923077 0.055288461538461536
1 0.7463942307692307 0.953125 0.08413461538461539 0.09014423076923077
1 0.7283653846153846 0.25 0.018028846153846152 0.028846153846153848
1 0.6634615384615384 0.2439903846153846 0.02403846153846154 0.03365384615384615
1 0.9014423076923077 0.7007211538461539 0.07692307692307693 0.109375
1 0.8389423076923077 0.9050480769230769 0.03245192307692308 0.04326923076923077
1 0.9663461538461539 0.3545673076923077 0.02283653846153846 0.026442307692307692
1 0.7283653846153846 0.6490384615384616 0.021634615384615384 0.03245192307692308
1 0.9375 0.15504807692307693 0.038461538461538464 0.051682692307692304
1 0.5685096153846154 0.49158653846153844 0.056490384615384616 0.09615384615384616
1 0.07091346153846154 0.7151442307692307 0.016826923076923076 0.027644230769230768
1 0.9098557692307693 0.6069711538461539 0.020432692307692308 0.027644230769230768
7 0.8978365384615384 0.43028846153846156 0.04567307692307692 0.1622596153846154
1 0.11298076923076923 0.039663461538461536 0.02403846153846154 0.05889423076923077
1 0.5084134615384616 0.203125 0.02283653846153846 0.02283653846153846
1 0.546875 0.12740384615384615 0.020432692307692308 0.06370192307692307
10 0.4026442307692308 0.4987980769230769 0.2848557692307692 0.9951923076923077
1 0.06971153846153846 0.8677884615384616 0.08413461538461539 0.12139423076923077
1 0.6213942307692307 0.5132211538461539 0.04807692307692308 0.040865384615384616
1 0.28846153846153844 0.30288461538461536 0.08413461538461539 0.12860576923076922
1 0.07572115384615384 0.5949519230769231 0.051682692307692304 0.06971153846153846
