1 0.4266826923076923 0.7427884615384616 0.06850961538461539 0.051682692307692304
1 0.6286057692307693 0.12620192307692307 0.026442307692307692 0.03485576923076923
1 0.8329326923076923 0.5721153846153846 0.038461538461538464 0.042067307692307696
4 0.27524038461538464 0.6105769230769231 0.014423076923076924 0.02403846153846154
1 0.7019230769230769 0.2247596153846154 0.027644230769230768 0.051682692307692304
1 0.09615384615384616 0.8725961538461539 0.025240384615384616 0.039663461538461536
1 0.021634615384615384 0.44471153846153844 0.042067307692307696 0.11538461538461539
1 0.875 0.7283653846153846 0.04447115384615385 0.04326923076923077
0 0.4891826923076923 0.6129807692307693 0.07451923076923077 0.09735576923076923
1 0.6706730769230769 0.8353365384615384 0.07451923076923077 0.11177884615384616
1 0.3016826923076923 0.8677884615384616 0.03125 0.04326923076923077
1 0.9447115384615384 0.31971153846153844 0.028846153846153848 0.040865384615384616
1 0.9098557692307693 0.06490384615384616 0.0889423076923077 0.12980769230769232
4 0.17548076923076922 0.48677884615384615 0.019230769230769232 0.027644230769230768
1 0.5540865384615384 0.7896634615384616 0.07451923076923077 0.10576923076923077
4 0.055288461538461536 0.4651442307692308 0.025240384615384616 0.03365384615384615
0 0.4182692307692308 0.3317307692307692 0.06971153846153846 0.08052884615384616
0 0.36899038461538464 0.23798076923076922 0.09735576923076923 0.06370192307692307
1 0.9459134615384616 0.7872596153846154 0.016826923076923076 0.027644230769230768
1 0.25 0.11538461538461539 0.12860576923076922 0.20192307692307693
4 0.8978365384615384 0.3858173076923077 0.02403846153846154 0.03485576923076923
1 0.6706730769230769 0.6574519230769231 0.09735576923076923 0.21754807692307693
1 0.9014423076923077 0.20192307692307693 0.02283653846153846 0.056490384615384616
1 0.8798076923076923 0.8774038461538461 0.040865384615384616 0.078125
1 0.23918269230769232 0.4795673076923077 0.055288461538461536 0.040865384615384616
0 0.5 0.48197115384615385 0.04447115384615385 0.057692307692307696
1 0.6286057692307693 0.07692307692307693 0.03125 0.040865384615384616
1 0.9543269230769231 0.054086538461538464 0.052884615384615384 0.06490384615384616
4 0.9290865384615384 0.13701923076923078 0.026442307692307692 0.027644230769230768
1 0.19951923076923078 0.2692307692307692 0.06610576923076923 0.06610576923076923
4 0.8786057692307693 0.23798076923076922 0.027644230769230768 0.037259615384615384
4 0.9819711538461539 0.7776442307692307 0.028846153846153848 0.04447115384615385
4 0.11778846153846154 0.5600961538461539 0.021634615384615384 0.03245192307692308
1 0.9651442307692307 0.15384615384615385 0.04447115384615385 0.038461538461538464
1 0.1502403846153846 0.7548076923076923 0.04567307692307692 0.06490384615384616
1 0.9831730769230769 0.26802884615384615 0.03365384615384615 0.042067307692307696
0 0.27163461538461536 0.34375 0.027644230769230768 0.038461538461538464
1 0.06490384615384616 0.5564903846153846 0.11298076923076923 0.15625
0 0.4495192307692308 0.4495192307692308 0.038461538461538464 0.038461538461538464
1 0.203125 0.5216346153846154 0.030048076923076924 0.042067307692307696
1 0.01201923076923077 0.6899038461538461 0.02403846153846154 0.04807692307692308
1 0.052884615384615384 0.65625 0.030048076923076924 0.03125
1 0.6754807692307693 0.9723557692307693 0.05889423076923077 0.054086538461538464
1 0.28725961538461536 0.43509615384615385 0.038461538461538464 0.04326923076923077
1 0.7487980769230769 0.6586538461538461 0.04807692307692308 0.054086538461538464
1 0.796875 0.5024038461538461 0.11538461538461539 0.10216346153846154
1 0.7824519230769231 0.8605769230769231 0.02403846153846154 0.026442307692307692
1 0.23197115384615385 0.7199519230769231 0.036057692307692304 0.054086538461538464
4 0.8834134615384616 0.02283653846153846 0.027644230769230768 0.038461538461538464
1 0.5408653846153846 0.9134615384615384 0.019230769230769232 0.04447115384615385
0 0.875 0.41586538461538464 0.025240384615384616 0.04447115384615385
1 0.7079326923076923 0.09615384615384616 0.04567307692307692 0.06850961538461539
1 0.7463942307692307 0.75 0.014423076923076924 0.02283653846153846
1 0.6322115384615384 0.1935096153846154 0.019230769230769232 0.021634615384615384
1 0.06971153846153846 0.8677884615384616 0.014423076923076924 0.02403846153846154
1 0.14783653846153846 0.9230769230769231 0.038461538461538464 0.054086538461538464
4 0.21033653846153846 0.9278846153846154 0.04807692307692308 0.055288461538461536
1 0.9819711538461539 0.859375 0.03485576923076923 0.054086538461538464
1 0.9314903846153846 0.6370192307692307 0.13701923076923078 0.24879807692307693
0 0.7475961538461539 0.5096153846153846 0.027644230769230768 0.036057692307692304
1 0.15985576923076922 0.6117788461538461 0.036057692307692304 0.027644230769230768
1 0.9723557692307693 0.421875 0.02403846153846154 0.028846153846153848
1 0.1310096153846154 0.48197115384615385 0.07932692307692307 0.08413461538461539
1 0.05048076923076923 0.021634615384615384 0.014423076923076924 0.021634615384615384
1 0.007211538461538462 0.6334134615384616 0.013221153846153846 0.019230769230769232
1 0.3894230769230769 0.9915865384615384 0.019230769230769232 0.016826923076923076
1 0.2800480769230769 0.7860576923076923 0.02403846153846154 0.0829326923076923
1 0.6418269230769231 0.7572115384615384 0.052884615384615384 0.05889423076923077
1 0.33533653846153844 0.8725961538461539 0.030048076923076924 0.02403846153846154
1 0.7692307692307693 0.6009615384615384 0.013221153846153846 0.018028846153846152
4 0.3425480769230769 0.9350961538461539 0.02403846153846154 0.027644230769230768
4 0.796875 0.20673076923076922 0.03485576923076923 0.056490384615384616
1 0.44350961538461536 0.7752403846153846 0.025240384615384616 0.026442307692307692
4 0.6334134615384616 0.9194711538461539 0.025240384615384616 0.03125
1 0.34375 0.6622596153846154 0.03125 0.040865384615384616
0 0.5528846153846154 0.40024038461538464 0.15144230769230768 0.12620192307692307
4 0.13822115384615385 0.27163461538461536 0.013221153846153846 0.019230769230769232
1 0.8329326923076923 0.6358173076923077 0.07692307692307693 0.0733173076923077
1 0.013221153846153846 0.09975961538461539 0.026442307692307692 0.037259615384615384
0 0.5877403846153846 0.7920673076923077 0.016826923076923076 0.06490384615384616
4 0.49278846153846156 0.9675480769230769 0.020432692307692308 0.027644230769230768
1 0.7932692307692307 0.31971153846153844 0.17307692307692307 0.16105769230769232
1 0.07692307692307693 0.038461538461538464 0.021634615384615384 0.021634615384615384
1 0.17307692307692307 0.18028846153846154 0.0625 0.11658653846153846
1 0.9471153846153846 0.39663461538461536 0.038461538461538464 0.09615384615384616
4 0.10576923076923077 0.6322115384615384 0.025240384615384616 0.036057692307692304
1 0.25 0.3173076923076923 0.051682692307692304 0.12860576923076922
1 0.27524038461538464 0.6875 0.037259615384615384 0.03365384615384615
4 0.515625 0.9471153846153846 0.025240384615384616 0.036057692307692304
1 0.08653846153846154 0.009615384615384616 0.013221153846153846 0.016826923076923076
1 0.15384615384615385 0.078125 0.11298076923076923 0.08173076923076923
1 0.07211538461538461 0.07211538461538461 0.014423076923076924 0.019230769230769232
1 0.1201923076923077 0.16466346153846154 0.04567307692307692 0.0889423076923077
1 0.04326923076923077 0.38221153846153844 0.027644230769230768 0.03245192307692308
1 0.7752403846153846 0.054086538461538464 0.055288461538461536 0.07451923076923077
4 0.18028846153846154 0.6478365384615384 0.028846153846153848 0.03245192307692308
4 0.5961538461538461 0.9122596153846154 0.028846153846153848 0.040865384615384616
1 0.9519230769230769 0.4543269230769231 0.03125 0.03245192307692308
1 0.8317307692307693 0.24639423076923078 0.040865384615384616 0.05048076923076923
1 0.2620192307692308 0.8389423076923077 0.013221153846153846 0.019230769230769232
1 0.9134615384615384 0.703125 0.027644230769230768 0.042067307692307696
1 0.042067307692307696 0.6923076923076923 0.028846153846153848 0.03485576923076923
1 0.8629807692307693 0.9543269230769231 0.1346153846153846 0.09134615384615384
1 0.125 0.921875 0.013221153846153846 0.02283653846153846
1 0.2439903846153846 0.53125 0.020432692307692308 0.03125
1 0.19591346153846154 0.8629807692307693 0.030048076923076924 0.054086538461538464
1 0.8100961538461539 0.7283653846153846 0.06610576923076923 0.09375
1 0.125 0.875 0.016826923076923076 0.02403846153846154
1 0.8125 0.8257211538461539 0.04567307692307692 0.027644230769230768
1 0.6213942307692307 0.23557692307692307 0.038461538461538464 0.06370192307692307
1 0.7199519230769231 0.18269230769230768 0.020432692307692308 0.03125
4 0.17548076923076922 0.7211538461538461 0.016826923076923076 0.02283653846153846
1 0.8233173076923077 0.44350961538461536 0.03365384615384615 0.07451923076923077
1 0.609375 0.15625 0.030048076923076924 0.05048076923076923
0 0.35216346153846156 0.35216346153846156 0.14182692307692307 0.12139423076923077
1 0.3317307692307692 0.7043269230769231 0.04927884615384615 0.06490384615384616
1 0.5240384615384616 0.8786057692307693 0.014423076923076924 0.040865384615384616
4 0.6610576923076923 0.9278846153846154 0.030048076923076924 0.036057692307692304
1 0.5540865384615384 0.8665865384615384 0.026442307692307692 0.040865384615384616
1 0.7199519230769231 0.9939903846153846 0.021634615384615384 0.01201923076923077
1 0.7572115384615384 0.5673076923076923 0.06850961538461539 0.037259615384615384
1 0.38341346153846156 0.8822115384615384 0.0625 0.10096153846153846
1 0.22115384615384615 0.6394230769230769 0.05889423076923077 0.09375
1 0.8137019230769231 0.12860576923076922 0.08413461538461539 0.109375
1 0.9855769230769231 0.4639423076923077 0.028846153846153848 0.038461538461538464
4 0.35216346153846156 0.42788461538461536 0.030048076923076924 0.036057692307692304
1 0.7608173076923077 0.828125 0.051682692307692304 0.06610576923076923
4 0.9110576923076923 0.44471153846153844 0.04447115384615385 0.06009615384615385
1 0.6622596153846154 0.21995192307692307 0.03365384615384615 0.06610576923076923
1 0.07211538461538461 0.8064903846153846 0.042067307692307696 0.08173076923076923
1 0.890625 0.8245192307692307 0.020432692307692308 0.036057692307692304
0 0.6670673076923077 0.08774038461538461 0.051682692307692304 0.028846153846153848
1 0.22596153846153846 0.7836538461538461 0.019230769230769232 0.05048076923076923
1 0.8425480769230769 0.875 0.055288461538461536 0.06370192307692307
0 0.2536057692307692 0.2283653846153846 0.038461538461538464 0.030048076923076924
1 0.9615384615384616 0.22716346153846154 0.04447115384615385 0.04326923076923077
1 0.7139423076923077 0.7836538461538461 0.038461538461538464 0.03485576923076923
0 0.421875 0.39663461538461536 0.04326923076923077 0.06129807692307692
1 0.19831730769230768 0.75 0.03485576923076923 0.06370192307692307
1 0.9567307692307693 0.9447115384615384 0.025240384615384616 0.04326923076923077
1 0.6646634615384616 0.1045673076923077 0.021634615384615384 0.018028846153846152
1 0.12860576923076922 0.6298076923076923 0.02403846153846154 0.03125
4 0.9711538461538461 0.9699519230769231 0.03485576923076923 0.046875
1 0.5637019230769231 0.6213942307692307 0.07211538461538461 0.06370192307692307
0 0.45913461538461536 0.38461538461538464 0.03125 0.0673076923076923
1 0.1045673076923077 0.41346153846153844 0.02403846153846154 0.030048076923076924
11 0.4567307692307692 0.16947115384615385 0.2932692307692308 0.3389423076923077
1 0.625 0.9855769230769231 0.02403846153846154 0.028846153846153848
0 0.10216346153846154 0.09254807692307693 0.021634615384615384 0.03245192307692308
4 0.49158653846153844 0.9603365384615384 0.09975961538461539 0.078125
1 0.3401442307692308 0.8257211538461539 0.056490384615384616 0.046875
1 0.15625 0.35697115384615385 0.1502403846153846 0.14423076923076922
1 0.06971153846153846 0.7403846153846154 0.13942307692307693 0.16947115384615385
4 0.8317307692307693 0.7944711538461539 0.030048076923076924 0.038461538461538464
1 0.8016826923076923 0.5432692307692307 0.03125 0.040865384615384616
1 0.3473557692307692 0.9927884615384616 0.03485576923076923 0.014423076923076924
4 0.890625 0.421875 0.030048076923076924 0.036057692307692304
1 0.3233173076923077 0.765625 0.06610576923076923 0.06490384615384616
1 0.9795673076923077 0.32091346153846156 0.040865384615384616 0.05048076923076923
1 0.4519230769230769 0.640625 0.10817307692307693 0.12860576923076922
1 0.8461538461538461 0.53125 0.013221153846153846 0.019230769230769232
1 0.28125 0.9435096153846154 0.09134615384615384 0.11298076923076923
1 0.7067307692307693 0.036057692307692304 0.04447115384615385 0.04567307692307692
1 0.9951923076923077 0.4254807692307692 0.009615384615384616 0.02403846153846154
0 0.1466346153846154 0.026442307692307692 0.027644230769230768 0.03245192307692308
1 0.4639423076923077 0.8858173076923077 0.09735576923076923 0.14783653846153846
1 0.30649038461538464 0.6117788461538461 0.040865384615384616 0.04567307692307692
1 0.5973557692307693 0.9519230769230769 0.025240384615384616 0.03125
0 0.5805288461538461 0.9831730769230769 0.037259615384615384 0.03365384615384615
1 0.5949519230769231 0.07692307692307693 0.037259615384615384 0.03485576923076923
1 0.7584134615384616 0.9266826923076923 0.07211538461538461 0.09254807692307693
4 0.9759615384615384 0.38221153846153844 0.027644230769230768 0.03485576923076923
4 0.30288461538461536 0.546875 0.036057692307692304 0.05048076923076923
1 0.9242788461538461 0.8870192307692307 0.05889423076923077 0.09735576923076923
1 0.01201923076923077 0.3389423076923077 0.02403846153846154 0.03245192307692308
1 0.8521634615384616 0.7764423076923077 0.026442307692307692 0.03245192307692308
0 0.9639423076923077 0.47475961538461536 0.016826923076923076 0.030048076923076924
1 0.5588942307692307 0.6971153846153846 0.10096153846153846 0.08413461538461539
1 0.9447115384615384 0.27524038461538464 0.03245192307692308 0.054086538461538464
1 0.390625 0.953125 0.026442307692307692 0.046875
0 0.375 0.39783653846153844 0.038461538461538464 0.054086538461538464
0 0.6346153846153846 0.421875 0.15384615384615385 0.2776442307692308
0 0.7259615384615384 0.43990384615384615 0.021634615384615384 0.037259615384615384
1 0.15985576923076922 0.8725961538461539 0.06850961538461539 0.09735576923076923
1 0.140625 0.5625 0.026442307692307692 0.055288461538461536
1 0.47475961538461536 0.7355769230769231 0.027644230769230768 0.046875
1 0.027644230769230768 0.9182692307692307 0.055288461538461536 0.16346153846153846
4 0.9423076923076923 0.515625 0.06370192307692307 0.055288461538461536
0 0.8665865384615384 0.2956730769230769 0.025240384615384616 0.03485576923076923
0 0.7451923076923077 0.25721153846153844 0.020432692307692308 0.02403846153846154
1 0.9242788461538461 0.7920673076923077 0.03365384615384615 0.0733173076923077
1 0.9026442307692307 0.29086538461538464 0.054086538461538464 0.12860576923076922
1 0.9194711538461539 0.1658653846153846 0.021634615384615384 0.027644230769230768
0 0.8497596153846154 0.38461538461538464 0.02403846153846154 0.02403846153846154
4 0.7788461538461539 0.7235576923076923 0.02403846153846154 0.026442307692307692
4 0.7283653846153846 0.9411057692307693 0.02403846153846154 0.03485576923076923
0 0.8762019230769231 0.4879807692307692 0.03245192307692308 0.051682692307692304
0 0.7391826923076923 0.04927884615384615 0.019230769230769232 0.027644230769230768
1 0.9891826923076923 0.03365384615384615 0.021634615384615384 0.0673076923076923
1 0.2956730769230769 0.25961538461538464 0.04447115384615385 0.07932692307692307
1 0.013221153846153846 0.03485576923076923 0.026442307692307692 0.06971153846153846
1 0.37740384615384615 0.6081730769230769 0.027644230769230768 0.02283653846153846
0 0.7704326923076923 0.44471153846153844 0.03125 0.03125
1 0.057692307692307696 0.2091346153846154 0.11538461538461539 0.17067307692307693
1 0.7716346153846154 0.9855769230769231 0.036057692307692304 0.028846153846153848
