1 0.8365384615384616 0.24158653846153846 0.019230769230769232 0.027644230769230768
1 0.27283653846153844 0.8990384615384616 0.020432692307692308 0.03125
1 0.9543269230769231 0.6069711538461539 0.021634615384615384 0.038461538461538464
1 0.2536057692307692 0.9651442307692307 0.06129807692307692 0.051682692307692304
1 0.90625 0.4423076923076923 0.014423076923076924 0.021634615384615384
0 0.9675480769230769 0.9086538461538461 0.06490384615384616 0.18269230769230768
0 0.15384615384615385 0.5120192307692307 0.11057692307692307 0.21394230769230768
4 0.9711538461538461 0.7896634615384616 0.027644230769230768 0.027644230769230768
1 0.625 0.8076923076923077 0.06610576923076923 0.06490384615384616
1 0.5637019230769231 0.7548076923076923 0.03125 0.026442307692307692
0 0.7487980769230769 0.25961538461538464 0.038461538461538464 0.051682692307692304
0 0.056490384615384616 0.35697115384615385 0.0733173076923077 0.11057692307692307
1 0.8040865384615384 0.9002403846153846 0.04807692307692308 0.06610576923076923
1 0.5480769230769231 0.7884615384615384 0.02403846153846154 0.03125
1 0.33653846153846156 0.32572115384615385 0.027644230769230768 0.04447115384615385
0 0.47115384615384615 0.6766826923076923 0.21514423076923078 0.17908653846153846
1 0.25841346153846156 0.3293269230769231 0.03485576923076923 0.04447115384615385
0 0.9663461538461539 0.7427884615384616 0.06610576923076923 0.09735576923076923
1 0.9242788461538461 0.7764423076923077 0.055288461538461536 0.078125
1 0.11538461538461539 0.265625 0.036057692307692304 0.04567307692307692
0 0.2848557692307692 0.5865384615384616 0.042067307692307696 0.109375
1 0.01201923076923077 0.29927884615384615 0.02403846153846154 0.06971153846153846
1 0.02283653846153846 0.9831730769230769 0.04447115384615385 0.03125
1 0.9603365384615384 0.4387019230769231 0.020432692307692308 0.019230769230769232
1 0.953125 0.11298076923076923 0.014423076923076924 0.021634615384615384
1 0.17908653846153846 0.07692307692307693 0.020432692307692308 0.021634615384615384
1 0.44471153846153844 0.5072115384615384 0.11658653846153846 0.1466346153846154
1 0.6995192307692307 0.36177884615384615 0.027644230769230768 0.028846153846153848
1 0.03485576923076923 0.6610576923076923 0.027644230769230768 0.03485576923076923
0 0.6790865384615384 0.5048076923076923 0.3112980769230769 0.1658653846153846
3 0.5264423076923077 0.453125 0.75 0.7127403846153846
0 0.2283653846153846 0.24278846153846154 0.06971153846153846 0.15384615384615385
1 0.8774038461538461 0.29927884615384615 0.02283653846153846 0.046875
1 0.2860576923076923 0.30408653846153844 0.018028846153846152 0.05889423076923077
1 0.28966346153846156 0.8112980769230769 0.056490384615384616 0.06370192307692307
0 0.6310096153846154 0.33653846153846156 0.10697115384615384 0.13701923076923078
1 0.2860576923076923 0.9375 0.016826923076923076 0.030048076923076924
2 0.24879807692307693 0.7620192307692307 0.49759615384615385 0.46634615384615385
1 0.6838942307692307 0.8197115384615384 0.018028846153846152 0.02403846153846154
1 0.42427884615384615 0.34975961538461536 0.054086538461538464 0.0829326923076923
1 0.8930288461538461 0.9098557692307693 0.08413461538461539 0.06610576923076923
1 0.22716346153846154 0.3858173076923077 0.03485576923076923 0.04927884615384615
1 0.34975961538461536 0.5120192307692307 0.038461538461538464 0.036057692307692304
0 0.7427884615384616 0.7560096153846154 0.32211538461538464 0.3161057692307692
1 0.32091346153846156 0.007211538461538462 0.03245192307692308 0.013221153846153846
0 0.09735576923076923 0.7800480769230769 0.1935096153846154 0.16947115384615385
0 0.6033653846153846 0.1502403846153846 0.13942307692307693 0.125
1 0.7439903846153846 0.9519230769230769 0.019230769230769232 0.027644230769230768
1 0.27283653846153844 0.07091346153846154 0.03485576923076923 0.03245192307692308
1 0.6045673076923077 0.7572115384615384 0.040865384615384616 0.028846153846153848
1 0.027644230769230768 0.8653846153846154 0.042067307692307696 0.02403846153846154
1 0.984375 0.3786057692307692 0.02403846153846154 0.046875
2 0.5096153846153846 0.8774038461538461 0.1466346153846154 0.13581730769230768
1 0.7992788461538461 0.33052884615384615 0.027644230769230768 0.03245192307692308
1 0.0625 0.09014423076923077 0.027644230769230768 0.040865384615384616
1 0.7319711538461539 0.3870192307692308 0.013221153846153846 0.019230769230769232
1 0.5552884615384616 0.22956730769230768 0.057692307692307696 0.056490384615384616
1 0.4951923076923077 0.25721153846153844 0.018028846153846152 0.046875
4 0.5817307692307693 0.8990384615384616 0.03485576923076923 0.04807692307692308
0 0.4074519230769231 0.21875 0.13701923076923078 0.1141826923076923
1 0.11658653846153846 0.15384615384615385 0.07932692307692307 0.05048076923076923
0 0.7415865384615384 0.4519230769230769 0.08173076923076923 0.11057692307692307
1 0.9567307692307693 0.29447115384615385 0.019230769230769232 0.019230769230769232
1 0.3401442307692308 0.41225961538461536 0.04807692307692308 0.078125
1 0.4879807692307692 0.039663461538461536 0.040865384615384616 0.03485576923076923
1 0.6069711538461539 0.9663461538461539 0.036057692307692304 0.04326923076923077
1 0.3870192307692308 0.5877403846153846 0.027644230769230768 0.03245192307692308
1 0.890625 0.09735576923076923 0.02283653846153846 0.03245192307692308
1 0.8665865384615384 0.44471153846153844 0.018028846153846152 0.037259615384615384
0 0.3641826923076923 0.9026442307692307 0.12379807692307693 0.18870192307692307
1 0.8545673076923077 0.07932692307692307 0.02403846153846154 0.028846153846153848
0 0.7259615384615384 0.0673076923076923 0.16826923076923078 0.13221153846153846
1 0.43509615384615385 0.625 0.040865384615384616 0.03245192307692308
1 0.5721153846153846 0.31490384615384615 0.040865384615384616 0.06490384615384616
1 0.8942307692307693 0.3870192307692308 0.03365384615384615 0.06370192307692307
1 0.8401442307692307 0.9735576923076923 0.03125 0.05048076923076923
1 0.234375 0.8882211538461539 0.038461538461538464 0.04326923076923077
