1 0.2764423076923077 0.07211538461538461 0.06129807692307692 0.09254807692307693
4 0.24278846153846154 0.22596153846153846 0.08173076923076923 0.09975961538461539
1 0.18509615384615385 0.07211538461538461 0.04807692307692308 0.08173076923076923
1 0.15985576923076922 0.34134615384615385 0.056490384615384616 0.08052884615384616
1 0.4735576923076923 0.4879807692307692 0.08413461538461539 0.12980769230769232
1 0.30408653846153844 0.21754807692307693 0.052884615384615384 0.06129807692307692
1 0.8185096153846154 0.41947115384615385 0.13581730769230768 0.1971153846153846
1 0.24759615384615385 0.6923076923076923 0.09254807692307693 0.10096153846153846
1 0.6959134615384616 0.7572115384615384 0.051682692307692304 0.07091346153846154
1 0.8774038461538461 0.8665865384615384 0.24519230769230768 0.2620192307692308
1 0.3425480769230769 0.5132211538461539 0.040865384615384616 0.04807692307692308
1 0.33653846153846156 0.3004807692307692 0.09014423076923077 0.13701923076923078
1 0.6069711538461539 0.2704326923076923 0.03365384615384615 0.06490384615384616
4 0.5036057692307693 0.3245192307692308 0.05889423076923077 0.07451923076923077
1 0.08173076923076923 0.06971153846153846 0.16346153846153846 0.13822115384615385
1 0.3713942307692308 0.057692307692307696 0.1310096153846154 0.11177884615384616
1 0.8173076923076923 0.16826923076923078 0.36538461538461536 0.3329326923076923
1 0.037259615384615384 0.515625 0.055288461538461536 0.2512019230769231
1 0.30288461538461536 0.13942307692307693 0.040865384615384616 0.036057692307692304
1 0.4411057692307692 0.8413461538461539 0.2920673076923077 0.31490384615384615
1 0.7716346153846154 0.7223557692307693 0.07932692307692307 0.0889423076923077
4 0.0889423076923077 0.36658653846153844 0.06490384615384616 0.078125
1 0.03125 0.25721153846153844 0.06129807692307692 0.1310096153846154
1 0.3918269230769231 0.15264423076923078 0.12379807692307693 0.0673076923076923
1 0.5180288461538461 0.21153846153846154 0.1346153846153846 0.171875
1 0.6790865384615384 0.5757211538461539 0.11778846153846154 0.22716346153846154
1 0.1045673076923077 0.8810096153846154 0.15745192307692307 0.23076923076923078
1 0.4110576923076923 0.49759615384615385 0.038461538461538464 0.06009615384615385
1 0.2668269230769231 0.8918269230769231 0.18389423076923078 0.21153846153846154
1 0.5625 0.7728365384615384 0.14302884615384615 0.23918269230769232
10 0.4651442307692308 0.5516826923076923 0.9302884615384616 0.8533653846153846
1 0.171875 0.5144230769230769 0.25600961538461536 0.30649038461538464
1 0.11298076923076923 0.2439903846153846 0.07211538461538461 0.12259615384615384
4 0.2704326923076923 0.5709134615384616 0.10336538461538461 0.13942307692307693
1 0.17548076923076922 0.734375 0.02403846153846154 0.03485576923076923
1 0.4675480769230769 0.6442307692307693 0.04807692307692308 0.057692307692307696
1 0.2283653846153846 0.038461538461538464 0.03485576923076923 0.038461538461538464
1 0.027644230769230768 0.8317307692307693 0.055288461538461536 0.2403846153846154
1 0.23798076923076922 0.11298076923076923 0.040865384615384616 0.03245192307692308
1 0.9651442307692307 0.40024038461538464 0.06850961538461539 0.16105769230769232
1 0.014423076923076924 0.6490384615384616 0.027644230769230768 0.10216346153846154
1 0.4483173076923077 0.08173076923076923 0.021634615384615384 0.051682692307692304
1 0.7704326923076923 0.5817307692307693 0.052884615384615384 0.17548076923076922
1 0.9158653846153846 0.5276442307692307 0.16826923076923078 0.3942307692307692
1 0.390625 0.5456730769230769 0.040865384615384616 0.05048076923076923
1 0.6622596153846154 0.8918269230769231 0.16346153846153846 0.20793269230769232
1 0.8425480769230769 0.6454326923076923 0.09975961538461539 0.19471153846153846
1 0.6935096153846154 0.4026442307692308 0.12139423076923077 0.14302884615384615
1 0.546875 0.06490384615384616 0.1778846153846154 0.12980769230769232
1 0.8016826923076923 0.9627403846153846 0.11538461538461539 0.07091346153846154
1 0.24278846153846154 0.3125 0.11057692307692307 0.07451923076923077
1 0.4723557692307692 0.5769230769230769 0.05048076923076923 0.042067307692307696
1 0.6382211538461539 0.17307692307692307 0.08774038461538461 0.08413461538461539
1 0.13581730769230768 0.7572115384615384 0.06850961538461539 0.06971153846153846
1 0.3473557692307692 0.4098557692307692 0.10096153846153846 0.08413461538461539
1 0.4338942307692308 0.375 0.04567307692307692 0.05889423076923077
1 0.5889423076923077 0.4495192307692308 0.08052884615384616 0.16947115384615385
1 0.3762019230769231 0.6430288461538461 0.09254807692307693 0.07932692307692307
1 0.17548076923076922 0.2403846153846154 0.06009615384615385 0.09735576923076923
4 0.6598557692307693 0.9651442307692307 0.05889423076923077 0.06610576923076923
1 0.8810096153846154 0.038461538461538464 0.08413461538461539 0.0733173076923077
1 0.09495192307692307 0.6862980769230769 0.10096153846153846 0.10096153846153846
