4 0.8197115384615384 0.7800480769230769 0.06129807692307692 0.0829326923076923
1 0.36778846153846156 0.9194711538461539 0.0985576923076923 0.13822115384615385
1 0.14423076923076922 0.9459134615384616 0.04326923076923077 0.08052884615384616
1 0.1814903846153846 0.625 0.14302884615384615 0.07451923076923077
1 0.31971153846153844 0.7704326923076923 0.06490384615384616 0.109375
1 0.7067307692307693 0.49158653846153844 0.09014423076923077 0.12980769230769232
1 0.9338942307692307 0.020432692307692308 0.07932692307692307 0.040865384615384616
4 0.20793269230769232 0.11057692307692307 0.014423076923076924 0.038461538461538464
1 0.9567307692307693 0.5625 0.025240384615384616 0.055288461538461536
1 0.039663461538461536 0.2091346153846154 0.037259615384615384 0.04927884615384615
1 0.8810096153846154 0.9423076923076923 0.23798076923076922 0.11177884615384616
1 0.7415865384615384 0.2620192307692308 0.21033653846153846 0.5240384615384616
1 0.75 0.5721153846153846 0.02403846153846154 0.06370192307692307
2 0.84375 0.21754807692307693 0.18870192307692307 0.34615384615384615
4 0.43028846153846156 0.8870192307692307 0.03365384615384615 0.12860576923076922
1 0.7055288461538461 0.9314903846153846 0.06610576923076923 0.07451923076923077
1 0.5576923076923077 0.859375 0.21394230769230768 0.2776442307692308
1 0.9855769230769231 0.5793269230769231 0.027644230769230768 0.2091346153846154
4 0.6538461538461539 0.7475961538461539 0.05048076923076923 0.0829326923076923
1 0.09254807692307693 0.39903846153846156 0.09735576923076923 0.1141826923076923
1 0.7319711538461539 0.640625 0.10697115384615384 0.09735576923076923
1 0.9254807692307693 0.23677884615384615 0.06129807692307692 0.11658653846153846
4 0.9735576923076923 0.3389423076923077 0.052884615384615384 0.07451923076923077
1 0.7223557692307693 0.7668269230769231 0.08052884615384616 0.12259615384615384
1 0.609375 0.19230769230769232 0.07211538461538461 0.06850961538461539
1 0.6610576923076923 0.5865384615384616 0.03125 0.03125
1 0.6237980769230769 0.6574519230769231 0.07692307692307693 0.08774038461538461
1 0.08173076923076923 0.2824519230769231 0.07572115384615384 0.06850961538461539
4 0.7427884615384616 0.44471153846153844 0.04447115384615385 0.036057692307692304
1 0.36778846153846156 0.5649038461538461 0.07451923076923077 0.08774038461538461
1 0.009615384615384616 0.1778846153846154 0.019230769230769232 0.1201923076923077
1 0.2283653846153846 0.0673076923076923 0.09014423076923077 0.10336538461538461
1 0.8209134615384616 0.5697115384615384 0.11177884615384616 0.08774038461538461
4 0.7427884615384616 0.3473557692307692 0.028846153846153848 0.04567307692307692
1 0.3317307692307692 0.29086538461538464 0.4362980769230769 0.5817307692307693
4 0.18509615384615385 0.25961538461538464 0.040865384615384616 0.054086538461538464
1 0.12860576923076922 0.7740384615384616 0.25721153846153844 0.2932692307692308
1 0.9759615384615384 0.13701923076923078 0.04807692307692308 0.0673076923076923
1 0.5745192307692307 0.018028846153846152 0.12379807692307693 0.036057692307692304
1 0.9170673076923077 0.5048076923076923 0.09014423076923077 0.10336538461538461
1 0.84375 0.05048076923076923 0.055288461538461536 0.056490384615384616
1 0.0985576923076923 0.12980769230769232 0.038461538461538464 0.04326923076923077
1 0.5697115384615384 0.09495192307692307 0.04807692307692308 0.05048076923076923
1 0.014423076923076924 0.28725961538461536 0.027644230769230768 0.05889423076923077
4 0.6009615384615384 0.9519230769230769 0.03365384615384615 0.055288461538461536
1 0.9591346153846154 0.23197115384615385 0.08173076923076923 0.14423076923076922
1 0.06850961538461539 0.5564903846153846 0.10576923076923077 0.13942307692307693
1 0.14903846153846154 0.10697115384615384 0.06129807692307692 0.10216346153846154
1 0.05889423076923077 0.020432692307692308 0.11778846153846154 0.037259615384615384
1 0.46153846153846156 0.71875 0.22596153846153846 0.24158653846153846
1 0.7379807692307693 0.8713942307692307 0.06129807692307692 0.06009615384615385
1 0.26802884615384615 0.7536057692307693 0.038461538461538464 0.09735576923076923
4 0.5829326923076923 0.4050480769230769 0.06490384615384616 0.09134615384615384
1 0.10697115384615384 0.9038461538461539 0.027644230769230768 0.06009615384615385
1 0.8569711538461539 0.14302884615384615 0.03365384615384615 0.04807692307692308
1 0.2644230769230769 0.859375 0.052884615384615384 0.10576923076923077
1 0.2764423076923077 0.9723557692307693 0.1658653846153846 0.054086538461538464
1 0.7728365384615384 0.03365384615384615 0.08173076923076923 0.06490384615384616
1 0.6682692307692307 0.3954326923076923 0.04807692307692308 0.078125
1 0.5901442307692307 0.53125 0.12379807692307693 0.15625
1 0.8846153846153846 0.6430288461538461 0.10096153846153846 0.1310096153846154
1 0.6141826923076923 0.2776442307692308 0.10336538461538461 0.09975961538461539
1 0.859375 0.3786057692307692 0.08653846153846154 0.0829326923076923
1 0.9627403846153846 0.42908653846153844 0.055288461538461536 0.06971153846153846
1 0.7992788461538461 0.18269230769230768 0.0829326923076923 0.09615384615384616
1 0.13822115384615385 0.020432692307692308 0.026442307692307692 0.03485576923076923
4 0.7043269230769231 0.8245192307692307 0.036057692307692304 0.054086538461538464
1 0.5192307692307693 0.2848557692307692 0.055288461538461536 0.05048076923076923
1 0.43149038461538464 0.6057692307692307 0.07932692307692307 0.07091346153846154
1 0.3245192307692308 0.6742788461538461 0.07692307692307693 0.11177884615384616
1 0.8004807692307693 0.7211538461538461 0.08653846153846154 0.07451923076923077
1 0.8341346153846154 0.28966346153846156 0.04567307692307692 0.056490384615384616
1 0.04447115384615385 0.890625 0.0889423076923077 0.2091346153846154
1 0.9158653846153846 0.78125 0.11538461538461539 0.15264423076923078
1 0.9375 0.06370192307692307 0.04326923076923077 0.05048076923076923
