1 0.6334134615384616 0.8088942307692307 0.06971153846153846 0.16947115384615385
1 0.7427884615384616 0.4519230769230769 0.025240384615384616 0.02403846153846154
1 0.7199519230769231 0.06129807692307692 0.019230769230769232 0.036057692307692304
1 0.7992788461538461 0.13221153846153846 0.09014423076923077 0.13822115384615385
1 0.4891826923076923 0.8737980769230769 0.11298076923076923 0.19110576923076922
1 0.22716346153846154 0.21995192307692307 0.030048076923076924 0.036057692307692304
1 0.5841346153846154 0.11658653846153846 0.016826923076923076 0.027644230769230768
1 0.20673076923076922 0.2692307692307692 0.09375 0.09375
1 0.6394230769230769 0.2091346153846154 0.019230769230769232 0.026442307692307692
1 0.375 0.29447115384615385 0.1141826923076923 0.1814903846153846
1 0.9098557692307693 0.59375 0.037259615384615384 0.03125
1 0.009615384615384616 0.6754807692307693 0.019230769230769232 0.02403846153846154
1 0.29086538461538464 0.6526442307692307 0.10096153846153846 0.30649038461538464
1 0.36177884615384615 0.9375 0.07932692307692307 0.1201923076923077
1 0.21634615384615385 0.9074519230769231 0.019230769230769232 0.026442307692307692
1 0.39783653846153844 0.41586538461538464 0.020432692307692308 0.02283653846153846
1 0.4110576923076923 0.7692307692307693 0.018028846153846152 0.028846153846153848
1 0.4254807692307692 0.5625 0.025240384615384616 0.0733173076923077
1 0.19591346153846154 0.07692307692307693 0.09495192307692307 0.14903846153846154
1 0.6754807692307693 0.24158653846153846 0.016826923076923076 0.027644230769230768
1 0.43509615384615385 0.10096153846153846 0.016826923076923076 0.03245192307692308
1 0.046875 0.8449519230769231 0.020432692307692308 0.03365384615384615
10 0.515625 0.671875 0.16706730769230768 0.21754807692307693
1 0.36658653846153844 0.09375 0.0889423076923077 0.17067307692307693
1 0.6514423076923077 0.5697115384615384 0.020432692307692308 0.026442307692307692
1 0.2692307692307692 0.36778846153846156 0.04567307692307692 0.18269230769230768
1 0.5745192307692307 0.42427884615384615 0.10817307692307693 0.35697115384615385
1 0.3485576923076923 0.7415865384615384 0.01201923076923077 0.03485576923076923
1 0.421875 0.5901442307692307 0.07572115384615384 0.1201923076923077
1 0.8605769230769231 0.39663461538461536 0.11899038461538461 0.328125
1 0.5877403846153846 0.15384615384615385 0.02403846153846154 0.03125
11 0.8461538461538461 0.8040865384615384 0.3076923076923077 0.38221153846153844
1 0.9230769230769231 0.20673076923076922 0.020432692307692308 0.02283653846153846
1 0.14783653846153846 0.7716346153846154 0.06009615384615385 0.10576923076923077
1 0.07091346153846154 0.4375 0.14182692307692307 0.4519230769230769
1 0.23918269230769232 0.31490384615384615 0.019230769230769232 0.013221153846153846
1 0.30649038461538464 0.4338942307692308 0.020432692307692308 0.037259615384615384
1 0.9350961538461539 0.03485576923076923 0.014423076923076924 0.02283653846153846
1 0.23677884615384615 0.4254807692307692 0.016826923076923076 0.02283653846153846
1 0.007211538461538462 0.007211538461538462 0.013221153846153846 0.014423076923076924
1 0.8004807692307693 0.5901442307692307 0.02403846153846154 0.02403846153846154
1 0.7451923076923077 0.31009615384615385 0.020432692307692308 0.03125
