1 0.9074519230769231 0.1778846153846154 0.07211538461538461 0.10576923076923077
1 0.04807692307692308 0.18389423076923078 0.025240384615384616 0.02283653846153846
11 0.9338942307692307 0.039663461538461536 0.12740384615384615 0.07932692307692307
1 0.6899038461538461 0.7872596153846154 0.04807692307692308 0.16706730769230768
1 0.3870192307692308 0.6610576923076923 0.03365384615384615 0.037259615384615384
1 0.36177884615384615 0.7367788461538461 0.016826923076923076 0.02283653846153846
1 0.31009615384615385 0.9651442307692307 0.1346153846153846 0.06610576923076923
10 0.6814903846153846 0.5673076923076923 0.24278846153846154 0.14302884615384615
1 0.5132211538461539 0.21754807692307693 0.02403846153846154 0.027644230769230768
1 0.5384615384615384 0.16826923076923078 0.019230769230769232 0.021634615384615384
1 0.9014423076923077 0.09014423076923077 0.01201923076923077 0.027644230769230768
1 0.08052884615384616 0.1971153846153846 0.019230769230769232 0.026442307692307692
1 0.5877403846153846 0.7019230769230769 0.018028846153846152 0.030048076923076924
1 0.054086538461538464 0.9579326923076923 0.021634615384615384 0.028846153846153848
1 0.6622596153846154 0.6538461538461539 0.036057692307692304 0.036057692307692304
1 0.296875 0.6887019230769231 0.02283653846153846 0.019230769230769232
1 0.6826923076923077 0.5985576923076923 0.020432692307692308 0.042067307692307696
1 0.25721153846153844 0.8713942307692307 0.013221153846153846 0.02283653846153846
1 0.8161057692307693 0.8329326923076923 0.020432692307692308 0.018028846153846152
1 0.08653846153846154 0.765625 0.021634615384615384 0.03485576923076923
1 0.22115384615384615 0.8918269230769231 0.014423076923076924 0.019230769230769232
0 0.6286057692307693 0.5 0.04807692307692308 0.042067307692307696
0 0.5853365384615384 0.5264423076923077 0.02403846153846154 0.040865384615384616
1 0.7367788461538461 0.9326923076923077 0.021634615384615384 0.019230769230769232
1 0.5372596153846154 0.5600961538461539 0.014423076923076924 0.027644230769230768
0 0.59375 0.6069711538461539 0.027644230769230768 0.02403846153846154
1 0.16105769230769232 0.109375 0.020432692307692308 0.019230769230769232
1 0.9591346153846154 0.6394230769230769 0.08173076923076923 0.1201923076923077
1 0.6370192307692307 0.7764423076923077 0.010817307692307692 0.02283653846153846
1 0.5204326923076923 0.234375 0.016826923076923076 0.027644230769230768
1 0.4375 0.5132211538461539 0.021634615384615384 0.028846153846153848
