1 0.9807692307692307 0.5168269230769231 0.037259615384615384 0.16105769230769232
1 0.7884615384615384 0.21514423076923078 0.06129807692307692 0.09254807692307693
1 0.9254807692307693 0.014423076923076924 0.025240384615384616 0.02403846153846154
1 0.08052884615384616 0.6346153846153846 0.04927884615384615 0.05048076923076923
1 0.04326923076923077 0.47475961538461536 0.08653846153846154 0.23798076923076922
1 0.1658653846153846 0.054086538461538464 0.057692307692307696 0.06129807692307692
1 0.9266826923076923 0.5192307692307693 0.0889423076923077 0.2283653846153846
1 0.4963942307692308 0.9014423076923077 0.10096153846153846 0.12860576923076922
1 0.23918269230769232 0.8677884615384616 0.026442307692307692 0.055288461538461536
1 0.0625 0.9711538461538461 0.04326923076923077 0.038461538461538464
2 0.6262019230769231 0.1971153846153846 0.23076923076923078 0.3942307692307692
1 0.7271634615384616 0.9615384615384616 0.03485576923076923 0.0673076923076923
1 0.3737980769230769 0.9254807692307693 0.06610576923076923 0.08653846153846154
1 0.1045673076923077 0.02403846153846154 0.0889423076923077 0.04567307692307692
1 0.5829326923076923 0.2848557692307692 0.11538461538461539 0.12860576923076922
1 0.6802884615384616 0.8497596153846154 0.17067307692307693 0.15865384615384615
1 0.17427884615384615 0.8641826923076923 0.051682692307692304 0.078125
1 0.10697115384615384 0.7752403846153846 0.07692307692307693 0.09254807692307693
1 0.2920673076923077 0.8774038461538461 0.03485576923076923 0.040865384615384616
1 0.6790865384615384 0.10576923076923077 0.03485576923076923 0.03365384615384615
1 0.2848557692307692 0.8028846153846154 0.06971153846153846 0.06610576923076923
1 0.0889423076923077 0.8870192307692307 0.1045673076923077 0.1141826923076923
1 0.5036057692307693 0.7572115384615384 0.09735576923076923 0.10576923076923077
1 0.5552884615384616 0.609375 0.07932692307692307 0.09254807692307693
1 0.14903846153846154 0.9651442307692307 0.07572115384615384 0.06610576923076923
1 0.3473557692307692 0.9879807692307693 0.02403846153846154 0.019230769230769232
1 0.2920673076923077 0.9675480769230769 0.07932692307692307 0.06490384615384616
1 0.8473557692307693 0.020432692307692308 0.04326923076923077 0.039663461538461536
1 0.703125 0.234375 0.03485576923076923 0.06370192307692307
1 0.6262019230769231 0.5120192307692307 0.13822115384615385 0.21634615384615385
1 0.8016826923076923 0.8762019230769231 0.038461538461538464 0.06129807692307692
1 0.7127403846153846 0.030048076923076924 0.038461538461538464 0.03245192307692308
3 0.5 0.6923076923076923 1 0.18870192307692307
1 0.8449519230769231 0.8173076923076923 0.09254807692307693 0.056490384615384616
1 0.8365384615384616 0.6838942307692307 0.10336538461538461 0.10576923076923077
1 0.19951923076923078 0.4951923076923077 0.06850961538461539 0.07451923076923077
1 0.71875 0.14182692307692307 0.042067307692307696 0.07451923076923077
1 0.8100961538461539 0.9723557692307693 0.03485576923076923 0.04807692307692308
1 0.41346153846153844 0.78125 0.040865384615384616 0.04927884615384615
1 0.7980769230769231 0.019230769230769232 0.040865384615384616 0.03485576923076923
1 0.020432692307692308 0.9723557692307693 0.040865384615384616 0.05048076923076923
1 0.21634615384615385 0.06971153846153846 0.019230769230769232 0.026442307692307692
1 0.9819711538461539 0.7091346153846154 0.036057692307692304 0.038461538461538464
1 0.03485576923076923 0.03485576923076923 0.018028846153846152 0.03245192307692308
1 0.12980769230769232 0.1466346153846154 0.057692307692307696 0.04326923076923077
1 0.8341346153846154 0.5180288461538461 0.13942307692307693 0.171875
1 0.34375 0.03245192307692308 0.054086538461538464 0.06129807692307692
1 0.9026442307692307 0.9182692307692307 0.13221153846153846 0.15745192307692307
1 0.34134615384615385 0.11298076923076923 0.1622596153846154 0.12620192307692307
1 0.4362980769230769 0.25600961538461536 0.17548076923076922 0.5120192307692307
1 0.43028846153846156 0.5600961538461539 0.09014423076923077 0.07451923076923077
1 0.2776442307692308 0.21875 0.1875 0.2439903846153846
1 0.030048076923076924 0.22355769230769232 0.06009615384615385 0.06850961538461539
1 0.9050480769230769 0.23918269230769232 0.18990384615384615 0.27403846153846156
1 0.3112980769230769 0.4074519230769231 0.025240384615384616 0.046875
1 0.25240384615384615 0.4170673076923077 0.05048076923076923 0.07211538461538461
1 0.7055288461538461 0.6550480769230769 0.09735576923076923 0.08653846153846154
1 0.2848557692307692 0.5120192307692307 0.07692307692307693 0.08052884615384616
1 0.03125 0.7848557692307693 0.0625 0.17548076923076922
3 0.08173076923076923 0.25721153846153844 0.16346153846153846 0.19951923076923078
