1 0.9182692307692307 0.6418269230769231 0.042067307692307696 0.06610576923076923
1 0.5516826923076923 0.6802884615384616 0.03365384615384615 0.038461538461538464
1 0.39903846153846156 0.08774038461538461 0.04807692307692308 0.06370192307692307
1 0.6262019230769231 0.06971153846153846 0.07451923076923077 0.09735576923076923
1 0.6213942307692307 0.8533653846153846 0.042067307692307696 0.07451923076923077
1 0.4362980769230769 0.8040865384615384 0.13822115384615385 0.125
1 0.8329326923076923 0.0889423076923077 0.03485576923076923 0.06129807692307692
1 0.8485576923076923 0.027644230769230768 0.03245192307692308 0.046875
1 0.6141826923076923 0.2668269230769231 0.052884615384615384 0.0733173076923077
1 0.5661057692307693 0.43028846153846156 0.040865384615384616 0.057692307692307696
1 0.7872596153846154 0.30528846153846156 0.05048076923076923 0.12379807692307693
1 0.2403846153846154 0.8557692307692307 0.10096153846153846 0.078125
1 0.16947115384615385 0.8846153846153846 0.03245192307692308 0.046875
1 0.3016826923076923 0.21514423076923078 0.06009615384615385 0.10096153846153846
1 0.03125 0.08653846153846154 0.0625 0.16706730769230768
1 0.9867788461538461 0.7608173076923077 0.026442307692307692 0.04326923076923077
1 0.05889423076923077 0.5949519230769231 0.028846153846153848 0.036057692307692304
1 0.3112980769230769 0.6598557692307693 0.03365384615384615 0.04927884615384615
1 0.8942307692307693 0.0985576923076923 0.021634615384615384 0.06370192307692307
1 0.9278846153846154 0.26802884615384615 0.08052884615384616 0.09254807692307693
1 0.46033653846153844 0.9423076923076923 0.04807692307692308 0.05048076923076923
1 0.9098557692307693 0.9603365384615384 0.021634615384615384 0.04447115384615385
2 0.15504807692307693 0.4987980769230769 0.31009615384615385 0.9963942307692307
1 0.7067307692307693 0.18629807692307693 0.0733173076923077 0.09014423076923077
1 0.06490384615384616 0.2824519230769231 0.04567307692307692 0.056490384615384616
1 0.6670673076923077 0.27403846153846156 0.05889423076923077 0.09975961538461539
1 0.4519230769230769 0.421875 0.08653846153846154 0.08413461538461539
10 0.5 0.4795673076923077 1 0.3317307692307692
1 0.06370192307692307 0.703125 0.04567307692307692 0.036057692307692304
1 0.2920673076923077 0.9723557692307693 0.04927884615384615 0.054086538461538464
1 0.6887019230769231 0.84375 0.10336538461538461 0.21394230769230768
1 0.5360576923076923 0.12860576923076922 0.040865384615384616 0.0673076923076923
1 0.5240384615384616 0.9543269230769231 0.04927884615384615 0.08052884615384616
1 0.9014423076923077 0.8401442307692307 0.13221153846153846 0.19230769230769232
1 0.7223557692307693 0.27403846153846156 0.04807692307692308 0.10096153846153846
1 0.7151442307692307 0.10697115384615384 0.021634615384615384 0.02403846153846154
1 0.39663461538461536 0.02403846153846154 0.04927884615384615 0.04326923076923077
1 0.3942307692307692 0.20192307692307693 0.11177884615384616 0.09735576923076923
1 0.32572115384615385 0.12139423076923077 0.03365384615384615 0.040865384615384616
1 0.7668269230769231 0.6466346153846154 0.04807692307692308 0.05889423076923077
1 0.23798076923076922 0.7079326923076923 0.0673076923076923 0.10576923076923077
1 0.28966346153846156 0.7235576923076923 0.02283653846153846 0.026442307692307692
1 0.2764423076923077 0.6129807692307693 0.04567307692307692 0.04927884615384615
1 0.13701923076923078 0.18028846153846154 0.1201923076923077 0.12980769230769232
1 0.37259615384615385 0.4423076923076923 0.040865384615384616 0.05889423076923077
1 0.7223557692307693 0.453125 0.026442307692307692 0.10697115384615384
1 0.12620192307692307 0.3016826923076923 0.05889423076923077 0.07932692307692307
1 0.02403846153846154 0.5673076923076923 0.038461538461538464 0.04447115384615385
1 0.8040865384615384 0.7475961538461539 0.038461538461538464 0.042067307692307696
1 0.8810096153846154 0.4050480769230769 0.06971153846153846 0.06850961538461539
1 0.5132211538461539 0.5 0.038461538461538464 0.04447115384615385
