1 0.4338942307692308 0.04447115384615385 0.026442307692307692 0.040865384615384616
1 0.6598557692307693 0.39302884615384615 0.027644230769230768 0.04326923076923077
1 0.5492788461538461 0.3485576923076923 0.036057692307692304 0.04567307692307692
1 0.8233173076923077 0.06610576923076923 0.015625 0.021634615384615384
1 0.06610576923076923 0.6634615384615384 0.05048076923076923 0.03485576923076923
1 0.009615384615384616 0.1778846153846154 0.019230769230769232 0.056490384615384616
1 0.3605769230769231 0.2403846153846154 0.03485576923076923 0.07572115384615384
1 0.3954326923076923 0.03485576923076923 0.03245192307692308 0.039663461538461536
1 0.15384615384615385 0.08653846153846154 0.03125 0.07211538461538461
1 0.0889423076923077 0.013221153846153846 0.03125 0.026442307692307692
2 0.49278846153846156 0.3545673076923077 0.09735576923076923 0.11057692307692307
1 0.1141826923076923 0.20793269230769232 0.04326923076923077 0.055288461538461536
1 0.5853365384615384 0.35697115384615385 0.014423076923076924 0.03245192307692308
1 0.9290865384615384 0.8100961538461539 0.02403846153846154 0.027644230769230768
1 0.8497596153846154 0.765625 0.03245192307692308 0.04927884615384615
1 0.9026442307692307 0.22956730769230768 0.030048076923076924 0.03485576923076923
1 0.15384615384615385 0.421875 0.17067307692307693 0.20793269230769232
1 0.49759615384615385 0.4483173076923077 0.054086538461538464 0.04927884615384615
1 0.34615384615384615 0.3858173076923077 0.15985576923076922 0.22115384615384615
1 0.6670673076923077 0.9735576923076923 0.15504807692307693 0.052884615384615384
1 0.13581730769230768 0.015625 0.02283653846153846 0.028846153846153848
1 0.42427884615384615 0.006009615384615385 0.014423076923076924 0.01201923076923077
1 0.9927884615384616 0.8689903846153846 0.014423076923076924 0.037259615384615384
1 0.8401442307692307 0.9879807692307693 0.019230769230769232 0.02403846153846154
1 0.7211538461538461 0.8557692307692307 0.020432692307692308 0.03365384615384615
1 0.2620192307692308 0.4855769230769231 0.030048076923076924 0.04447115384615385
1 0.32572115384615385 0.04927884615384615 0.026442307692307692 0.020432692307692308
1 0.9266826923076923 0.9699519230769231 0.04326923076923077 0.056490384615384616
1 0.7992788461538461 0.8822115384615384 0.037259615384615384 0.039663461538461536
1 0.6802884615384616 0.4387019230769231 0.016826923076923076 0.02403846153846154
1 0.2608173076923077 0.09254807692307693 0.04567307692307692 0.04447115384615385
1 0.734375 0.36899038461538464 0.027644230769230768 0.039663461538461536
1 0.014423076923076924 0.019230769230769232 0.028846153846153848 0.038461538461538464
1 0.9423076923076923 0.8509615384615384 0.014423076923076924 0.027644230769230768
2 0.25600961538461536 0.7620192307692307 0.1346153846153846 0.125
1 0.4651442307692308 0.5600961538461539 0.03485576923076923 0.03245192307692308
1 0.29927884615384615 0.037259615384615384 0.038461538461538464 0.057692307692307696
1 0.8677884615384616 0.5961538461538461 0.040865384615384616 0.06009615384615385
1 0.7788461538461539 0.7223557692307693 0.014423076923076924 0.027644230769230768
1 0.11177884615384616 0.5564903846153846 0.020432692307692308 0.025240384615384616
1 0.8100961538461539 0.013221153846153846 0.019230769230769232 0.026442307692307692
1 0.3161057692307692 0.8653846153846154 0.06129807692307692 0.09014423076923077
1 0.16706730769230768 0.046875 0.027644230769230768 0.028846153846153848
1 0.13221153846153846 0.27283653846153844 0.020432692307692308 0.037259615384615384
1 0.21033653846153846 0.0985576923076923 0.028846153846153848 0.078125
1 0.3545673076923077 0.020432692307692308 0.040865384615384616 0.040865384615384616
1 0.09254807692307693 0.2764423076923077 0.019230769230769232 0.025240384615384616
1 0.25240384615384615 0.042067307692307696 0.02403846153846154 0.018028846153846152
1 0.27163461538461536 0.18990384615384615 0.026442307692307692 0.04807692307692308
1 0.056490384615384616 0.25961538461538464 0.014423076923076924 0.02283653846153846
1 0.5649038461538461 0.41466346153846156 0.02403846153846154 0.036057692307692304
2 0.5552884615384616 0.6346153846153846 0.3004807692307692 0.25961538461538464
1 0.9447115384615384 0.8798076923076923 0.020432692307692308 0.02403846153846154
2 0.7704326923076923 0.5817307692307693 0.14423076923076922 0.3317307692307692
1 0.9723557692307693 0.7271634615384616 0.037259615384615384 0.06610576923076923
1 0.2247596153846154 0.22716346153846154 0.13942307692307693 0.18870192307692307
1 0.671875 0.4675480769230769 0.019230769230769232 0.019230769230769232
1 0.6442307692307693 0.7512019230769231 0.03365384615384615 0.027644230769230768
1 0.8401442307692307 0.21153846153846154 0.0889423076923077 0.17307692307692307
1 0.11057692307692307 0.9086538461538461 0.06370192307692307 0.09375
1 0.34615384615384615 0.9026442307692307 0.07932692307692307 0.08173076923076923
1 0.8365384615384616 0.6658653846153846 0.03365384615384615 0.03485576923076923
1 0.7115384615384616 0.39663461538461536 0.016826923076923076 0.02403846153846154
1 0.019230769230769232 0.35216346153846156 0.038461538461538464 0.07091346153846154
1 0.06971153846153846 0.234375 0.016826923076923076 0.019230769230769232
1 0.9951923076923077 0.9879807692307693 0.009615384615384616 0.021634615384615384
1 0.46274038461538464 0.8293269230769231 0.026442307692307692 0.028846153846153848
1 0.23197115384615385 0.0829326923076923 0.019230769230769232 0.027644230769230768
1 0.3317307692307692 0.171875 0.025240384615384616 0.039663461538461536
1 0.6310096153846154 0.7067307692307693 0.021634615384615384 0.02283653846153846
1 0.9110576923076923 0.6754807692307693 0.03125 0.06129807692307692
1 0.22115384615384615 0.6454326923076923 0.08413461538461539 0.1201923076923077
1 0.6802884615384616 0.9242788461538461 0.07211538461538461 0.09014423076923077
1 0.5060096153846154 0.765625 0.051682692307692304 0.0673076923076923
1 0.3894230769230769 0.10576923076923077 0.07572115384615384 0.10336538461538461
1 0.32091346153846156 0.12620192307692307 0.05048076923076923 0.06129807692307692
1 0.9603365384615384 0.6490384615384616 0.021634615384615384 0.026442307692307692
1 0.042067307692307696 0.5901442307692307 0.036057692307692304 0.030048076923076924
1 0.25721153846153844 0.1346153846153846 0.038461538461538464 0.04807692307692308
1 0.2776442307692308 0.9254807692307693 0.026442307692307692 0.054086538461538464
1 0.5841346153846154 0.4098557692307692 0.013221153846153846 0.018028846153846152
1 0.9615384615384616 0.5805288461538461 0.027644230769230768 0.04567307692307692
1 0.15384615384615385 0.24759615384615385 0.04567307692307692 0.039663461538461536
1 0.16466346153846154 0.6081730769230769 0.03485576923076923 0.042067307692307696
5 0.2956730769230769 0.9639423076923077 0.5913461538461539 0.06971153846153846
1 0.15144230769230768 0.15264423076923078 0.03485576923076923 0.037259615384615384
1 0.30649038461538464 0.1971153846153846 0.016826923076923076 0.027644230769230768
3 0.4050480769230769 0.7223557692307693 0.42788461538461536 0.4519230769230769
1 0.020432692307692308 0.5444711538461539 0.040865384615384616 0.042067307692307696
1 0.40625 0.23677884615384615 0.06490384615384616 0.08173076923076923
1 0.9399038461538461 0.030048076923076924 0.08173076923076923 0.06009615384615385
1 0.8966346153846154 0.8978365384615384 0.04567307692307692 0.04567307692307692
1 0.8677884615384616 0.08774038461538461 0.03365384615384615 0.028846153846153848
1 0.8870192307692307 0.7199519230769231 0.025240384615384616 0.027644230769230768
1 0.2800480769230769 0.6610576923076923 0.052884615384615384 0.0733173076923077
1 0.6117788461538461 0.4423076923076923 0.027644230769230768 0.03485576923076923
1 0.7776442307692307 0.3401442307692308 0.030048076923076924 0.03365384615384615
1 0.5060096153846154 0.02283653846153846 0.07211538461538461 0.04326923076923077
1 0.09375 0.09375 0.09615384615384616 0.13581730769230768
1 0.2548076923076923 0.375 0.03485576923076923 0.08173076923076923
1 0.5240384615384616 0.6009615384615384 0.04807692307692308 0.03125
1 0.4675480769230769 0.8641826923076923 0.02403846153846154 0.03485576923076923
1 0.8689903846153846 0.03245192307692308 0.06971153846153846 0.06490384615384616
1 0.9158653846153846 0.12259615384615384 0.05048076923076923 0.08173076923076923
1 0.9759615384615384 0.2920673076923077 0.04807692307692308 0.2091346153846154
2 0.3870192307692308 0.6069711538461539 0.12860576923076922 0.1814903846153846
1 0.21875 0.43990384615384615 0.055288461538461536 0.0889423076923077
1 0.5564903846153846 0.4495192307692308 0.025240384615384616 0.03245192307692308
1 0.20192307692307693 0.019230769230769232 0.03485576923076923 0.037259615384615384
1 0.0889423076923077 0.7872596153846154 0.1778846153846154 0.2403846153846154
1 0.45072115384615385 0.46033653846153844 0.019230769230769232 0.039663461538461536
1 0.65625 0.7043269230769231 0.014423076923076924 0.02403846153846154
1 0.01201923076923077 0.10216346153846154 0.02403846153846154 0.027644230769230768
1 0.5877403846153846 0.890625 0.03365384615384615 0.02403846153846154
1 0.7920673076923077 0.3701923076923077 0.02403846153846154 0.028846153846153848
1 0.21514423076923078 0.9074519230769231 0.019230769230769232 0.027644230769230768
1 0.36177884615384615 0.7512019230769231 0.055288461538461536 0.06971153846153846
1 0.02283653846153846 0.2764423076923077 0.04447115384615385 0.078125
1 0.06370192307692307 0.35216346153846156 0.056490384615384616 0.11538461538461539
1 0.0625 0.1971153846153846 0.055288461538461536 0.037259615384615384
11 0.6129807692307693 0.17307692307692307 0.4014423076923077 0.34615384615384615
2 0.7319711538461539 0.6658653846153846 0.19110576923076922 0.35336538461538464
1 0.9302884615384616 0.3088942307692308 0.06129807692307692 0.07451923076923077
1 0.8870192307692307 0.46634615384615385 0.16947115384615385 0.17548076923076922
1 0.5925480769230769 0.5480769230769231 0.09014423076923077 0.078125
1 0.03245192307692308 0.47716346153846156 0.03245192307692308 0.05889423076923077
