1 0.9411057692307693 0.17908653846153846 0.0625 0.11057692307692307
1 0.06850961538461539 0.6165865384615384 0.02403846153846154 0.040865384615384616
1 0.3245192307692308 0.4026442307692308 0.03485576923076923 0.05048076923076923
4 0.8353365384615384 0.6009615384615384 0.038461538461538464 0.05889423076923077
2 0.8569711538461539 0.7980769230769231 0.12860576923076922 0.4026442307692308
1 0.24759615384615385 0.8389423076923077 0.09615384615384616 0.078125
4 0.4387019230769231 0.7716346153846154 0.055288461538461536 0.06490384615384616
2 0.6478365384615384 0.3870192307692308 0.2091346153846154 0.7415865384615384
1 0.5036057692307693 0.18629807692307693 0.23317307692307693 0.36658653846153844
1 0.9555288461538461 0.3641826923076923 0.0889423076923077 0.2608173076923077
1 0.4387019230769231 0.5625 0.06971153846153846 0.0733173076923077
1 0.25961538461538464 0.7632211538461539 0.03485576923076923 0.040865384615384616
1 0.41586538461538464 0.7091346153846154 0.06971153846153846 0.11177884615384616
1 0.35096153846153844 0.9014423076923077 0.3137019230769231 0.18990384615384615
4 0.9831730769230769 0.11658653846153846 0.03365384615384615 0.09375
4 0.4675480769230769 0.0625 0.08052884615384616 0.0985576923076923
4 0.05048076923076923 0.5348557692307693 0.04567307692307692 0.06370192307692307
1 0.13341346153846154 0.6502403846153846 0.09495192307692307 0.20432692307692307
4 0.4735576923076923 0.3713942307692308 0.07932692307692307 0.09975961538461539
2 0.5492788461538461 0.32091346153846156 0.5480769230769231 0.5108173076923077
10 0.41586538461538464 0.3329326923076923 0.6153846153846154 0.6610576923076923
1 0.06610576923076923 0.2776442307692308 0.13221153846153846 0.5276442307692307
1 0.2608173076923077 0.5324519230769231 0.17307692307692307 0.20192307692307693
1 0.22596153846153846 0.09254807692307693 0.08173076923076923 0.07692307692307693
1 0.7728365384615384 0.28966346153846156 0.1622596153846154 0.35697115384615385
1 0.042067307692307696 0.7512019230769231 0.08413461538461539 0.06490384615384616
4 0.02283653846153846 0.703125 0.04567307692307692 0.056490384615384616
1 0.12379807692307693 0.875 0.1310096153846154 0.2403846153846154
1 0.8677884615384616 0.4014423076923077 0.02403846153846154 0.046875
4 0.8125 0.09735576923076923 0.04927884615384615 0.0733173076923077
4 0.14783653846153846 0.15144230769230768 0.055288461538461536 0.06850961538461539
2 0.7319711538461539 0.7764423076923077 0.15985576923076922 0.18389423076923078
1 0.546875 0.3581730769230769 0.07932692307692307 0.109375
1 0.30408653846153844 0.3293269230769231 0.04567307692307692 0.08653846153846154
1 0.9134615384615384 0.8605769230769231 0.11057692307692307 0.2692307692307692
1 0.9483173076923077 0.8473557692307693 0.04927884615384615 0.054086538461538464
1 0.8810096153846154 0.2704326923076923 0.06850961538461539 0.1814903846153846
1 0.04326923076923077 0.9447115384615384 0.08653846153846154 0.09735576923076923
1 0.16105769230769232 0.4098557692307692 0.07211538461538461 0.12860576923076922
1 0.6466346153846154 0.7956730769230769 0.39302884615384615 0.4014423076923077
4 0.41225961538461536 0.9663461538461539 0.037259615384615384 0.04326923076923077
4 0.953125 0.6322115384615384 0.040865384615384616 0.027644230769230768
1 0.2620192307692308 0.6947115384615384 0.051682692307692304 0.0829326923076923
1 0.35697115384615385 0.7944711538461539 0.0625 0.12980769230769232
1 0.3557692307692308 0.6862980769230769 0.11177884615384616 0.10336538461538461
1 0.22596153846153846 0.6995192307692307 0.04567307692307692 0.0673076923076923
4 0.7776442307692307 0.8100961538461539 0.055288461538461536 0.026442307692307692
1 0.9326923076923077 0.026442307692307692 0.1346153846153846 0.05048076923076923
1 0.9459134615384616 0.4951923076923077 0.09254807692307693 0.15144230769230768
1 0.6382211538461539 0.6033653846153846 0.03485576923076923 0.03245192307692308
1 0.21514423076923078 0.21875 0.07572115384615384 0.1201923076923077
1 0.9519230769230769 0.7007211538461539 0.09615384615384616 0.09254807692307693
1 0.38461538461538464 0.4519230769230769 0.11298076923076923 0.08774038461538461
1 0.8557692307692307 0.10096153846153846 0.042067307692307696 0.08774038461538461
