1 0.8737980769230769 0.28365384615384615 0.03365384615384615 0.04807692307692308
1 0.8004807692307693 0.40024038461538464 0.013221153846153846 0.027644230769230768
1 0.6598557692307693 0.4675480769230769 0.026442307692307692 0.018028846153846152
1 0.5384615384615384 0.21875 0.04326923076923077 0.04927884615384615
1 0.43149038461538464 0.44471153846153844 0.02403846153846154 0.027644230769230768
1 0.5228365384615384 0.11298076923076923 0.030048076923076924 0.037259615384615384
1 0.13822115384615385 0.6081730769230769 0.03485576923076923 0.04447115384615385
1 0.5973557692307693 0.4182692307692308 0.026442307692307692 0.028846153846153848
1 0.4519230769230769 0.052884615384615384 0.02403846153846154 0.03125
1 0.38221153846153844 0.10576923076923077 0.027644230769230768 0.037259615384615384
1 0.20673076923076922 0.04807692307692308 0.042067307692307696 0.03245192307692308
1 0.7463942307692307 0.5588942307692307 0.020432692307692308 0.03245192307692308
1 0.8365384615384616 0.24278846153846154 0.010817307692307692 0.021634615384615384
1 0.40384615384615385 0.7620192307692307 0.013221153846153846 0.027644230769230768
1 0.7716346153846154 0.6081730769230769 0.019230769230769232 0.019230769230769232
1 0.6983173076923077 0.9375 0.040865384615384616 0.06490384615384616
0 0.3629807692307692 0.8473557692307693 0.02283653846153846 0.02283653846153846
1 0.9735576923076923 0.23197115384615385 0.030048076923076924 0.040865384615384616
1 0.6394230769230769 0.8161057692307693 0.020432692307692308 0.027644230769230768
1 0.53125 0.4723557692307692 0.02403846153846154 0.019230769230769232
1 0.43149038461538464 0.3581730769230769 0.016826923076923076 0.027644230769230768
1 0.921875 0.06971153846153846 0.037259615384615384 0.046875
1 0.28846153846153844 0.08653846153846154 0.03125 0.02283653846153846
1 0.13581730769230768 0.4266826923076923 0.026442307692307692 0.03365384615384615
1 0.6286057692307693 0.4807692307692308 0.016826923076923076 0.02403846153846154
1 0.6490384615384616 0.8629807692307693 0.03485576923076923 0.0733173076923077
1 0.7776442307692307 0.8269230769230769 0.018028846153846152 0.026442307692307692
1 0.6177884615384616 0.08653846153846154 0.016826923076923076 0.027644230769230768
1 0.5985576923076923 0.3605769230769231 0.06850961538461539 0.04807692307692308
1 0.8221153846153846 0.6225961538461539 0.016826923076923076 0.02283653846153846
1 0.7704326923076923 0.9543269230769231 0.04567307692307692 0.04447115384615385
1 0.6009615384615384 0.22235576923076922 0.06850961538461539 0.07211538461538461
1 0.7223557692307693 0.5132211538461539 0.021634615384615384 0.040865384615384616
1 0.3870192307692308 0.019230769230769232 0.09254807692307693 0.036057692307692304
1 0.49038461538461536 0.6033653846153846 0.014423076923076924 0.021634615384615384
1 0.6418269230769231 0.025240384615384616 0.03245192307692308 0.027644230769230768
1 0.09134615384615384 0.234375 0.013221153846153846 0.016826923076923076
1 0.8004807692307693 0.53125 0.03485576923076923 0.05048076923076923
1 0.31490384615384615 0.21394230769230768 0.040865384615384616 0.037259615384615384
1 0.8341346153846154 0.38822115384615385 0.016826923076923076 0.019230769230769232
1 0.42908653846153844 0.11658653846153846 0.021634615384615384 0.06009615384615385
1 0.8822115384615384 0.7992788461538461 0.03485576923076923 0.05048076923076923
1 0.46033653846153844 0.2247596153846154 0.038461538461538464 0.08173076923076923
1 0.5084134615384616 0.042067307692307696 0.051682692307692304 0.05048076923076923
1 0.8112980769230769 0.4855769230769231 0.030048076923076924 0.037259615384615384
1 0.27283653846153844 0.027644230769230768 0.021634615384615384 0.021634615384615384
1 0.7824519230769231 0.18509615384615385 0.03245192307692308 0.03125
1 0.3329326923076923 0.0829326923076923 0.027644230769230768 0.02283653846153846
1 0.5396634615384616 0.8737980769230769 0.02403846153846154 0.027644230769230768
1 0.8533653846153846 0.5096153846153846 0.037259615384615384 0.037259615384615384
1 0.7103365384615384 0.7379807692307693 0.02283653846153846 0.03245192307692308
1 0.8870192307692307 0.9447115384615384 0.02403846153846154 0.026442307692307692
1 0.9819711538461539 0.7680288461538461 0.036057692307692304 0.055288461538461536
1 0.41586538461538464 0.19951923076923078 0.026442307692307692 0.042067307692307696
1 0.6490384615384616 0.5588942307692307 0.02403846153846154 0.037259615384615384
1 0.7427884615384616 0.43149038461538464 0.025240384615384616 0.06490384615384616
2 0.9759615384615384 0.46153846153846156 0.04807692307692308 0.12139423076923077
1 0.1310096153846154 0.2620192307692308 0.040865384615384616 0.046875
1 0.027644230769230768 0.32091346153846156 0.055288461538461536 0.04567307692307692
1 0.13701923076923078 0.11658653846153846 0.02403846153846154 0.040865384615384616
2 0.9302884615384616 0.4338942307692308 0.13942307692307693 0.2692307692307692
2 0.8329326923076923 0.14423076923076922 0.06850961538461539 0.036057692307692304
0 0.3076923076923077 0.8317307692307693 0.03125 0.04567307692307692
0 0.3545673076923077 0.7776442307692307 0.027644230769230768 0.037259615384615384
0 0.11538461538461539 0.484375 0.05889423076923077 0.12259615384615384
1 0.18990384615384615 0.3245192307692308 0.020432692307692308 0.03245192307692308
1 0.2704326923076923 0.5 0.018028846153846152 0.038461538461538464
1 0.2536057692307692 0.36899038461538464 0.040865384615384616 0.07091346153846154
0 0.26322115384615385 0.234375 0.09014423076923077 0.12139423076923077
1 0.30408653846153844 0.38822115384615385 0.05889423076923077 0.09735576923076923
11 0.055288461538461536 0.6838942307692307 0.11057692307692307 0.49759615384615385
0 0.17668269230769232 0.9747596153846154 0.03245192307692308 0.04447115384615385
1 0.07091346153846154 0.3713942307692308 0.10336538461538461 0.1310096153846154
1 0.21033653846153846 0.11658653846153846 0.03245192307692308 0.046875
10 0.49038461538461536 0.5 0.9326923076923077 0.9939903846153846
0 0.36899038461538464 0.7271634615384616 0.037259615384615384 0.04326923076923077
1 0.14182692307692307 0.7307692307692307 0.09254807692307693 0.0733173076923077
3 0.23677884615384615 0.49759615384615385 0.15144230769230768 0.9951923076923077
0 0.9771634615384616 0.9735576923076923 0.026442307692307692 0.026442307692307692
4 0.7103365384615384 0.42427884615384615 0.03125 0.037259615384615384
0 0.22956730769230768 0.3245192307692308 0.03245192307692308 0.04807692307692308
0 0.3293269230769231 0.7536057692307693 0.026442307692307692 0.037259615384615384
2 0.19831730769230768 0.5108173076923077 0.09735576923076923 0.17548076923076922
1 0.19110576923076922 0.3858173076923077 0.06009615384615385 0.08653846153846154
0 0.5733173076923077 0.037259615384615384 0.021634615384615384 0.07211538461538461
2 0.9302884615384616 0.28846153846153844 0.052884615384615384 0.15985576923076922
0 0.2548076923076923 0.9110576923076923 0.1141826923076923 0.12139423076923077
0 0.25600961538461536 0.9819711538461539 0.06850961538461539 0.028846153846153848
2 0.7139423076923077 0.22956730769230768 0.09375 0.027644230769230768
2 0.8870192307692307 0.8557692307692307 0.12259615384615384 0.051682692307692304
0 0.06850961538461539 0.8822115384615384 0.13701923076923078 0.21394230769230768
1 0.3125 0.6177884615384616 0.027644230769230768 0.040865384615384616
1 0.14423076923076922 0.03485576923076923 0.04326923076923077 0.055288461538461536
1 0.01201923076923077 0.24879807692307693 0.02403846153846154 0.021634615384615384
1 0.28125 0.5396634615384616 0.03485576923076923 0.04326923076923077
1 0.11778846153846154 0.21153846153846154 0.019230769230769232 0.03245192307692308
1 0.042067307692307696 0.1201923076923077 0.040865384615384616 0.07451923076923077
0 0.3894230769230769 0.1971153846153846 0.030048076923076924 0.03125
0 0.33052884615384615 0.5180288461538461 0.13221153846153846 0.3641826923076923
2 0.6947115384615384 0.18269230769230768 0.1201923076923077 0.16947115384615385
1 0.2439903846153846 0.7427884615384616 0.021634615384615384 0.03245192307692308
1 0.26802884615384615 0.7055288461538461 0.021634615384615384 0.046875
1 0.4411057692307692 0.875 0.026442307692307692 0.036057692307692304
1 0.47716346153846156 0.9615384615384616 0.01201923076923077 0.038461538461538464
1 0.5432692307692307 0.9783653846153846 0.05048076923076923 0.040865384615384616
1 0.8521634615384616 0.4423076923076923 0.02403846153846154 0.03245192307692308
1 0.9807692307692307 0.265625 0.038461538461538464 0.05048076923076923
1 0.43028846153846156 0.5901442307692307 0.014423076923076924 0.019230769230769232
11 0.7560096153846154 0.052884615384615384 0.19471153846153846 0.10336538461538461
0 0.09254807692307693 0.025240384615384616 0.030048076923076924 0.046875
1 0.14543269230769232 0.9302884615384616 0.040865384615384616 0.046875
1 0.13581730769230768 0.6646634615384616 0.027644230769230768 0.04447115384615385
1 0.27163461538461536 0.7692307692307693 0.021634615384615384 0.019230769230769232
1 0.5504807692307693 0.7487980769230769 0.052884615384615384 0.0733173076923077
1 0.7788461538461539 0.4639423076923077 0.02403846153846154 0.028846153846153848
1 0.9074519230769231 0.5685096153846154 0.021634615384615384 0.027644230769230768
1 0.96875 0.06009615384615385 0.02403846153846154 0.021634615384615384
1 0.16947115384615385 0.28725961538461536 0.02403846153846154 0.03485576923076923
1 0.13221153846153846 0.32211538461538464 0.030048076923076924 0.027644230769230768
1 0.22716346153846154 0.8317307692307693 0.02283653846153846 0.0889423076923077
1 0.4050480769230769 0.8870192307692307 0.020432692307692308 0.021634615384615384
1 0.5324519230769231 0.9326923076923077 0.026442307692307692 0.026442307692307692
1 0.5973557692307693 0.9651442307692307 0.06129807692307692 0.06610576923076923
1 0.84375 0.6742788461538461 0.07572115384615384 0.055288461538461536
1 0.6911057692307693 0.46875 0.027644230769230768 0.03125
1 0.4651442307692308 0.4375 0.019230769230769232 0.03125
