1 0.7295673076923077 0.2620192307692308 0.04927884615384615 0.09134615384615384
1 0.4567307692307692 0.7415865384615384 0.13822115384615385 0.15625
1 0.6165865384615384 0.4723557692307692 0.18629807692307693 0.16466346153846154
2 0.28846153846153844 0.22596153846153846 0.1310096153846154 0.4495192307692308
1 0.09254807692307693 0.8197115384615384 0.06971153846153846 0.13581730769230768
1 0.5805288461538461 0.7403846153846154 0.06129807692307692 0.05889423076923077
1 0.6442307692307693 0.3401442307692308 0.10096153846153846 0.09735576923076923
1 0.24879807692307693 0.6983173076923077 0.0625 0.1466346153846154
1 0.9651442307692307 0.96875 0.06971153846153846 0.057692307692307696
1 0.9459134615384616 0.019230769230769232 0.10336538461538461 0.037259615384615384
1 0.34615384615384615 0.140625 0.07451923076923077 0.09615384615384616
1 0.5384615384615384 0.609375 0.11778846153846154 0.0829326923076923
1 0.484375 0.11177884615384616 0.125 0.10576923076923077
1 0.7836538461538461 0.8786057692307693 0.15384615384615385 0.1466346153846154
1 0.19230769230769232 0.8774038461538461 0.03365384615384615 0.04447115384615385
2 0.3701923076923077 0.35336538461538464 0.06370192307692307 0.20192307692307693
1 0.8557692307692307 0.6201923076923077 0.07451923076923077 0.0889423076923077
1 0.3737980769230769 0.03245192307692308 0.040865384615384616 0.056490384615384616
1 0.44471153846153844 0.6033653846153846 0.055288461538461536 0.06490384615384616
1 0.9242788461538461 0.8954326923076923 0.036057692307692304 0.05048076923076923
1 0.9302884615384616 0.3870192307692308 0.06370192307692307 0.07091346153846154
1 0.9459134615384616 0.28966346153846156 0.10697115384615384 0.16826923076923078
3 0.46153846153846156 0.6802884615384616 0.6802884615384616 0.5336538461538461
1 0.1814903846153846 0.5168269230769231 0.027644230769230768 0.04447115384615385
1 0.09735576923076923 0.6274038461538461 0.18389423076923078 0.15384615384615385
1 0.32572115384615385 0.9867788461538461 0.038461538461538464 0.019230769230769232
1 0.5913461538461539 0.8966346153846154 0.2644230769230769 0.20673076923076922
1 0.11538461538461539 0.4014423076923077 0.036057692307692304 0.054086538461538464
1 0.8449519230769231 0.5048076923076923 0.04447115384615385 0.05048076923076923
1 0.6153846153846154 0.20192307692307693 0.15745192307692307 0.15985576923076922
1 0.8257211538461539 0.44711538461538464 0.014423076923076924 0.02283653846153846
1 0.1466346153846154 0.34975961538461536 0.05889423076923077 0.09375
1 0.027644230769230768 0.4675480769230769 0.04807692307692308 0.0829326923076923
1 0.037259615384615384 0.7524038461538461 0.055288461538461536 0.08173076923076923
1 0.17908653846153846 0.9447115384615384 0.14903846153846154 0.10576923076923077
1 0.6201923076923077 0.6826923076923077 0.06971153846153846 0.11538461538461539
1 0.9579326923076923 0.7127403846153846 0.0829326923076923 0.10216346153846154
1 0.9242788461538461 0.11658653846153846 0.15144230769230768 0.17067307692307693
1 0.6947115384615384 0.09735576923076923 0.2283653846153846 0.12139423076923077
1 0.9459134615384616 0.59375 0.10817307692307693 0.14783653846153846
1 0.6418269230769231 0.025240384615384616 0.1310096153846154 0.04927884615384615
1 0.4254807692307692 0.04927884615384615 0.06850961538461539 0.08173076923076923
1 0.4483173076923077 0.421875 0.10336538461538461 0.0889423076923077
1 0.038461538461538464 0.3629807692307692 0.027644230769230768 0.040865384615384616
1 0.10336538461538461 0.07451923076923077 0.20673076923076922 0.14903846153846154
1 0.055288461538461536 0.5336538461538461 0.09014423076923077 0.0733173076923077
1 0.9182692307692307 0.48677884615384615 0.026442307692307692 0.055288461538461536
1 0.14423076923076922 0.7608173076923077 0.019230769230769232 0.019230769230769232
1 0.1971153846153846 0.7596153846153846 0.040865384615384616 0.03245192307692308
1 0.21033653846153846 0.7115384615384616 0.016826923076923076 0.030048076923076924
0 0.8485576923076923 0.9747596153846154 0.03365384615384615 0.05048076923076923
1 0.18028846153846154 0.2548076923076923 0.019230769230769232 0.02283653846153846
1 0.15144230769230768 0.8293269230769231 0.030048076923076924 0.07692307692307693
0 0.8557692307692307 0.7860576923076923 0.027644230769230768 0.0829326923076923
1 0.9002403846153846 0.4495192307692308 0.030048076923076924 0.027644230769230768
1 0.9879807692307693 0.9338942307692307 0.02403846153846154 0.03125
1 0.9747596153846154 0.4951923076923077 0.04807692307692308 0.040865384615384616
1 0.47475961538461536 0.2644230769230769 0.1466346153846154 0.21514423076923078
1 0.4855769230769231 0.025240384615384616 0.056490384615384616 0.04927884615384615
1 0.5564903846153846 0.0673076923076923 0.0889423076923077 0.09014423076923077
1 0.27884615384615385 0.30528846153846156 0.052884615384615384 0.09014423076923077
1 0.0829326923076923 0.7127403846153846 0.040865384615384616 0.054086538461538464
1 0.34375 0.703125 0.19951923076923078 0.41225961538461536
1 0.08653846153846154 0.4495192307692308 0.03485576923076923 0.07932692307692307
2 0.8389423076923077 0.8341346153846154 0.14903846153846154 0.3317307692307692
1 0.13942307692307693 0.4987980769230769 0.06129807692307692 0.08052884615384616
