1 0.3137019230769231 0.2704326923076923 0.03125 0.055288461538461536
0 0.984375 0.34975961538461536 0.030048076923076924 0.051682692307692304
1 0.3954326923076923 0.59375 0.027644230769230768 0.03365384615384615
1 0.02403846153846154 0.3088942307692308 0.018028846153846152 0.021634615384615384
1 0.20673076923076922 0.8497596153846154 0.021634615384615384 0.040865384615384616
1 0.8701923076923077 0.08533653846153846 0.04567307692307692 0.042067307692307696
1 0.06850961538461539 0.16947115384615385 0.03245192307692308 0.038461538461538464
1 0.2283653846153846 0.25 0.027644230769230768 0.019230769230769232
0 0.9891826923076923 0.4831730769230769 0.021634615384615384 0.10096153846153846
1 0.27163461538461536 0.32211538461538464 0.027644230769230768 0.054086538461538464
1 0.04326923076923077 0.2127403846153846 0.037259615384615384 0.05889423076923077
1 0.3269230769230769 0.10697115384615384 0.04927884615384615 0.05048076923076923
1 0.3088942307692308 0.36658653846153844 0.055288461538461536 0.06610576923076923
1 0.41586538461538464 0.8137019230769231 0.03485576923076923 0.03365384615384615
0 0.9927884615384616 0.4098557692307692 0.013221153846153846 0.03365384615384615
0 0.9639423076923077 0.19591346153846154 0.07211538461538461 0.2776442307692308
1 0.2644230769230769 0.7079326923076923 0.027644230769230768 0.046875
0 0.9879807692307693 0.5973557692307693 0.02403846153846154 0.06129807692307692
2 0.8677884615384616 0.25240384615384615 0.04807692307692308 0.12980769230769232
1 0.2620192307692308 0.7944711538461539 0.014423076923076924 0.026442307692307692
1 0.4254807692307692 0.8509615384615384 0.030048076923076924 0.03245192307692308
2 0.3557692307692308 0.6165865384615384 0.040865384615384616 0.109375
0 0.8149038461538461 0.07692307692307693 0.2403846153846154 0.13822115384615385
0 0.9350961538461539 0.078125 0.12860576923076922 0.15264423076923078
2 0.8858173076923077 0.9675480769230769 0.2283653846153846 0.06490384615384616
3 0.7271634615384616 0.4338942307692308 0.10817307692307693 0.08413461538461539
0 0.8052884615384616 0.9771634615384616 0.057692307692307696 0.04567307692307692
1 0.20552884615384615 0.6322115384615384 0.02403846153846154 0.019230769230769232
1 0.09735576923076923 0.5444711538461539 0.021634615384615384 0.02403846153846154
1 0.23076923076923078 0.6634615384615384 0.014423076923076924 0.018028846153846152
0 0.9471153846153846 0.9266826923076923 0.1045673076923077 0.06610576923076923
1 0.09495192307692307 0.6670673076923077 0.020432692307692308 0.028846153846153848
0 0.9819711538461539 0.9771634615384616 0.036057692307692304 0.042067307692307696
0 0.9711538461538461 0.7271634615384616 0.057692307692307696 0.13701923076923078
1 0.010817307692307692 0.5757211538461539 0.021634615384615384 0.015625
1 0.010817307692307692 0.5240384615384616 0.021634615384615384 0.037259615384615384
1 0.21153846153846154 0.7127403846153846 0.025240384615384616 0.037259615384615384
1 0.16947115384615385 0.22235576923076922 0.037259615384615384 0.037259615384615384
1 0.20192307692307693 0.17067307692307693 0.040865384615384616 0.037259615384615384
2 0.2704326923076923 0.08413461538461539 0.5408653846153846 0.1622596153846154
1 0.140625 0.5661057692307693 0.016826923076923076 0.026442307692307692
2 0.5733173076923077 0.45072115384615385 0.3858173076923077 0.26322115384615385
1 0.4110576923076923 0.8774038461538461 0.016826923076923076 0.027644230769230768
1 0.3245192307692308 0.6322115384615384 0.02403846153846154 0.03485576923076923
1 0.10576923076923077 0.6911057692307693 0.018028846153846152 0.02403846153846154
1 0.0733173076923077 0.5769230769230769 0.019230769230769232 0.03365384615384615
1 0.1778846153846154 0.3918269230769231 0.03365384615384615 0.036057692307692304
3 0.2848557692307692 0.734375 0.3401442307692308 0.5180288461538461
1 0.3557692307692308 0.7896634615384616 0.026442307692307692 0.03245192307692308
1 0.12259615384615384 0.6550480769230769 0.020432692307692308 0.03485576923076923
1 0.10096153846153846 0.6370192307692307 0.021634615384615384 0.02283653846153846
3 0.23076923076923078 0.39903846153846156 0.46153846153846156 0.18389423076923078
1 0.609375 0.6021634615384616 0.125 0.3701923076923077
1 0.8581730769230769 0.03125 0.018028846153846152 0.019230769230769232
1 0.8617788461538461 0.5492788461538461 0.014423076923076924 0.015625
1 0.41586538461538464 0.9795673076923077 0.04567307692307692 0.036057692307692304
0 0.5793269230769231 0.054086538461538464 0.028846153846153848 0.04567307692307692
1 0.609375 0.9759615384615384 0.02403846153846154 0.040865384615384616
1 0.6766826923076923 0.8497596153846154 0.016826923076923076 0.021634615384615384
1 0.6790865384615384 0.125 0.020432692307692308 0.021634615384615384
1 0.7932692307692307 0.18028846153846154 0.019230769230769232 0.019230769230769232
0 0.71875 0.04927884615384615 0.03485576923076923 0.03485576923076923
1 0.7271634615384616 0.7608173076923077 0.04326923076923077 0.056490384615384616
1 0.7536057692307693 0.8401442307692307 0.04447115384615385 0.08052884615384616
1 0.8389423076923077 0.8942307692307693 0.09735576923076923 0.109375
1 0.6911057692307693 0.8245192307692307 0.021634615384615384 0.026442307692307692
1 0.7151442307692307 0.23317307692307693 0.042067307692307696 0.05048076923076923
1 0.5264423076923077 0.7427884615384616 0.02403846153846154 0.03245192307692308
1 0.17067307692307693 0.7836538461538461 0.025240384615384616 0.04567307692307692
1 0.6117788461538461 0.1502403846153846 0.027644230769230768 0.03485576923076923
1 0.5060096153846154 0.6875 0.014423076923076924 0.015625
1 0.4182692307692308 0.2548076923076923 0.03485576923076923 0.04447115384615385
1 0.375 0.16706730769230768 0.03125 0.02403846153846154
1 0.9507211538461539 0.6153846153846154 0.009615384615384616 0.02283653846153846
1 0.71875 0.13701923076923078 0.027644230769230768 0.04447115384615385
1 0.9182692307692307 0.8052884615384616 0.02283653846153846 0.027644230769230768
0 0.2247596153846154 0.8870192307692307 0.030048076923076924 0.04447115384615385
1 0.7704326923076923 0.5733173076923077 0.019230769230769232 0.019230769230769232
0 0.6947115384615384 0.07211538461538461 0.025240384615384616 0.03125
1 0.6598557692307693 0.9411057692307693 0.014423076923076924 0.04447115384615385
1 0.8473557692307693 0.8016826923076923 0.06610576923076923 0.06610576923076923
0 0.609375 0.05048076923076923 0.03485576923076923 0.04567307692307692
1 0.6971153846153846 0.9747596153846154 0.055288461538461536 0.04807692307692308
1 0.453125 0.828125 0.027644230769230768 0.055288461538461536
1 0.7692307692307693 0.1875 0.020432692307692308 0.02283653846153846
1 0.8701923076923077 0.5240384615384616 0.021634615384615384 0.03485576923076923
1 0.5408653846153846 0.6213942307692307 0.016826923076923076 0.02283653846153846
1 0.6153846153846154 0.6838942307692307 0.016826923076923076 0.03125
1 0.5588942307692307 0.6550480769230769 0.019230769230769232 0.02283653846153846
1 0.6959134615384616 0.7127403846153846 0.020432692307692308 0.021634615384615384
1 0.4579326923076923 0.9651442307692307 0.036057692307692304 0.056490384615384616
1 0.8701923076923077 0.16706730769230768 0.030048076923076924 0.027644230769230768
1 0.3317307692307692 0.8990384615384616 0.019230769230769232 0.027644230769230768
1 0.11778846153846154 0.1141826923076923 0.014423076923076924 0.030048076923076924
1 0.008413461538461538 0.046875 0.016826923076923076 0.02283653846153846
1 0.078125 0.015625 0.013221153846153846 0.019230769230769232
0 0.6670673076923077 0.039663461538461536 0.038461538461538464 0.04447115384615385
1 0.9939903846153846 0.6478365384615384 0.01201923076923077 0.019230769230769232
1 0.7127403846153846 0.6418269230769231 0.016826923076923076 0.026442307692307692
1 0.640625 0.7199519230769231 0.018028846153846152 0.027644230769230768
1 0.8822115384615384 0.3389423076923077 0.013221153846153846 0.018028846153846152
1 0.6478365384615384 0.34615384615384615 0.021634615384615384 0.019230769230769232
1 0.640625 0.23798076923076922 0.014423076923076924 0.027644230769230768
1 0.26322115384615385 0.3870192307692308 0.019230769230769232 0.030048076923076924
1 0.45072115384615385 0.1778846153846154 0.030048076923076924 0.04326923076923077
1 0.008413461538461538 0.26802884615384615 0.016826923076923076 0.026442307692307692
1 0.9014423076923077 0.5252403846153846 0.01201923076923077 0.026442307692307692
1 0.8137019230769231 0.49158653846153844 0.01201923076923077 0.018028846153846152
1 0.9471153846153846 0.35216346153846156 0.014423076923076924 0.019230769230769232
1 0.78125 0.054086538461538464 0.016826923076923076 0.02283653846153846
1 0.7980769230769231 0.2247596153846154 0.016826923076923076 0.015625
1 0.5132211538461539 0.65625 0.025240384615384616 0.02283653846153846
0 0.7596153846153846 0.019230769230769232 0.03485576923076923 0.036057692307692304
1 0.6514423076923077 0.8557692307692307 0.030048076923076924 0.042067307692307696
1 0.8713942307692307 0.7680288461538461 0.018028846153846152 0.019230769230769232
1 0.8942307692307693 0.5841346153846154 0.010817307692307692 0.014423076923076924
1 0.8485576923076923 0.171875 0.019230769230769232 0.026442307692307692
1 0.5408653846153846 0.6911057692307693 0.014423076923076924 0.014423076923076924
1 0.5228365384615384 0.9134615384615384 0.018028846153846152 0.04447115384615385
1 0.5024038461538461 0.9122596153846154 0.013221153846153846 0.038461538461538464
