1 0.08173076923076923 0.5276442307692307 0.055288461538461536 0.09134615384615384
1 0.03245192307692308 0.07451923076923077 0.04807692307692308 0.07211538461538461
1 0.7427884615384616 0.9711538461538461 0.0985576923076923 0.051682692307692304
1 0.9194711538461539 0.7463942307692307 0.16105769230769232 0.18509615384615385
1 0.9615384615384616 0.6141826923076923 0.03365384615384615 0.07451923076923077
1 0.9110576923076923 0.5709134615384616 0.0889423076923077 0.056490384615384616
1 0.8954326923076923 0.24158653846153846 0.2091346153846154 0.4831730769230769
1 0.546875 0.7211538461538461 0.030048076923076924 0.051682692307692304
6 0.6057692307692307 0.45552884615384615 0.5048076923076923 0.7067307692307693
1 0.2512019230769231 0.9050480769230769 0.03245192307692308 0.07451923076923077
1 0.30528846153846156 0.7644230769230769 0.03125 0.04326923076923077
1 0.6526442307692307 0.12259615384615384 0.0625 0.09375
1 0.8822115384615384 0.6490384615384616 0.0733173076923077 0.06490384615384616
1 0.47115384615384615 0.6947115384615384 0.125 0.11298076923076923
1 0.27163461538461536 0.7091346153846154 0.042067307692307696 0.07692307692307693
1 0.2848557692307692 0.48197115384615385 0.07692307692307693 0.08774038461538461
1 0.6586538461538461 0.037259615384615384 0.04567307692307692 0.07451923076923077
1 0.3581730769230769 0.054086538461538464 0.36778846153846156 0.10576923076923077
1 0.5817307692307693 0.06490384615384616 0.08533653846153846 0.12860576923076922
1 0.4855769230769231 0.7836538461538461 0.055288461538461536 0.04807692307692308
1 0.1658653846153846 0.5144230769230769 0.11899038461538461 0.09014423076923077
1 0.1658653846153846 0.6129807692307693 0.0829326923076923 0.0985576923076923
1 0.8088942307692307 0.7247596153846154 0.07451923076923077 0.10096153846153846
1 0.7848557692307693 0.04927884615384615 0.06610576923076923 0.09735576923076923
1 0.7355769230769231 0.8569711538461539 0.06129807692307692 0.09735576923076923
1 0.07211538461538461 0.875 0.14423076923076922 0.24639423076923078
1 0.34615384615384615 0.5637019230769231 0.09014423076923077 0.06850961538461539
1 0.21514423076923078 0.3629807692307692 0.36899038461538464 0.3088942307692308
1 0.8064903846153846 0.84375 0.06490384615384616 0.05048076923076923
1 0.18870192307692307 0.8365384615384616 0.09375 0.10336538461538461
1 0.12860576923076922 0.021634615384615384 0.055288461538461536 0.040865384615384616
1 0.21875 0.13701923076923078 0.13581730769230768 0.15264423076923078
1 0.8942307692307693 0.9170673076923077 0.21153846153846154 0.1658653846153846
1 0.6574519230769231 0.9014423076923077 0.09975961538461539 0.16466346153846154
1 0.3918269230769231 0.7824519230769231 0.11778846153846154 0.12860576923076922
1 0.6959134615384616 0.16706730769230768 0.030048076923076924 0.040865384615384616
1 0.5036057692307693 0.8942307692307693 0.2127403846153846 0.19951923076923078
1 0.07932692307692307 0.015625 0.02403846153846154 0.030048076923076924
1 0.25 0.5997596153846154 0.08653846153846154 0.13221153846153846
1 0.828125 0.30649038461538464 0.037259615384615384 0.06971153846153846
1 0.33413461538461536 0.6622596153846154 0.08653846153846154 0.10697115384615384
