1 0.040865384615384616 0.9242788461538461 0.0733173076923077 0.10576923076923077
3 0.5 0.5096153846153846 1 0.21875
1 0.015625 0.1875 0.030048076923076924 0.05048076923076923
1 0.21995192307692307 0.2536057692307692 0.12620192307692307 0.15985576923076922
1 0.039663461538461536 0.15865384615384615 0.037259615384615384 0.04567307692307692
1 0.9879807692307693 0.453125 0.02403846153846154 0.036057692307692304
1 0.4110576923076923 0.10336538461538461 0.05048076923076923 0.054086538461538464
1 0.5841346153846154 0.06971153846153846 0.07451923076923077 0.13701923076923078
1 0.1045673076923077 0.15625 0.04567307692307692 0.06971153846153846
1 0.7331730769230769 0.14543269230769232 0.09014423076923077 0.078125
1 0.09735576923076923 0.06850961538461539 0.07451923076923077 0.06490384615384616
1 0.08052884615384616 0.4639423076923077 0.057692307692307696 0.09134615384615384
1 0.07451923076923077 0.28846153846153844 0.019230769230769232 0.019230769230769232
2 0.09014423076923077 0.24158653846153846 0.17307692307692307 0.46875
1 0.2980769230769231 0.39783653846153844 0.02403846153846154 0.03245192307692308
1 0.4879807692307692 0.046875 0.11057692307692307 0.09254807692307693
1 0.5697115384615384 0.21394230769230768 0.04807692307692308 0.05889423076923077
1 0.7127403846153846 0.3173076923076923 0.08052884615384616 0.15264423076923078
2 0.8858173076923077 0.10817307692307693 0.2283653846153846 0.21634615384615385
1 0.03365384615384615 0.037259615384615384 0.038461538461538464 0.07451923076923077
1 0.22956730769230768 0.03365384615384615 0.0985576923076923 0.06490384615384616
1 0.3245192307692308 0.026442307692307692 0.07932692307692307 0.046875
1 0.8641826923076923 0.25 0.051682692307692304 0.07692307692307693
1 0.8978365384615384 0.20552884615384615 0.056490384615384616 0.05048076923076923
0 0.08533653846153846 0.018028846153846152 0.08533653846153846 0.03365384615384615
2 0.7115384615384616 0.06850961538461539 0.12980769230769232 0.12379807692307693
1 0.3425480769230769 0.3125 0.06370192307692307 0.0829326923076923
1 0.3401442307692308 0.15264423076923078 0.027644230769230768 0.057692307692307696
1 0.39903846153846156 0.25 0.040865384615384616 0.057692307692307696
1 0.4699519230769231 0.24519230769230768 0.04447115384615385 0.056490384615384616
1 0.9447115384615384 0.3125 0.040865384615384616 0.12139423076923077
1 0.5228365384615384 0.2608173076923077 0.042067307692307696 0.11057692307692307
1 0.6382211538461539 0.18870192307692307 0.0985576923076923 0.140625
1 0.8401442307692307 0.453125 0.04567307692307692 0.046875
1 0.44350961538461536 0.47475961538461536 0.0889423076923077 0.046875
1 0.7692307692307693 0.8557692307692307 0.0673076923076923 0.13341346153846154
1 0.9723557692307693 0.9002403846153846 0.055288461538461536 0.12740384615384615
1 0.1778846153846154 0.6430288461538461 0.10576923076923077 0.07932692307692307
1 0.4519230769230769 0.6983173076923077 0.16826923076923078 0.3293269230769231
1 0.703125 0.7620192307692307 0.13221153846153846 0.10096153846153846
1 0.2668269230769231 0.6322115384615384 0.06610576923076923 0.06971153846153846
1 0.49278846153846156 0.9459134615384616 0.1502403846153846 0.0985576923076923
1 0.9302884615384616 0.6947115384615384 0.042067307692307696 0.042067307692307696
1 0.8557692307692307 0.7223557692307693 0.13942307692307693 0.18509615384615385
1 0.6742788461538461 0.65625 0.05048076923076923 0.09735576923076923
1 0.32091346153846156 0.5865384615384616 0.08052884615384616 0.06850961538461539
1 0.47475961538461536 0.359375 0.014423076923076924 0.027644230769230768
1 0.8185096153846154 0.9903846153846154 0.025240384615384616 0.015625
1 0.056490384615384616 0.6682692307692307 0.11177884615384616 0.10336538461538461
1 0.6971153846153846 0.8725961538461539 0.052884615384615384 0.07451923076923077
1 0.05048076923076923 0.5384615384615384 0.07692307692307693 0.0673076923076923
1 0.9711538461538461 0.06370192307692307 0.057692307692307696 0.055288461538461536
1 0.17427884615384615 0.9278846153846154 0.19471153846153846 0.13822115384615385
1 0.34615384615384615 0.49278846153846156 0.08774038461538461 0.037259615384615384
1 0.2860576923076923 0.8918269230769231 0.03245192307692308 0.039663461538461536
1 0.6045673076923077 0.7211538461538461 0.0625 0.08173076923076923
4 0.6370192307692307 0.6790865384615384 0.040865384615384616 0.054086538461538464
1 0.5504807692307693 0.6754807692307693 0.038461538461538464 0.10576923076923077
1 0.4807692307692308 0.11057692307692307 0.06370192307692307 0.10697115384615384
1 0.6021634615384616 0.8701923076923077 0.12740384615384615 0.2091346153846154
1 0.8161057692307693 0.5913461538461539 0.1310096153846154 0.0985576923076923
1 0.7403846153846154 0.5204326923076923 0.09014423076923077 0.09735576923076923
1 0.8016826923076923 0.25 0.07692307692307693 0.17548076923076922
1 0.038461538461538464 0.8161057692307693 0.055288461538461536 0.05048076923076923
1 0.5877403846153846 0.2800480769230769 0.027644230769230768 0.030048076923076924
2 0.6057692307692307 0.47836538461538464 0.2127403846153846 0.3329326923076923
2 0.17067307692307693 0.41947115384615385 0.14903846153846154 0.0889423076923077
1 0.8341346153846154 0.8978365384615384 0.07211538461538461 0.15625
1 0.18269230769230768 0.53125 0.11899038461538461 0.07932692307692307
1 0.30649038461538464 0.0829326923076923 0.04807692307692308 0.056490384615384616
1 0.9278846153846154 0.4026442307692308 0.04927884615384615 0.07211538461538461
1 0.8966346153846154 0.8918269230769231 0.0673076923076923 0.21153846153846154
1 0.14543269230769232 0.8100961538461539 0.02403846153846154 0.036057692307692304
1 0.25841346153846156 0.18389423076923078 0.08653846153846154 0.11057692307692307
1 0.9266826923076923 0.019230769230769232 0.038461538461538464 0.037259615384615384
1 0.7151442307692307 0.9483173076923077 0.042067307692307696 0.07451923076923077
1 0.056490384615384616 0.22716346153846154 0.016826923076923076 0.02283653846153846
1 0.26802884615384615 0.34975961538461536 0.055288461538461536 0.06129807692307692
1 0.009615384615384616 0.10336538461538461 0.019230769230769232 0.054086538461538464
1 0.10096153846153846 0.30408653846153844 0.03485576923076923 0.05048076923076923
1 0.7668269230769231 0.953125 0.036057692307692304 0.04447115384615385
1 0.20192307692307693 0.75 0.12139423076923077 0.13341346153846154
1 0.25 0.109375 0.038461538461538464 0.04567307692307692
1 0.30408653846153844 0.9771634615384616 0.04567307692307692 0.040865384615384616
1 0.3137019230769231 0.8713942307692307 0.026442307692307692 0.03365384615384615
1 0.38221153846153844 0.8798076923076923 0.07572115384615384 0.08653846153846154
1 0.8990384615384616 0.29927884615384615 0.038461538461538464 0.04567307692307692
1 0.984375 0.31490384615384615 0.03125 0.078125
1 0.3329326923076923 0.6923076923076923 0.08774038461538461 0.11298076923076923
