1 0.390625 0.9723557692307693 0.11057692307692307 0.04807692307692308
1 0.9495192307692307 0.9699519230769231 0.10096153846153846 0.054086538461538464
1 0.8221153846153846 0.9759615384615384 0.10336538461538461 0.04447115384615385
2 0.5552884615384616 0.828125 0.17548076923076922 0.33052884615384615
1 0.9831730769230769 0.3401442307692308 0.03365384615384615 0.4723557692307692
1 0.038461538461538464 0.6838942307692307 0.057692307692307696 0.1141826923076923
1 0.2536057692307692 0.07572115384615384 0.05048076923076923 0.051682692307692304
1 0.9242788461538461 0.6646634615384616 0.055288461538461536 0.2091346153846154
1 0.8088942307692307 0.8185096153846154 0.18990384615384615 0.26322115384615385
10 0.5288461538461539 0.37740384615384615 0.5336538461538461 0.625
1 0.10336538461538461 0.5600961538461539 0.06610576923076923 0.04807692307692308
1 0.04927884615384615 0.07572115384615384 0.09735576923076923 0.15144230769230768
1 0.9651442307692307 0.7091346153846154 0.06971153846153846 0.16947115384615385
1 0.015625 0.9266826923076923 0.03125 0.05048076923076923
1 0.796875 0.1935096153846154 0.040865384615384616 0.0673076923076923
1 0.1346153846153846 0.1045673076923077 0.052884615384615384 0.06490384615384616
1 0.8665865384615384 0.3125 0.23317307692307693 0.625
1 0.6850961538461539 0.8257211538461539 0.1778846153846154 0.24639423076923078
1 0.14182692307692307 0.3894230769230769 0.04567307692307692 0.05048076923076923
2 0.4831730769230769 0.03245192307692308 0.10576923076923077 0.06490384615384616
1 0.3485576923076923 0.6466346153846154 0.09375 0.0889423076923077
1 0.10096153846153846 0.3112980769230769 0.06370192307692307 0.09735576923076923
1 0.4639423076923077 0.8701923076923077 0.03245192307692308 0.051682692307692304
2 0.828125 0.6502403846153846 0.15144230769230768 0.1346153846153846
1 0.16105769230769232 0.28125 0.040865384615384616 0.054086538461538464
2 0.3329326923076923 0.828125 0.3870192307692308 0.3401442307692308
1 0.25721153846153844 0.5949519230769231 0.04326923076923077 0.09014423076923077
1 0.19831730769230768 0.49278846153846156 0.06610576923076923 0.10336538461538461
1 0.18389423076923078 0.13701923076923078 0.027644230769230768 0.055288461538461536
