7 0.10096153846153846 0.4423076923076923 0.20192307692307693 0.32091346153846156
7 0.8990384615384616 0.4254807692307692 0.18629807692307693 0.11899038461538461
1 0.5733173076923077 0.6286057692307693 0.16826923076923078 0.1141826923076923
1 0.018028846153846152 0.8125 0.03485576923076923 0.06370192307692307
7 0.1875 0.3713942307692308 0.16346153846153846 0.15985576923076922
1 0.7271634615384616 0.8088942307692307 0.1141826923076923 0.12860576923076922
1 0.5384615384615384 0.9675480769230769 0.35096153846153844 0.06490384615384616
1 0.9074519230769231 0.12620192307692307 0.18509615384615385 0.25240384615384615
0 0.7091346153846154 0.6742788461538461 0.1201923076923077 0.15264423076923078
1 0.44350961538461536 0.7800480769230769 0.052884615384615384 0.06129807692307692
1 0.2920673076923077 0.4375 0.11057692307692307 0.12980769230769232
7 0.06971153846153846 0.7283653846153846 0.13942307692307693 0.11057692307692307
10 0.7151442307692307 0.44591346153846156 0.5697115384615384 0.8918269230769231
7 0.6165865384615384 0.7680288461538461 0.53125 0.4567307692307692
1 0.984375 0.53125 0.03125 0.12139423076923077
1 0.12259615384615384 0.5564903846153846 0.1658653846153846 0.14182692307692307
7 0.14903846153846154 0.2980769230769231 0.2980769230769231 0.14302884615384615
4 0.8329326923076923 0.03365384615384615 0.06850961538461539 0.06490384615384616
1 0.2932692307692308 0.5829326923076923 0.08413461538461539 0.07451923076923077
1 0.5661057692307693 0.4651442307692308 0.04567307692307692 0.07451923076923077
1 0.6850961538461539 0.18870192307692307 0.32211538461538464 0.37740384615384615
1 0.2512019230769231 0.1778846153846154 0.45552884615384615 0.3557692307692308
4 0.33413461538461536 0.31009615384615385 0.125 0.13581730769230768
7 0.07091346153846154 0.16466346153846154 0.09014423076923077 0.2956730769230769
0 0.9627403846153846 0.7836538461538461 0.0733173076923077 0.1045673076923077
1 0.13942307692307693 0.8822115384615384 0.055288461538461536 0.05048076923076923
