7 0.9807692307692307 0.30288461538461536 0.038461538461538464 0.06490384615384616
1 0.5793269230769231 0.23076923076923078 0.036057692307692304 0.028846153846153848
1 0.7151442307692307 0.3870192307692308 0.4206730769230769 0.28725961538461536
10 0.5 0.6334134615384616 1 0.5012019230769231
1 0.8545673076923077 0.03245192307692308 0.057692307692307696 0.06370192307692307
1 0.6069711538461539 0.7271634615384616 0.09975961538461539 0.09975961538461539
1 0.8990384615384616 0.9326923076923077 0.10817307692307693 0.12980769230769232
1 0.13341346153846154 0.9074519230769231 0.2536057692307692 0.18509615384615385
1 0.08533653846153846 0.019230769230769232 0.08653846153846154 0.037259615384615384
1 0.21033653846153846 0.5 0.12980769230769232 0.09254807692307693
1 0.47115384615384615 0.9435096153846154 0.2644230769230769 0.11298076923076923
1 0.6838942307692307 0.9459134615384616 0.04326923076923077 0.05889423076923077
1 0.10336538461538461 0.16466346153846154 0.02403846153846154 0.05048076923076923
1 0.18389423076923078 0.6766826923076923 0.14903846153846154 0.25961538461538464
1 0.0625 0.6658653846153846 0.125 0.12139423076923077
1 0.9278846153846154 0.02283653846153846 0.036057692307692304 0.04447115384615385
1 0.4567307692307692 0.5300480769230769 0.052884615384615384 0.0733173076923077
4 0.9387019230769231 0.43990384615384615 0.04567307692307692 0.16947115384615385
7 0.71875 0.21153846153846154 0.06971153846153846 0.08413461538461539
1 0.14423076923076922 0.28966346153846156 0.055288461538461536 0.06370192307692307
1 0.5120192307692307 0.6838942307692307 0.04807692307692308 0.054086538461538464
1 0.28125 0.055288461538461536 0.07211538461538461 0.11057692307692307
1 0.5661057692307693 0.037259615384615384 0.07451923076923077 0.07451923076923077
1 0.5913461538461539 0.5829326923076923 0.05889423076923077 0.078125
1 0.8161057692307693 0.5420673076923077 0.04807692307692308 0.08173076923076923
