1 0.7608173076923077 0.71875 0.016826923076923076 0.015625
4 0.6526442307692307 0.9447115384615384 0.009615384615384616 0.03365384615384615
1 0.6081730769230769 0.7487980769230769 0.03365384615384615 0.021634615384615384
11 0.4651442307692308 0.8786057692307693 0.265625 0.24158653846153846
1 0.640625 0.7524038461538461 0.021634615384615384 0.02283653846153846
7 0.018028846153846152 0.7752403846153846 0.036057692307692304 0.18028846153846154
1 0.9314903846153846 0.7055288461538461 0.01201923076923077 0.01201923076923077
1 0.5204326923076923 0.7463942307692307 0.014423076923076924 0.016826923076923076
1 0.24158653846153846 0.29086538461538464 0.03125 0.03125
10 0.4182692307692308 0.41466346153846156 0.04927884615384615 0.078125
1 0.6694711538461539 0.8557692307692307 0.013221153846153846 0.016826923076923076
1 0.0625 0.6778846153846154 0.016826923076923076 0.02283653846153846
1 0.26802884615384615 0.890625 0.014423076923076924 0.02283653846153846
1 0.5564903846153846 0.16826923076923078 0.03485576923076923 0.02283653846153846
1 0.5793269230769231 0.5 0.018028846153846152 0.019230769230769232
1 0.8653846153846154 0.9302884615384616 0.009615384615384616 0.014423076923076924
0 0.15384615384615385 0.6081730769230769 0.055288461538461536 0.05889423076923077
1 0.7007211538461539 0.6274038461538461 0.02403846153846154 0.019230769230769232
1 0.9675480769230769 0.75 0.026442307692307692 0.026442307692307692
1 0.9014423076923077 0.8641826923076923 0.015625 0.027644230769230768
1 0.41947115384615385 0.24879807692307693 0.02283653846153846 0.019230769230769232
1 0.6177884615384616 0.484375 0.02403846153846154 0.021634615384615384
1 0.04807692307692308 0.7319711538461539 0.021634615384615384 0.019230769230769232
1 0.7355769230769231 0.03365384615384615 0.04326923076923077 0.06610576923076923
1 0.2668269230769231 0.17548076923076922 0.03125 0.056490384615384616
1 0.14783653846153846 0.054086538461538464 0.027644230769230768 0.019230769230769232
1 0.40384615384615385 0.3125 0.04326923076923077 0.05048076923076923
1 0.71875 0.7704326923076923 0.014423076923076924 0.014423076923076924
7 0.6538461538461539 0.39783653846153844 0.056490384615384616 0.07451923076923077
