1 0.1935096153846154 0.8930288461538461 0.015625 0.015625
1 0.3737980769230769 0.5492788461538461 0.028846153846153848 0.04326923076923077
1 0.8822115384615384 0.038461538461538464 0.030048076923076924 0.03365384615384615
1 0.65625 0.44711538461538464 0.030048076923076924 0.03485576923076923
1 0.3858173076923077 0.47596153846153844 0.013221153846153846 0.018028846153846152
1 0.2824519230769231 0.39302884615384615 0.02403846153846154 0.038461538461538464
1 0.1658653846153846 0.8425480769230769 0.019230769230769232 0.02403846153846154
1 0.40865384615384615 0.8762019230769231 0.09615384615384616 0.0673076923076923
1 0.3713942307692308 0.734375 0.021634615384615384 0.03485576923076923
1 0.10216346153846154 0.6478365384615384 0.02283653846153846 0.037259615384615384
1 0.2932692307692308 0.9170673076923077 0.025240384615384616 0.028846153846153848
1 0.15625 0.8701923076923077 0.030048076923076924 0.027644230769230768
1 0.009615384615384616 0.7992788461538461 0.019230769230769232 0.055288461538461536
1 0.1935096153846154 0.1310096153846154 0.03485576923076923 0.06129807692307692
1 0.8449519230769231 0.5889423076923077 0.016826923076923076 0.025240384615384616
1 0.39302884615384615 0.8197115384615384 0.037259615384615384 0.040865384615384616
1 0.020432692307692308 0.6622596153846154 0.039663461538461536 0.054086538461538464
1 0.29086538461538464 0.4387019230769231 0.03485576923076923 0.037259615384615384
1 0.10697115384615384 0.06971153846153846 0.042067307692307696 0.038461538461538464
0 0.6033653846153846 0.9603365384615384 0.1045673076923077 0.07932692307692307
1 0.3425480769230769 0.7668269230769231 0.04567307692307692 0.04927884615384615
1 0.7608173076923077 0.1622596153846154 0.037259615384615384 0.056490384615384616
1 0.43990384615384615 0.12740384615384615 0.04567307692307692 0.056490384615384616
1 0.6634615384615384 0.5096153846153846 0.15264423076923078 0.11177884615384616
0 0.19110576923076922 0.8161057692307693 0.23798076923076922 0.36658653846153844
1 0.1346153846153846 0.19591346153846154 0.038461538461538464 0.037259615384615384
1 0.7427884615384616 0.9098557692307693 0.056490384615384616 0.07451923076923077
1 0.07932692307692307 0.6502403846153846 0.013221153846153846 0.019230769230769232
1 0.030048076923076924 0.20072115384615385 0.030048076923076924 0.036057692307692304
1 0.11538461538461539 0.5949519230769231 0.016826923076923076 0.02283653846153846
1 0.8798076923076923 0.5637019230769231 0.03485576923076923 0.04326923076923077
1 0.06129807692307692 0.33774038461538464 0.016826923076923076 0.026442307692307692
0 0.8762019230769231 0.8629807692307693 0.24639423076923078 0.27403846153846156
1 0.0673076923076923 0.6923076923076923 0.02403846153846154 0.026442307692307692
4 0.6514423076923077 0.4891826923076923 0.5661057692307693 0.9783653846153846
1 0.8665865384615384 0.6454326923076923 0.025240384615384616 0.057692307692307696
1 0.14182692307692307 0.234375 0.04567307692307692 0.037259615384615384
0 0.11658653846153846 0.4098557692307692 0.09375 0.16346153846153846
1 0.003605769230769231 0.45072115384615385 0.006009615384615385 0.02403846153846154
0 0.1346153846153846 0.28966346153846156 0.05889423076923077 0.06490384615384616
1 0.040865384615384616 0.3004807692307692 0.019230769230769232 0.015625
1 0.09134615384615384 0.31850961538461536 0.014423076923076924 0.019230769230769232
1 0.1814903846153846 0.078125 0.036057692307692304 0.03485576923076923
1 0.18629807692307693 0.03245192307692308 0.056490384615384616 0.06490384615384616
1 0.18028846153846154 0.35336538461538464 0.02283653846153846 0.027644230769230768
1 0.296875 0.5540865384615384 0.12620192307692307 0.08173076923076923
1 0.43149038461538464 0.29447115384615385 0.025240384615384616 0.030048076923076924
1 0.4987980769230769 0.054086538461538464 0.10336538461538461 0.07091346153846154
1 0.34134615384615385 0.078125 0.014423076923076924 0.027644230769230768
0 0.5384615384615384 0.7307692307692307 0.23317307692307693 0.3016826923076923
1 0.7235576923076923 0.39903846153846156 0.06610576923076923 0.10096153846153846
1 0.9146634615384616 0.5252403846153846 0.028846153846153848 0.03245192307692308
1 0.7487980769230769 0.8413461538461539 0.030048076923076924 0.036057692307692304
1 0.8293269230769231 0.43990384615384615 0.021634615384615384 0.020432692307692308
1 0.8088942307692307 0.3125 0.021634615384615384 0.025240384615384616
1 0.8449519230769231 0.11298076923076923 0.06370192307692307 0.06009615384615385
1 0.32572115384615385 0.9783653846153846 0.042067307692307696 0.04326923076923077
1 0.42788461538461536 0.828125 0.02403846153846154 0.04326923076923077
1 0.6081730769230769 0.6045673076923077 0.10096153846153846 0.05889423076923077
1 0.054086538461538464 0.8870192307692307 0.026442307692307692 0.038461538461538464
0 0.7524038461538461 0.6730769230769231 0.15865384615384615 0.24639423076923078
1 0.8028846153846154 0.3641826923076923 0.03485576923076923 0.04447115384615385
1 0.4110576923076923 0.75 0.046875 0.06490384615384616
0 0.9459134615384616 0.328125 0.10697115384615384 0.16105769230769232
1 0.8798076923076923 0.7223557692307693 0.046875 0.07451923076923077
1 0.020432692307692308 0.12980769230769232 0.040865384615384616 0.051682692307692304
1 0.25721153846153844 0.3762019230769231 0.030048076923076924 0.025240384615384616
1 0.4326923076923077 0.21514423076923078 0.056490384615384616 0.057692307692307696
1 0.9591346153846154 0.6959134615384616 0.08173076923076923 0.10336538461538461
1 0.8569711538461539 0.8245192307692307 0.04807692307692308 0.04567307692307692
1 0.8557692307692307 0.46033653846153844 0.02403846153846154 0.030048076923076924
1 0.9675480769230769 0.25 0.02283653846153846 0.030048076923076924
1 0.6959134615384616 0.1875 0.02283653846153846 0.026442307692307692
1 0.7091346153846154 0.22956730769230768 0.038461538461538464 0.05048076923076923
1 0.1141826923076923 0.71875 0.04807692307692308 0.07572115384615384
0 0.4338942307692308 0.953125 0.12139423076923077 0.09254807692307693
1 0.9146634615384616 0.5985576923076923 0.026442307692307692 0.037259615384615384
1 0.5072115384615384 0.4831730769230769 0.030048076923076924 0.04326923076923077
1 0.36658653846153844 0.4110576923076923 0.038461538461538464 0.054086538461538464
1 0.056490384615384616 0.12379807692307693 0.02283653846153846 0.028846153846153848
1 0.13701923076923078 0.09615384615384616 0.020432692307692308 0.027644230769230768
1 0.028846153846153848 0.4411057692307692 0.030048076923076924 0.057692307692307696
1 0.06850961538461539 0.5697115384615384 0.03245192307692308 0.027644230769230768
1 0.09134615384615384 0.5456730769230769 0.015625 0.037259615384615384
1 0.15985576923076922 0.5168269230769231 0.03485576923076923 0.04447115384615385
1 0.25961538461538464 0.078125 0.025240384615384616 0.04326923076923077
1 0.6201923076923077 0.7223557692307693 0.040865384615384616 0.038461538461538464
1 0.9002403846153846 0.8365384615384616 0.03125 0.046875
1 0.7836538461538461 0.5540865384615384 0.05889423076923077 0.07451923076923077
1 0.8329326923076923 0.40384615384615385 0.026442307692307692 0.028846153846153848
0 0.6478365384615384 0.3449519230769231 0.05048076923076923 0.06009615384615385
1 0.5757211538461539 0.38341346153846156 0.03125 0.042067307692307696
1 0.8581730769230769 0.013221153846153846 0.025240384615384616 0.021634615384615384
1 0.29447115384615385 0.6694711538461539 0.07692307692307693 0.16826923076923078
1 0.33413461538461536 0.8942307692307693 0.028846153846153848 0.03365384615384615
1 0.47596153846153844 0.8425480769230769 0.038461538461538464 0.046875
1 0.4879807692307692 0.13701923076923078 0.056490384615384616 0.07692307692307693
1 0.0673076923076923 0.07451923076923077 0.04447115384615385 0.046875
1 0.34615384615384615 0.4567307692307692 0.02403846153846154 0.03365384615384615
1 0.3016826923076923 0.17427884615384615 0.040865384615384616 0.04326923076923077
1 0.09014423076923077 0.16346153846153846 0.04326923076923077 0.05048076923076923
1 0.22355769230769232 0.05889423076923077 0.046875 0.03365384615384615
1 0.3629807692307692 0.22596153846153846 0.027644230769230768 0.030048076923076924
7 0.18870192307692307 0.2932692307692308 0.04567307692307692 0.06129807692307692
0 0.06610576923076923 0.25600961538461536 0.055288461538461536 0.07451923076923077
0 0.014423076923076924 0.013221153846153846 0.028846153846153848 0.026442307692307692
1 0.5829326923076923 0.04447115384615385 0.03125 0.03485576923076923
1 0.28125 0.2932692307692308 0.08173076923076923 0.15264423076923078
1 0.4230769230769231 0.06971153846153846 0.042067307692307696 0.057692307692307696
1 0.2403846153846154 0.015625 0.04326923076923077 0.030048076923076924
1 0.35096153846153844 0.28966346153846156 0.03365384615384615 0.056490384615384616
1 0.16466346153846154 0.46274038461538464 0.021634615384615384 0.02283653846153846
1 0.01201923076923077 0.2668269230769231 0.02403846153846154 0.03485576923076923
