1 0.7283653846153846 0.6502403846153846 0.02403846153846154 0.027644230769230768
1 0.390625 0.7572115384615384 0.03485576923076923 0.039663461538461536
1 0.8293269230769231 0.9555288461538461 0.02403846153846154 0.038461538461538464
1 0.7403846153846154 0.16826923076923078 0.018028846153846152 0.02403846153846154
1 0.23557692307692307 0.07091346153846154 0.027644230769230768 0.05048076923076923
1 0.40865384615384615 0.7007211538461539 0.03125 0.036057692307692304
10 0.5552884615384616 0.546875 0.5072115384615384 0.9038461538461539
1 0.35096153846153844 0.33052884615384615 0.07211538461538461 0.08413461538461539
1 0.3401442307692308 0.421875 0.03245192307692308 0.028846153846153848
1 0.15745192307692307 0.3858173076923077 0.025240384615384616 0.03245192307692308
1 0.41586538461538464 0.43149038461538464 0.11298076923076923 0.16466346153846154
1 0.046875 0.5649038461538461 0.09375 0.1466346153846154
1 0.23197115384615385 0.30528846153846156 0.08653846153846154 0.15384615384615385
1 0.2608173076923077 0.46274038461538464 0.09375 0.109375
1 0.09375 0.39302884615384615 0.038461538461538464 0.051682692307692304
0 0.3076923076923077 0.1466346153846154 0.08774038461538461 0.109375
1 0.4326923076923077 0.3161057692307692 0.038461538461538464 0.06129807692307692
1 0.2920673076923077 0.03125 0.05048076923076923 0.0625
1 0.5661057692307693 0.6634615384615384 0.056490384615384616 0.08653846153846154
1 0.5444711538461539 0.7620192307692307 0.0625 0.11177884615384616
1 0.6033653846153846 0.7415865384615384 0.027644230769230768 0.054086538461538464
1 0.6129807692307693 0.9855769230769231 0.021634615384615384 0.028846153846153848
1 0.7283653846153846 0.5060096153846154 0.08653846153846154 0.109375
1 0.9230769230769231 0.05889423076923077 0.057692307692307696 0.11658653846153846
1 0.8389423076923077 0.03485576923076923 0.14903846153846154 0.06971153846153846
1 0.7247596153846154 0.4098557692307692 0.03245192307692308 0.04447115384615385
1 0.3641826923076923 0.9675480769230769 0.06009615384615385 0.06490384615384616
1 0.6370192307692307 0.27283653846153844 0.0733173076923077 0.08173076923076923
1 0.8413461538461539 0.3293269230769231 0.0733173076923077 0.10576923076923077
1 0.7884615384615384 0.7932692307692307 0.17668269230769232 0.25
1 0.6778846153846154 0.9723557692307693 0.055288461538461536 0.054086538461538464
1 0.7151442307692307 0.11778846153846154 0.030048076923076924 0.04447115384615385
1 0.027644230769230768 0.8257211538461539 0.027644230769230768 0.037259615384615384
1 0.9543269230769231 0.9338942307692307 0.09134615384615384 0.12740384615384615
1 0.49038461538461536 0.7115384615384616 0.040865384615384616 0.046875
1 0.625 0.8918269230769231 0.036057692307692304 0.08774038461538461
1 0.042067307692307696 0.90625 0.03245192307692308 0.056490384615384616
1 0.9567307692307693 0.828125 0.07572115384615384 0.055288461538461536
1 0.9747596153846154 0.46875 0.05048076923076923 0.14423076923076922
1 0.8004807692307693 0.625 0.037259615384615384 0.06610576923076923
1 0.9302884615384616 0.2247596153846154 0.04807692307692308 0.07692307692307693
1 0.9675480769230769 0.38221153846153844 0.014423076923076924 0.019230769230769232
1 0.02283653846153846 0.028846153846153848 0.04567307692307692 0.046875
1 0.21514423076923078 0.6983173076923077 0.04447115384615385 0.06850961538461539
1 0.4026442307692308 0.06610576923076923 0.0733173076923077 0.12860576923076922
1 0.1875 0.4050480769230769 0.025240384615384616 0.027644230769230768
1 0.6742788461538461 0.042067307692307696 0.04807692307692308 0.0829326923076923
1 0.6286057692307693 0.020432692307692308 0.040865384615384616 0.037259615384615384
1 0.4326923076923077 0.8245192307692307 0.051682692307692304 0.07932692307692307
1 0.5180288461538461 0.9074519230769231 0.11538461538461539 0.17548076923076922
1 0.0889423076923077 0.018028846153846152 0.040865384615384616 0.03125
1 0.9855769230769231 0.03485576923076923 0.028846153846153848 0.06971153846153846
1 0.4723557692307692 0.8016826923076923 0.025240384615384616 0.042067307692307696
1 0.052884615384615384 0.7680288461538461 0.040865384615384616 0.042067307692307696
1 0.9182692307692307 0.7331730769230769 0.056490384615384616 0.06370192307692307
1 0.5625 0.5588942307692307 0.1201923076923077 0.10576923076923077
1 0.9459134615384616 0.6225961538461539 0.10817307692307693 0.15144230769230768
1 0.953125 0.0733173076923077 0.04447115384615385 0.06850961538461539
1 0.4483173076923077 0.6766826923076923 0.04326923076923077 0.04447115384615385
1 0.7103365384615384 0.18870192307692307 0.037259615384615384 0.038461538461538464
1 0.8930288461538461 0.3786057692307692 0.014423076923076924 0.028846153846153848
1 0.9879807692307693 0.18028846153846154 0.02403846153846154 0.11899038461538461
1 0.140625 0.44591346153846156 0.052884615384615384 0.06490384615384616
1 0.9567307692307693 0.1502403846153846 0.016826923076923076 0.03485576923076923
0 0.05048076923076923 0.2824519230769231 0.10096153846153846 0.14302884615384615
0 0.1045673076923077 0.14543269230769232 0.2091346153846154 0.1935096153846154
1 0.37259615384615385 0.5889423076923077 0.09014423076923077 0.06971153846153846
1 0.17548076923076922 0.7872596153846154 0.2764423076923077 0.4254807692307692
1 0.5432692307692307 0.11899038461538461 0.20072115384615385 0.23798076923076922
0 0.013221153846153846 0.7560096153846154 0.026442307692307692 0.13221153846153846
1 0.8834134615384616 0.22956730769230768 0.03485576923076923 0.05889423076923077
1 0.9350961538461539 0.5264423076923077 0.019230769230769232 0.03245192307692308
1 0.15384615384615385 0.5324519230769231 0.09014423076923077 0.08774038461538461
1 0.6201923076923077 0.3701923076923077 0.12139423076923077 0.12379807692307693
1 0.890625 0.9819711538461539 0.042067307692307696 0.036057692307692304
0 0.4879807692307692 0.38221153846153844 0.1045673076923077 0.17668269230769232
