0 0.6526442307692307 0.5288461538461539 0.0625 0.07451923076923077
1 0.6358173076923077 0.7992788461538461 0.02403846153846154 0.040865384615384616
1 0.28365384615384615 0.6610576923076923 0.027644230769230768 0.03245192307692308
1 0.6153846153846154 0.9639423076923077 0.036057692307692304 0.06490384615384616
1 0.5108173076923077 0.4338942307692308 0.018028846153846152 0.019230769230769232
1 0.13221153846153846 0.2536057692307692 0.055288461538461536 0.12980769230769232
1 0.4362980769230769 0.8689903846153846 0.02403846153846154 0.040865384615384616
1 0.23076923076923078 0.11177884615384616 0.11899038461538461 0.22235576923076922
1 0.5745192307692307 0.59375 0.016826923076923076 0.02283653846153846
1 0.43149038461538464 0.1466346153846154 0.06971153846153846 0.06490384615384616
1 0.5204326923076923 0.9627403846153846 0.027644230769230768 0.038461538461538464
1 0.30649038461538464 0.9675480769230769 0.025240384615384616 0.026442307692307692
1 0.0625 0.29927884615384615 0.125 0.19951923076923078
1 0.29086538461538464 0.7379807692307693 0.04567307692307692 0.04326923076923077
1 0.3737980769230769 0.9338942307692307 0.025240384615384616 0.027644230769230768
1 0.6237980769230769 0.8641826923076923 0.052884615384615384 0.054086538461538464
0 0.6201923076923077 0.375 0.03245192307692308 0.05048076923076923
1 0.24278846153846154 0.22956730769230768 0.03365384615384615 0.039663461538461536
1 0.2668269230769231 0.984375 0.040865384615384616 0.03125
1 0.35216346153846156 0.7692307692307693 0.037259615384615384 0.03245192307692308
1 0.17307692307692307 0.8149038461538461 0.013221153846153846 0.026442307692307692
1 0.5889423076923077 0.5060096153846154 0.007211538461538462 0.018028846153846152
1 0.2860576923076923 0.9158653846153846 0.014423076923076924 0.02283653846153846
10 0.6682692307692307 0.6742788461538461 0.09014423076923077 0.6442307692307693
1 0.4855769230769231 0.8088942307692307 0.03245192307692308 0.051682692307692304
1 0.44350961538461536 0.9651442307692307 0.04447115384615385 0.04447115384615385
1 0.47475961538461536 0.04447115384615385 0.13581730769230768 0.0889423076923077
1 0.026442307692307692 0.9519230769230769 0.02403846153846154 0.05048076923076923
1 0.04807692307692308 0.4723557692307692 0.07211538461538461 0.11298076923076923
0 0.265625 0.484375 0.06129807692307692 0.06009615384615385
1 0.6201923076923077 0.056490384615384616 0.038461538461538464 0.04326923076923077
1 0.4891826923076923 0.9086538461538461 0.016826923076923076 0.02403846153846154
1 0.5084134615384616 0.7584134615384616 0.030048076923076924 0.03365384615384615
1 0.12139423076923077 0.5733173076923077 0.09134615384615384 0.1466346153846154
1 0.31850961538461536 0.15985576923076922 0.09615384615384616 0.09134615384615384
0 0.19591346153846154 0.7199519230769231 0.12620192307692307 0.14783653846153846
1 0.5504807692307693 0.8245192307692307 0.03485576923076923 0.055288461538461536
1 0.2127403846153846 0.8389423076923077 0.014423076923076924 0.016826923076923076
1 0.13341346153846154 0.49399038461538464 0.08653846153846154 0.08173076923076923
1 0.15384615384615385 0.10576923076923077 0.056490384615384616 0.06610576923076923
1 0.6153846153846154 0.7079326923076923 0.038461538461538464 0.07451923076923077
0 0.5216346153846154 0.29927884615384615 0.11057692307692307 0.11899038461538461
1 0.6598557692307693 0.08173076923076923 0.015625 0.01201923076923077
0 0.9507211538461539 0.1814903846153846 0.09735576923076923 0.3629807692307692
1 0.37740384615384615 0.3293269230769231 0.08173076923076923 0.056490384615384616
1 0.30408653846153844 0.7752403846153846 0.016826923076923076 0.05048076923076923
1 0.6490384615384616 0.6790865384615384 0.020432692307692308 0.039663461538461536
1 0.5456730769230769 0.5612980769230769 0.016826923076923076 0.019230769230769232
1 0.8028846153846154 0.32211538461538464 0.04447115384615385 0.05048076923076923
1 0.9266826923076923 0.15625 0.014423076923076924 0.020432692307692308
1 0.8870192307692307 0.59375 0.04567307692307692 0.04447115384615385
1 0.5432692307692307 0.5132211538461539 0.04807692307692308 0.051682692307692304
1 0.6814903846153846 0.35216346153846156 0.027644230769230768 0.05889423076923077
1 0.9014423076923077 0.0673076923076923 0.05048076923076923 0.09735576923076923
1 0.8257211538461539 0.41346153846153844 0.03485576923076923 0.03125
1 0.9447115384615384 0.7620192307692307 0.04567307692307692 0.06370192307692307
1 0.7307692307692307 0.24759615384615385 0.02283653846153846 0.037259615384615384
0 0.08052884615384616 0.8798076923076923 0.09975961538461539 0.057692307692307696
1 0.7283653846153846 0.021634615384615384 0.040865384615384616 0.04326923076923077
1 0.7932692307692307 0.8701923076923077 0.03485576923076923 0.036057692307692304
1 0.8329326923076923 0.6021634615384616 0.04567307692307692 0.054086538461538464
1 0.6598557692307693 0.06370192307692307 0.02283653846153846 0.02283653846153846
1 0.8509615384615384 0.9242788461538461 0.04326923076923077 0.08653846153846154
1 0.5661057692307693 0.2247596153846154 0.03365384615384615 0.04326923076923077
1 0.09134615384615384 0.9855769230769231 0.014423076923076924 0.028846153846153848
0 0.05048076923076923 0.0985576923076923 0.10096153846153846 0.1971153846153846
1 0.9855769230769231 0.31850961538461536 0.028846153846153848 0.0889423076923077
1 0.6766826923076923 0.0829326923076923 0.014423076923076924 0.02283653846153846
1 0.9375 0.6850961538461539 0.02403846153846154 0.036057692307692304
1 0.9567307692307693 0.5348557692307693 0.052884615384615384 0.046875
1 0.9855769230769231 0.5829326923076923 0.028846153846153848 0.055288461538461536
1 0.7319711538461539 0.14543269230769232 0.018028846153846152 0.02283653846153846
1 0.9314903846153846 0.9158653846153846 0.13581730769230768 0.16826923076923078
1 0.25 0.8185096153846154 0.007211538461538462 0.021634615384615384
1 0.8353365384615384 0.25721153846153844 0.014423076923076924 0.016826923076923076
1 0.7211538461538461 0.5673076923076923 0.03485576923076923 0.06971153846153846
1 0.8605769230769231 0.006009615384615385 0.016826923076923076 0.01201923076923077
1 0.6129807692307693 0.4723557692307692 0.038461538461538464 0.038461538461538464
1 0.48677884615384615 0.4963942307692308 0.056490384615384616 0.055288461538461536
7 0.3449519230769231 0.9603365384615384 0.06610576923076923 0.03485576923076923
1 0.578125 0.4014423076923077 0.027644230769230768 0.036057692307692304
0 0.06129807692307692 0.7668269230769231 0.08413461538461539 0.05889423076923077
1 0.8653846153846154 0.5817307692307693 0.010817307692307692 0.021634615384615384
1 0.9002403846153846 0.15625 0.008413461538461538 0.01201923076923077
0 0.6213942307692307 0.1875 0.055288461538461536 0.06490384615384616
1 0.49038461538461536 0.9855769230769231 0.038461538461538464 0.028846153846153848
1 0.4723557692307692 0.9314903846153846 0.036057692307692304 0.021634615384615384
1 0.40865384615384615 0.8293269230769231 0.03365384615384615 0.055288461538461536
1 0.1346153846153846 0.4014423076923077 0.04807692307692308 0.05889423076923077
1 0.5612980769230769 0.7247596153846154 0.027644230769230768 0.03245192307692308
1 0.3317307692307692 0.7367788461538461 0.02403846153846154 0.02283653846153846
1 0.8557692307692307 0.296875 0.013221153846153846 0.03125
1 0.6069711538461539 0.2620192307692308 0.02403846153846154 0.04326923076923077
1 0.8161057692307693 0.028846153846153848 0.014423076923076924 0.01201923076923077
0 0.01201923076923077 0.8954326923076923 0.02403846153846154 0.13701923076923078
1 0.8076923076923077 0.06490384615384616 0.027644230769230768 0.046875
1 0.9170673076923077 0.4639423076923077 0.12860576923076922 0.15264423076923078
1 0.9254807692307693 0.6478365384615384 0.016826923076923076 0.019230769230769232
1 0.7331730769230769 0.8197115384615384 0.08413461538461539 0.15504807692307693
1 0.7439903846153846 0.6574519230769231 0.04807692307692308 0.051682692307692304
1 0.7884615384615384 0.40865384615384615 0.021634615384615384 0.037259615384615384
1 0.6454326923076923 0.2824519230769231 0.03125 0.06129807692307692
1 0.47716346153846156 0.421875 0.02283653846153846 0.02283653846153846
1 0.7848557692307693 0.9242788461538461 0.06850961538461539 0.06490384615384616
1 0.7908653846153846 0.5108173076923077 0.026442307692307692 0.03125
1 0.7536057692307693 0.08653846153846154 0.015625 0.05048076923076923
1 0.31971153846153844 0.05889423076923077 0.06971153846153846 0.0889423076923077
1 0.02283653846153846 0.6466346153846154 0.042067307692307696 0.07451923076923077
0 0.3485576923076923 0.5384615384615384 0.09735576923076923 0.10336538461538461
1 0.42908653846153844 0.8990384615384616 0.02403846153846154 0.019230769230769232
1 0.23197115384615385 0.9014423076923077 0.019230769230769232 0.04927884615384615
0 0.2091346153846154 0.5120192307692307 0.20552884615384615 0.25841346153846156
1 0.7584134615384616 0.20793269230769232 0.04326923076923077 0.11899038461538461
1 0.8557692307692307 0.7848557692307693 0.09014423076923077 0.07451923076923077
1 0.6742788461538461 0.640625 0.040865384615384616 0.08173076923076923
1 0.6286057692307693 0.10817307692307693 0.020432692307692308 0.03365384615384615
1 0.4266826923076923 0.4699519230769231 0.0733173076923077 0.0889423076923077
0 0.057692307692307696 0.5973557692307693 0.11538461538461539 0.24639423076923078
2 0.5108173076923077 0.125 0.1658653846153846 0.25
1 0.8149038461538461 0.16826923076923078 0.05889423076923077 0.13701923076923078
1 0.2127403846153846 0.36778846153846156 0.03485576923076923 0.030048076923076924
1 0.5865384615384616 0.9399038461538461 0.03485576923076923 0.042067307692307696
1 0.2512019230769231 0.90625 0.009615384615384616 0.015625
1 0.5252403846153846 0.859375 0.030048076923076924 0.03365384615384615
1 0.6550480769230769 0.7379807692307693 0.02283653846153846 0.03485576923076923
1 0.7620192307692307 0.7355769230769231 0.014423076923076924 0.021634615384615384
1 0.3762019230769231 0.06971153846153846 0.03125 0.039663461538461536
0 0.33653846153846156 0.34975961538461536 0.31971153846153844 0.19471153846153846
1 0.8834134615384616 0.38341346153846156 0.037259615384615384 0.055288461538461536
1 0.9723557692307693 0.39783653846153844 0.040865384615384616 0.037259615384615384
1 0.8774038461538461 0.7151442307692307 0.052884615384615384 0.07091346153846154
1 0.8076923076923077 0.46033653846153844 0.02283653846153846 0.04447115384615385
1 0.7295673076923077 0.390625 0.10096153846153846 0.21634615384615385
1 0.5552884615384616 0.43990384615384615 0.038461538461538464 0.037259615384615384
1 0.6454326923076923 0.027644230769230768 0.06971153846153846 0.055288461538461536
1 0.6826923076923077 0.16947115384615385 0.014423076923076924 0.027644230769230768
1 0.4423076923076923 0.6298076923076923 0.11177884615384616 0.2536057692307692
1 0.359375 0.9903846153846154 0.021634615384615384 0.019230769230769232
1 0.625 0.5348557692307693 0.04927884615384615 0.06490384615384616
1 0.6009615384615384 0.12259615384615384 0.027644230769230768 0.03245192307692308
1 0.75 0.5240384615384616 0.037259615384615384 0.04447115384615385
1 0.45552884615384615 0.8197115384615384 0.027644230769230768 0.036057692307692304
1 0.578125 0.7764423076923077 0.0625 0.05889423076923077
1 0.49158653846153844 0.4543269230769231 0.026442307692307692 0.040865384615384616
