1 0.9783653846153846 0.9747596153846154 0.02283653846153846 0.039663461538461536
0 0.2860576923076923 0.28846153846153844 0.5721153846153846 0.44350961538461536
1 0.9146634615384616 0.9074519230769231 0.03245192307692308 0.03485576923076923
1 0.9399038461538461 0.9399038461538461 0.015625 0.02403846153846154
1 0.9771634615384616 0.23076923076923078 0.013221153846153846 0.019230769230769232
1 0.8725961538461539 0.140625 0.014423076923076924 0.019230769230769232
1 0.9927884615384616 0.8870192307692307 0.014423076923076924 0.03365384615384615
1 0.8449519230769231 0.31850961538461536 0.014423076923076924 0.021634615384615384
1 0.9627403846153846 0.9447115384615384 0.02283653846153846 0.019230769230769232
1 0.921875 0.5 0.06129807692307692 0.05889423076923077
1 0.8689903846153846 0.5757211538461539 0.020432692307692308 0.016826923076923076
7 0.1310096153846154 0.027644230769230768 0.010817307692307692 0.055288461538461536
1 0.9855769230769231 0.921875 0.028846153846153848 0.026442307692307692
1 0.9771634615384616 0.8581730769230769 0.027644230769230768 0.030048076923076924
1 0.8377403846153846 0.7740384615384616 0.016826923076923076 0.016826923076923076
0 0.5997596153846154 0.2247596153846154 0.0829326923076923 0.18269230769230768
1 0.9675480769230769 0.5132211538461539 0.030048076923076924 0.039663461538461536
1 0.8569711538461539 0.18028846153846154 0.016826923076923076 0.015625
1 0.8990384615384616 0.125 0.016826923076923076 0.028846153846153848
1 0.9939903846153846 0.1201923076923077 0.01201923076923077 0.027644230769230768
1 0.9507211538461539 0.9711538461538461 0.02403846153846154 0.02283653846153846
1 0.8569711538461539 0.6454326923076923 0.021634615384615384 0.04567307692307692
1 0.9783653846153846 0.34134615384615385 0.025240384615384616 0.025240384615384616
1 0.9483173076923077 0.296875 0.020432692307692308 0.02403846153846154
1 0.8557692307692307 0.22115384615384615 0.016826923076923076 0.019230769230769232
1 0.8557692307692307 0.265625 0.02283653846153846 0.021634615384615384
1 0.9471153846153846 0.07692307692307693 0.027644230769230768 0.056490384615384616
1 0.9182692307692307 0.21634615384615385 0.027644230769230768 0.025240384615384616
1 0.9399038461538461 0.890625 0.016826923076923076 0.027644230769230768
1 0.3004807692307692 0.39783653846153844 0.08774038461538461 0.16105769230769232
1 0.8401442307692307 0.7283653846153846 0.018028846153846152 0.039663461538461536
1 0.3557692307692308 0.7163461538461539 0.020432692307692308 0.03125
1 0.40625 0.5528846153846154 0.03245192307692308 0.028846153846153848
1 0.010817307692307692 0.17548076923076922 0.021634615384615384 0.0673076923076923
1 0.8858173076923077 0.16105769230769232 0.026442307692307692 0.039663461538461536
1 0.0733173076923077 0.13221153846153846 0.04447115384615385 0.04326923076923077
1 0.3870192307692308 0.24158653846153846 0.03245192307692308 0.05048076923076923
10 0.18509615384615385 0.7415865384615384 0.3701923076923077 0.5072115384615384
1 0.9891826923076923 0.8149038461538461 0.019230769230769232 0.026442307692307692
1 0.6790865384615384 0.4987980769230769 0.23798076923076922 0.9963942307692307
1 0.9879807692307693 0.16947115384615385 0.02403846153846154 0.027644230769230768
1 0.5432692307692307 0.4050480769230769 0.03485576923076923 0.08413461538461539
1 0.9387019230769231 0.8557692307692307 0.016826923076923076 0.016826923076923076
1 0.013221153846153846 0.4254807692307692 0.025240384615384616 0.03485576923076923
1 0.056490384615384616 0.3473557692307692 0.02283653846153846 0.018028846153846152
1 0.46634615384615385 0.5384615384615384 0.040865384615384616 0.04807692307692308
1 0.19591346153846154 0.16466346153846154 0.02403846153846154 0.030048076923076924
1 0.49038461538461536 0.45913461538461536 0.028846153846153848 0.08173076923076923
1 0.96875 0.90625 0.03365384615384615 0.03365384615384615
1 0.9326923076923077 0.5733173076923077 0.02403846153846154 0.016826923076923076
1 0.39663461538461536 0.1622596153846154 0.09735576923076923 0.06610576923076923
1 0.04927884615384615 0.47475961538461536 0.013221153846153846 0.027644230769230768
1 0.9603365384615384 0.9939903846153846 0.016826923076923076 0.01201923076923077
1 0.17668269230769232 0.04326923076923077 0.021634615384615384 0.0625
1 0.9098557692307693 0.2548076923076923 0.014423076923076924 0.020432692307692308
1 0.44711538461538464 0.4026442307692308 0.03125 0.03485576923076923
1 0.08653846153846154 0.3329326923076923 0.04567307692307692 0.021634615384615384
1 0.9206730769230769 0.03125 0.02403846153846154 0.019230769230769232
1 0.7463942307692307 0.47716346153846156 0.04567307692307692 0.05889423076923077
1 0.7992788461538461 0.515625 0.02403846153846154 0.027644230769230768
1 0.6334134615384616 0.8353365384615384 0.055288461538461536 0.054086538461538464
1 0.6742788461538461 0.8870192307692307 0.01201923076923077 0.027644230769230768
1 0.1141826923076923 0.5673076923076923 0.025240384615384616 0.027644230769230768
1 0.5192307692307693 0.9615384615384616 0.030048076923076924 0.027644230769230768
1 0.3918269230769231 0.609375 0.04807692307692308 0.04326923076923077
1 0.265625 0.4963942307692308 0.038461538461538464 0.04326923076923077
1 0.4411057692307692 0.484375 0.030048076923076924 0.039663461538461536
1 0.45072115384615385 0.23798076923076922 0.03245192307692308 0.030048076923076924
1 0.6790865384615384 0.6502403846153846 0.02403846153846154 0.039663461538461536
1 0.7379807692307693 0.38822115384615385 0.040865384615384616 0.05889423076923077
1 0.6887019230769231 0.9915865384615384 0.021634615384615384 0.016826923076923076
1 0.009615384615384616 0.875 0.010817307692307692 0.019230769230769232
1 0.4014423076923077 0.2776442307692308 0.03245192307692308 0.03365384615384615
1 0.5396634615384616 0.8870192307692307 0.019230769230769232 0.016826923076923076
1 0.9098557692307693 0.057692307692307696 0.016826923076923076 0.028846153846153848
1 0.8918269230769231 0.055288461538461536 0.014423076923076924 0.030048076923076924
1 0.90625 0.0985576923076923 0.019230769230769232 0.03125
1 0.8088942307692307 0.5697115384615384 0.027644230769230768 0.036057692307692304
1 0.6730769230769231 0.6850961538461539 0.015625 0.028846153846153848
1 0.7463942307692307 0.625 0.06370192307692307 0.10817307692307693
1 0.6274038461538461 0.8918269230769231 0.04447115384615385 0.04447115384615385
1 0.2644230769230769 0.9459134615384616 0.08413461538461539 0.07572115384615384
1 0.18269230769230768 0.65625 0.05889423076923077 0.055288461538461536
7 0.13701923076923078 0.5877403846153846 0.03365384615384615 0.15264423076923078
1 0.4567307692307692 0.328125 0.030048076923076924 0.030048076923076924
1 0.40625 0.4254807692307692 0.02403846153846154 0.05048076923076923
1 0.609375 0.06129807692307692 0.03485576923076923 0.036057692307692304
1 0.5144230769230769 0.859375 0.03365384615384615 0.056490384615384616
1 0.03125 0.13701923076923078 0.03365384615384615 0.037259615384615384
1 0.1814903846153846 0.3317307692307692 0.028846153846153848 0.08413461538461539
1 0.5396634615384616 0.8365384615384616 0.009615384615384616 0.016826923076923076
1 0.14783653846153846 0.9182692307692307 0.04807692307692308 0.08533653846153846
1 0.10336538461538461 0.7944711538461539 0.019230769230769232 0.038461538461538464
10 0.5733173076923077 0.9759615384615384 0.026442307692307692 0.04567307692307692
1 0.5625 0.7860576923076923 0.040865384615384616 0.04326923076923077
1 0.7139423076923077 0.47596153846153844 0.030048076923076924 0.056490384615384616
1 0.013221153846153846 0.8485576923076923 0.014423076923076924 0.020432692307692308
1 0.13581730769230768 0.7487980769230769 0.019230769230769232 0.027644230769230768
1 0.20793269230769232 0.8581730769230769 0.055288461538461536 0.055288461538461536
1 0.13581730769230768 0.8185096153846154 0.051682692307692304 0.09134615384615384
1 0.27403846153846156 0.7944711538461539 0.06370192307692307 0.078125
1 0.0829326923076923 0.828125 0.028846153846153848 0.03485576923076923
1 0.7067307692307693 0.7103365384615384 0.030048076923076924 0.03365384615384615
1 0.6262019230769231 0.75 0.05048076923076923 0.09014423076923077
1 0.0733173076923077 0.9471153846153846 0.039663461538461536 0.10576923076923077
7 0.18028846153846154 0.8521634615384616 0.06490384615384616 0.2932692307692308
1 0.7992788461538461 0.3918269230769231 0.015625 0.025240384615384616
1 0.6586538461538461 0.45913461538461536 0.006009615384615385 0.014423076923076924
1 0.7055288461538461 0.5516826923076923 0.036057692307692304 0.030048076923076924
1 0.7512019230769231 0.5408653846153846 0.06129807692307692 0.06490384615384616
1 0.5913461538461539 0.8834134615384616 0.025240384615384616 0.030048076923076924
1 0.5673076923076923 0.8677884615384616 0.019230769230769232 0.03365384615384615
1 0.10096153846153846 0.890625 0.03245192307692308 0.04807692307692308
1 0.5336538461538461 0.9290865384615384 0.07572115384615384 0.06490384615384616
1 0.8377403846153846 0.6838942307692307 0.016826923076923076 0.028846153846153848
1 0.04326923076923077 0.9939903846153846 0.014423076923076924 0.01201923076923077
1 0.46033653846153844 0.27884615384615385 0.030048076923076924 0.04326923076923077
1 0.9795673076923077 0.07451923076923077 0.037259615384615384 0.05048076923076923
0 0.6899038461538461 0.020432692307692308 0.07211538461538461 0.040865384615384616
0 0.7512019230769231 0.49038461538461536 0.20432692307692307 0.5973557692307693
1 0.6634615384615384 0.7764423076923077 0.030048076923076924 0.042067307692307696
1 0.8774038461538461 0.11658653846153846 0.009615384615384616 0.018028846153846152
1 0.9447115384615384 0.17548076923076922 0.037259615384615384 0.052884615384615384
1 0.6778846153846154 0.9555288461538461 0.02403846153846154 0.037259615384615384
1 0.9447115384615384 0.12379807692307693 0.021634615384615384 0.036057692307692304
1 0.46274038461538464 0.8930288461538461 0.02403846153846154 0.03485576923076923
1 0.3701923076923077 0.42788461538461536 0.03245192307692308 0.042067307692307696
0 0.6862980769230769 0.06971153846153846 0.08653846153846154 0.10697115384615384
1 0.037259615384615384 0.9399038461538461 0.018028846153846152 0.039663461538461536
1 0.6971153846153846 0.8834134615384616 0.026442307692307692 0.052884615384615384
1 0.4362980769230769 0.5432692307692307 0.025240384615384616 0.040865384615384616
1 0.19831730769230768 0.38461538461538464 0.025240384615384616 0.019230769230769232
1 0.4579326923076923 0.10576923076923077 0.055288461538461536 0.0625
1 0.8954326923076923 0.9927884615384616 0.018028846153846152 0.014423076923076924
1 0.859375 0.5384615384615384 0.02403846153846154 0.036057692307692304
0 0.8858173076923077 0.5012019230769231 0.2283653846153846 0.9963942307692307
1 0.625 0.9879807692307693 0.02403846153846154 0.02403846153846154
1 0.28125 0.6947115384615384 0.021634615384615384 0.021634615384615384
1 0.47716346153846156 0.9591346153846154 0.025240384615384616 0.026442307692307692
1 0.07572115384615384 0.2127403846153846 0.030048076923076924 0.04567307692307692
1 0.43028846153846156 0.296875 0.025240384615384616 0.05889423076923077
1 0.9867788461538461 0.4519230769230769 0.026442307692307692 0.03365384615384615
1 0.35336538461538464 0.46875 0.021634615384615384 0.027644230769230768
1 0.9927884615384616 0.25240384615384615 0.014423076923076924 0.014423076923076924
1 0.7872596153846154 0.6766826923076923 0.04326923076923077 0.06490384615384616
1 0.24278846153846154 0.6862980769230769 0.03245192307692308 0.04807692307692308
1 0.30649038461538464 0.08533653846153846 0.0673076923076923 0.15745192307692307
1 0.8798076923076923 0.22596153846153846 0.030048076923076924 0.026442307692307692
1 0.9579326923076923 0.5528846153846154 0.014423076923076924 0.019230769230769232
1 0.9939903846153846 0.04447115384615385 0.01201923076923077 0.019230769230769232
1 0.7764423076923077 0.4375 0.026442307692307692 0.04807692307692308
1 0.8137019230769231 0.31850961538461536 0.008413461538461538 0.02283653846153846
10 0.328125 0.38341346153846156 0.65625 0.7668269230769231
7 0.12980769230769232 0.2800480769230769 0.009615384615384616 0.42908653846153844
1 0.08413461538461539 0.3016826923076923 0.021634615384615384 0.014423076923076924
1 0.4963942307692308 0.018028846153846152 0.04567307692307692 0.03485576923076923
1 0.15745192307692307 0.18028846153846154 0.036057692307692304 0.04927884615384615
1 0.08533653846153846 0.013221153846153846 0.013221153846153846 0.019230769230769232
1 0.5120192307692307 0.3954326923076923 0.030048076923076924 0.078125
1 0.2439903846153846 0.2764423076923077 0.04447115384615385 0.04567307692307692
1 0.44591346153846156 0.026442307692307692 0.027644230769230768 0.038461538461538464
1 0.5288461538461539 0.11298076923076923 0.037259615384615384 0.046875
1 0.27403846153846156 0.2091346153846154 0.036057692307692304 0.04447115384615385
1 0.08173076923076923 0.09014423076923077 0.038461538461538464 0.03245192307692308
