10 0.7355769230769231 0.10576923076923077 0.5288461538461539 0.2091346153846154
1 0.21754807692307693 0.171875 0.43509615384615385 0.3425480769230769
1 0.04807692307692308 0.5805288461538461 0.025240384615384616 0.040865384615384616
1 0.8233173076923077 0.052884615384615384 0.038461538461538464 0.038461538461538464
1 0.8353365384615384 0.5600961538461539 0.07932692307692307 0.08413461538461539
10 0.5 0.3245192307692308 1 0.2692307692307692
1 0.7055288461538461 0.7896634615384616 0.20793269230769232 0.25
1 0.9350961538461539 0.5264423076923077 0.12980769230769232 0.20673076923076922
1 0.7487980769230769 0.5204326923076923 0.07932692307692307 0.14302884615384615
1 0.06610576923076923 0.7115384615384616 0.07451923076923077 0.0673076923076923
1 0.5 0.9158653846153846 1 0.16826923076923078
1 0.014423076923076924 0.6610576923076923 0.028846153846153848 0.07451923076923077
1 0.6009615384615384 0.2620192307692308 0.09975961538461539 0.054086538461538464
1 0.578125 0.6706730769230769 0.11298076923076923 0.11298076923076923
