1 0.8834134615384616 0.296875 0.016826923076923076 0.04326923076923077
1 0.765625 0.16105769230769232 0.027644230769230768 0.05889423076923077
1 0.8329326923076923 0.3786057692307692 0.010817307692307692 0.013221153846153846
1 0.31971153846153844 0.4182692307692308 0.010817307692307692 0.015625
1 0.7704326923076923 0.23677884615384615 0.020432692307692308 0.026442307692307692
1 0.28846153846153844 0.296875 0.015625 0.015625
1 0.3786057692307692 0.38221153846153844 0.008413461538461538 0.01201923076923077
1 0.9375 0.4026442307692308 0.016826923076923076 0.021634615384615384
1 0.7487980769230769 0.6081730769230769 0.014423076923076924 0.02283653846153846
1 0.3137019230769231 0.23918269230769232 0.016826923076923076 0.021634615384615384
1 0.31971153846153844 0.1814903846153846 0.013221153846153846 0.03125
1 0.35336538461538464 0.203125 0.013221153846153846 0.025240384615384616
1 0.5480769230769231 0.1658653846153846 0.009615384615384616 0.010817307692307692
1 0.9807692307692307 0.17908653846153846 0.016826923076923076 0.027644230769230768
1 0.39663461538461536 0.046875 0.007211538461538462 0.01201923076923077
1 0.38100961538461536 0.18389423076923078 0.013221153846153846 0.019230769230769232
1 0.025240384615384616 0.6021634615384616 0.019230769230769232 0.014423076923076924
1 0.4987980769230769 0.2644230769230769 0.015625 0.013221153846153846
1 0.9266826923076923 0.6274038461538461 0.010817307692307692 0.015625
1 0.7872596153846154 0.7007211538461539 0.020432692307692308 0.021634615384615384
1 0.3954326923076923 0.5576923076923077 0.02403846153846154 0.018028846153846152
1 0.9927884615384616 0.2932692307692308 0.014423076923076924 0.021634615384615384
1 0.9242788461538461 0.22716346153846154 0.007211538461538462 0.014423076923076924
1 0.5372596153846154 0.042067307692307696 0.018028846153846152 0.016826923076923076
0 0.9026442307692307 0.1778846153846154 0.1935096153846154 0.1658653846153846
1 0.25841346153846156 0.32572115384615385 0.010817307692307692 0.018028846153846152
1 0.21875 0.3870192307692308 0.021634615384615384 0.04807692307692308
1 0.8185096153846154 0.5588942307692307 0.01201923076923077 0.01201923076923077
1 0.8846153846153846 0.22115384615384615 0.009615384615384616 0.016826923076923076
1 0.5733173076923077 0.22596153846153846 0.027644230769230768 0.0733173076923077
1 0.9350961538461539 0.6911057692307693 0.03245192307692308 0.05889423076923077
1 0.9326923076923077 0.3557692307692308 0.020432692307692308 0.016826923076923076
1 0.2980769230769231 0.3245192307692308 0.007211538461538462 0.01201923076923077
1 0.9783653846153846 0.27524038461538464 0.009615384615384616 0.019230769230769232
1 0.6009615384615384 0.07091346153846154 0.02283653846153846 0.0625
1 0.8617788461538461 0.5877403846153846 0.025240384615384616 0.026442307692307692
1 0.8112980769230769 0.6947115384615384 0.013221153846153846 0.013221153846153846
1 0.6730769230769231 0.7331730769230769 0.02283653846153846 0.06490384615384616
1 0.3112980769230769 0.3317307692307692 0.016826923076923076 0.021634615384615384
1 0.4699519230769231 0.23798076923076922 0.008413461538461538 0.01201923076923077
1 0.53125 0.17307692307692307 0.009615384615384616 0.019230769230769232
1 0.47475961538461536 0.06971153846153846 0.015625 0.027644230769230768
1 0.40384615384615385 0.06129807692307692 0.007211538461538462 0.010817307692307692
1 0.36177884615384615 0.13341346153846154 0.021634615384615384 0.025240384615384616
1 0.27283653846153844 0.328125 0.007211538461538462 0.014423076923076924
1 0.11538461538461539 0.4855769230769231 0.013221153846153846 0.026442307692307692
1 0.015625 0.6538461538461539 0.018028846153846152 0.01201923076923077
1 0.17427884615384615 0.4026442307692308 0.014423076923076924 0.016826923076923076
1 0.3798076923076923 0.421875 0.009615384615384616 0.01201923076923077
1 0.36658653846153844 0.4170673076923077 0.01201923076923077 0.01201923076923077
1 0.2800480769230769 0.18389423076923078 0.01201923076923077 0.01201923076923077
1 0.7211538461538461 0.7980769230769231 0.013221153846153846 0.027644230769230768
1 0.1201923076923077 0.28365384615384615 0.025240384615384616 0.03485576923076923
1 0.9951923076923077 0.3449519230769231 0.008413461538461538 0.018028846153846152
1 0.8882211538461539 0.38100961538461536 0.01201923076923077 0.06971153846153846
1 0.25961538461538464 0.40024038461538464 0.036057692307692304 0.04567307692307692
1 0.4879807692307692 0.17067307692307693 0.009615384615384616 0.01201923076923077
1 0.38100961538461536 0.234375 0.01201923076923077 0.016826923076923076
1 0.4206730769230769 0.09975961538461539 0.010817307692307692 0.015625
1 0.41346153846153844 0.03125 0.010817307692307692 0.01201923076923077
1 0.17908653846153846 0.37259615384615385 0.016826923076923076 0.020432692307692308
1 0.41586538461538464 0.47836538461538464 0.009615384615384616 0.015625
1 0.796875 0.24639423076923078 0.015625 0.030048076923076924
1 0.32572115384615385 0.28125 0.018028846153846152 0.019230769230769232
1 0.8545673076923077 0.265625 0.009615384615384616 0.015625
1 0.3076923076923077 0.38221153846153844 0.019230769230769232 0.026442307692307692
1 0.28365384615384615 0.057692307692307696 0.008413461538461538 0.019230769230769232
1 0.12620192307692307 0.051682692307692304 0.01201923076923077 0.019230769230769232
1 0.5709134615384616 0.3858173076923077 0.009615384615384616 0.019230769230769232
1 0.39663461538461536 0.41225961538461536 0.025240384615384616 0.015625
1 0.48677884615384615 0.41947115384615385 0.01201923076923077 0.027644230769230768
1 0.36899038461538464 0.33533653846153844 0.009615384615384616 0.015625
1 0.39302884615384615 0.3317307692307692 0.014423076923076924 0.038461538461538464
1 0.3161057692307692 0.29447115384615385 0.01201923076923077 0.016826923076923076
1 0.8725961538461539 0.26322115384615385 0.019230769230769232 0.021634615384615384
1 0.28125 0.4855769230769231 0.007211538461538462 0.01201923076923077
1 0.7680288461538461 0.3269230769230769 0.009615384615384616 0.014423076923076924
1 0.5901442307692307 0.30649038461538464 0.026442307692307692 0.027644230769230768
1 0.3485576923076923 0.3233173076923077 0.01201923076923077 0.020432692307692308
1 0.2848557692307692 0.4519230769230769 0.037259615384615384 0.06850961538461539
1 0.17668269230769232 0.32091346153846156 0.015625 0.019230769230769232
1 0.9831730769230769 0.6766826923076923 0.03365384615384615 0.040865384615384616
1 0.2644230769230769 0.2932692307692308 0.02403846153846154 0.037259615384615384
1 0.15264423076923078 0.14903846153846154 0.016826923076923076 0.0829326923076923
1 0.265625 0.11057692307692307 0.009615384615384616 0.01201923076923077
1 0.15625 0.026442307692307692 0.010817307692307692 0.014423076923076924
1 0.11899038461538461 0.13341346153846154 0.04326923076923077 0.05048076923076923
1 0.037259615384615384 0.34375 0.02403846153846154 0.04447115384615385
1 0.027644230769230768 0.5276442307692307 0.026442307692307692 0.036057692307692304
1 0.052884615384615384 0.4014423076923077 0.036057692307692304 0.04567307692307692
1 0.8557692307692307 0.9134615384615384 0.01201923076923077 0.01201923076923077
1 0.7596153846153846 0.9170673076923077 0.015625 0.016826923076923076
1 0.5721153846153846 0.10096153846153846 0.038461538461538464 0.042067307692307696
1 0.3449519230769231 0.22355769230769232 0.008413461538461538 0.01201923076923077
1 0.5504807692307693 0.11899038461538461 0.004807692307692308 0.004807692307692308
1 0.44350961538461536 0.06490384615384616 0.02403846153846154 0.027644230769230768
1 0.6466346153846154 0.3401442307692308 0.007211538461538462 0.01201923076923077
1 0.3137019230769231 0.020432692307692308 0.025240384615384616 0.03485576923076923
1 0.3425480769230769 0.025240384615384616 0.020432692307692308 0.020432692307692308
1 0.359375 0.5192307692307693 0.01201923076923077 0.020432692307692308
1 0.8197115384615384 0.9014423076923077 0.007211538461538462 0.014423076923076924
1 0.27403846153846156 0.01201923076923077 0.003605769230769231 0.006009615384615385
1 0.2800480769230769 0.007211538461538462 0.004807692307692308 0.007211538461538462
0 0.765625 0.6826923076923077 0.46875 0.41586538461538464
1 0.5564903846153846 0.453125 0.009615384615384616 0.01201923076923077
1 0.2283653846153846 0.1466346153846154 0.06610576923076923 0.04927884615384615
1 0.08774038461538461 0.16346153846153846 0.007211538461538462 0.013221153846153846
1 0.15384615384615385 0.09735576923076923 0.013221153846153846 0.013221153846153846
1 0.08413461538461539 0.5348557692307693 0.014423076923076924 0.01201923076923077
1 0.9459134615384616 0.6141826923076923 0.010817307692307692 0.013221153846153846
1 0.8209134615384616 0.9519230769230769 0.016826923076923076 0.013221153846153846
1 0.5889423076923077 0.3449519230769231 0.01201923076923077 0.015625
1 0.8245192307692307 0.6262019230769231 0.009615384615384616 0.018028846153846152
1 0.4699519230769231 0.41586538461538464 0.018028846153846152 0.02403846153846154
1 0.44711538461538464 0.5228365384615384 0.016826923076923076 0.025240384615384616
1 0.38100961538461536 0.5132211538461539 0.009615384615384616 0.013221153846153846
1 0.35216346153846156 0.4987980769230769 0.020432692307692308 0.019230769230769232
1 0.8858173076923077 0.4483173076923077 0.03245192307692308 0.055288461538461536
1 0.8377403846153846 0.22355769230769232 0.021634615384615384 0.027644230769230768
1 0.7271634615384616 0.36538461538461536 0.01201923076923077 0.015625
1 0.6442307692307693 0.09975961538461539 0.014423076923076924 0.030048076923076924
1 0.2800480769230769 0.14543269230769232 0.013221153846153846 0.01201923076923077
1 0.15504807692307693 0.04447115384615385 0.004807692307692308 0.007211538461538462
1 0.19831730769230768 0.09975961538461539 0.021634615384615384 0.028846153846153848
1 0.10096153846153846 0.08173076923076923 0.018028846153846152 0.03365384615384615
1 0.8605769230769231 0.3425480769230769 0.03485576923076923 0.03125
1 0.8581730769230769 0.3004807692307692 0.013221153846153846 0.019230769230769232
1 0.7536057692307693 0.3473557692307692 0.014423076923076924 0.03245192307692308
1 0.8425480769230769 0.6959134615384616 0.010817307692307692 0.009615384615384616
1 0.3401442307692308 0.34134615384615385 0.01201923076923077 0.01201923076923077
1 0.36658653846153844 0.28365384615384615 0.019230769230769232 0.027644230769230768
1 0.8942307692307693 0.7043269230769231 0.013221153846153846 0.015625
1 0.40384615384615385 0.29086538461538464 0.010817307692307692 0.028846153846153848
1 0.4855769230769231 0.24879807692307693 0.008413461538461538 0.01201923076923077
1 0.5745192307692307 0.17668269230769232 0.013221153846153846 0.013221153846153846
1 0.3894230769230769 0.1466346153846154 0.016826923076923076 0.021634615384615384
1 0.006009615384615385 0.5745192307692307 0.010817307692307692 0.02283653846153846
6 0.6478365384615384 0.5348557692307693 0.4098557692307692 0.2620192307692308
1 0.9891826923076923 0.3858173076923077 0.021634615384615384 0.016826923076923076
1 0.5576923076923077 0.03245192307692308 0.013221153846153846 0.02283653846153846
1 0.5348557692307693 0.27403846153846156 0.016826923076923076 0.046875
1 0.7115384615384616 0.6262019230769231 0.010817307692307692 0.018028846153846152
1 0.6514423076923077 0.20673076923076922 0.0829326923076923 0.16826923076923078
1 0.3293269230769231 0.4567307692307692 0.007211538461538462 0.01201923076923077
1 0.6370192307692307 0.43028846153846156 0.009615384615384616 0.016826923076923076
1 0.34375 0.24879807692307693 0.015625 0.036057692307692304
1 0.46875 0.1622596153846154 0.006009615384615385 0.010817307692307692
1 0.90625 0.3004807692307692 0.016826923076923076 0.020432692307692308
1 0.6201923076923077 0.32091346153846156 0.028846153846153848 0.028846153846153848
1 0.7091346153846154 0.38100961538461536 0.01201923076923077 0.019230769230769232
1 0.30408653846153844 0.43509615384615385 0.014423076923076924 0.042067307692307696
1 0.20192307692307693 0.33413461538461536 0.009615384615384616 0.01201923076923077
1 0.2644230769230769 0.12620192307692307 0.009615384615384616 0.015625
1 0.18629807692307693 0.45913461538461536 0.016826923076923076 0.025240384615384616
1 0.8629807692307693 0.7055288461538461 0.016826923076923076 0.013221153846153846
1 0.2536057692307692 0.4963942307692308 0.040865384615384616 0.0985576923076923
1 0.9134615384615384 0.34975961538461536 0.01201923076923077 0.021634615384615384
1 0.3641826923076923 0.21754807692307693 0.010817307692307692 0.01201923076923077
1 0.7043269230769231 0.7199519230769231 0.026442307692307692 0.04807692307692308
1 0.11177884615384616 0.20072115384615385 0.026442307692307692 0.03485576923076923
1 0.24759615384615385 0.09975961538461539 0.010817307692307692 0.010817307692307692
11 0.3473557692307692 0.7584134615384616 0.6935096153846154 0.48197115384615385
1 0.19110576923076922 0.3161057692307692 0.007211538461538462 0.007211538461538462
1 0.7283653846153846 0.22235576923076922 0.013221153846153846 0.018028846153846152
1 0.7067307692307693 0.9338942307692307 0.02403846153846154 0.037259615384615384
1 0.04567307692307692 0.109375 0.009615384615384616 0.01201923076923077
1 0.44350961538461536 0.28846153846153844 0.07091346153846154 0.08173076923076923
1 0.3473557692307692 0.4098557692307692 0.009615384615384616 0.019230769230769232
1 0.4206730769230769 0.3942307692307692 0.01201923076923077 0.015625
1 0.4254807692307692 0.4326923076923077 0.013221153846153846 0.021634615384615384
1 0.054086538461538464 0.4651442307692308 0.04326923076923077 0.07451923076923077
1 0.46033653846153844 0.5276442307692307 0.010817307692307692 0.013221153846153846
1 0.19831730769230768 0.052884615384615384 0.004807692307692308 0.007211538461538462
1 0.9411057692307693 0.8377403846153846 0.078125 0.2548076923076923
1 0.2608173076923077 0.1875 0.013221153846153846 0.013221153846153846
1 0.0733173076923077 0.23677884615384615 0.015625 0.02283653846153846
1 0.23197115384615385 0.08413461538461539 0.010817307692307692 0.01201923076923077
1 0.9086538461538461 0.8161057692307693 0.057692307692307696 0.0625
1 0.1814903846153846 0.03485576923076923 0.007211538461538462 0.03125
1 0.4182692307692308 0.35096153846153844 0.013221153846153846 0.010817307692307692
1 0.007211538461538462 0.328125 0.013221153846153846 0.016826923076923076
1 0.27283653846153844 0.06490384615384616 0.007211538461538462 0.009615384615384616
1 0.17668269230769232 0.14783653846153846 0.027644230769230768 0.028846153846153848
1 0.02403846153846154 0.23076923076923078 0.014423076923076924 0.026442307692307692
1 0.7295673076923077 0.9134615384615384 0.008413461538461538 0.015625
1 0.6706730769230769 0.6610576923076923 0.016826923076923076 0.028846153846153848
1 0.17908653846153846 0.07692307692307693 0.01201923076923077 0.015625
1 0.19951923076923078 0.46634615384615385 0.006009615384615385 0.010817307692307692
1 0.2668269230769231 0.24759615384615385 0.030048076923076924 0.05048076923076923
1 0.3629807692307692 0.36658653846153844 0.006009615384615385 0.010817307692307692
1 0.2980769230769231 0.16346153846153846 0.009615384615384616 0.01201923076923077
1 0.7271634615384616 0.9663461538461539 0.021634615384615384 0.036057692307692304
1 0.796875 0.3088942307692308 0.01201923076923077 0.013221153846153846
1 0.41346153846153844 0.14783653846153846 0.007211538461538462 0.008413461538461538
1 0.20432692307692307 0.23918269230769232 0.09615384615384616 0.09495192307692307
1 0.3112980769230769 0.36177884615384615 0.01201923076923077 0.01201923076923077
1 0.35697115384615385 0.3389423076923077 0.009615384615384616 0.01201923076923077
1 0.39663461538461536 0.19471153846153846 0.010817307692307692 0.016826923076923076
1 0.4230769230769231 0.21394230769230768 0.016826923076923076 0.026442307692307692
1 0.3329326923076923 0.07451923076923077 0.008413461538461538 0.01201923076923077
1 0.45072115384615385 0.4963942307692308 0.009615384615384616 0.01201923076923077
1 0.7620192307692307 0.9831730769230769 0.02403846153846154 0.03365384615384615
1 0.36778846153846156 0.4362980769230769 0.006009615384615385 0.008413461538461538
1 0.4411057692307692 0.3557692307692308 0.015625 0.013221153846153846
1 0.8233173076923077 0.7536057692307693 0.018028846153846152 0.025240384615384616
1 0.3942307692307692 0.38221153846153844 0.008413461538461538 0.01201923076923077
1 0.8137019230769231 0.8161057692307693 0.038461538461538464 0.04326923076923077
1 0.46274038461538464 0.33653846153846156 0.01201923076923077 0.01201923076923077
1 0.030048076923076924 0.2608173076923077 0.013221153846153846 0.018028846153846152
1 0.4891826923076923 0.5012019230769231 0.009615384615384616 0.01201923076923077
1 0.15745192307692307 0.06490384615384616 0.01201923076923077 0.02283653846153846
1 0.4050480769230769 0.3629807692307692 0.007211538461538462 0.015625
1 0.054086538461538464 0.29086538461538464 0.014423076923076924 0.018028846153846152
1 0.052884615384615384 0.33413461538461536 0.01201923076923077 0.013221153846153846
1 0.07451923076923077 0.08173076923076923 0.025240384615384616 0.03485576923076923
1 0.07572115384615384 0.15264423076923078 0.013221153846153846 0.016826923076923076
1 0.2824519230769231 0.21394230769230768 0.021634615384615384 0.019230769230769232
1 0.23197115384615385 0.02403846153846154 0.04326923076923077 0.046875
1 0.03245192307692308 0.125 0.006009615384615385 0.008413461538461538
1 0.3161057692307692 0.4699519230769231 0.014423076923076924 0.019230769230769232
1 0.23557692307692307 0.19951923076923078 0.01201923076923077 0.013221153846153846
1 0.9615384615384616 0.036057692307692304 0.07692307692307693 0.07211538461538461
1 0.47596153846153844 0.48677884615384615 0.009615384615384616 0.009615384615384616
1 0.42427884615384615 0.5252403846153846 0.010817307692307692 0.015625
1 0.3870192307692308 0.4795673076923077 0.009615384615384616 0.009615384615384616
1 0.0829326923076923 0.12740384615384615 0.015625 0.026442307692307692
1 0.5384615384615384 0.4266826923076923 0.007211538461538462 0.009615384615384616
1 0.3088942307692308 0.11538461538461539 0.04447115384615385 0.07572115384615384
1 0.12620192307692307 0.22115384615384615 0.014423076923076924 0.01201923076923077
1 0.3737980769230769 0.48197115384615385 0.01201923076923077 0.014423076923076924
1 0.10576923076923077 0.41947115384615385 0.015625 0.020432692307692308
1 0.4495192307692308 0.4050480769230769 0.020432692307692308 0.019230769230769232
1 0.5084134615384616 0.453125 0.009615384615384616 0.018028846153846152
1 0.4074519230769231 0.5276442307692307 0.01201923076923077 0.019230769230769232
1 0.9915865384615384 0.8185096153846154 0.006009615384615385 0.016826923076923076
1 0.10096153846153846 0.3076923076923077 0.015625 0.02403846153846154
1 0.8413461538461539 0.9507211538461539 0.016826923076923076 0.018028846153846152
1 0.9939903846153846 0.8822115384615384 0.01201923076923077 0.015625
1 0.4026442307692308 0.44471153846153844 0.019230769230769232 0.02403846153846154
