1 0.33052884615384615 0.203125 0.014423076923076924 0.016826923076923076
1 0.13341346153846154 0.5588942307692307 0.018028846153846152 0.014423076923076924
1 0.1658653846153846 0.7007211538461539 0.01201923076923077 0.015625
1 0.33653846153846156 0.6466346153846154 0.013221153846153846 0.008413461538461538
1 0.3112980769230769 0.3629807692307692 0.021634615384615384 0.027644230769230768
1 0.4987980769230769 0.0985576923076923 0.037259615384615384 0.055288461538461536
1 0.40384615384615385 0.34975961538461536 0.06129807692307692 0.09375
1 0.06610576923076923 0.3161057692307692 0.05889423076923077 0.06971153846153846
1 0.22956730769230768 0.7668269230769231 0.021634615384615384 0.02403846153846154
1 0.037259615384615384 0.625 0.055288461538461536 0.04326923076923077
1 0.39903846153846156 0.2283653846153846 0.055288461538461536 0.06490384615384616
1 0.2668269230769231 0.2127403846153846 0.08533653846153846 0.09735576923076923
1 0.13942307692307693 0.5240384615384616 0.025240384615384616 0.036057692307692304
1 0.020432692307692308 0.06610576923076923 0.040865384615384616 0.13221153846153846
1 0.4387019230769231 0.45552884615384615 0.030048076923076924 0.027644230769230768
1 0.2127403846153846 0.7091346153846154 0.06129807692307692 0.06370192307692307
1 0.3713942307692308 0.13822115384615385 0.056490384615384616 0.05889423076923077
1 0.8425480769230769 0.9026442307692307 0.018028846153846152 0.025240384615384616
1 0.8461538461538461 0.9759615384615384 0.007211538461538462 0.007211538461538462
1 0.9158653846153846 0.6322115384615384 0.1346153846153846 0.15144230769230768
1 0.859375 0.7139423076923077 0.004807692307692308 0.010817307692307692
1 0.9987980769230769 0.6802884615384616 0.002403846153846154 0.004807692307692308
1 0.9939903846153846 0.703125 0.01201923076923077 0.015625
1 0.9879807692307693 0.5769230769230769 0.010817307692307692 0.013221153846153846
1 0.5817307692307693 0.01201923076923077 0.04567307692307692 0.02403846153846154
1 0.7860576923076923 0.3076923076923077 0.037259615384615384 0.056490384615384616
1 0.8100961538461539 0.1971153846153846 0.09254807692307693 0.0889423076923077
1 0.6610576923076923 0.06009615384615385 0.04807692307692308 0.02283653846153846
1 0.19591346153846154 0.5649038461538461 0.028846153846153848 0.03485576923076923
1 0.22596153846153846 0.6213942307692307 0.038461538461538464 0.038461538461538464
1 0.5168269230769231 0.5540865384615384 0.08653846153846154 0.109375
1 0.45913461538461536 0.3329326923076923 0.02283653846153846 0.036057692307692304
1 0.2247596153846154 0.14783653846153846 0.04807692307692308 0.04447115384615385
1 0.546875 0.20552884615384615 0.04326923076923077 0.026442307692307692
1 0.42427884615384615 0.6983173076923077 0.020432692307692308 0.02283653846153846
1 0.3641826923076923 0.5805288461538461 0.030048076923076924 0.02283653846153846
1 0.36778846153846156 0.45913461538461536 0.08173076923076923 0.09735576923076923
1 0.14783653846153846 0.328125 0.07692307692307693 0.0733173076923077
1 0.24278846153846154 0.3004807692307692 0.025240384615384616 0.027644230769230768
1 0.16105769230769232 0.11057692307692307 0.014423076923076924 0.02403846153846154
1 0.3004807692307692 0.14783653846153846 0.09014423076923077 0.09735576923076923
1 0.9915865384615384 0.9939903846153846 0.016826923076923076 0.01201923076923077
1 0.921875 0.96875 0.027644230769230768 0.040865384615384616
1 0.30528846153846156 0.7391826923076923 0.01201923076923077 0.018028846153846152
1 0.3425480769230769 0.7788461538461539 0.02283653846153846 0.019230769230769232
1 0.27524038461538464 0.5072115384615384 0.07211538461538461 0.11177884615384616
1 0.125 0.23076923076923078 0.08173076923076923 0.08052884615384616
1 0.47596153846153844 0.6153846153846154 0.02283653846153846 0.039663461538461536
1 0.3329326923076923 0.3894230769230769 0.025240384615384616 0.02403846153846154
1 0.5492788461538461 0.10697115384615384 0.06850961538461539 0.0733173076923077
1 0.49278846153846156 0.1778846153846154 0.05048076923076923 0.09375
1 0.8161057692307693 0.5432692307692307 0.027644230769230768 0.020432692307692308
1 0.43509615384615385 0.09495192307692307 0.10576923076923077 0.18990384615384615
6 0.3004807692307692 0.5961538461538461 0.051682692307692304 0.06610576923076923
1 0.11658653846153846 0.5817307692307693 0.020432692307692308 0.027644230769230768
1 0.8052884615384616 0.7463942307692307 0.020432692307692308 0.021634615384615384
1 0.04807692307692308 0.5384615384615384 0.019230769230769232 0.01201923076923077
1 0.1622596153846154 0.5865384615384616 0.020432692307692308 0.026442307692307692
1 0.44711538461538464 0.6262019230769231 0.025240384615384616 0.02403846153846154
1 0.5733173076923077 0.046875 0.036057692307692304 0.038461538461538464
1 0.41947115384615385 0.6754807692307693 0.014423076923076924 0.019230769230769232
1 0.5528846153846154 0.4495192307692308 0.19951923076923078 0.13942307692307693
1 0.6177884615384616 0.057692307692307696 0.04447115384615385 0.04927884615384615
1 0.3858173076923077 0.6850961538461539 0.016826923076923076 0.019230769230769232
1 0.42427884615384615 0.5 0.03245192307692308 0.027644230769230768
1 0.36899038461538464 0.6490384615384616 0.026442307692307692 0.03245192307692308
1 0.6586538461538461 0.5300480769230769 0.06971153846153846 0.11177884615384616
1 0.5192307692307693 0.038461538461538464 0.056490384615384616 0.07572115384615384
1 0.0829326923076923 0.8125 0.036057692307692304 0.03485576923076923
1 0.9807692307692307 0.9615384615384616 0.01201923076923077 0.02403846153846154
1 0.09014423076923077 0.5889423076923077 0.030048076923076924 0.030048076923076924
1 0.1658653846153846 0.9026442307692307 0.028846153846153848 0.042067307692307696
1 0.9194711538461539 0.9939903846153846 0.026442307692307692 0.01201923076923077
1 0.27403846153846156 0.8413461538461539 0.015625 0.027644230769230768
1 0.016826923076923076 0.5877403846153846 0.020432692307692308 0.038461538461538464
1 0.6598557692307693 0.9615384615384616 0.03245192307692308 0.040865384615384616
1 0.06610576923076923 0.9651442307692307 0.016826923076923076 0.03245192307692308
1 0.34615384615384615 0.7127403846153846 0.06129807692307692 0.08653846153846154
1 0.7115384615384616 0.7908653846153846 0.037259615384615384 0.04326923076923077
1 0.6875 0.6754807692307693 0.009615384615384616 0.019230769230769232
1 0.7475961538461539 0.2800480769230769 0.03365384615384615 0.057692307692307696
1 0.7884615384615384 0.5396634615384616 0.019230769230769232 0.025240384615384616
1 0.84375 0.10096153846153846 0.0829326923076923 0.10817307692307693
1 0.7704326923076923 0.9567307692307693 0.015625 0.01201923076923077
1 0.48677884615384615 0.796875 0.021634615384615384 0.016826923076923076
1 0.6490384615384616 0.796875 0.008413461538461538 0.007211538461538462
1 0.11658653846153846 0.8641826923076923 0.04567307692307692 0.06971153846153846
1 0.2247596153846154 0.921875 0.016826923076923076 0.015625
1 0.25721153846153844 0.703125 0.019230769230769232 0.021634615384615384
1 0.8966346153846154 0.9795673076923077 0.020432692307692308 0.030048076923076924
1 0.9110576923076923 0.9122596153846154 0.007211538461538462 0.008413461538461538
1 0.8509615384615384 0.7259615384615384 0.01201923076923077 0.010817307692307692
1 0.84375 0.6682692307692307 0.01201923076923077 0.01201923076923077
1 0.6682692307692307 0.4387019230769231 0.027644230769230768 0.030048076923076924
1 0.7079326923076923 0.20793269230769232 0.06370192307692307 0.08413461538461539
1 0.7379807692307693 0.078125 0.018028846153846152 0.025240384615384616
1 0.7451923076923077 0.5600961538461539 0.06490384615384616 0.09134615384615384
1 0.9387019230769231 0.2403846153846154 0.12259615384615384 0.22115384615384615
1 0.96875 0.07572115384615384 0.0625 0.0829326923076923
1 0.8413461538461539 0.03125 0.020432692307692308 0.02283653846153846
1 0.08653846153846154 0.08774038461538461 0.04326923076923077 0.05889423076923077
1 0.6081730769230769 0.9699519230769231 0.0625 0.06009615384615385
1 0.8725961538461539 0.5360576923076923 0.019230769230769232 0.027644230769230768
1 0.5793269230769231 0.703125 0.019230769230769232 0.039663461538461536
1 0.48677884615384615 0.9615384615384616 0.016826923076923076 0.014423076923076924
1 0.4543269230769231 0.9639423076923077 0.021634615384615384 0.021634615384615384
1 0.2692307692307692 0.9266826923076923 0.019230769230769232 0.018028846153846152
1 0.28966346153846156 0.984375 0.02283653846153846 0.030048076923076924
1 0.3076923076923077 0.8221153846153846 0.016826923076923076 0.019230769230769232
1 0.14423076923076922 0.9399038461538461 0.03365384615384615 0.02283653846153846
1 0.46033653846153844 0.8894230769230769 0.025240384615384616 0.046875
1 0.2980769230769231 0.8810096153846154 0.03245192307692308 0.046875
1 0.14543269230769232 0.7728365384615384 0.02283653846153846 0.025240384615384616
1 0.12139423076923077 0.7536057692307693 0.016826923076923076 0.026442307692307692
1 0.15625 0.6838942307692307 0.013221153846153846 0.019230769230769232
0 0.15985576923076922 0.27524038461538464 0.31850961538461536 0.5504807692307693
1 0.5240384615384616 0.8016826923076923 0.019230769230769232 0.027644230769230768
1 0.6213942307692307 0.11778846153846154 0.015625 0.016826923076923076
1 0.9314903846153846 0.8004807692307693 0.13581730769230768 0.17067307692307693
1 0.25721153846153844 0.05889423076923077 0.030048076923076924 0.027644230769230768
1 0.9278846153846154 0.9122596153846154 0.008413461538461538 0.015625
1 0.8810096153846154 0.9927884615384616 0.009615384615384616 0.013221153846153846
1 0.5012019230769231 0.9134615384615384 0.014423076923076924 0.025240384615384616
1 0.5336538461538461 0.6466346153846154 0.02403846153846154 0.057692307692307696
1 0.47716346153846156 0.9194711538461539 0.019230769230769232 0.027644230769230768
1 0.9471153846153846 0.021634615384615384 0.03245192307692308 0.03485576923076923
1 0.6274038461538461 0.016826923076923076 0.016826923076923076 0.020432692307692308
1 0.9855769230769231 0.6286057692307693 0.027644230769230768 0.03245192307692308
1 0.8641826923076923 0.7307692307692307 0.008413461538461538 0.007211538461538462
1 0.8533653846153846 0.640625 0.004807692307692308 0.006009615384615385
1 0.9098557692307693 0.5492788461538461 0.014423076923076924 0.021634615384615384
1 0.7475961538461539 0.8798076923076923 0.04326923076923077 0.026442307692307692
1 0.6394230769230769 0.8209134615384616 0.014423076923076924 0.03485576923076923
1 0.6682692307692307 0.7427884615384616 0.009615384615384616 0.010817307692307692
1 0.6514423076923077 0.7067307692307693 0.03245192307692308 0.042067307692307696
1 0.7680288461538461 0.09495192307692307 0.020432692307692308 0.038461538461538464
1 0.6742788461538461 0.015625 0.016826923076923076 0.014423076923076924
4 0.5396634615384616 0.30528846153846156 0.10096153846153846 0.15625
1 0.5673076923076923 0.9375 0.039663461538461536 0.07091346153846154
1 0.5396634615384616 0.9651442307692307 0.018028846153846152 0.04326923076923077
1 0.6105769230769231 0.9278846153846154 0.019230769230769232 0.03365384615384615
1 0.3016826923076923 0.9170673076923077 0.016826923076923076 0.027644230769230768
1 0.33533653846153844 0.9447115384615384 0.038461538461538464 0.057692307692307696
1 0.3918269230769231 0.9855769230769231 0.016826923076923076 0.027644230769230768
1 0.28365384615384615 0.9134615384615384 0.014423076923076924 0.020432692307692308
1 0.4182692307692308 0.9795673076923077 0.01201923076923077 0.019230769230769232
1 0.5240384615384616 0.9399038461538461 0.009615384615384616 0.01201923076923077
1 0.9579326923076923 0.45072115384615385 0.055288461538461536 0.04927884615384615
1 0.6790865384615384 0.3701923076923077 0.016826923076923076 0.037259615384615384
1 0.5408653846153846 0.7103365384615384 0.026442307692307692 0.05048076923076923
1 0.4423076923076923 0.6875 0.010817307692307692 0.009615384615384616
1 0.03245192307692308 0.4254807692307692 0.06370192307692307 0.09375
1 0.265625 0.6466346153846154 0.037259615384615384 0.052884615384615384
1 0.19471153846153846 0.1875 0.04567307692307692 0.05048076923076923
1 0.20673076923076922 0.6526442307692307 0.030048076923076924 0.03365384615384615
1 0.9555288461538461 0.9735576923076923 0.040865384615384616 0.051682692307692304
1 0.8942307692307693 0.8918269230769231 0.014423076923076924 0.026442307692307692
1 0.9675480769230769 0.7091346153846154 0.008413461538461538 0.010817307692307692
1 0.8473557692307693 0.7079326923076923 0.009615384615384616 0.014423076923076924
1 0.0889423076923077 0.9879807692307693 0.02403846153846154 0.02403846153846154
1 0.8569711538461539 0.5697115384615384 0.013221153846153846 0.016826923076923076
1 0.7596153846153846 0.640625 0.046875 0.07451923076923077
1 0.7427884615384616 0.84375 0.030048076923076924 0.038461538461538464
1 0.7367788461538461 0.7644230769230769 0.016826923076923076 0.018028846153846152
4 0.7872596153846154 0.421875 0.11778846153846154 0.15865384615384615
1 0.9158653846153846 0.9350961538461539 0.015625 0.028846153846153848
1 0.5901442307692307 0.09615384615384616 0.018028846153846152 0.015625
1 0.7920673076923077 0.6081730769230769 0.018028846153846152 0.025240384615384616
1 0.8701923076923077 0.32211538461538464 0.038461538461538464 0.03125
1 0.8329326923076923 0.6923076923076923 0.01201923076923077 0.013221153846153846
1 0.6069711538461539 0.6766826923076923 0.04326923076923077 0.042067307692307696
1 0.75 0.04326923076923077 0.03245192307692308 0.025240384615384616
1 0.5528846153846154 0.6778846153846154 0.016826923076923076 0.020432692307692308
1 0.8173076923076923 0.9014423076923077 0.052884615384615384 0.08052884615384616
1 0.6322115384615384 0.8858173076923077 0.07692307692307693 0.07572115384615384
1 0.8076923076923077 0.018028846153846152 0.03485576923076923 0.036057692307692304
1 0.8786057692307693 0.38461538461538464 0.06850961538461539 0.10576923076923077
1 0.6790865384615384 0.7884615384615384 0.025240384615384616 0.027644230769230768
1 0.5709134615384616 0.8185096153846154 0.054086538461538464 0.12620192307692307
1 0.7151442307692307 0.13221153846153846 0.07451923076923077 0.05889423076923077
1 0.734375 0.7079326923076923 0.07932692307692307 0.09975961538461539
1 0.7091346153846154 0.9278846153846154 0.1045673076923077 0.14423076923076922
1 0.055288461538461536 0.6790865384615384 0.02403846153846154 0.027644230769230768
0 0.1346153846153846 0.9230769230769231 0.2692307692307692 0.15384615384615385
1 0.9194711538461539 0.890625 0.009615384615384616 0.009615384615384616
1 0.8233173076923077 0.7379807692307693 0.007211538461538462 0.01201923076923077
1 0.984375 0.9326923076923077 0.02403846153846154 0.027644230769230768
1 0.013221153846153846 0.8269230769230769 0.025240384615384616 0.04927884615384615
1 0.04927884615384615 0.9483173076923077 0.016826923076923076 0.019230769230769232
1 0.8617788461538461 0.8918269230769231 0.020432692307692308 0.027644230769230768
1 0.6021634615384616 0.7067307692307693 0.013221153846153846 0.018028846153846152
1 0.8365384615384616 0.7391826923076923 0.014423076923076924 0.019230769230769232
1 0.5228365384615384 0.8774038461538461 0.037259615384615384 0.042067307692307696
1 0.38100961538461536 0.8449519230769231 0.055288461538461536 0.0673076923076923
1 0.8449519230769231 0.27403846153846156 0.040865384615384616 0.042067307692307696
1 0.9963942307692307 0.6514423076923077 0.006009615384615385 0.016826923076923076
1 0.7776442307692307 0.7884615384615384 0.056490384615384616 0.06490384615384616
1 0.43149038461538464 0.9194711538461539 0.038461538461538464 0.042067307692307696
1 0.9891826923076923 0.39783653846153844 0.021634615384615384 0.05889423076923077
1 0.34615384615384615 0.25240384615384615 0.014423076923076924 0.019230769230769232
1 0.007211538461538462 0.8858173076923077 0.013221153846153846 0.014423076923076924
0 0.16105769230769232 0.7307692307692307 0.32211538461538464 0.2668269230769231
1 0.6081730769230769 0.7560096153846154 0.06850961538461539 0.06129807692307692
1 0.6742788461538461 0.10576923076923077 0.052884615384615384 0.056490384615384616
1 0.04567307692307692 0.9771634615384616 0.019230769230769232 0.015625
1 0.9338942307692307 0.5264423076923077 0.02403846153846154 0.030048076923076924
1 0.8040865384615384 0.9747596153846154 0.04567307692307692 0.05048076923076923
1 0.9747596153846154 0.9939903846153846 0.007211538461538462 0.01201923076923077
1 0.6862980769230769 0.28846153846153844 0.04927884615384615 0.037259615384615384
1 0.9411057692307693 0.5564903846153846 0.009615384615384616 0.009615384615384616
1 0.16706730769230768 0.04567307692307692 0.07692307692307693 0.06009615384615385
1 0.8461538461538461 0.9939903846153846 0.019230769230769232 0.01201923076923077
1 0.9435096153846154 0.390625 0.037259615384615384 0.07211538461538461
1 0.8461538461538461 0.4795673076923077 0.06850961538461539 0.08173076923076923
1 0.8858173076923077 0.14783653846153846 0.06129807692307692 0.12139423076923077
1 0.29447115384615385 0.9447115384615384 0.019230769230769232 0.02283653846153846
1 0.29086538461538464 0.8221153846153846 0.013221153846153846 0.016826923076923076
1 0.6526442307692307 0.36778846153846156 0.019230769230769232 0.025240384615384616
1 0.8497596153846154 0.7692307692307693 0.010817307692307692 0.02283653846153846
1 0.46153846153846156 0.8028846153846154 0.009615384615384616 0.013221153846153846
1 0.08052884615384616 0.8641826923076923 0.037259615384615384 0.06009615384615385
1 0.1201923076923077 0.7175480769230769 0.05048076923076923 0.04326923076923077
1 0.140625 0.8016826923076923 0.03245192307692308 0.02283653846153846
