1 0.65625 0.49759615384615385 0.013221153846153846 0.02283653846153846
1 0.6358173076923077 0.25 0.021634615384615384 0.021634615384615384
1 0.7427884615384616 0.09134615384615384 0.016826923076923076 0.021634615384615384
1 0.5769230769230769 0.039663461538461536 0.02403846153846154 0.018028846153846152
1 0.5300480769230769 0.09375 0.016826923076923076 0.016826923076923076
1 0.4855769230769231 0.13341346153846154 0.007211538461538462 0.010817307692307692
1 0.75 0.7560096153846154 0.014423076923076924 0.018028846153846152
1 0.6430288461538461 0.7572115384615384 0.016826923076923076 0.015625
1 0.5985576923076923 0.35096153846153844 0.013221153846153846 0.025240384615384616
1 0.5144230769230769 0.2548076923076923 0.013221153846153846 0.015625
1 0.4951923076923077 0.015625 0.030048076923076924 0.030048076923076924
1 0.5673076923076923 0.17548076923076922 0.021634615384615384 0.02283653846153846
1 0.5120192307692307 0.12139423076923077 0.009615384615384616 0.018028846153846152
1 0.5168269230769231 0.8149038461538461 0.019230769230769232 0.026442307692307692
1 0.7487980769230769 0.7824519230769231 0.015625 0.014423076923076924
1 0.7379807692307693 0.7704326923076923 0.016826923076923076 0.020432692307692308
1 0.7007211538461539 0.6911057692307693 0.018028846153846152 0.019230769230769232
1 0.6622596153846154 0.5456730769230769 0.016826923076923076 0.016826923076923076
1 0.5901442307692307 0.4639423076923077 0.013221153846153846 0.018028846153846152
1 0.5769230769230769 0.46153846153846156 0.014423076923076924 0.018028846153846152
1 0.8149038461538461 0.14783653846153846 0.010817307692307692 0.015625
1 0.5516826923076923 0.23076923076923078 0.01201923076923077 0.02283653846153846
1 0.33774038461538464 0.7379807692307693 0.027644230769230768 0.042067307692307696
1 0.5456730769230769 0.53125 0.019230769230769232 0.025240384615384616
1 0.08774038461538461 0.007211538461538462 0.01201923076923077 0.013221153846153846
1 0.5300480769230769 0.16466346153846154 0.021634615384615384 0.026442307692307692
1 0.6778846153846154 0.2536057692307692 0.01201923076923077 0.02283653846153846
1 0.5997596153846154 0.5444711538461539 0.02403846153846154 0.016826923076923076
1 0.6646634615384616 0.453125 0.009615384615384616 0.019230769230769232
1 0.7079326923076923 0.47596153846153844 0.019230769230769232 0.025240384615384616
1 0.36177884615384615 0.75 0.015625 0.02403846153846154
1 0.6971153846153846 0.5649038461538461 0.020432692307692308 0.03365384615384615
1 0.6550480769230769 0.71875 0.009615384615384616 0.010817307692307692
1 0.7560096153846154 0.109375 0.021634615384615384 0.019230769230769232
1 0.6177884615384616 0.3137019230769231 0.008413461538461538 0.013221153846153846
1 0.5769230769230769 0.5588942307692307 0.02403846153846154 0.021634615384615384
1 0.49278846153846156 0.3401442307692308 0.016826923076923076 0.016826923076923076
1 0.5072115384615384 0.734375 0.014423076923076924 0.013221153846153846
1 0.9891826923076923 0.7956730769230769 0.021634615384615384 0.021634615384615384
1 0.22235576923076922 0.109375 0.021634615384615384 0.027644230769230768
1 0.9278846153846154 0.7884615384615384 0.018028846153846152 0.05048076923076923
1 0.9951923076923077 0.5396634615384616 0.009615384615384616 0.019230769230769232
1 0.9663461538461539 0.4375 0.020432692307692308 0.018028846153846152
1 0.5913461538461539 0.9314903846153846 0.02283653846153846 0.026442307692307692
1 0.43509615384615385 0.8846153846153846 0.015625 0.016826923076923076
1 0.3762019230769231 0.4795673076923077 0.019230769230769232 0.021634615384615384
1 0.328125 0.578125 0.013221153846153846 0.01201923076923077
1 0.33413461538461536 0.3245192307692308 0.01201923076923077 0.009615384615384616
1 0.08653846153846154 0.421875 0.010817307692307692 0.01201923076923077
1 0.2403846153846154 0.057692307692307696 0.037259615384615384 0.042067307692307696
1 0.019230769230769232 0.3798076923076923 0.020432692307692308 0.03245192307692308
1 0.31009615384615385 0.2439903846153846 0.027644230769230768 0.02403846153846154
5 0.1814903846153846 0.9362980769230769 0.3629807692307692 0.12740384615384615
10 0.5504807692307693 0.27163461538461536 0.265625 0.12980769230769232
1 0.9903846153846154 0.9242788461538461 0.019230769230769232 0.052884615384615384
1 0.9362980769230769 0.9050480769230769 0.008413461538461538 0.019230769230769232
1 0.9182692307692307 0.8185096153846154 0.014423076923076924 0.020432692307692308
1 0.9423076923076923 0.5396634615384616 0.027644230769230768 0.039663461538461536
1 0.8990384615384616 0.4110576923076923 0.014423076923076924 0.02403846153846154
1 0.7439903846153846 0.9266826923076923 0.014423076923076924 0.019230769230769232
1 0.7536057692307693 0.9723557692307693 0.014423076923076924 0.016826923076923076
1 0.4254807692307692 0.9134615384615384 0.016826923076923076 0.013221153846153846
1 0.3545673076923077 0.5637019230769231 0.014423076923076924 0.03365384615384615
1 0.2776442307692308 0.3954326923076923 0.026442307692307692 0.042067307692307696
1 0.21514423076923078 0.41225961538461536 0.013221153846153846 0.013221153846153846
1 0.12620192307692307 0.40625 0.010817307692307692 0.014423076923076924
1 0.22235576923076922 0.013221153846153846 0.016826923076923076 0.026442307692307692
1 0.18028846153846154 0.08052884615384616 0.019230769230769232 0.020432692307692308
1 0.9939903846153846 0.9795673076923077 0.01201923076923077 0.020432692307692308
1 0.9723557692307693 0.84375 0.019230769230769232 0.019230769230769232
1 0.9795673076923077 0.7319711538461539 0.018028846153846152 0.02283653846153846
1 0.8930288461538461 0.5961538461538461 0.010817307692307692 0.026442307692307692
1 0.9975961538461539 0.39302884615384615 0.004807692307692308 0.009615384615384616
1 0.8930288461538461 0.38221153846153844 0.014423076923076924 0.019230769230769232
1 0.8112980769230769 0.9639423076923077 0.07692307692307693 0.056490384615384616
1 0.8137019230769231 0.8942307692307693 0.018028846153846152 0.018028846153846152
1 0.7824519230769231 0.8882211538461539 0.020432692307692308 0.026442307692307692
1 0.5769230769230769 0.9627403846153846 0.016826923076923076 0.021634615384615384
1 0.5276442307692307 0.9387019230769231 0.007211538461538462 0.014423076923076924
1 0.5072115384615384 0.9182692307692307 0.014423076923076924 0.019230769230769232
1 0.27283653846153844 0.7463942307692307 0.01201923076923077 0.018028846153846152
1 0.6947115384615384 0.9543269230769231 0.020432692307692308 0.026442307692307692
1 0.7644230769230769 0.8978365384615384 0.006009615384615385 0.004807692307692308
1 0.9591346153846154 0.9963942307692307 0.007211538461538462 0.007211538461538462
1 0.6442307692307693 0.9182692307692307 0.01201923076923077 0.02403846153846154
1 0.8665865384615384 0.9663461538461539 0.019230769230769232 0.013221153846153846
1 0.5192307692307693 0.9615384615384616 0.014423076923076924 0.02283653846153846
1 0.7271634615384616 0.8449519230769231 0.03485576923076923 0.04326923076923077
1 0.8269230769230769 0.6514423076923077 0.015625 0.018028846153846152
1 0.8786057692307693 0.2824519230769231 0.007211538461538462 0.008413461538461538
1 0.9963942307692307 0.8834134615384616 0.007211538461538462 0.021634615384615384
1 0.9819711538461539 0.3629807692307692 0.01201923076923077 0.014423076923076924
1 0.8834134615384616 0.3485576923076923 0.014423076923076924 0.028846153846153848
1 0.3076923076923077 0.7451923076923077 0.010817307692307692 0.01201923076923077
1 0.9399038461538461 0.5 0.01201923076923077 0.015625
1 0.8786057692307693 0.4987980769230769 0.007211538461538462 0.010817307692307692
1 0.7836538461538461 0.36177884615384615 0.016826923076923076 0.015625
1 0.14903846153846154 0.8978365384615384 0.02403846153846154 0.036057692307692304
1 0.41225961538461536 0.5 0.019230769230769232 0.02283653846153846
1 0.27403846153846156 0.5564903846153846 0.014423076923076924 0.019230769230769232
1 0.22596153846153846 0.42908653846153844 0.01201923076923077 0.021634615384615384
1 0.28966346153846156 0.7980769230769231 0.013221153846153846 0.019230769230769232
1 0.9783653846153846 0.2620192307692308 0.01201923076923077 0.021634615384615384
1 0.8882211538461539 0.5564903846153846 0.010817307692307692 0.010817307692307692
1 0.8389423076923077 0.43149038461538464 0.010817307692307692 0.015625
1 0.6081730769230769 0.9567307692307693 0.010817307692307692 0.014423076923076924
11 0.8605769230769231 0.11538461538461539 0.2776442307692308 0.23076923076923078
1 0.7776442307692307 0.4411057692307692 0.014423076923076924 0.019230769230769232
1 0.9939903846153846 0.43990384615384615 0.01201923076923077 0.02283653846153846
1 0.9891826923076923 0.6634615384615384 0.014423076923076924 0.020432692307692308
1 0.6682692307692307 0.8689903846153846 0.014423076923076924 0.01201923076923077
1 0.9579326923076923 0.46634615384615385 0.027644230769230768 0.025240384615384616
1 0.9795673076923077 0.7692307692307693 0.010817307692307692 0.010817307692307692
1 0.9170673076923077 0.2608173076923077 0.013221153846153846 0.027644230769230768
1 0.8834134615384616 0.26322115384615385 0.01201923076923077 0.01201923076923077
1 0.7247596153846154 0.9086538461538461 0.014423076923076924 0.020432692307692308
1 0.5552884615384616 0.9399038461538461 0.013221153846153846 0.01201923076923077
1 0.9326923076923077 0.8389423076923077 0.007211538461538462 0.01201923076923077
1 0.640625 0.9759615384615384 0.016826923076923076 0.020432692307692308
1 0.9603365384615384 0.38341346153846156 0.027644230769230768 0.05048076923076923
1 0.6730769230769231 0.890625 0.014423076923076924 0.018028846153846152
1 0.7584134615384616 0.9399038461538461 0.014423076923076924 0.021634615384615384
1 0.9747596153846154 0.609375 0.016826923076923076 0.020432692307692308
1 0.9483173076923077 0.30288461538461536 0.010817307692307692 0.009615384615384616
1 0.8221153846153846 0.19110576923076922 0.016826923076923076 0.021634615384615384
1 0.3137019230769231 0.3713942307692308 0.013221153846153846 0.018028846153846152
1 0.020432692307692308 0.8173076923076923 0.016826923076923076 0.01201923076923077
1 0.26802884615384615 0.796875 0.016826923076923076 0.018028846153846152
1 0.3629807692307692 0.8389423076923077 0.01201923076923077 0.018028846153846152
1 0.02403846153846154 0.8425480769230769 0.020432692307692308 0.021634615384615384
1 0.15504807692307693 0.7259615384615384 0.020432692307692308 0.03125
1 0.057692307692307696 0.6009615384615384 0.020432692307692308 0.030048076923076924
1 0.037259615384615384 0.4375 0.016826923076923076 0.016826923076923076
1 0.06850961538461539 0.20192307692307693 0.014423076923076924 0.018028846153846152
1 0.17067307692307693 0.453125 0.018028846153846152 0.027644230769230768
1 0.18269230769230768 0.018028846153846152 0.02403846153846154 0.02403846153846154
1 0.13341346153846154 0.15865384615384615 0.016826923076923076 0.020432692307692308
1 0.021634615384615384 0.4326923076923077 0.016826923076923076 0.02403846153846154
1 0.3173076923076923 0.453125 0.02403846153846154 0.027644230769230768
1 0.25600961538461536 0.3605769230769231 0.02283653846153846 0.014423076923076924
1 0.5228365384615384 0.34134615384615385 0.016826923076923076 0.02403846153846154
1 0.19230769230769232 0.71875 0.027644230769230768 0.026442307692307692
1 0.33052884615384615 0.05889423076923077 0.040865384615384616 0.039663461538461536
1 0.6129807692307693 0.09254807692307693 0.02283653846153846 0.02283653846153846
1 0.17908653846153846 0.04807692307692308 0.020432692307692308 0.028846153846153848
1 0.19831730769230768 0.13942307692307693 0.038461538461538464 0.027644230769230768
1 0.6069711538461539 0.03365384615384615 0.015625 0.02283653846153846
1 0.5625 0.5240384615384616 0.021634615384615384 0.02283653846153846
1 0.5240384615384616 0.375 0.018028846153846152 0.020432692307692308
1 0.4879807692307692 0.0625 0.013221153846153846 0.020432692307692308
1 0.3161057692307692 0.8088942307692307 0.02403846153846154 0.027644230769230768
1 0.49158653846153844 0.8762019230769231 0.009615384615384616 0.013221153846153846
1 0.5817307692307693 0.3473557692307692 0.013221153846153846 0.020432692307692308
1 0.46274038461538464 0.6418269230769231 0.02283653846153846 0.026442307692307692
1 0.1310096153846154 0.057692307692307696 0.030048076923076924 0.040865384615384616
1 0.3329326923076923 0.6117788461538461 0.014423076923076924 0.014423076923076924
1 0.7271634615384616 0.5084134615384616 0.020432692307692308 0.016826923076923076
1 0.6370192307692307 0.5192307692307693 0.014423076923076924 0.020432692307692308
1 0.1502403846153846 0.42788461538461536 0.038461538461538464 0.027644230769230768
1 0.015625 0.6911057692307693 0.02403846153846154 0.046875
1 0.5516826923076923 0.43990384615384615 0.007211538461538462 0.013221153846153846
1 0.234375 0.5552884615384616 0.007211538461538462 0.016826923076923076
7 0.25961538461538464 0.6057692307692307 0.17307692307692307 0.08173076923076923
1 0.78125 0.1778846153846154 0.02283653846153846 0.021634615384615384
1 0.19230769230769232 0.8677884615384616 0.028846153846153848 0.03485576923076923
1 0.5600961538461539 0.20072115384615385 0.02283653846153846 0.014423076923076924
1 0.23317307692307693 0.8930288461538461 0.021634615384615384 0.025240384615384616
1 0.15504807692307693 0.1466346153846154 0.014423076923076924 0.013221153846153846
1 0.3545673076923077 0.45072115384615385 0.021634615384615384 0.02283653846153846
1 0.008413461538461538 0.8305288461538461 0.016826923076923076 0.026442307692307692
1 0.38341346153846156 0.5216346153846154 0.014423076923076924 0.027644230769230768
1 0.296875 0.4362980769230769 0.016826923076923076 0.025240384615384616
1 0.10576923076923077 0.8197115384615384 0.04807692307692308 0.054086538461538464
1 0.7512019230769231 0.7283653846153846 0.014423076923076924 0.02403846153846154
1 0.6081730769230769 0.5096153846153846 0.014423076923076924 0.013221153846153846
1 0.0889423076923077 0.45072115384615385 0.01201923076923077 0.016826923076923076
1 0.3545673076923077 0.6141826923076923 0.019230769230769232 0.021634615384615384
1 0.6322115384615384 0.4375 0.006009615384615385 0.007211538461538462
1 0.6935096153846154 0.42427884615384615 0.014423076923076924 0.025240384615384616
