1 0.1935096153846154 0.9326923076923077 0.11778846153846154 0.10576923076923077
1 0.4987980769230769 0.6394230769230769 0.11899038461538461 0.234375
9 0.4963942307692308 0.5 0.38822115384615385 1
1 0.9086538461538461 0.4699519230769231 0.18269230769230768 0.6418269230769231
1 0.7175480769230769 0.9627403846153846 0.07692307692307693 0.07451923076923077
10 0.4879807692307692 0.2620192307692308 0.9759615384615384 0.5240384615384616
1 0.7475961538461539 0.08413461538461539 0.11778846153846154 0.15504807692307693
1 0.1935096153846154 0.109375 0.14543269230769232 0.21754807692307693
1 0.30649038461538464 0.171875 0.1466346153846154 0.19591346153846154
1 0.6105769230769231 0.8557692307692307 0.09014423076923077 0.06490384615384616
1 0.028846153846153848 0.43149038461538464 0.057692307692307696 0.06009615384615385
1 0.6334134615384616 0.734375 0.055288461538461536 0.12379807692307693
1 0.421875 0.24519230769230768 0.29447115384615385 0.4110576923076923
1 0.15144230769230768 0.7091346153846154 0.30288461538461536 0.4735576923076923
1 0.37259615384615385 0.6610576923076923 0.07932692307692307 0.06971153846153846
