1 0.9663461538461539 0.3173076923076923 0.04567307692307692 0.037259615384615384
1 0.8737980769230769 0.7151442307692307 0.027644230769230768 0.040865384615384616
1 0.8221153846153846 0.6117788461538461 0.08653846153846154 0.09014423076923077
1 0.8545673076923077 0.7536057692307693 0.019230769230769232 0.025240384615384616
1 0.5576923076923077 0.9146634615384616 0.02403846153846154 0.03245192307692308
1 0.9110576923076923 0.5817307692307693 0.06610576923076923 0.04447115384615385
1 0.8149038461538461 0.49759615384615385 0.03485576923076923 0.03485576923076923
1 0.5961538461538461 0.06610576923076923 0.01201923076923077 0.016826923076923076
1 0.6358173076923077 0.5625 0.06971153846153846 0.036057692307692304
1 0.06850961538461539 0.9302884615384616 0.013221153846153846 0.026442307692307692
1 0.75 0.5721153846153846 0.06971153846153846 0.08774038461538461
1 0.43149038461538464 0.0733173076923077 0.054086538461538464 0.05048076923076923
1 0.3798076923076923 0.8786057692307693 0.08052884615384616 0.11177884615384616
1 0.4182692307692308 0.5072115384615384 0.016826923076923076 0.02403846153846154
1 0.6634615384615384 0.078125 0.028846153846153848 0.03125
1 0.5300480769230769 0.6274038461538461 0.09735576923076923 0.09254807692307693
1 0.8737980769230769 0.828125 0.02403846153846154 0.028846153846153848
1 0.4675480769230769 0.48677884615384615 0.046875 0.051682692307692304
1 0.6766826923076923 0.5985576923076923 0.020432692307692308 0.016826923076923076
1 0.6418269230769231 0.8245192307692307 0.025240384615384616 0.03365384615384615
1 0.1141826923076923 0.4387019230769231 0.04927884615384615 0.06129807692307692
1 0.4879807692307692 0.3317307692307692 0.04567307692307692 0.06490384615384616
1 0.7223557692307693 0.5276442307692307 0.038461538461538464 0.054086538461538464
1 0.23677884615384615 0.8810096153846154 0.016826923076923076 0.014423076923076924
1 0.0673076923076923 0.8353365384615384 0.02403846153846154 0.02403846153846154
1 0.6862980769230769 0.46875 0.04447115384615385 0.046875
1 0.31009615384615385 0.12740384615384615 0.027644230769230768 0.03485576923076923
1 0.5516826923076923 0.2980769230769231 0.019230769230769232 0.019230769230769232
1 0.4495192307692308 0.5492788461538461 0.014423076923076924 0.015625
1 0.359375 0.4014423076923077 0.018028846153846152 0.03125
1 0.11538461538461539 0.16466346153846154 0.027644230769230768 0.02403846153846154
1 0.3137019230769231 0.026442307692307692 0.05889423076923077 0.051682692307692304
1 0.6286057692307693 0.008413461538461538 0.019230769230769232 0.015625
1 0.9603365384615384 0.45072115384615385 0.018028846153846152 0.013221153846153846
1 0.7211538461538461 0.43509615384615385 0.02403846153846154 0.026442307692307692
1 0.9002403846153846 0.7944711538461539 0.05048076923076923 0.0733173076923077
1 0.2824519230769231 0.7884615384615384 0.12620192307692307 0.13701923076923078
1 0.2764423076923077 0.6262019230769231 0.08413461538461539 0.09134615384615384
1 0.33533653846153844 0.5096153846153846 0.027644230769230768 0.03245192307692308
1 0.3088942307692308 0.484375 0.021634615384615384 0.019230769230769232
1 0.7740384615384616 0.8557692307692307 0.037259615384615384 0.02403846153846154
1 0.9158653846153846 0.15384615384615385 0.16826923076923078 0.16826923076923078
1 0.35096153846153844 0.23076923076923078 0.014423076923076924 0.019230769230769232
1 0.10336538461538461 0.6117788461538461 0.14302884615384615 0.11177884615384616
1 0.24158653846153846 0.9411057692307693 0.04567307692307692 0.04326923076923077
1 0.3870192307692308 0.04567307692307692 0.038461538461538464 0.04447115384615385
1 0.7716346153846154 0.19471153846153846 0.1141826923076923 0.0733173076923077
1 0.53125 0.125 0.1310096153846154 0.05048076923076923
1 0.9543269230769231 0.7463942307692307 0.04326923076923077 0.042067307692307696
1 0.21995192307692307 0.20673076923076922 0.016826923076923076 0.02403846153846154
1 0.9591346153846154 0.8569711538461539 0.08173076923076923 0.1466346153846154
1 0.6298076923076923 0.328125 0.08052884615384616 0.109375
1 0.44591346153846156 0.6418269230769231 0.04447115384615385 0.051682692307692304
1 0.8269230769230769 0.030048076923076924 0.016826923076923076 0.016826923076923076
1 0.46033653846153844 0.9146634615384616 0.019230769230769232 0.027644230769230768
1 0.16346153846153846 0.5625 0.03485576923076923 0.028846153846153848
1 0.3016826923076923 0.8870192307692307 0.030048076923076924 0.04447115384615385
1 0.984375 0.3581730769230769 0.019230769230769232 0.02403846153846154
10 0.5 0.35216346153846156 1 0.2439903846153846
1 0.4735576923076923 0.5877403846153846 0.025240384615384616 0.036057692307692304
1 0.625 0.16346153846153846 0.08653846153846154 0.10817307692307693
1 0.5300480769230769 0.8161057692307693 0.021634615384615384 0.027644230769230768
1 0.5805288461538461 0.5276442307692307 0.03485576923076923 0.025240384615384616
1 0.7548076923076923 0.4807692307692308 0.04807692307692308 0.056490384615384616
1 0.5805288461538461 0.7572115384615384 0.02403846153846154 0.018028846153846152
1 0.9302884615384616 0.38822115384615385 0.016826923076923076 0.025240384615384616
1 0.15144230769230768 0.8100961538461539 0.046875 0.046875
1 0.46153846153846156 0.040865384615384616 0.027644230769230768 0.027644230769230768
1 0.38100961538461536 0.6875 0.008413461538461538 0.018028846153846152
0 0.6995192307692307 0.20072115384615385 0.06610576923076923 0.1201923076923077
1 0.25721153846153844 0.21514423076923078 0.039663461538461536 0.036057692307692304
1 0.49278846153846156 0.007211538461538462 0.02283653846153846 0.014423076923076924
1 0.4891826923076923 0.8341346153846154 0.030048076923076924 0.030048076923076924
1 0.6021634615384616 0.6129807692307693 0.013221153846153846 0.013221153846153846
10 0.18629807692307693 0.7127403846153846 0.3713942307692308 0.0829326923076923
1 0.3389423076923077 0.6538461538461539 0.03245192307692308 0.06009615384615385
1 0.8822115384615384 0.04567307692307692 0.040865384615384616 0.05048076923076923
1 0.5492788461538461 0.9495192307692307 0.036057692307692304 0.042067307692307696
1 0.9182692307692307 0.6887019230769231 0.05889423076923077 0.09014423076923077
1 0.5360576923076923 0.39663461538461536 0.025240384615384616 0.027644230769230768
1 0.9675480769230769 0.3485576923076923 0.014423076923076924 0.015625
1 0.9867788461538461 0.4254807692307692 0.015625 0.016826923076923076
1 0.9735576923076923 0.6742788461538461 0.04807692307692308 0.06610576923076923
1 0.8161057692307693 0.7800480769230769 0.03485576923076923 0.039663461538461536
1 0.24158653846153846 0.5564903846153846 0.09014423076923077 0.07211538461538461
0 0.9747596153846154 0.05048076923076923 0.036057692307692304 0.06610576923076923
1 0.5504807692307693 0.20552884615384615 0.07932692307692307 0.12860576923076922
1 0.25 0.4483173076923077 0.04567307692307692 0.046875
1 0.6057692307692307 0.9771634615384616 0.038461538461538464 0.036057692307692304
0 0.25961538461538464 0.2536057692307692 0.12139423076923077 0.055288461538461536
0 0.3557692307692308 0.1201923076923077 0.040865384615384616 0.13581730769230768
0 0.9903846153846154 0.5829326923076923 0.019230769230769232 0.0733173076923077
1 0.4074519230769231 0.6730769230769231 0.018028846153846152 0.015625
1 0.6117788461538461 0.0625 0.009615384615384616 0.018028846153846152
1 0.6814903846153846 0.7524038461538461 0.016826923076923076 0.020432692307692308
1 0.6430288461538461 0.6081730769230769 0.014423076923076924 0.020432692307692308
1 0.5925480769230769 0.6742788461538461 0.015625 0.02283653846153846
1 0.3954326923076923 0.9675480769230769 0.14182692307692307 0.06490384615384616
1 0.3858173076923077 0.7776442307692307 0.09495192307692307 0.10817307692307693
1 0.8137019230769231 0.4254807692307692 0.06490384615384616 0.09014423076923077
1 0.7896634615384616 0.96875 0.021634615384615384 0.046875
1 0.3112980769230769 0.20192307692307693 0.014423076923076924 0.030048076923076924
1 0.5600961538461539 0.46634615384615385 0.02403846153846154 0.030048076923076924
1 0.39903846153846156 0.3425480769230769 0.016826923076923076 0.019230769230769232
1 0.8942307692307693 0.8978365384615384 0.037259615384615384 0.0673076923076923
0 0.054086538461538464 0.47596153846153844 0.07932692307692307 0.109375
0 0.12860576923076922 0.22596153846153846 0.038461538461538464 0.03485576923076923
1 0.5180288461538461 0.06850961538461539 0.052884615384615384 0.0733173076923077
1 0.4026442307692308 0.12860576923076922 0.04807692307692308 0.05048076923076923
0 0.7836538461538461 0.13701923076923078 0.06971153846153846 0.05889423076923077
0 0.015625 0.875 0.03125 0.04807692307692308
0 0.4375 0.2800480769230769 0.04567307692307692 0.056490384615384616
1 0.7620192307692307 0.7740384615384616 0.04807692307692308 0.09375
0 0.15625 0.9338942307692307 0.11538461538461539 0.12860576923076922
1 0.47836538461538464 0.22596153846153846 0.05048076923076923 0.04326923076923077
1 0.203125 0.46875 0.04927884615384615 0.07451923076923077
