1 0.4411057692307692 0.9122596153846154 0.04567307692307692 0.0673076923076923
1 0.5817307692307693 0.08052884615384616 0.06971153846153846 0.10697115384615384
0 0.390625 0.5372596153846154 0.5300480769230769 0.45913461538461536
1 0.8786057692307693 0.359375 0.04807692307692308 0.13701923076923078
1 0.02283653846153846 0.7427884615384616 0.04567307692307692 0.0985576923076923
1 0.8329326923076923 0.1346153846153846 0.04807692307692308 0.057692307692307696
0 0.90625 0.8100961538461539 0.18629807692307693 0.3713942307692308
0 0.21033653846153846 0.14783653846153846 0.030048076923076924 0.06610576923076923
1 0.08774038461538461 0.48677884615384615 0.03365384615384615 0.04447115384615385
1 0.8557692307692307 0.07692307692307693 0.030048076923076924 0.036057692307692304
10 0.6838942307692307 0.49759615384615385 0.14182692307692307 0.9951923076923077
1 0.53125 0.31971153846153844 0.14423076923076922 0.19591346153846154
10 0.12379807692307693 0.30288461538461536 0.24759615384615385 0.6021634615384616
1 0.3401442307692308 0.49278846153846156 0.09375 0.11298076923076923
1 0.9447115384615384 0.39903846153846156 0.057692307692307696 0.08413461538461539
1 0.16346153846153846 0.7271634615384616 0.052884615384615384 0.06971153846153846
1 0.3317307692307692 0.15985576923076922 0.07692307692307693 0.11538461538461539
1 0.28125 0.9098557692307693 0.04567307692307692 0.09735576923076923
0 0.6213942307692307 0.3858173076923077 0.1346153846153846 0.38221153846153844
1 0.38341346153846156 0.8197115384615384 0.04567307692307692 0.051682692307692304
1 0.5276442307692307 0.6129807692307693 0.03485576923076923 0.04447115384615385
1 0.4074519230769231 0.09134615384615384 0.09014423076923077 0.11538461538461539
1 0.30528846153846156 0.8016826923076923 0.040865384615384616 0.051682692307692304
1 0.140625 0.8365384615384616 0.03485576923076923 0.05048076923076923
1 0.5889423076923077 0.5216346153846154 0.037259615384615384 0.078125
0 0.26322115384615385 0.06009615384615385 0.052884615384615384 0.07692307692307693
0 0.27884615384615385 0.02283653846153846 0.052884615384615384 0.04447115384615385
1 0.4495192307692308 0.7680288461538461 0.15264423076923078 0.2091346153846154
1 0.11778846153846154 0.042067307692307696 0.038461538461538464 0.07692307692307693
10 0.5625 0.4987980769230769 0.5793269230769231 0.9951923076923077
1 0.07451923076923077 0.8954326923076923 0.14903846153846154 0.20673076923076922
0 0.23677884615384615 0.11658653846153846 0.051682692307692304 0.0829326923076923
1 0.9447115384615384 0.5841346153846154 0.11057692307692307 0.11177884615384616
1 0.5456730769230769 0.7307692307692307 0.038461538461538464 0.055288461538461536
1 0.26802884615384615 0.234375 0.06129807692307692 0.05048076923076923
1 0.3786057692307692 0.359375 0.0733173076923077 0.09375
1 0.22235576923076922 0.8822115384615384 0.1045673076923077 0.20432692307692307
1 0.4579326923076923 0.5649038461538461 0.06129807692307692 0.07451923076923077
1 0.9567307692307693 0.07932692307692307 0.08653846153846154 0.12379807692307693
1 0.4879807692307692 0.18028846153846154 0.04807692307692308 0.0733173076923077
1 0.8846153846153846 0.48677884615384615 0.07692307692307693 0.09375
1 0.44591346153846156 0.6899038461538461 0.037259615384615384 0.03245192307692308
1 0.22716346153846154 0.5877403846153846 0.04807692307692308 0.11177884615384616
