1 0.765625 0.7824519230769231 0.025240384615384616 0.027644230769230768
10 0.5 0.20192307692307693 1 0.2692307692307692
1 0.8557692307692307 0.019230769230769232 0.1201923076923077 0.028846153846153848
1 0.2127403846153846 0.36778846153846156 0.04927884615384615 0.06971153846153846
10 0.41586538461538464 0.49759615384615385 0.2548076923076923 0.9951923076923077
1 0.09014423076923077 0.75 0.18028846153846154 0.18028846153846154
1 0.24158653846153846 0.625 0.17067307692307693 0.29086538461538464
1 0.7560096153846154 0.5625 0.06850961538461539 0.0829326923076923
0 0.9519230769230769 0.43509615384615385 0.09615384615384616 0.15865384615384615
1 0.07451923076923077 0.5264423076923077 0.14903846153846154 0.23557692307692307
1 0.6442307692307693 0.8954326923076923 0.09014423076923077 0.19110576923076922
1 0.7043269230769231 0.38341346153846156 0.11538461538461539 0.1466346153846154
1 0.26322115384615385 0.04326923076923077 0.11778846153846154 0.08052884615384616
1 0.6754807692307693 0.7776442307692307 0.042067307692307696 0.037259615384615384
1 0.8521634615384616 0.90625 0.10096153846153846 0.11057692307692307
1 0.8401442307692307 0.7824519230769231 0.06850961538461539 0.1201923076923077
1 0.5432692307692307 0.6117788461538461 0.13942307692307693 0.15625
