10 0.5 0.35096153846153844 1 0.3786057692307692
1 0.4795673076923077 0.26322115384615385 0.04567307692307692 0.0673076923076923
1 0.057692307692307696 0.05048076923076923 0.027644230769230768 0.04447115384615385
1 0.44591346153846156 0.028846153846153848 0.05048076923076923 0.057692307692307696
1 0.7848557692307693 0.15504807692307693 0.04567307692307692 0.042067307692307696
1 0.5925480769230769 0.4495192307692308 0.042067307692307696 0.055288461538461536
1 0.6478365384615384 0.4651442307692308 0.01201923076923077 0.021634615384615384
1 0.5348557692307693 0.9074519230769231 0.056490384615384616 0.06490384615384616
1 0.8377403846153846 0.5901442307692307 0.016826923076923076 0.03365384615384615
1 0.7211538461538461 0.5024038461538461 0.018028846153846152 0.027644230769230768
1 0.6274038461538461 0.4807692307692308 0.020432692307692308 0.027644230769230768
1 0.7512019230769231 0.4963942307692308 0.020432692307692308 0.027644230769230768
1 0.9627403846153846 0.3713942307692308 0.030048076923076924 0.04326923076923077
1 0.006009615384615385 0.71875 0.01201923076923077 0.026442307692307692
1 0.8028846153846154 0.02283653846153846 0.040865384615384616 0.04326923076923077
1 0.14783653846153846 0.12740384615384615 0.03485576923076923 0.05889423076923077
1 0.12620192307692307 0.6490384615384616 0.04326923076923077 0.06850961538461539
1 0.04447115384615385 0.3425480769230769 0.015625 0.026442307692307692
1 0.27884615384615385 0.13822115384615385 0.016826923076923076 0.019230769230769232
1 0.020432692307692308 0.08173076923076923 0.040865384615384616 0.13942307692307693
1 0.3137019230769231 0.4963942307692308 0.02283653846153846 0.036057692307692304
1 0.8413461538461539 0.39783653846153844 0.02283653846153846 0.03485576923076923
1 0.31490384615384615 0.1346153846153846 0.054086538461538464 0.10576923076923077
1 0.9459134615384616 0.013221153846153846 0.05048076923076923 0.026442307692307692
1 0.3317307692307692 0.8353365384615384 0.016826923076923076 0.03125
1 0.9086538461538461 0.09495192307692307 0.10817307692307693 0.13701923076923078
1 0.04326923076923077 0.6766826923076923 0.02283653846153846 0.040865384615384616
1 0.8834134615384616 0.4098557692307692 0.03245192307692308 0.05048076923076923
1 0.16706730769230768 0.21153846153846154 0.11057692307692307 0.11538461538461539
1 0.5757211538461539 0.5564903846153846 0.020432692307692308 0.030048076923076924
1 0.5432692307692307 0.6466346153846154 0.02403846153846154 0.027644230769230768
1 0.16105769230769232 0.9555288461538461 0.18269230769230768 0.08774038461538461
1 0.7007211538461539 0.038461538461538464 0.03245192307692308 0.07692307692307693
1 0.20072115384615385 0.10697115384615384 0.06610576923076923 0.0889423076923077
1 0.703125 0.6105769230769231 0.014423076923076924 0.013221153846153846
1 0.7728365384615384 0.4639423076923077 0.027644230769230768 0.04326923076923077
