1 0.5372596153846154 0.0733173076923077 0.016826923076923076 0.019230769230769232
1 0.1201923076923077 0.13822115384615385 0.055288461538461536 0.06610576923076923
1 0.45552884615384615 0.7992788461538461 0.05889423076923077 0.039663461538461536
1 0.42908653846153844 0.47115384615384615 0.018028846153846152 0.026442307692307692
1 0.7728365384615384 0.8954326923076923 0.009615384615384616 0.016826923076923076
1 0.32211538461538464 0.09254807692307693 0.04326923076923077 0.051682692307692304
1 0.9459134615384616 0.8389423076923077 0.019230769230769232 0.03365384615384615
1 0.7728365384615384 0.9230769230769231 0.019230769230769232 0.021634615384615384
1 0.6586538461538461 0.8449519230769231 0.019230769230769232 0.03365384615384615
1 0.6370192307692307 0.8533653846153846 0.019230769230769232 0.028846153846153848
1 0.5949519230769231 0.7836538461538461 0.016826923076923076 0.013221153846153846
1 0.12980769230769232 0.2608173076923077 0.027644230769230768 0.03485576923076923
1 0.484375 0.09735576923076923 0.025240384615384616 0.046875
1 0.4483173076923077 0.04447115384615385 0.03365384615384615 0.040865384615384616
1 0.4951923076923077 0.5336538461538461 0.01201923076923077 0.019230769230769232
1 0.875 0.41346153846153844 0.025240384615384616 0.03245192307692308
1 0.8677884615384616 0.3786057692307692 0.013221153846153846 0.016826923076923076
1 0.9603365384615384 0.26802884615384615 0.03245192307692308 0.038461538461538464
1 0.5132211538461539 0.9290865384615384 0.03365384615384615 0.036057692307692304
0 0.7319711538461539 0.12740384615384615 0.18028846153846154 0.24639423076923078
1 0.26322115384615385 0.7740384615384616 0.02403846153846154 0.03245192307692308
1 0.30288461538461536 0.7019230769230769 0.025240384615384616 0.040865384615384616
1 0.5168269230769231 0.6682692307692307 0.019230769230769232 0.025240384615384616
1 0.14423076923076922 0.203125 0.08774038461538461 0.06490384615384616
1 0.296875 0.20673076923076922 0.04326923076923077 0.042067307692307696
1 0.33052884615384615 0.6418269230769231 0.025240384615384616 0.016826923076923076
1 0.37259615384615385 0.984375 0.03245192307692308 0.027644230769230768
0 0.04447115384615385 0.203125 0.0889423076923077 0.18389423076923078
2 0.39903846153846156 0.3798076923076923 0.7980769230769231 0.40865384615384615
0 0.07932692307692307 0.8401442307692307 0.15865384615384615 0.31009615384615385
10 0.5396634615384616 0.7235576923076923 0.9206730769230769 0.4254807692307692
1 0.8894230769230769 0.8677884615384616 0.028846153846153848 0.036057692307692304
1 0.7283653846153846 0.8894230769230769 0.01201923076923077 0.015625
1 0.7451923076923077 0.8786057692307693 0.016826923076923076 0.02283653846153846
1 0.5901442307692307 0.9435096153846154 0.03485576923076923 0.04807692307692308
1 0.48677884615384615 0.953125 0.03245192307692308 0.04807692307692308
1 0.09975961538461539 0.5408653846153846 0.037259615384615384 0.054086538461538464
1 0.08653846153846154 0.4375 0.08173076923076923 0.078125
1 0.8725961538461539 0.9855769230769231 0.040865384615384616 0.028846153846153848
1 0.15264423076923078 0.43149038461538464 0.07211538461538461 0.08173076923076923
1 0.640625 0.9182692307692307 0.027644230769230768 0.04447115384615385
1 0.3329326923076923 0.7295673076923077 0.014423076923076924 0.025240384615384616
1 0.027644230769230768 0.5829326923076923 0.038461538461538464 0.03125
1 0.6225961538461539 0.78125 0.016826923076923076 0.028846153846153848
1 0.7427884615384616 0.9675480769230769 0.06850961538461539 0.06490384615384616
1 0.9615384615384616 0.38341346153846156 0.009615384615384616 0.02403846153846154
1 0.5120192307692307 0.8509615384615384 0.02283653846153846 0.03365384615384615
1 0.25240384615384615 0.6923076923076923 0.016826923076923076 0.025240384615384616
1 0.41947115384615385 0.6081730769230769 0.08653846153846154 0.07692307692307693
1 0.027644230769230768 0.6923076923076923 0.030048076923076924 0.038461538461538464
1 0.8677884615384616 0.7548076923076923 0.04927884615384615 0.05048076923076923
1 0.021634615384615384 0.6442307692307693 0.030048076923076924 0.03365384615384615
1 0.43028846153846156 0.5228365384615384 0.021634615384615384 0.051682692307692304
1 0.2091346153846154 0.18870192307692307 0.06009615384615385 0.078125
1 0.8485576923076923 0.43149038461538464 0.016826923076923076 0.03125
1 0.8870192307692307 0.06129807692307692 0.05048076923076923 0.04326923076923077
1 0.5901442307692307 0.078125 0.016826923076923076 0.037259615384615384
1 0.7956730769230769 0.7872596153846154 0.03485576923076923 0.0673076923076923
1 0.921875 0.9158653846153846 0.04927884615384615 0.07692307692307693
1 0.4831730769230769 0.6105769230769231 0.04807692307692308 0.06971153846153846
1 0.8064903846153846 0.96875 0.0673076923076923 0.057692307692307696
1 0.8641826923076923 0.008413461538461538 0.026442307692307692 0.016826923076923076
1 0.6213942307692307 0.18990384615384615 0.02283653846153846 0.025240384615384616
1 0.6622596153846154 0.36778846153846156 0.018028846153846152 0.018028846153846152
1 0.41466346153846156 0.8870192307692307 0.02403846153846154 0.03245192307692308
1 0.7127403846153846 0.9879807692307693 0.02283653846153846 0.02403846153846154
1 0.6706730769230769 0.9134615384615384 0.014423076923076924 0.018028846153846152
1 0.4411057692307692 0.8942307692307693 0.03245192307692308 0.037259615384615384
1 0.25240384615384615 0.09254807692307693 0.03485576923076923 0.04447115384615385
1 0.5204326923076923 0.5384615384615384 0.016826923076923076 0.027644230769230768
1 0.41586538461538464 0.3894230769230769 0.02283653846153846 0.025240384615384616
1 0.8834134615384616 0.3125 0.016826923076923076 0.03485576923076923
4 0.2536057692307692 0.5384615384615384 0.09735576923076923 0.11899038461538461
1 0.9170673076923077 0.09735576923076923 0.018028846153846152 0.019230769230769232
0 0.9194711538461539 0.23918269230769232 0.15625 0.2980769230769231
1 0.7151442307692307 0.8449519230769231 0.03125 0.07451923076923077
1 0.9074519230769231 0.36177884615384615 0.019230769230769232 0.03485576923076923
1 0.8545673076923077 0.9459134615384616 0.009615384615384616 0.015625
1 0.038461538461538464 0.2848557692307692 0.025240384615384616 0.021634615384615384
1 0.9663461538461539 0.06490384615384616 0.05048076923076923 0.046875
0 0.5444711538461539 0.10697115384615384 0.11057692307692307 0.2127403846153846
1 0.6069711538461539 0.8617788461538461 0.028846153846153848 0.04447115384615385
1 0.9266826923076923 0.9699519230769231 0.026442307692307692 0.027644230769230768
1 0.8341346153846154 0.8569711538461539 0.09254807692307693 0.04326923076923077
0 0.07932692307692307 0.06610576923076923 0.15865384615384615 0.13221153846153846
0 0.25600961538461536 0.546875 0.28846153846153844 0.17668269230769232
1 0.828125 0.3485576923076923 0.07572115384615384 0.08173076923076923
