1 0.8125 0.9759615384615384 0.12860576923076922 0.04567307692307692
1 0.796875 0.6262019230769231 0.014423076923076924 0.020432692307692308
1 0.6610576923076923 0.22115384615384615 0.014423076923076924 0.020432692307692308
1 0.7151442307692307 0.3233173076923077 0.016826923076923076 0.027644230769230768
1 0.7127403846153846 0.8713942307692307 0.019230769230769232 0.015625
1 0.578125 0.15384615384615385 0.037259615384615384 0.016826923076923076
1 0.27403846153846156 0.02403846153846154 0.04927884615384615 0.04807692307692308
0 0.3161057692307692 0.5024038461538461 0.6322115384615384 0.9879807692307693
1 0.6838942307692307 0.3016826923076923 0.010817307692307692 0.016826923076923076
1 0.7908653846153846 0.6971153846153846 0.01201923076923077 0.02403846153846154
1 0.9879807692307693 0.9050480769230769 0.013221153846153846 0.019230769230769232
1 0.8725961538461539 0.45913461538461536 0.11177884615384616 0.07451923076923077
1 0.6670673076923077 0.2536057692307692 0.014423076923076924 0.025240384615384616
1 0.9603365384615384 0.6478365384615384 0.030048076923076924 0.040865384615384616
1 0.8040865384615384 0.8725961538461539 0.014423076923076924 0.027644230769230768
1 0.9074519230769231 0.7572115384615384 0.016826923076923076 0.04326923076923077
1 0.8197115384615384 0.5072115384615384 0.026442307692307692 0.03245192307692308
1 0.8870192307692307 0.34375 0.021634615384615384 0.027644230769230768
1 0.6935096153846154 0.9447115384615384 0.01201923076923077 0.027644230769230768
1 0.8665865384615384 0.8605769230769231 0.08653846153846154 0.0889423076923077
1 0.7584134615384616 0.7524038461538461 0.019230769230769232 0.015625
6 0.2439903846153846 0.45552884615384615 0.3762019230769231 0.6298076923076923
1 0.7740384615384616 0.2824519230769231 0.009615384615384616 0.021634615384615384
1 0.8557692307692307 0.9146634615384616 0.009615384615384616 0.018028846153846152
1 0.7908653846153846 0.7788461538461539 0.010817307692307692 0.019230769230769232
1 0.90625 0.6514423076923077 0.052884615384615384 0.05889423076923077
1 0.7223557692307693 0.4074519230769231 0.027644230769230768 0.05048076923076923
1 0.6790865384615384 0.20552884615384615 0.014423076923076924 0.019230769230769232
1 0.7620192307692307 0.8978365384615384 0.016826923076923076 0.02403846153846154
1 0.6466346153846154 0.7548076923076923 0.027644230769230768 0.030048076923076924
1 0.8233173076923077 0.7836538461538461 0.014423076923076924 0.019230769230769232
1 0.7427884615384616 0.5817307692307693 0.026442307692307692 0.046875
1 0.6742788461538461 0.6490384615384616 0.021634615384615384 0.030048076923076924
1 0.8317307692307693 0.6225961538461539 0.018028846153846152 0.02403846153846154
1 0.7596153846153846 0.10817307692307693 0.019230769230769232 0.026442307692307692
1 0.17427884615384615 0.10096153846153846 0.07091346153846154 0.06129807692307692
1 0.359375 0.9795673076923077 0.05048076923076923 0.040865384615384616
1 0.5240384615384616 0.7475961538461539 0.02403846153846154 0.02283653846153846
1 0.6081730769230769 0.28365384615384615 0.039663461538461536 0.055288461538461536
1 0.9074519230769231 0.08774038461538461 0.15745192307692307 0.1622596153846154
1 0.8581730769230769 0.3088942307692308 0.01201923076923077 0.013221153846153846
1 0.8173076923076923 0.9122596153846154 0.014423076923076924 0.02403846153846154
1 0.6730769230769231 0.9915865384615384 0.02403846153846154 0.016826923076923076
1 0.7175480769230769 0.7584134615384616 0.015625 0.025240384615384616
1 0.8365384615384616 0.7620192307692307 0.009615384615384616 0.019230769230769232
1 0.9639423076923077 0.7908653846153846 0.01201923076923077 0.019230769230769232
1 0.7620192307692307 0.5576923076923077 0.02283653846153846 0.02283653846153846
1 0.7752403846153846 0.037259615384615384 0.021634615384615384 0.026442307692307692
1 0.2091346153846154 0.8834134615384616 0.021634615384615384 0.02283653846153846
1 0.6574519230769231 0.8149038461538461 0.02403846153846154 0.03125
1 0.8076923076923077 0.5709134615384616 0.016826923076923076 0.019230769230769232
1 0.6610576923076923 0.9627403846153846 0.02403846153846154 0.03125
1 0.6971153846153846 0.02283653846153846 0.042067307692307696 0.04567307692307692
1 0.026442307692307692 0.828125 0.030048076923076924 0.05889423076923077
1 0.49038461538461536 0.8293269230769231 0.028846153846153848 0.038461538461538464
1 0.40024038461538464 0.2932692307692308 0.020432692307692308 0.02403846153846154
1 0.4254807692307692 0.19831730769230768 0.07932692307692307 0.16105769230769232
1 0.765625 0.41586538461538464 0.01201923076923077 0.018028846153846152
1 0.6802884615384616 0.5012019230769231 0.014423076923076924 0.040865384615384616
1 0.8425480769230769 0.3076923076923077 0.007211538461538462 0.014423076923076924
1 0.7043269230769231 0.8028846153846154 0.02403846153846154 0.019230769230769232
1 0.7944711538461539 0.4014423076923077 0.01201923076923077 0.019230769230769232
1 0.27524038461538464 0.06129807692307692 0.014423076923076924 0.021634615384615384
1 0.8641826923076923 0.9375 0.007211538461538462 0.019230769230769232
1 0.71875 0.2848557692307692 0.030048076923076924 0.03485576923076923
1 0.47475961538461536 0.39302884615384615 0.027644230769230768 0.03125
