8 0.4326923076923077 0.5697115384615384 0.14903846153846154 0.33774038461538464
4 0.5853365384615384 0.7379807692307693 0.042067307692307696 0.039663461538461536
1 0.7932692307692307 0.11298076923076923 0.01201923076923077 0.014423076923076924
1 0.5949519230769231 0.4807692307692308 0.028846153846153848 0.025240384615384616
1 0.42908653846153844 0.171875 0.052884615384615384 0.055288461538461536
1 0.7992788461538461 0.9819711538461539 0.02403846153846154 0.03365384615384615
0 0.042067307692307696 0.6021634615384616 0.08413461538461539 0.13822115384615385
1 0.11298076923076923 0.5276442307692307 0.02403846153846154 0.02403846153846154
1 0.8341346153846154 0.4723557692307692 0.06129807692307692 0.037259615384615384
1 0.5180288461538461 0.515625 0.019230769230769232 0.02403846153846154
1 0.30288461538461536 0.5625 0.038461538461538464 0.06129807692307692
0 0.41225961538461536 0.8942307692307693 0.052884615384615384 0.08413461538461539
1 0.47716346153846156 0.015625 0.052884615384615384 0.02403846153846154
1 0.9867788461538461 0.23798076923076922 0.026442307692307692 0.04807692307692308
4 0.7704326923076923 0.5276442307692307 0.016826923076923076 0.027644230769230768
0 0.9002403846153846 0.10216346153846154 0.03485576923076923 0.03125
1 0.5661057692307693 0.4963942307692308 0.036057692307692304 0.03485576923076923
1 0.3389423076923077 0.7836538461538461 0.026442307692307692 0.040865384615384616
1 0.14903846153846154 0.4182692307692308 0.04807692307692308 0.036057692307692304
1 0.9350961538461539 0.4326923076923077 0.028846153846153848 0.021634615384615384
4 0.9399038461538461 0.6225961538461539 0.028846153846153848 0.042067307692307696
1 0.3581730769230769 0.2283653846153846 0.0733173076923077 0.09735576923076923
1 0.921875 0.8521634615384616 0.11057692307692307 0.19831730769230768
1 0.9627403846153846 0.2127403846153846 0.016826923076923076 0.04447115384615385
1 0.8112980769230769 0.4254807692307692 0.016826923076923076 0.016826923076923076
1 0.25 0.4675480769230769 0.11177884615384616 0.12139423076923077
1 0.0829326923076923 0.37259615384615385 0.036057692307692304 0.07692307692307693
1 0.9723557692307693 0.14783653846153846 0.055288461538461536 0.06129807692307692
0 0.9098557692307693 0.21394230769230768 0.0829326923076923 0.06971153846153846
1 0.9555288461538461 0.5576923076923077 0.0889423076923077 0.09134615384615384
1 0.20673076923076922 0.9002403846153846 0.04326923076923077 0.04326923076923077
1 0.140625 0.5925480769230769 0.05048076923076923 0.038461538461538464
1 0.265625 0.9651442307692307 0.09615384615384616 0.06009615384615385
1 0.036057692307692304 0.11658653846153846 0.030048076923076924 0.06370192307692307
1 0.84375 0.057692307692307696 0.07091346153846154 0.1141826923076923
1 0.703125 0.203125 0.015625 0.021634615384615384
1 0.3004807692307692 0.078125 0.04447115384615385 0.025240384615384616
1 0.37259615384615385 0.3269230769230769 0.03125 0.054086538461538464
1 0.4375 0.6334134615384616 0.014423076923076924 0.038461538461538464
4 0.6370192307692307 0.625 0.037259615384615384 0.046875
1 0.6634615384615384 0.5396634615384616 0.055288461538461536 0.07091346153846154
0 0.046875 0.26322115384615385 0.09254807692307693 0.057692307692307696
1 0.6754807692307693 0.21514423076923078 0.016826923076923076 0.03485576923076923
0 0.9098557692307693 0.042067307692307696 0.10096153846153846 0.07932692307692307
0 0.3918269230769231 0.5901442307692307 0.06610576923076923 0.15625
1 0.10817307692307693 0.05889423076923077 0.019230769230769232 0.06370192307692307
1 0.4987980769230769 0.6129807692307693 0.06610576923076923 0.12980769230769232
1 0.49759615384615385 0.7584134615384616 0.055288461538461536 0.09615384615384616
1 0.390625 0.7127403846153846 0.055288461538461536 0.08653846153846154
1 0.3004807692307692 0.7427884615384616 0.030048076923076924 0.028846153846153848
1 0.9170673076923077 0.3449519230769231 0.08413461538461539 0.08052884615384616
1 0.18870192307692307 0.36899038461538464 0.019230769230769232 0.037259615384615384
1 0.8798076923076923 0.4050480769230769 0.02403846153846154 0.018028846153846152
1 0.6971153846153846 0.23076923076923078 0.02403846153846154 0.015625
1 0.8257211538461539 0.4074519230769231 0.019230769230769232 0.036057692307692304
1 0.8413461538461539 0.953125 0.027644230769230768 0.038461538461538464
1 0.7151442307692307 0.8112980769230769 0.019230769230769232 0.020432692307692308
0 0.025240384615384616 0.9362980769230769 0.05048076923076923 0.11778846153846154
1 0.015625 0.43509615384615385 0.03125 0.0889423076923077
1 0.042067307692307696 0.4951923076923077 0.052884615384615384 0.036057692307692304
1 0.38100961538461536 0.1346153846153846 0.052884615384615384 0.09975961538461539
1 0.7127403846153846 0.5841346153846154 0.038461538461538464 0.09134615384615384
1 0.7403846153846154 0.3329326923076923 0.09735576923076923 0.0889423076923077
1 0.9891826923076923 0.2920673076923077 0.021634615384615384 0.036057692307692304
1 0.6959134615384616 0.3942307692307692 0.03485576923076923 0.03125
1 0.9783653846153846 0.453125 0.026442307692307692 0.037259615384615384
1 0.4411057692307692 0.8365384615384616 0.07572115384615384 0.03125
1 0.8389423076923077 0.765625 0.14543269230769232 0.171875
4 0.7487980769230769 0.7259615384615384 0.021634615384615384 0.025240384615384616
1 0.6490384615384616 0.8473557692307693 0.025240384615384616 0.04927884615384615
1 0.6514423076923077 0.6802884615384616 0.039663461538461536 0.05889423076923077
1 0.9495192307692307 0.5 0.040865384615384616 0.02403846153846154
1 0.734375 0.48677884615384615 0.030048076923076924 0.03485576923076923
1 0.8990384615384616 0.9879807692307693 0.04326923076923077 0.02283653846153846
1 0.7319711538461539 0.8798076923076923 0.020432692307692308 0.04447115384615385
1 0.5925480769230769 0.11057692307692307 0.13822115384615385 0.21875
1 0.8245192307692307 0.9014423076923077 0.02403846153846154 0.020432692307692308
1 0.9855769230769231 0.7884615384615384 0.009615384615384616 0.014423076923076924
1 0.8521634615384616 0.8978365384615384 0.02283653846153846 0.039663461538461536
1 0.1141826923076923 0.014423076923076924 0.04567307692307692 0.027644230769230768
1 0.015625 0.36658653846153844 0.03125 0.04447115384615385
1 0.021634615384615384 0.3137019230769231 0.04326923076923077 0.04447115384615385
1 0.36778846153846156 0.8016826923076923 0.040865384615384616 0.04447115384615385
1 0.5889423076923077 0.6778846153846154 0.06490384615384616 0.0889423076923077
1 0.7163461538461539 0.9375 0.06850961538461539 0.10216346153846154
1 0.7175480769230769 0.6598557692307693 0.040865384615384616 0.037259615384615384
1 0.7175480769230769 0.5192307692307693 0.03365384615384615 0.03365384615384615
4 0.12139423076923077 0.1045673076923077 0.03485576923076923 0.040865384615384616
0 0.9855769230769231 0.020432692307692308 0.028846153846153848 0.040865384615384616
1 0.5757211538461539 0.7860576923076923 0.09014423076923077 0.09375
1 0.19831730769230768 0.23557692307692307 0.17067307692307693 0.28125
1 0.5420673076923077 0.8629807692307693 0.11057692307692307 0.12620192307692307
1 0.65625 0.8088942307692307 0.025240384615384616 0.03245192307692308
0 0.3425480769230769 0.9699519230769231 0.037259615384615384 0.04326923076923077
2 0.3389423076923077 0.9038461538461539 0.0889423076923077 0.10576923076923077
1 0.7536057692307693 0.8425480769230769 0.055288461538461536 0.038461538461538464
1 0.4423076923076923 0.3161057692307692 0.10697115384615384 0.1658653846153846
1 0.6850961538461539 0.8629807692307693 0.04927884615384615 0.0673076923076923
1 0.1935096153846154 0.9591346153846154 0.04567307692307692 0.08173076923076923
1 0.16826923076923078 0.8942307692307693 0.025240384615384616 0.026442307692307692
1 0.7271634615384616 0.7307692307692307 0.010817307692307692 0.018028846153846152
1 0.9711538461538461 0.7223557692307693 0.013221153846153846 0.026442307692307692
1 0.734375 0.5528846153846154 0.026442307692307692 0.03365384615384615
0 0.7127403846153846 0.22716346153846154 0.26322115384615385 0.12860576923076922
1 0.4723557692307692 0.7680288461538461 0.11057692307692307 0.08052884615384616
1 0.3269230769230769 0.8485576923076923 0.04807692307692308 0.038461538461538464
11 0.14543269230769232 0.7211538461538461 0.29086538461538464 0.3161057692307692
1 0.5276442307692307 0.9603365384615384 0.34134615384615385 0.07932692307692307
1 0.7379807692307693 0.7908653846153846 0.03365384615384615 0.027644230769230768
1 0.953125 0.7632211538461539 0.016826923076923076 0.027644230769230768
1 0.8365384615384616 0.6802884615384616 0.07451923076923077 0.04567307692307692
1 0.8689903846153846 0.5228365384615384 0.027644230769230768 0.019230769230769232
1 0.7632211538461539 0.5949519230769231 0.021634615384615384 0.046875
1 0.18870192307692307 0.4338942307692308 0.03125 0.06850961538461539
1 0.16706730769230768 0.5024038461538461 0.026442307692307692 0.028846153846153848
1 0.6081730769230769 0.609375 0.014423076923076924 0.04326923076923077
1 0.6730769230769231 0.7692307692307693 0.02283653846153846 0.03485576923076923
1 0.06971153846153846 0.9567307692307693 0.06971153846153846 0.08413461538461539
1 0.39783653846153844 0.052884615384615384 0.10817307692307693 0.10096153846153846
1 0.9975961538461539 0.7800480769230769 0.003605769230769231 0.037259615384615384
1 0.7536057692307693 0.9939903846153846 0.016826923076923076 0.01201923076923077
1 0.8834134615384616 0.6730769230769231 0.025240384615384616 0.052884615384615384
1 0.6742788461538461 0.6286057692307693 0.025240384615384616 0.06490384615384616
1 0.1466346153846154 0.5288461538461539 0.020432692307692308 0.027644230769230768
1 0.13942307692307693 0.8834134615384616 0.015625 0.009615384615384616
1 0.6394230769230769 0.5925480769230769 0.02403846153846154 0.030048076923076924
1 0.9146634615384616 0.4074519230769231 0.02403846153846154 0.027644230769230768
1 0.7632211538461539 0.890625 0.038461538461538464 0.04567307692307692
1 0.7848557692307693 0.6237980769230769 0.0673076923076923 0.11899038461538461
1 0.07692307692307693 0.43509615384615385 0.016826923076923076 0.028846153846153848
1 0.18509615384615385 0.47475961538461536 0.009615384615384616 0.016826923076923076
1 0.5637019230769231 0.24158653846153846 0.09975961538461539 0.21153846153846154
1 0.9747596153846154 0.9002403846153846 0.03365384615384615 0.07692307692307693
1 0.5300480769230769 0.6658653846153846 0.020432692307692308 0.051682692307692304
1 0.8353365384615384 0.1346153846153846 0.01201923076923077 0.027644230769230768
1 0.7848557692307693 0.14302884615384615 0.016826923076923076 0.01201923076923077
1 0.6838942307692307 0.16826923076923078 0.03485576923076923 0.03245192307692308
1 0.18509615384615385 0.328125 0.015625 0.03125
1 0.46033653846153844 0.42908653846153844 0.018028846153846152 0.030048076923076924
1 0.09615384615384616 0.5564903846153846 0.02403846153846154 0.028846153846153848
1 0.17307692307692307 0.5396634615384616 0.021634615384615384 0.026442307692307692
1 0.2704326923076923 0.8918269230769231 0.055288461538461536 0.078125
1 0.7524038461538461 0.42427884615384615 0.02283653846153846 0.039663461538461536
1 0.6225961538461539 0.8725961538461539 0.04447115384615385 0.06971153846153846
0 0.07451923076923077 0.16346153846153846 0.052884615384615384 0.08413461538461539
0 0.008413461538461538 0.16706730769230768 0.016826923076923076 0.054086538461538464
1 0.6514423076923077 0.4699519230769231 0.06009615384615385 0.040865384615384616
1 0.8473557692307693 0.5865384615384616 0.06129807692307692 0.04567307692307692
1 0.7596153846153846 0.4807692307692308 0.01201923076923077 0.020432692307692308
1 0.7980769230769231 0.3389423076923077 0.02403846153846154 0.03125
1 0.8413461538461539 0.3713942307692308 0.03485576923076923 0.04567307692307692
1 0.7824519230769231 0.4050480769230769 0.015625 0.03365384615384615
1 0.7319711538461539 0.27524038461538464 0.027644230769230768 0.038461538461538464
1 0.7536057692307693 0.234375 0.020432692307692308 0.019230769230769232
1 0.6814903846153846 0.07692307692307693 0.02403846153846154 0.040865384615384616
1 0.7043269230769231 0.01201923076923077 0.038461538461538464 0.02403846153846154
1 0.4699519230769231 0.22235576923076922 0.03245192307692308 0.03245192307692308
1 0.16706730769230768 0.09254807692307693 0.037259615384615384 0.0625
1 0.14783653846153846 0.3629807692307692 0.030048076923076924 0.054086538461538464
1 0.08413461538461539 0.4879807692307692 0.03125 0.0673076923076923
1 0.7956730769230769 0.45072115384615385 0.007211538461538462 0.01201923076923077
0 0.5853365384615384 0.5745192307692307 0.07211538461538461 0.09014423076923077
0 0.9014423076923077 0.1502403846153846 0.030048076923076924 0.04447115384615385
1 0.96875 0.3798076923076923 0.06129807692307692 0.11298076923076923
1 0.9735576923076923 0.07451923076923077 0.052884615384615384 0.08052884615384616
1 0.8834134615384616 0.4891826923076923 0.042067307692307696 0.03485576923076923
0 0.8293269230769231 0.7644230769230769 0.027644230769230768 0.03125
1 0.30288461538461536 0.15985576923076922 0.05889423076923077 0.13221153846153846
1 0.4230769230769231 0.13822115384615385 0.025240384615384616 0.025240384615384616
1 0.4519230769230769 0.12139423076923077 0.030048076923076924 0.04447115384615385
1 0.5492788461538461 0.7536057692307693 0.026442307692307692 0.05048076923076923
1 0.7199519230769231 0.10336538461538461 0.014423076923076924 0.020432692307692308
1 0.9182692307692307 0.2776442307692308 0.046875 0.0625
1 0.640625 0.2776442307692308 0.03485576923076923 0.046875
1 0.8521634615384616 0.2644230769230769 0.042067307692307696 0.038461538461538464
0 0.5588942307692307 0.40024038461538464 0.2668269230769231 0.21875
1 0.04447115384615385 0.036057692307692304 0.07451923076923077 0.07211538461538461
0 0.10576923076923077 0.9435096153846154 0.027644230769230768 0.04326923076923077
1 0.6622596153846154 0.7223557692307693 0.06610576923076923 0.03245192307692308
0 0.703125 0.0829326923076923 0.10096153846153846 0.1658653846153846
0 0.013221153846153846 0.09735576923076923 0.026442307692307692 0.06009615384615385
1 0.8521634615384616 0.43028846153846156 0.03485576923076923 0.03125
1 0.12379807692307693 0.984375 0.02403846153846154 0.03125
1 0.9302884615384616 0.46634615384615385 0.02403846153846154 0.03485576923076923
4 0.09735576923076923 0.3088942307692308 0.028846153846153848 0.037259615384615384
4 0.4855769230769231 0.890625 0.028846153846153848 0.037259615384615384
0 0.9507211538461539 0.9855769230769231 0.036057692307692304 0.028846153846153848
0 0.8353365384615384 0.8557692307692307 0.08052884615384616 0.06490384615384616
2 0.04567307692307692 0.37740384615384615 0.03365384615384615 0.19951923076923078
1 0.49278846153846156 0.11057692307692307 0.02403846153846154 0.046875
1 0.5228365384615384 0.3293269230769231 0.04447115384615385 0.09615384615384616
1 0.7103365384615384 0.7560096153846154 0.03125 0.03125
1 0.6033653846153846 0.42788461538461536 0.06971153846153846 0.046875
1 0.9387019230769231 0.6947115384615384 0.055288461538461536 0.08774038461538461
2 0.32572115384615385 0.49038461538461536 0.06971153846153846 0.39783653846153844
1 0.25240384615384615 0.03245192307692308 0.15384615384615385 0.06490384615384616
0 0.9134615384615384 0.9375 0.06971153846153846 0.07451923076923077
0 0.8918269230769231 0.7391826923076923 0.03485576923076923 0.0733173076923077
0 0.9615384615384616 0.8521634615384616 0.05048076923076923 0.06009615384615385
0 0.984375 0.9435096153846154 0.03125 0.11298076923076923
