1 0.3918269230769231 0.36899038461538464 0.06610576923076923 0.10336538461538461
1 0.051682692307692304 0.23918269230769232 0.040865384615384616 0.04927884615384615
1 0.9771634615384616 0.09735576923076923 0.04447115384615385 0.08774038461538461
1 0.3125 0.5576923076923077 0.0625 0.09134615384615384
1 0.6826923076923077 0.2764423076923077 0.05048076923076923 0.07692307692307693
1 0.8665865384615384 0.3173076923076923 0.08653846153846154 0.12379807692307693
1 0.5060096153846154 0.10096153846153846 0.027644230769230768 0.037259615384615384
1 0.8137019230769231 0.3798076923076923 0.05048076923076923 0.06009615384615385
1 0.8870192307692307 0.13341346153846154 0.04927884615384615 0.07932692307692307
1 0.20552884615384615 0.46153846153846156 0.07211538461538461 0.12980769230769232
1 0.1346153846153846 0.12139423076923077 0.05889423076923077 0.056490384615384616
1 0.5228365384615384 0.84375 0.06610576923076923 0.0733173076923077
1 0.6778846153846154 0.7596153846153846 0.06850961538461539 0.08774038461538461
1 0.7427884615384616 0.28725961538461536 0.04807692307692308 0.0733173076923077
1 0.7728365384615384 0.8401442307692307 0.11538461538461539 0.17307692307692307
1 0.21153846153846154 0.8870192307692307 0.052884615384615384 0.06370192307692307
3 0.5324519230769231 0.33653846153846156 0.9350961538461539 0.6730769230769231
1 0.8966346153846154 0.8822115384615384 0.09014423076923077 0.09014423076923077
