1 0.4483173076923077 0.4639423076923077 0.026442307692307692 0.027644230769230768
1 0.025240384615384616 0.6550480769230769 0.014423076923076924 0.015625
1 0.014423076923076924 0.6322115384615384 0.01201923076923077 0.019230769230769232
1 0.28966346153846156 0.5528846153846154 0.038461538461538464 0.03125
1 0.09254807692307693 0.9170673076923077 0.042067307692307696 0.052884615384615384
1 0.013221153846153846 0.7295673076923077 0.014423076923076924 0.02283653846153846
1 0.1141826923076923 0.38221153846153844 0.009615384615384616 0.01201923076923077
1 0.15985576923076922 0.49038461538461536 0.02403846153846154 0.02283653846153846
1 0.11899038461538461 0.47836538461538464 0.03485576923076923 0.07451923076923077
1 0.09014423076923077 0.5576923076923077 0.09254807692307693 0.09254807692307693
1 0.18028846153846154 0.7776442307692307 0.04927884615384615 0.057692307692307696
1 0.03245192307692308 0.9579326923076923 0.02403846153846154 0.016826923076923076
1 0.025240384615384616 0.9254807692307693 0.019230769230769232 0.019230769230769232
1 0.2091346153846154 0.9939903846153846 0.027644230769230768 0.01201923076923077
1 0.3894230769230769 0.5336538461538461 0.02283653846153846 0.03485576923076923
1 0.5384615384615384 0.5625 0.05889423076923077 0.06129807692307692
1 0.5913461538461539 0.46153846153846156 0.02403846153846154 0.018028846153846152
0 0.9423076923076923 0.18269230769230768 0.056490384615384616 0.09735576923076923
1 0.8461538461538461 0.9615384615384616 0.040865384615384616 0.04567307692307692
1 0.8473557692307693 0.8257211538461539 0.009615384615384616 0.01201923076923077
1 0.8605769230769231 0.7463942307692307 0.007211538461538462 0.009615384615384616
1 0.6346153846153846 0.7752403846153846 0.018028846153846152 0.04326923076923077
1 0.09134615384615384 0.37740384615384615 0.013221153846153846 0.019230769230769232
1 0.18269230769230768 0.4699519230769231 0.015625 0.027644230769230768
1 0.18269230769230768 0.5949519230769231 0.06009615384615385 0.109375
1 0.0889423076923077 0.6430288461538461 0.027644230769230768 0.02403846153846154
1 0.03245192307692308 0.8786057692307693 0.01201923076923077 0.021634615384615384
1 0.39302884615384615 0.5889423076923077 0.027644230769230768 0.025240384615384616
1 0.056490384615384616 0.9903846153846154 0.026442307692307692 0.019230769230769232
1 0.6694711538461539 0.6622596153846154 0.009615384615384616 0.018028846153846152
1 0.5168269230769231 0.6838942307692307 0.025240384615384616 0.021634615384615384
1 0.3641826923076923 0.5697115384615384 0.007211538461538462 0.01201923076923077
1 0.8954326923076923 0.4879807692307692 0.11658653846153846 0.12740384615384615
1 0.9170673076923077 0.32572115384615385 0.11177884615384616 0.11057692307692307
0 0.6274038461538461 0.34615384615384615 0.06370192307692307 0.055288461538461536
10 0.5865384615384616 0.4387019230769231 0.3329326923076923 0.29447115384615385
1 0.9375 0.6947115384615384 0.007211538461538462 0.018028846153846152
1 0.09735576923076923 0.4050480769230769 0.02283653846153846 0.03485576923076923
1 0.1045673076923077 0.35096153846153844 0.009615384615384616 0.027644230769230768
1 0.046875 0.8990384615384616 0.009615384615384616 0.014423076923076924
1 0.6201923076923077 0.4182692307692308 0.015625 0.02283653846153846
1 0.5793269230769231 0.8641826923076923 0.01201923076923077 0.013221153846153846
1 0.1141826923076923 0.796875 0.016826923076923076 0.021634615384615384
1 0.4831730769230769 0.4987980769230769 0.06009615384615385 0.05048076923076923
1 0.8942307692307693 0.7259615384615384 0.009615384615384616 0.014423076923076924
1 0.18990384615384615 0.5096153846153846 0.04326923076923077 0.046875
1 0.008413461538461538 0.7644230769230769 0.016826923076923076 0.038461538461538464
1 0.5817307692307693 0.6129807692307693 0.01201923076923077 0.036057692307692304
1 0.06610576923076923 0.7992788461538461 0.021634615384615384 0.019230769230769232
1 0.007211538461538462 0.6021634615384616 0.01201923076923077 0.01201923076923077
1 0.5516826923076923 0.6634615384615384 0.018028846153846152 0.028846153846153848
1 0.04567307692307692 0.6574519230769231 0.020432692307692308 0.021634615384615384
1 0.29086538461538464 0.609375 0.036057692307692304 0.042067307692307696
1 0.4074519230769231 0.9795673076923077 0.17908653846153846 0.040865384615384616
1 0.07692307692307693 0.8834134615384616 0.028846153846153848 0.027644230769230768
1 0.4675480769230769 0.609375 0.016826923076923076 0.03125
1 0.030048076923076924 0.6129807692307693 0.010817307692307692 0.020432692307692308
1 0.055288461538461536 0.9362980769230769 0.020432692307692308 0.019230769230769232
1 0.014423076923076924 0.9855769230769231 0.019230769230769232 0.027644230769230768
1 0.01201923076923077 0.9423076923076923 0.016826923076923076 0.013221153846153846
1 0.10336538461538461 0.609375 0.01201923076923077 0.015625
1 0.5480769230769231 0.8341346153846154 0.051682692307692304 0.027644230769230768
1 0.23317307692307693 0.5516826923076923 0.009615384615384616 0.019230769230769232
1 0.47716346153846156 0.6346153846153846 0.01201923076923077 0.010817307692307692
1 0.4026442307692308 0.8449519230769231 0.019230769230769232 0.019230769230769232
1 0.39783653846153844 0.796875 0.019230769230769232 0.02283653846153846
1 0.5745192307692307 0.43028846153846156 0.019230769230769232 0.026442307692307692
1 0.0625 0.34975961538461536 0.02403846153846154 0.030048076923076924
1 0.9891826923076923 0.8365384615384616 0.008413461538461538 0.01201923076923077
0 0.016826923076923076 0.4362980769230769 0.03365384615384615 0.055288461538461536
1 0.46875 0.004807692307692308 0.019230769230769232 0.009615384615384616
4 0.7524038461538461 0.5408653846153846 0.055288461538461536 0.07451923076923077
1 0.9963942307692307 0.5961538461538461 0.007211538461538462 0.027644230769230768
1 0.7307692307692307 0.2536057692307692 0.015625 0.02403846153846154
1 0.5649038461538461 0.26802884615384615 0.052884615384615384 0.051682692307692304
1 0.3425480769230769 0.15504807692307693 0.009615384615384616 0.016826923076923076
1 0.6814903846153846 0.07451923076923077 0.010817307692307692 0.020432692307692308
1 0.8425480769230769 0.18509615384615385 0.01201923076923077 0.019230769230769232
0 0.5769230769230769 0.65625 0.3137019230769231 0.3004807692307692
1 0.6670673076923077 0.10096153846153846 0.018028846153846152 0.027644230769230768
1 0.46875 0.10576923076923077 0.013221153846153846 0.010817307692307692
1 0.040865384615384616 0.09254807692307693 0.014423076923076924 0.016826923076923076
1 0.3701923076923077 0.010817307692307692 0.013221153846153846 0.013221153846153846
1 0.421875 0.3449519230769231 0.016826923076923076 0.019230769230769232
0 0.7884615384615384 0.3293269230769231 0.08052884615384616 0.17067307692307693
1 0.23076923076923078 0.15144230769230768 0.016826923076923076 0.026442307692307692
1 0.9651442307692307 0.39663461538461536 0.030048076923076924 0.036057692307692304
1 0.8052884615384616 0.10336538461538461 0.014423076923076924 0.014423076923076924
1 0.5769230769230769 0.06490384615384616 0.008413461538461538 0.014423076923076924
1 0.49278846153846156 0.24759615384615385 0.009615384615384616 0.014423076923076924
1 0.12980769230769232 0.06009615384615385 0.013221153846153846 0.021634615384615384
1 0.9795673076923077 0.6862980769230769 0.01201923076923077 0.01201923076923077
1 0.8269230769230769 0.8774038461538461 0.046875 0.04447115384615385
1 0.6286057692307693 0.05048076923076923 0.06490384615384616 0.10096153846153846
0 0.40625 0.20552884615384615 0.06129807692307692 0.11899038461538461
1 0.3473557692307692 0.6033653846153846 0.14903846153846154 0.34134615384615385
2 0.15745192307692307 0.9158653846153846 0.31490384615384615 0.16826923076923078
1 0.1502403846153846 0.08413461538461539 0.014423076923076924 0.019230769230769232
1 0.8305288461538461 0.1346153846153846 0.025240384615384616 0.028846153846153848
1 0.5084134615384616 0.23317307692307693 0.009615384615384616 0.013221153846153846
1 0.08533653846153846 0.125 0.046875 0.054086538461538464
1 0.09254807692307693 0.078125 0.03245192307692308 0.042067307692307696
1 0.4567307692307692 0.30408653846153844 0.02403846153846154 0.04326923076923077
1 0.8401442307692307 0.7620192307692307 0.01201923076923077 0.014423076923076924
1 0.31490384615384615 0.1201923076923077 0.027644230769230768 0.042067307692307696
1 0.8064903846153846 0.8125 0.020432692307692308 0.027644230769230768
1 0.016826923076923076 0.35336538461538464 0.027644230769230768 0.02283653846153846
1 0.33653846153846156 0.33413461538461536 0.09735576923076923 0.14903846153846154
1 0.7307692307692307 0.8257211538461539 0.03365384615384615 0.036057692307692304
1 0.9951923076923077 0.7259615384615384 0.009615384615384616 0.015625
1 0.9831730769230769 0.7740384615384616 0.013221153846153846 0.021634615384615384
1 0.9182692307692307 0.40625 0.02403846153846154 0.03245192307692308
0 0.15144230769230768 0.31971153846153844 0.11778846153846154 0.28365384615384615
1 0.890625 0.4254807692307692 0.014423076923076924 0.020432692307692308
1 0.47475961538461536 0.055288461538461536 0.04326923076923077 0.04567307692307692
1 0.5673076923076923 0.04927884615384615 0.008413461538461538 0.010817307692307692
1 0.7512019230769231 0.7944711538461539 0.08173076923076923 0.06850961538461539
1 0.5769230769230769 0.21153846153846154 0.009615384615384616 0.01201923076923077
1 0.44471153846153844 0.359375 0.014423076923076924 0.016826923076923076
1 0.2692307692307692 0.27884615384615385 0.026442307692307692 0.030048076923076924
1 0.14423076923076922 0.1622596153846154 0.03245192307692308 0.03125
1 0.2283653846153846 0.3629807692307692 0.006009615384615385 0.016826923076923076
1 0.026442307692307692 0.28966346153846156 0.016826923076923076 0.03245192307692308
4 0.4026442307692308 0.9747596153846154 0.0733173076923077 0.05048076923076923
2 0.06129807692307692 0.20072115384615385 0.12139423076923077 0.21514423076923078
0 0.5625 0.49278846153846156 0.03485576923076923 0.04807692307692308
0 0.4170673076923077 0.06009615384615385 0.0625 0.08173076923076923
1 0.8762019230769231 0.8617788461538461 0.009615384615384616 0.01201923076923077
10 0.5408653846153846 0.23317307692307693 0.15504807692307693 0.27163461538461536
1 0.7043269230769231 0.2608173076923077 0.008413461538461538 0.01201923076923077
1 0.8245192307692307 0.019230769230769232 0.018028846153846152 0.014423076923076924
1 0.2800480769230769 0.171875 0.07692307692307693 0.13701923076923078
1 0.23197115384615385 0.12379807692307693 0.009615384615384616 0.013221153846153846
1 0.22956730769230768 0.08533653846153846 0.030048076923076924 0.025240384615384616
1 0.11899038461538461 0.008413461538461538 0.021634615384615384 0.016826923076923076
1 0.039663461538461536 0.057692307692307696 0.02403846153846154 0.021634615384615384
4 0.4651442307692308 0.7944711538461539 0.09014423076923077 0.027644230769230768
0 0.5504807692307693 0.9302884615384616 0.20673076923076922 0.13822115384615385
1 0.9759615384615384 0.9302884615384616 0.027644230769230768 0.06610576923076923
1 0.8112980769230769 0.7139423076923077 0.04567307692307692 0.05889423076923077
1 0.44591346153846156 0.24879807692307693 0.009615384615384616 0.016826923076923076
4 0.5012019230769231 0.08173076923076923 0.03245192307692308 0.04326923076923077
1 0.025240384615384616 0.018028846153846152 0.05048076923076923 0.036057692307692304
1 0.24879807692307693 0.3112980769230769 0.007211538461538462 0.019230769230769232
1 0.7295673076923077 0.2283653846153846 0.010817307692307692 0.01201923076923077
1 0.7932692307692307 0.39783653846153844 0.04567307692307692 0.052884615384615384
1 0.7800480769230769 0.828125 0.03245192307692308 0.020432692307692308
1 0.8425480769230769 0.5276442307692307 0.014423076923076924 0.02403846153846154
1 0.5120192307692307 0.3701923076923077 0.01201923076923077 0.019230769230769232
1 0.953125 0.8040865384615384 0.040865384615384616 0.040865384615384616
0 0.328125 0.8173076923076923 0.14302884615384615 0.17908653846153846
4 0.5060096153846154 0.04567307692307692 0.02403846153846154 0.03245192307692308
1 0.6778846153846154 0.4423076923076923 0.05889423076923077 0.10576923076923077
1 0.8016826923076923 0.22115384615384615 0.027644230769230768 0.021634615384615384
1 0.4206730769230769 0.3233173076923077 0.009615384615384616 0.014423076923076924
1 0.052884615384615384 0.10817307692307693 0.014423076923076924 0.018028846153846152
2 0.09014423076923077 0.8401442307692307 0.15745192307692307 0.31971153846153844
0 0.5060096153846154 0.5216346153846154 0.13942307692307693 0.15144230769230768
0 0.9014423076923077 0.125 0.037259615384615384 0.040865384615384616
0 0.7199519230769231 0.04567307692307692 0.04807692307692308 0.05889423076923077
0 0.5264423076923077 0.17908653846153846 0.08774038461538461 0.10096153846153846
0 0.8209134615384616 0.7584134615384616 0.3545673076923077 0.4831730769230769
0 0.9759615384615384 0.055288461538461536 0.04807692307692308 0.11057692307692307
1 0.24639423076923078 0.08533653846153846 0.21995192307692307 0.16947115384615385
1 0.34134615384615385 0.11538461538461539 0.021634615384615384 0.018028846153846152
1 0.4338942307692308 0.11778846153846154 0.025240384615384616 0.02283653846153846
1 0.3545673076923077 0.27283653846153844 0.013221153846153846 0.01201923076923077
1 0.40865384615384615 0.30528846153846156 0.026442307692307692 0.020432692307692308
