1 0.7908653846153846 0.36658653846153844 0.018028846153846152 0.06009615384615385
1 0.7596153846153846 0.4963942307692308 0.037259615384615384 0.05889423076923077
0 0.08413461538461539 0.234375 0.06610576923076923 0.08052884615384616
1 0.7235576923076923 0.5504807692307693 0.028846153846153848 0.03125
1 0.8870192307692307 0.6225961538461539 0.10216346153846154 0.11899038461538461
1 0.8870192307692307 0.7980769230769231 0.016826923076923076 0.026442307692307692
1 0.9807692307692307 0.8918269230769231 0.037259615384615384 0.07451923076923077
1 0.8653846153846154 0.9350961538461539 0.04326923076923077 0.07451923076923077
0 0.5180288461538461 0.030048076923076924 0.13221153846153846 0.06009615384615385
1 0.9459134615384616 0.07211538461538461 0.06850961538461539 0.09375
1 0.7115384615384616 0.4014423076923077 0.1201923076923077 0.12379807692307693
1 0.7391826923076923 0.2247596153846154 0.02403846153846154 0.03485576923076923
1 0.8197115384615384 0.4723557692307692 0.09014423076923077 0.06971153846153846
1 0.9038461538461539 0.18389423076923078 0.04927884615384615 0.04807692307692308
1 0.9663461538461539 0.6742788461538461 0.03125 0.039663461538461536
1 0.7151442307692307 0.296875 0.014423076923076924 0.018028846153846152
1 0.9735576923076923 0.7692307692307693 0.052884615384615384 0.07211538461538461
1 0.7992788461538461 0.7223557692307693 0.01201923076923077 0.014423076923076924
1 0.9086538461538461 0.734375 0.02403846153846154 0.026442307692307692
1 0.765625 0.5456730769230769 0.052884615384615384 0.046875
1 0.7223557692307693 0.9278846153846154 0.11298076923076923 0.14423076923076922
1 0.9507211538461539 0.5036057692307693 0.021634615384615384 0.03125
1 0.9302884615384616 0.8401442307692307 0.01201923076923077 0.020432692307692308
1 0.8942307692307693 0.7151442307692307 0.01201923076923077 0.016826923076923076
1 0.7620192307692307 0.7872596153846154 0.025240384615384616 0.05048076923076923
1 0.796875 0.8257211538461539 0.009615384615384616 0.018028846153846152
1 0.6478365384615384 0.7680288461538461 0.11538461538461539 0.10576923076923077
1 0.8533653846153846 0.38822115384615385 0.11538461538461539 0.11177884615384616
3 0.5817307692307693 0.5 0.8365384615384616 1
1 0.2283653846153846 0.46153846153846156 0.06370192307692307 0.07451923076923077
1 0.6514423076923077 0.8870192307692307 0.037259615384615384 0.03485576923076923
1 0.5180288461538461 0.8677884615384616 0.055288461538461536 0.140625
1 0.23076923076923078 0.5552884615384616 0.08774038461538461 0.055288461538461536
1 0.08173076923076923 0.7956730769230769 0.07451923076923077 0.10576923076923077
1 0.2980769230769231 0.5048076923076923 0.06850961538461539 0.08653846153846154
1 0.5805288461538461 0.90625 0.04567307692307692 0.03485576923076923
1 0.5661057692307693 0.5997596153846154 0.04326923076923077 0.046875
1 0.140625 0.9711538461538461 0.038461538461538464 0.054086538461538464
1 0.5024038461538461 0.17067307692307693 0.056490384615384616 0.07211538461538461
1 0.019230769230769232 0.33774038461538464 0.037259615384615384 0.0985576923076923
1 0.013221153846153846 0.2704326923076923 0.026442307692307692 0.04447115384615385
1 0.38100961538461536 0.7223557692307693 0.2091346153846154 0.25240384615384615
1 0.3125 0.9146634615384616 0.11778846153846154 0.08413461538461539
1 0.23677884615384615 0.828125 0.125 0.14423076923076922
1 0.038461538461538464 0.8569711538461539 0.027644230769230768 0.036057692307692304
1 0.10697115384615384 0.33774038461538464 0.052884615384615384 0.07932692307692307
1 0.15865384615384615 0.5805288461538461 0.07211538461538461 0.08413461538461539
1 0.2956730769230769 0.0733173076923077 0.052884615384615384 0.078125
1 0.5564903846153846 0.7692307692307693 0.06610576923076923 0.0673076923076923
1 0.453125 0.9891826923076923 0.027644230769230768 0.020432692307692308
1 0.6430288461538461 0.8425480769230769 0.039663461538461536 0.04326923076923077
1 0.40625 0.11538461538461539 0.06610576923076923 0.12740384615384615
1 0.13942307692307693 0.4362980769230769 0.125 0.17427884615384615
1 0.22235576923076922 0.35336538461538464 0.055288461538461536 0.07692307692307693
1 0.6009615384615384 0.4170673076923077 0.027644230769230768 0.028846153846153848
1 0.19471153846153846 0.1875 0.056490384615384616 0.054086538461538464
1 0.06129807692307692 0.35336538461538464 0.038461538461538464 0.06971153846153846
1 0.8004807692307693 0.5973557692307693 0.04807692307692308 0.040865384615384616
1 0.4014423076923077 0.48197115384615385 0.1346153846153846 0.1935096153846154
1 0.9507211538461539 0.609375 0.027644230769230768 0.030048076923076924
1 0.1141826923076923 0.6550480769230769 0.046875 0.0625
1 0.2692307692307692 0.2620192307692308 0.051682692307692304 0.1346153846153846
1 0.008413461538461538 0.43990384615384615 0.016826923076923076 0.07091346153846154
1 0.8473557692307693 0.10096153846153846 0.16706730769230768 0.18509615384615385
1 0.6814903846153846 0.2548076923076923 0.021634615384615384 0.03245192307692308
1 0.828125 0.32091346153846156 0.016826923076923076 0.028846153846153848
1 0.37740384615384615 0.29086538461538464 0.04567307692307692 0.06009615384615385
1 0.78125 0.25 0.01201923076923077 0.01201923076923077
1 0.051682692307692304 0.6442307692307693 0.019230769230769232 0.027644230769230768
1 0.9026442307692307 0.8353365384615384 0.008413461538461538 0.013221153846153846
0 0.030048076923076924 0.030048076923076924 0.06009615384615385 0.06009615384615385
3 0.5060096153846154 0.5 0.2403846153846154 1
1 0.1814903846153846 0.07451923076923077 0.06971153846153846 0.11057692307692307
1 0.3233173076923077 0.013221153846153846 0.05048076923076923 0.026442307692307692
1 0.9206730769230769 0.9002403846153846 0.021634615384615384 0.02283653846153846
1 0.016826923076923076 0.7944711538461539 0.03245192307692308 0.0985576923076923
1 0.6670673076923077 0.10096153846153846 0.0985576923076923 0.09735576923076923
1 0.8509615384615384 0.7463942307692307 0.027644230769230768 0.02403846153846154
1 0.9675480769230769 0.7079326923076923 0.04567307692307692 0.03245192307692308
