1 0.5300480769230769 0.359375 0.02403846153846154 0.04927884615384615
1 0.3894230769230769 0.21394230769230768 0.09495192307692307 0.1045673076923077
1 0.5432692307692307 0.7872596153846154 0.021634615384615384 0.02403846153846154
1 0.4050480769230769 0.8341346153846154 0.09014423076923077 0.17307692307692307
1 0.7007211538461539 0.5685096153846154 0.016826923076923076 0.020432692307692308
1 0.7932692307692307 0.4182692307692308 0.018028846153846152 0.026442307692307692
1 0.4519230769230769 0.28725961538461536 0.019230769230769232 0.015625
1 0.008413461538461538 0.8425480769230769 0.016826923076923076 0.026442307692307692
1 0.578125 0.7524038461538461 0.016826923076923076 0.02283653846153846
1 0.6682692307692307 0.6225961538461539 0.019230769230769232 0.027644230769230768
1 0.6213942307692307 0.44350961538461536 0.015625 0.026442307692307692
1 0.8762019230769231 0.040865384615384616 0.021634615384615384 0.03245192307692308
7 0.7680288461538461 0.09615384615384616 0.026442307692307692 0.13341346153846154
1 0.38100961538461536 0.33774038461538464 0.036057692307692304 0.039663461538461536
1 0.3954326923076923 0.4254807692307692 0.018028846153846152 0.018028846153846152
1 0.15985576923076922 0.9242788461538461 0.014423076923076924 0.016826923076923076
1 0.07451923076923077 0.8497596153846154 0.019230769230769232 0.025240384615384616
1 0.13341346153846154 0.7572115384615384 0.03245192307692308 0.037259615384615384
1 0.5228365384615384 0.037259615384615384 0.02403846153846154 0.07451923076923077
1 0.5300480769230769 0.8617788461538461 0.03245192307692308 0.03125
1 0.4963942307692308 0.7944711538461539 0.038461538461538464 0.042067307692307696
1 0.5540865384615384 0.20432692307692307 0.030048076923076924 0.040865384615384616
1 0.49759615384615385 0.6322115384615384 0.026442307692307692 0.018028846153846152
7 0.3401442307692308 0.5024038461538461 0.030048076923076924 0.06971153846153846
1 0.17548076923076922 0.8701923076923077 0.019230769230769232 0.026442307692307692
1 0.21634615384615385 0.6201923076923077 0.019230769230769232 0.018028846153846152
1 0.8954326923076923 0.6069711538461539 0.01201923076923077 0.016826923076923076
1 0.24278846153846154 0.9290865384615384 0.020432692307692308 0.025240384615384616
1 0.018028846153846152 0.7211538461538461 0.018028846153846152 0.018028846153846152
1 0.15745192307692307 0.6225961538461539 0.027644230769230768 0.02283653846153846
1 0.052884615384615384 0.6730769230769231 0.046875 0.056490384615384616
1 0.875 0.4098557692307692 0.025240384615384616 0.036057692307692304
1 0.21875 0.4807692307692308 0.038461538461538464 0.08774038461538461
1 0.9807692307692307 0.5721153846153846 0.016826923076923076 0.02283653846153846
1 0.20432692307692307 0.9038461538461539 0.020432692307692308 0.021634615384615384
1 0.390625 0.65625 0.02403846153846154 0.03365384615384615
1 0.5709134615384616 0.3293269230769231 0.07692307692307693 0.13701923076923078
1 0.1778846153846154 0.765625 0.02403846153846154 0.06610576923076923
1 0.36658653846153844 0.2536057692307692 0.030048076923076924 0.04447115384615385
1 0.6538461538461539 0.11778846153846154 0.06129807692307692 0.08173076923076923
1 0.3701923076923077 0.3918269230769231 0.030048076923076924 0.046875
1 0.13942307692307693 0.9182692307692307 0.013221153846153846 0.02283653846153846
7 0.2932692307692308 0.6466346153846154 0.04326923076923077 0.02403846153846154
1 0.016826923076923076 0.8040865384615384 0.020432692307692308 0.018028846153846152
3 0.4735576923076923 0.4963942307692308 0.49399038461538464 0.5877403846153846
1 0.14903846153846154 0.7367788461538461 0.016826923076923076 0.021634615384615384
1 0.40625 0.5348557692307693 0.027644230769230768 0.03485576923076923
1 0.9663461538461539 0.11899038461538461 0.028846153846153848 0.040865384615384616
1 0.5600961538461539 0.5324519230769231 0.06129807692307692 0.1201923076923077
1 0.42427884615384615 0.9266826923076923 0.014423076923076924 0.018028846153846152
1 0.7920673076923077 0.7932692307692307 0.014423076923076924 0.014423076923076924
1 0.7043269230769231 0.8533653846153846 0.01201923076923077 0.020432692307692308
1 0.7740384615384616 0.7704326923076923 0.020432692307692308 0.028846153846153848
1 0.9314903846153846 0.9230769230769231 0.046875 0.06610576923076923
1 0.9158653846153846 0.8713942307692307 0.027644230769230768 0.03125
7 0.16346153846153846 0.28725961538461536 0.056490384615384616 0.11899038461538461
4 0.6598557692307693 0.038461538461538464 0.06129807692307692 0.0733173076923077
7 0.2692307692307692 0.9711538461538461 0.036057692307692304 0.057692307692307696
1 0.8509615384615384 0.6995192307692307 0.010817307692307692 0.014423076923076924
1 0.6694711538461539 0.9399038461538461 0.019230769230769232 0.02403846153846154
1 0.4338942307692308 0.9639423076923077 0.03485576923076923 0.027644230769230768
1 0.4495192307692308 0.9026442307692307 0.03245192307692308 0.030048076923076924
0 0.109375 0.5060096153846154 0.21754807692307693 0.3786057692307692
4 0.8040865384615384 0.015625 0.08413461538461539 0.03125
0 0.47596153846153844 0.25600961538461536 0.36899038461538464 0.5120192307692307
0 0.3245192307692308 0.5985576923076923 0.1141826923076923 0.2439903846153846
7 0.7451923076923077 0.5144230769230769 0.06490384615384616 0.07932692307692307
7 0.7055288461538461 0.6634615384615384 0.12259615384615384 0.24158653846153846
1 0.47836538461538464 0.9399038461538461 0.013221153846153846 0.014423076923076924
7 0.33774038461538464 0.9387019230769231 0.07932692307692307 0.12139423076923077
0 0.9915865384615384 0.5132211538461539 0.016826923076923076 0.09615384615384616
7 0.9447115384615384 0.8605769230769231 0.10096153846153846 0.27884615384615385
7 0.056490384615384616 0.2692307692307692 0.11298076923076923 0.14903846153846154
7 0.19471153846153846 0.2704326923076923 0.3894230769230769 0.22235576923076922
7 0.2824519230769231 0.19110576923076922 0.10096153846153846 0.171875
7 0.23557692307692307 0.44471153846153844 0.055288461538461536 0.125
1 0.8665865384615384 0.9074519230769231 0.01201923076923077 0.016826923076923076
1 0.6766826923076923 0.8197115384615384 0.02283653846153846 0.03245192307692308
1 0.6298076923076923 0.9951923076923077 0.009615384615384616 0.009615384615384616
7 0.9387019230769231 0.43149038461538464 0.10096153846153846 0.22596153846153846
7 0.8858173076923077 0.7932692307692307 0.2283653846153846 0.3473557692307692
0 0.8269230769230769 0.5324519230769231 0.1310096153846154 0.12860576923076922
0 0.125 0.12259615384615384 0.25 0.24519230769230768
1 0.5348557692307693 0.9723557692307693 0.018028846153846152 0.05048076923076923
1 0.3918269230769231 0.9639423076923077 0.04927884615384615 0.03485576923076923
0 0.8894230769230769 0.1622596153846154 0.22115384615384615 0.3245192307692308
1 0.9903846153846154 0.9110576923076923 0.015625 0.019230769230769232
1 0.5829326923076923 0.9783653846153846 0.03125 0.04326923076923077
1 0.7980769230769231 0.3629807692307692 0.030048076923076924 0.03245192307692308
1 0.6838942307692307 0.9615384615384616 0.013221153846153846 0.027644230769230768
1 0.06971153846153846 0.7848557692307693 0.018028846153846152 0.021634615384615384
1 0.9411057692307693 0.1875 0.027644230769230768 0.03245192307692308
1 0.7151442307692307 0.8100961538461539 0.020432692307692308 0.038461538461538464
7 0.9819711538461539 0.8689903846153846 0.03485576923076923 0.037259615384615384
1 0.5853365384615384 0.8786057692307693 0.030048076923076924 0.03245192307692308
1 0.6634615384615384 0.84375 0.021634615384615384 0.021634615384615384
1 0.49399038461538464 0.9495192307692307 0.016826923076923076 0.039663461538461536
7 0.25240384615384615 0.9579326923076923 0.14783653846153846 0.08413461538461539
1 0.8341346153846154 0.9855769230769231 0.05889423076923077 0.027644230769230768
1 0.9362980769230769 0.6466346153846154 0.018028846153846152 0.020432692307692308
