1 0.5901442307692307 0.7115384615384616 0.11899038461538461 0.13942307692307693
1 0.7716346153846154 0.8269230769230769 0.04927884615384615 0.05889423076923077
1 0.9254807692307693 0.23076923076923078 0.08533653846153846 0.125
1 0.9014423076923077 0.6322115384615384 0.06971153846153846 0.07091346153846154
1 0.9194711538461539 0.43028846153846156 0.057692307692307696 0.11177884615384616
1 0.09254807692307693 0.23317307692307693 0.125 0.22235576923076922
1 0.46274038461538464 0.4423076923076923 0.040865384615384616 0.05048076923076923
1 0.8341346153846154 0.9278846153846154 0.0625 0.09254807692307693
1 0.5144230769230769 0.8822115384615384 0.04567307692307692 0.0985576923076923
1 0.8665865384615384 0.5348557692307693 0.056490384615384616 0.06129807692307692
7 0.1935096153846154 0.7728365384615384 0.055288461538461536 0.40384615384615385
7 0.16346153846153846 0.6923076923076923 0.3269230769230769 0.41346153846153844
1 0.2764423076923077 0.14302884615384615 0.0673076923076923 0.056490384615384616
1 0.41346153846153844 0.4074519230769231 0.019230769230769232 0.036057692307692304
1 0.48677884615384615 0.05889423076923077 0.0889423076923077 0.10697115384615384
7 0.14783653846153846 0.9098557692307693 0.07451923076923077 0.17307692307692307
1 0.6694711538461539 0.9411057692307693 0.052884615384615384 0.11298076923076923
1 0.8894230769230769 0.8509615384615384 0.09735576923076923 0.11057692307692307
1 0.22716346153846154 0.4074519230769231 0.125 0.19110576923076922
1 0.6610576923076923 0.5829326923076923 0.06490384615384616 0.07211538461538461
7 0.039663461538461536 0.6850961538461539 0.07932692307692307 0.6153846153846154
1 0.1622596153846154 0.09735576923076923 0.021634615384615384 0.04807692307692308
3 0.5192307692307693 0.5 0.5396634615384616 1
