1 0.7391826923076923 0.4891826923076923 0.15264423076923078 0.1346153846153846
1 0.6430288461538461 0.5036057692307693 0.01201923076923077 0.02403846153846154
1 0.8052884615384616 0.6538461538461539 0.08774038461538461 0.09735576923076923
1 0.9711538461538461 0.3545673076923077 0.057692307692307696 0.1658653846153846
1 0.8269230769230769 0.055288461538461536 0.052884615384615384 0.0733173076923077
1 0.6117788461538461 0.37740384615384615 0.03365384615384615 0.03485576923076923
1 0.8509615384615384 0.2620192307692308 0.01201923076923077 0.018028846153846152
1 0.8689903846153846 0.025240384615384616 0.013221153846153846 0.021634615384615384
2 0.057692307692307696 0.65625 0.11538461538461539 0.25721153846153844
1 0.22596153846153846 0.6802884615384616 0.007211538461538462 0.01201923076923077
1 0.13942307692307693 0.5420673076923077 0.009615384615384616 0.01201923076923077
1 0.2644230769230769 0.5853365384615384 0.08173076923076923 0.08173076923076923
1 0.2800480769230769 0.6442307692307693 0.016826923076923076 0.026442307692307692
1 0.46153846153846156 0.8882211538461539 0.015625 0.020432692307692308
1 0.6790865384615384 0.8269230769230769 0.030048076923076924 0.038461538461538464
1 0.8942307692307693 0.23557692307692307 0.06129807692307692 0.0829326923076923
1 0.8389423076923077 0.35216346153846156 0.10096153846153846 0.140625
1 0.7596153846153846 0.006009615384615385 0.014423076923076924 0.01201923076923077
1 0.4519230769230769 0.36177884615384615 0.040865384615384616 0.06610576923076923
1 0.3786057692307692 0.22596153846153846 0.019230769230769232 0.03365384615384615
1 0.22355769230769232 0.6394230769230769 0.016826923076923076 0.03245192307692308
1 0.23557692307692307 0.6033653846153846 0.03485576923076923 0.06009615384615385
1 0.36778846153846156 0.9182692307692307 0.007211538461538462 0.008413461538461538
1 0.4483173076923077 0.8653846153846154 0.013221153846153846 0.025240384615384616
1 0.9254807692307693 0.7548076923076923 0.14903846153846154 0.25240384615384615
1 0.5889423076923077 0.796875 0.1310096153846154 0.13221153846153846
1 0.7860576923076923 0.7752403846153846 0.14903846153846154 0.14903846153846154
1 0.9699519230769231 0.5228365384615384 0.040865384615384616 0.07091346153846154
1 0.984375 0.10216346153846154 0.018028846153846152 0.020432692307692308
1 0.9723557692307693 0.056490384615384616 0.026442307692307692 0.042067307692307696
1 0.953125 0.006009615384615385 0.016826923076923076 0.01201923076923077
1 0.3329326923076923 0.38461538461538464 0.13581730769230768 0.16826923076923078
1 0.41586538461538464 0.13221153846153846 0.038461538461538464 0.06009615384615385
1 0.3425480769230769 0.22956730769230768 0.03365384615384615 0.05889423076923077
1 0.3293269230769231 0.27163461538461536 0.02283653846153846 0.04326923076923077
1 0.5997596153846154 0.5336538461538461 0.013221153846153846 0.021634615384615384
1 0.9290865384615384 0.5300480769230769 0.026442307692307692 0.04326923076923077
1 0.3545673076923077 0.8353365384615384 0.03485576923076923 0.0625
1 0.7632211538461539 0.38100961538461536 0.06129807692307692 0.09495192307692307
1 0.33052884615384615 0.7427884615384616 0.02283653846153846 0.04927884615384615
1 0.49759615384615385 0.9266826923076923 0.02403846153846154 0.037259615384615384
1 0.4483173076923077 0.9579326923076923 0.007211538461538462 0.008413461538461538
1 0.4831730769230769 0.796875 0.028846153846153848 0.03485576923076923
1 0.43149038461538464 0.8990384615384616 0.007211538461538462 0.013221153846153846
1 0.3581730769230769 0.8870192307692307 0.006009615384615385 0.01201923076923077
1 0.3425480769230769 0.9795673076923077 0.055288461538461536 0.040865384615384616
1 0.0673076923076923 0.3762019230769231 0.027644230769230768 0.028846153846153848
1 0.4675480769230769 0.9278846153846154 0.006009615384615385 0.01201923076923077
1 0.20192307692307693 0.609375 0.014423076923076924 0.014423076923076924
1 0.4567307692307692 0.9855769230769231 0.019230769230769232 0.027644230769230768
1 0.28125 0.7908653846153846 0.09014423076923077 0.12860576923076922
1 0.8509615384615384 0.9495192307692307 0.015625 0.02403846153846154
1 0.11899038461538461 0.5012019230769231 0.013221153846153846 0.014423076923076924
1 0.16706730769230768 0.5120192307692307 0.028846153846153848 0.03245192307692308
1 0.7692307692307693 0.9230769230769231 0.10817307692307693 0.15264423076923078
1 0.5552884615384616 0.6947115384615384 0.04326923076923077 0.046875
1 0.4387019230769231 0.9831730769230769 0.018028846153846152 0.027644230769230768
1 0.40384615384615385 0.8786057692307693 0.030048076923076924 0.054086538461538464
1 0.16947115384615385 0.9122596153846154 0.010817307692307692 0.014423076923076924
1 0.19230769230769232 0.7331730769230769 0.09014423076923077 0.10216346153846154
1 0.5913461538461539 0.17427884615384615 0.2848557692307692 0.3473557692307692
1 0.8701923076923077 0.6177884615384616 0.014423076923076924 0.018028846153846152
1 0.8449519230769231 0.19591346153846154 0.021634615384615384 0.046875
1 0.6574519230769231 0.5480769230769231 0.03245192307692308 0.026442307692307692
1 0.8737980769230769 0.5649038461538461 0.042067307692307696 0.06490384615384616
1 0.3798076923076923 0.09014423076923077 0.021634615384615384 0.057692307692307696
1 0.34615384615384615 0.14903846153846154 0.05048076923076923 0.08774038461538461
1 0.3137019230769231 0.4579326923076923 0.06971153846153846 0.054086538461538464
1 0.421875 0.19471153846153846 0.07932692307692307 0.04807692307692308
1 0.43149038461538464 0.38822115384615385 0.040865384615384616 0.07211538461538461
1 0.5144230769230769 0.47115384615384615 0.19110576923076922 0.23317307692307693
1 0.0829326923076923 0.46875 0.025240384615384616 0.039663461538461536
1 0.5877403846153846 0.9338942307692307 0.2403846153846154 0.1310096153846154
1 0.02283653846153846 0.3918269230769231 0.025240384615384616 0.027644230769230768
1 0.8449519230769231 0.8509615384615384 0.04326923076923077 0.04447115384615385
1 0.0829326923076923 0.6923076923076923 0.014423076923076924 0.016826923076923076
1 0.2247596153846154 0.8173076923076923 0.014423076923076924 0.018028846153846152
1 0.3894230769230769 0.9423076923076923 0.038461538461538464 0.03365384615384615
1 0.05048076923076923 0.5444711538461539 0.01201923076923077 0.019230769230769232
1 0.6971153846153846 0.6995192307692307 0.02403846153846154 0.042067307692307696
1 0.22235576923076922 0.8677884615384616 0.006009615384615385 0.010817307692307692
1 0.16105769230769232 0.8389423076923077 0.010817307692307692 0.015625
1 0.2848557692307692 0.7127403846153846 0.025240384615384616 0.026442307692307692
1 0.9591346153846154 0.12259615384615384 0.015625 0.021634615384615384
1 0.1466346153846154 0.9807692307692307 0.028846153846153848 0.038461538461538464
1 0.2548076923076923 0.078125 0.027644230769230768 0.03245192307692308
1 0.09254807692307693 0.0625 0.026442307692307692 0.03485576923076923
1 0.6983173076923077 0.3894230769230769 0.06490384615384616 0.06610576923076923
1 0.052884615384615384 0.515625 0.02283653846153846 0.037259615384615384
1 0.021634615384615384 0.4831730769230769 0.018028846153846152 0.021634615384615384
1 0.06129807692307692 0.008413461538461538 0.026442307692307692 0.016826923076923076
1 0.20432692307692307 0.6454326923076923 0.010817307692307692 0.015625
1 0.17307692307692307 0.5649038461538461 0.014423076923076924 0.016826923076923076
1 0.15745192307692307 0.5408653846153846 0.010817307692307692 0.015625
1 0.7163461538461539 0.039663461538461536 0.027644230769230768 0.0673076923076923
1 0.5997596153846154 0.5588942307692307 0.016826923076923076 0.02403846153846154
1 0.11658653846153846 0.4254807692307692 0.052884615384615384 0.06610576923076923
1 0.09254807692307693 0.6802884615384616 0.018028846153846152 0.026442307692307692
1 0.20432692307692307 0.8401442307692307 0.037259615384615384 0.025240384615384616
1 0.7223557692307693 0.14423076923076922 0.06971153846153846 0.07572115384615384
1 0.8677884615384616 0.8942307692307693 0.021634615384615384 0.027644230769230768
1 0.4387019230769231 0.9495192307692307 0.009615384615384616 0.018028846153846152
1 0.06370192307692307 0.890625 0.12740384615384615 0.21875
1 0.35697115384615385 0.06490384615384616 0.01201923076923077 0.030048076923076924
1 0.3076923076923077 0.0673076923076923 0.037259615384615384 0.039663461538461536
1 0.13942307692307693 0.109375 0.051682692307692304 0.04326923076923077
1 0.37740384615384615 0.28365384615384615 0.027644230769230768 0.026442307692307692
1 0.9170673076923077 0.140625 0.04927884615384615 0.06009615384615385
1 0.11177884615384616 0.006009615384615385 0.03125 0.01201923076923077
1 0.4254807692307692 0.03485576923076923 0.038461538461538464 0.06850961538461539
1 0.33413461538461536 0.06610576923076923 0.015625 0.014423076923076924
1 0.421875 0.828125 0.013221153846153846 0.02283653846153846
1 0.21514423076923078 0.10817307692307693 0.038461538461538464 0.057692307692307696
1 0.2548076923076923 0.2620192307692308 0.14903846153846154 0.26322115384615385
1 0.37740384615384615 0.010817307692307692 0.04326923076923077 0.021634615384615384
1 0.03485576923076923 0.16105769230769232 0.06850961538461539 0.10697115384615384
1 0.16466346153846154 0.04927884615384615 0.04567307692307692 0.06610576923076923
1 0.08533653846153846 0.14423076923076922 0.06129807692307692 0.06009615384615385
1 0.15985576923076922 0.6574519230769231 0.01201923076923077 0.013221153846153846
1 0.1935096153846154 0.8245192307692307 0.013221153846153846 0.010817307692307692
1 0.21033653846153846 0.5336538461538461 0.021634615384615384 0.04447115384615385
1 0.30649038461538464 0.6862980769230769 0.030048076923076924 0.042067307692307696
1 0.36778846153846156 0.6634615384615384 0.10216346153846154 0.14182692307692307
1 0.29086538461538464 0.8725961538461539 0.04927884615384615 0.036057692307692304
1 0.3125 0.9314903846153846 0.015625 0.027644230769230768
1 0.38221153846153844 0.8209134615384616 0.02403846153846154 0.020432692307692308
1 0.9423076923076923 0.5913461538461539 0.019230769230769232 0.03245192307692308
1 0.8737980769230769 0.17427884615384615 0.04326923076923077 0.038461538461538464
1 0.9098557692307693 0.1875 0.014423076923076924 0.021634615384615384
1 0.38341346153846156 0.5036057692307693 0.07692307692307693 0.09615384615384616
1 0.14302884615384615 0.21634615384615385 0.04807692307692308 0.057692307692307696
1 0.22235576923076922 0.021634615384615384 0.05889423076923077 0.04326923076923077
1 0.41346153846153844 0.7752403846153846 0.020432692307692308 0.026442307692307692
1 0.26322115384615385 0.6646634615384616 0.015625 0.016826923076923076
1 0.8822115384615384 0.9495192307692307 0.019230769230769232 0.021634615384615384
1 0.9831730769230769 0.9435096153846154 0.03245192307692308 0.027644230769230768
1 0.18028846153846154 0.5793269230769231 0.006009615384615385 0.007211538461538462
1 0.18269230769230768 0.49278846153846156 0.007211538461538462 0.01201923076923077
1 0.4170673076923077 0.9927884615384616 0.014423076923076924 0.014423076923076924
1 0.14423076923076922 0.28365384615384615 0.0673076923076923 0.078125
1 0.6814903846153846 0.7427884615384616 0.04567307692307692 0.052884615384615384
10 0.5 0.39903846153846156 0.9987980769230769 0.5685096153846154
