1 0.6310096153846154 0.6875 0.013221153846153846 0.018028846153846152
0 0.2776442307692308 0.6346153846153846 0.028846153846153848 0.03485576923076923
1 0.5492788461538461 0.7367788461538461 0.008413461538461538 0.015625
1 0.5384615384615384 0.2091346153846154 0.02283653846153846 0.018028846153846152
1 0.21754807692307693 0.015625 0.010817307692307692 0.010817307692307692
0 0.11057692307692307 0.484375 0.030048076923076924 0.038461538461538464
1 0.39302884615384615 0.2512019230769231 0.016826923076923076 0.030048076923076924
0 0.052884615384615384 0.5072115384615384 0.030048076923076924 0.04326923076923077
0 0.5949519230769231 0.36658653846153844 0.14543269230769232 0.14423076923076922
0 0.7247596153846154 0.3605769230769231 0.021634615384615384 0.036057692307692304
0 0.23918269230769232 0.6334134615384616 0.013221153846153846 0.018028846153846152
0 0.0985576923076923 0.4182692307692308 0.05048076923076923 0.06129807692307692
0 0.7091346153846154 0.06490384615384616 0.07692307692307693 0.12860576923076922
1 0.6394230769230769 0.7055288461538461 0.016826923076923076 0.013221153846153846
0 0.17548076923076922 0.5973557692307693 0.016826923076923076 0.02283653846153846
0 0.33653846153846156 0.25841346153846156 0.3894230769230769 0.5168269230769231
1 0.35096153846153844 0.3954326923076923 0.20673076923076922 0.13221153846153846
10 0.3233173076923077 0.4326923076923077 0.46274038461538464 0.2536057692307692
1 0.7584134615384616 0.6911057692307693 0.014423076923076924 0.019230769230769232
1 0.30649038461538464 0.49399038461538464 0.014423076923076924 0.018028846153846152
0 0.5420673076923077 0.4891826923076923 0.1502403846153846 0.10576923076923077
1 0.3473557692307692 0.02403846153846154 0.019230769230769232 0.027644230769230768
1 0.3317307692307692 0.5048076923076923 0.009615384615384616 0.010817307692307692
0 0.7740384615384616 0.34615384615384615 0.016826923076923076 0.03125
5 0.5 0.8377403846153846 1 0.3161057692307692
1 0.40384615384615385 0.5300480769230769 0.016826923076923076 0.020432692307692308
0 0.6850961538461539 0.39663461538461536 0.03245192307692308 0.03485576923076923
0 0.32091346153846156 0.5925480769230769 0.13701923076923078 0.051682692307692304
0 0.08413461538461539 0.5625 0.016826923076923076 0.037259615384615384
1 0.6814903846153846 0.26802884615384615 0.02283653846153846 0.027644230769230768
1 0.4375 0.15985576923076922 0.037259615384615384 0.046875
0 0.5685096153846154 0.5432692307692307 0.020432692307692308 0.02283653846153846
1 0.5432692307692307 0.27403846153846156 0.013221153846153846 0.019230769230769232
0 0.23317307692307693 0.4699519230769231 0.018028846153846152 0.019230769230769232
0 0.5240384615384616 0.5685096153846154 0.051682692307692304 0.04807692307692308
1 0.43149038461538464 0.28125 0.018028846153846152 0.025240384615384616
1 0.4675480769230769 0.2548076923076923 0.010817307692307692 0.018028846153846152
1 0.33653846153846156 0.47115384615384615 0.016826923076923076 0.014423076923076924
0 0.4362980769230769 0.5685096153846154 0.07932692307692307 0.0625
0 0.12740384615384615 0.5733173076923077 0.02403846153846154 0.04326923076923077
1 0.4735576923076923 0.3269230769230769 0.01201923076923077 0.014423076923076924
0 0.22596153846153846 0.5793269230769231 0.02403846153846154 0.021634615384615384
1 0.1935096153846154 0.6899038461538461 0.02283653846153846 0.027644230769230768
0 0.8112980769230769 0.16826923076923078 0.3233173076923077 0.33533653846153844
0 0.8137019230769231 0.34134615384615385 0.025240384615384616 0.036057692307692304
