1 0.37259615384615385 0.125 0.009615384615384616 0.02403846153846154
1 0.4206730769230769 0.07211538461538461 0.056490384615384616 0.07932692307692307
1 0.5600961538461539 0.8004807692307693 0.007211538461538462 0.010817307692307692
1 0.28725961538461536 0.9459134615384616 0.009615384615384616 0.010817307692307692
1 0.5817307692307693 0.6550480769230769 0.09134615384615384 0.09495192307692307
0 0.05048076923076923 0.953125 0.027644230769230768 0.03125
1 0.7932692307692307 0.29447115384615385 0.007211538461538462 0.014423076923076924
1 0.9963942307692307 0.8173076923076923 0.006009615384615385 0.015625
1 0.17908653846153846 0.921875 0.01201923076923077 0.027644230769230768
1 0.13822115384615385 0.8004807692307693 0.009615384615384616 0.009615384615384616
1 0.5144230769230769 0.6262019230769231 0.006009615384615385 0.01201923076923077
1 0.1622596153846154 0.9651442307692307 0.030048076923076924 0.046875
1 0.5456730769230769 0.8221153846153846 0.021634615384615384 0.04807692307692308
1 0.24158653846153846 0.9098557692307693 0.004807692307692308 0.004807692307692308
1 0.41346153846153844 0.9302884615384616 0.027644230769230768 0.036057692307692304
1 0.6586538461538461 0.625 0.010817307692307692 0.013221153846153846
1 0.3762019230769231 0.9362980769230769 0.025240384615384616 0.052884615384615384
1 0.3161057692307692 0.9290865384615384 0.018028846153846152 0.014423076923076924
1 0.12259615384615384 0.7752403846153846 0.016826923076923076 0.027644230769230768
1 0.32091346153846156 0.9146634615384616 0.007211538461538462 0.01201923076923077
1 0.4639423076923077 0.9170673076923077 0.006009615384615385 0.008413461538461538
1 0.3112980769230769 0.8365384615384616 0.037259615384615384 0.0625
1 0.171875 0.96875 0.0889423076923077 0.06129807692307692
1 0.010817307692307692 0.9471153846153846 0.019230769230769232 0.015625
1 0.8473557692307693 0.9122596153846154 0.006009615384615385 0.01201923076923077
1 0.9338942307692307 0.9387019230769231 0.028846153846153848 0.020432692307692308
1 0.6490384615384616 0.5240384615384616 0.018028846153846152 0.02283653846153846
1 0.6021634615384616 0.3389423076923077 0.013221153846153846 0.02283653846153846
1 0.6177884615384616 0.265625 0.01201923076923077 0.016826923076923076
1 0.5252403846153846 0.8713942307692307 0.002403846153846154 0.007211538461538462
1 0.4543269230769231 0.6574519230769231 0.015625 0.019230769230769232
1 0.43028846153846156 0.6670673076923077 0.007211538461538462 0.007211538461538462
1 0.47596153846153844 0.5889423076923077 0.006009615384615385 0.01201923076923077
1 0.24759615384615385 0.765625 0.007211538461538462 0.008413461538461538
1 0.24158653846153846 0.7487980769230769 0.016826923076923076 0.027644230769230768
1 0.19230769230769232 0.8185096153846154 0.006009615384615385 0.007211538461538462
1 0.08533653846153846 0.7860576923076923 0.015625 0.014423076923076924
1 0.10817307692307693 0.7944711538461539 0.010817307692307692 0.01201923076923077
1 0.18629807692307693 0.71875 0.02403846153846154 0.039663461538461536
1 0.17427884615384615 0.6526442307692307 0.006009615384615385 0.007211538461538462
1 0.02283653846153846 0.6622596153846154 0.04447115384615385 0.052884615384615384
1 0.26322115384615385 0.47475961538461536 0.007211538461538462 0.008413461538461538
1 0.9567307692307693 0.6838942307692307 0.020432692307692308 0.027644230769230768
1 0.5480769230769231 0.16947115384615385 0.006009615384615385 0.006009615384615385
1 0.3737980769230769 0.06490384615384616 0.01201923076923077 0.019230769230769232
1 0.21033653846153846 0.11538461538461539 0.037259615384615384 0.027644230769230768
1 0.44711538461538464 0.5072115384615384 0.007211538461538462 0.01201923076923077
1 0.09615384615384616 0.6262019230769231 0.019230769230769232 0.014423076923076924
1 0.5024038461538461 0.1502403846153846 0.01201923076923077 0.025240384615384616
1 0.44350961538461536 0.007211538461538462 0.006009615384615385 0.013221153846153846
1 0.40384615384615385 0.23317307692307693 0.021634615384615384 0.03485576923076923
1 0.5048076923076923 0.12980769230769232 0.008413461538461538 0.006009615384615385
1 0.59375 0.013221153846153846 0.01201923076923077 0.021634615384615384
1 0.8149038461538461 0.054086538461538464 0.037259615384615384 0.027644230769230768
0 0.10697115384615384 0.8641826923076923 0.2127403846153846 0.2439903846153846
1 0.9423076923076923 0.8473557692307693 0.008413461538461538 0.006009615384615385
1 0.6742788461538461 0.08653846153846154 0.004807692307692308 0.008413461538461538
1 0.578125 0.06971153846153846 0.010817307692307692 0.009615384615384616
1 0.30528846153846156 0.21995192307692307 0.016826923076923076 0.010817307692307692
1 0.16346153846153846 0.8076923076923077 0.03125 0.05048076923076923
1 0.0829326923076923 0.6358173076923077 0.007211538461538462 0.009615384615384616
0 0.006009615384615385 0.5745192307692307 0.01201923076923077 0.057692307692307696
1 0.5420673076923077 0.7451923076923077 0.01201923076923077 0.015625
1 0.13581730769230768 0.5661057692307693 0.020432692307692308 0.037259615384615384
1 0.10216346153846154 0.5072115384615384 0.020432692307692308 0.027644230769230768
1 0.09735576923076923 0.71875 0.021634615384615384 0.03485576923076923
1 0.16947115384615385 0.45913461538461536 0.037259615384615384 0.06009615384615385
1 0.9735576923076923 0.8545673076923077 0.009615384615384616 0.008413461538461538
1 0.8894230769230769 0.9254807692307693 0.016826923076923076 0.02403846153846154
1 0.8810096153846154 0.8173076923076923 0.007211538461538462 0.01201923076923077
1 0.28365384615384615 0.8052884615384616 0.006009615384615385 0.010817307692307692
1 0.12860576923076922 0.3137019230769231 0.04326923076923077 0.078125
1 0.27403846153846156 0.4567307692307692 0.006009615384615385 0.009615384615384616
1 0.09014423076923077 0.421875 0.007211538461538462 0.013221153846153846
1 0.40625 0.10697115384615384 0.006009615384615385 0.013221153846153846
1 0.9771634615384616 0.04807692307692308 0.010817307692307692 0.013221153846153846
1 0.3389423076923077 0.28725961538461536 0.009615384615384616 0.01201923076923077
1 0.17908653846153846 0.39783653846153844 0.016826923076923076 0.019230769230769232
1 0.8870192307692307 0.027644230769230768 0.013221153846153846 0.014423076923076924
1 0.12860576923076922 0.39903846153846156 0.016826923076923076 0.019230769230769232
1 0.06129807692307692 0.5528846153846154 0.008413461538461538 0.019230769230769232
1 0.051682692307692304 0.5925480769230769 0.027644230769230768 0.020432692307692308
0 0.07692307692307693 0.9807692307692307 0.018028846153846152 0.036057692307692304
1 0.41346153846153844 0.027644230769230768 0.01201923076923077 0.008413461538461538
1 0.5889423076923077 0.4699519230769231 0.006009615384615385 0.016826923076923076
1 0.9170673076923077 0.8305288461538461 0.027644230769230768 0.028846153846153848
1 0.8028846153846154 0.10576923076923077 0.01201923076923077 0.014423076923076924
1 0.008413461538461538 0.9867788461538461 0.016826923076923076 0.02283653846153846
1 0.5889423076923077 0.5264423076923077 0.006009615384615385 0.007211538461538462
1 0.8365384615384616 0.8449519230769231 0.027644230769230768 0.03485576923076923
1 0.6526442307692307 0.08173076923076923 0.013221153846153846 0.009615384615384616
1 0.6430288461538461 0.17067307692307693 0.007211538461538462 0.007211538461538462
1 0.9627403846153846 0.7680288461538461 0.016826923076923076 0.030048076923076924
1 0.11057692307692307 0.4206730769230769 0.013221153846153846 0.026442307692307692
0 0.039663461538461536 0.31850961538461536 0.07932692307692307 0.054086538461538464
1 0.35096153846153844 0.2704326923076923 0.014423076923076924 0.02283653846153846
1 0.6658653846153846 0.09014423076923077 0.004807692307692308 0.004807692307692308
1 0.18028846153846154 0.7379807692307693 0.006009615384615385 0.01201923076923077
1 0.6045673076923077 0.11057692307692307 0.007211538461538462 0.007211538461538462
1 0.27403846153846156 0.7692307692307693 0.008413461538461538 0.010817307692307692
1 0.5805288461538461 0.3245192307692308 0.02403846153846154 0.019230769230769232
1 0.14543269230769232 0.5384615384615384 0.006009615384615385 0.008413461538461538
1 0.9507211538461539 0.9855769230769231 0.019230769230769232 0.028846153846153848
1 0.6682692307692307 0.27403846153846156 0.01201923076923077 0.03245192307692308
1 0.48197115384615385 0.8173076923076923 0.015625 0.015625
1 0.9855769230769231 0.8689903846153846 0.01201923076923077 0.018028846153846152
1 0.171875 0.7439903846153846 0.006009615384615385 0.007211538461538462
1 0.9711538461538461 0.9254807692307693 0.056490384615384616 0.08653846153846154
1 0.42788461538461536 0.5925480769230769 0.03125 0.03125
1 0.44711538461538464 0.53125 0.007211538461538462 0.016826923076923076
1 0.140625 0.8461538461538461 0.007211538461538462 0.008413461538461538
1 0.9399038461538461 0.010817307692307692 0.016826923076923076 0.021634615384615384
1 0.5600961538461539 0.5 0.027644230769230768 0.039663461538461536
1 0.5600961538461539 0.08533653846153846 0.016826923076923076 0.03245192307692308
1 0.5745192307692307 0.9603365384615384 0.1201923076923077 0.07932692307692307
1 0.5564903846153846 0.18389423076923078 0.004807692307692308 0.009615384615384616
1 0.9963942307692307 0.7608173076923077 0.007211538461538462 0.03125
1 0.7451923076923077 0.5817307692307693 0.013221153846153846 0.027644230769230768
1 0.9459134615384616 0.7259615384615384 0.013221153846153846 0.019230769230769232
1 0.038461538461538464 0.5432692307692307 0.006009615384615385 0.008413461538461538
1 0.9459134615384616 0.8365384615384616 0.007211538461538462 0.006009615384615385
1 0.2848557692307692 0.7139423076923077 0.021634615384615384 0.020432692307692308
1 0.23317307692307693 0.6983173076923077 0.06610576923076923 0.052884615384615384
1 0.1141826923076923 0.6286057692307693 0.006009615384615385 0.009615384615384616
1 0.026442307692307692 0.5685096153846154 0.01201923076923077 0.013221153846153846
1 0.4206730769230769 0.5552884615384616 0.010817307692307692 0.019230769230769232
1 0.5625 0.45072115384615385 0.026442307692307692 0.040865384615384616
1 0.9603365384615384 0.8677884615384616 0.01201923076923077 0.026442307692307692
1 0.13221153846153846 0.8233173076923077 0.010817307692307692 0.02403846153846154
1 0.4543269230769231 0.5637019230769231 0.015625 0.026442307692307692
1 0.5240384615384616 0.5661057692307693 0.007211538461538462 0.006009615384615385
1 0.5829326923076923 0.3088942307692308 0.01201923076923077 0.008413461538461538
1 0.6382211538461539 0.026442307692307692 0.01201923076923077 0.015625
1 0.14543269230769232 0.7055288461538461 0.006009615384615385 0.008413461538461538
1 0.4567307692307692 0.06610576923076923 0.03125 0.036057692307692304
1 0.828125 0.6021634615384616 0.01201923076923077 0.01201923076923077
1 0.34375 0.026442307692307692 0.006009615384615385 0.009615384615384616
1 0.7199519230769231 0.37740384615384615 0.01201923076923077 0.014423076923076924
1 0.8822115384615384 0.038461538461538464 0.003605769230769231 0.006009615384615385
1 0.6814903846153846 0.35216346153846156 0.030048076923076924 0.03485576923076923
1 0.9290865384615384 0.5877403846153846 0.06490384615384616 0.10576923076923077
1 0.7824519230769231 0.49278846153846156 0.11057692307692307 0.1346153846153846
1 0.5889423076923077 0.7475961538461539 0.014423076923076924 0.042067307692307696
1 0.8990384615384616 0.16706730769230768 0.12379807692307693 0.14543269230769232
1 0.7920673076923077 0.17668269230769232 0.0733173076923077 0.078125
1 0.8197115384615384 0.13341346153846154 0.009615384615384616 0.01201923076923077
1 0.6766826923076923 0.38221153846153844 0.03365384615384615 0.03245192307692308
1 0.6550480769230769 0.4098557692307692 0.037259615384615384 0.04326923076923077
1 0.7379807692307693 0.7536057692307693 0.010817307692307692 0.02403846153846154
1 0.5516826923076923 0.7860576923076923 0.007211538461538462 0.009615384615384616
1 0.5961538461538461 0.7127403846153846 0.021634615384615384 0.016826923076923076
1 0.5048076923076923 0.6670673076923077 0.01201923076923077 0.018028846153846152
1 0.36658653846153844 0.9975961538461539 0.015625 0.004807692307692308
1 0.4266826923076923 0.9795673076923077 0.006009615384615385 0.008413461538461538
1 0.32091346153846156 0.9927884615384616 0.010817307692307692 0.013221153846153846
1 0.36177884615384615 0.9098557692307693 0.006009615384615385 0.003605769230769231
1 0.3473557692307692 0.8221153846153846 0.003605769230769231 0.003605769230769231
1 0.2644230769230769 0.9879807692307693 0.007211538461538462 0.010817307692307692
1 0.21394230769230768 0.9350961538461539 0.003605769230769231 0.004807692307692308
1 0.13822115384615385 0.8990384615384616 0.025240384615384616 0.05048076923076923
1 0.18028846153846154 0.8786057692307693 0.03485576923076923 0.030048076923076924
1 0.8161057692307693 0.09735576923076923 0.021634615384615384 0.03245192307692308
1 0.6586538461538461 0.004807692307692308 0.028846153846153848 0.009615384615384616
1 0.609375 0.14543269230769232 0.021634615384615384 0.019230769230769232
1 0.6959134615384616 0.11298076923076923 0.007211538461538462 0.009615384615384616
1 0.6887019230769231 0.12139423076923077 0.008413461538461538 0.010817307692307692
1 0.7439903846153846 0.3269230769230769 0.05048076923076923 0.06129807692307692
1 0.4230769230769231 0.5348557692307693 0.006009615384615385 0.006009615384615385
1 0.5276442307692307 0.3762019230769231 0.014423076923076924 0.02403846153846154
1 0.4254807692307692 0.3629807692307692 0.020432692307692308 0.027644230769230768
1 0.39302884615384615 0.20793269230769232 0.009615384615384616 0.008413461538461538
1 0.49759615384615385 0.171875 0.003605769230769231 0.003605769230769231
1 0.4855769230769231 0.07091346153846154 0.027644230769230768 0.038461538461538464
1 0.41466346153846156 0.003605769230769231 0.007211538461538462 0.007211538461538462
1 0.026442307692307692 0.44350961538461536 0.009615384615384616 0.015625
1 0.04927884615384615 0.3701923076923077 0.04326923076923077 0.03485576923076923
1 0.18629807692307693 0.35216346153846156 0.016826923076923076 0.030048076923076924
1 0.17668269230769232 0.24519230769230768 0.009615384615384616 0.01201923076923077
1 0.34375 0.6850961538461539 0.009615384615384616 0.014423076923076924
1 0.21875 0.9927884615384616 0.01201923076923077 0.01201923076923077
1 0.265625 0.8365384615384616 0.016826923076923076 0.014423076923076924
1 0.5456730769230769 0.8942307692307693 0.018028846153846152 0.01201923076923077
1 0.9002403846153846 0.46153846153846156 0.009615384615384616 0.01201923076923077
1 0.9771634615384616 0.5288461538461539 0.037259615384615384 0.04807692307692308
1 0.4831730769230769 0.8605769230769231 0.016826923076923076 0.02283653846153846
1 0.4026442307692308 0.6802884615384616 0.02403846153846154 0.019230769230769232
1 0.17427884615384615 0.6802884615384616 0.02403846153846154 0.040865384615384616
1 0.6045673076923077 0.6021634615384616 0.009615384615384616 0.01201923076923077
1 0.23798076923076922 0.5264423076923077 0.01201923076923077 0.013221153846153846
11 0.12740384615384615 0.14543269230769232 0.2548076923076923 0.29086538461538464
1 0.24639423076923078 0.9915865384615384 0.016826923076923076 0.016826923076923076
1 0.1622596153846154 0.41947115384615385 0.021634615384615384 0.027644230769230768
1 0.04927884615384615 0.5697115384615384 0.007211538461538462 0.009615384615384616
1 0.10576923076923077 0.6646634615384616 0.02403846153846154 0.03125
1 0.6478365384615384 0.7379807692307693 0.09735576923076923 0.11658653846153846
1 0.9831730769230769 0.8413461538461539 0.015625 0.01201923076923077
1 0.5745192307692307 0.515625 0.013221153846153846 0.028846153846153848
1 0.546875 0.7151442307692307 0.013221153846153846 0.01201923076923077
1 0.4567307692307692 0.5889423076923077 0.021634615384615384 0.019230769230769232
1 0.5108173076923077 0.578125 0.025240384615384616 0.039663461538461536
1 0.9771634615384616 0.8233173076923077 0.007211538461538462 0.008413461538461538
1 0.27163461538461536 0.8173076923076923 0.003605769230769231 0.008413461538461538
1 0.9951923076923077 0.8485576923076923 0.009615384615384616 0.016826923076923076
1 0.9519230769230769 0.11658653846153846 0.014423076923076924 0.026442307692307692
1 0.31971153846153844 0.5048076923076923 0.020432692307692308 0.019230769230769232
1 0.3233173076923077 0.22235576923076922 0.007211538461538462 0.01201923076923077
1 0.13221153846153846 0.3713942307692308 0.027644230769230768 0.036057692307692304
1 0.9254807692307693 0.9759615384615384 0.009615384615384616 0.013221153846153846
1 0.35697115384615385 0.6875 0.009615384615384616 0.008413461538461538
1 0.4014423076923077 0.9627403846153846 0.003605769230769231 0.006009615384615385
1 0.32091346153846156 0.8713942307692307 0.019230769230769232 0.018028846153846152
1 0.47115384615384615 0.39783653846153844 0.078125 0.09014423076923077
1 0.49278846153846156 0.5012019230769231 0.010817307692307692 0.026442307692307692
1 0.35697115384615385 0.7091346153846154 0.007211538461538462 0.009615384615384616
1 0.3798076923076923 0.14783653846153846 0.010817307692307692 0.01201923076923077
1 0.6165865384615384 0.09975961538461539 0.008413461538461538 0.007211538461538462
1 0.5384615384615384 0.17668269230769232 0.009615384615384616 0.015625
1 0.5360576923076923 0.08653846153846154 0.02403846153846154 0.028846153846153848
1 0.2956730769230769 0.2548076923076923 0.036057692307692304 0.05048076923076923
1 0.34975961538461536 0.09375 0.038461538461538464 0.06490384615384616
1 0.03365384615384615 0.4651442307692308 0.01201923076923077 0.018028846153846152
1 0.6370192307692307 0.15504807692307693 0.01201923076923077 0.02283653846153846
1 0.3641826923076923 0.4483173076923077 0.026442307692307692 0.028846153846153848
1 0.4567307692307692 0.09375 0.019230769230769232 0.020432692307692308
1 0.0829326923076923 0.3737980769230769 0.03125 0.02403846153846154
1 0.33774038461538464 0.5072115384615384 0.007211538461538462 0.010817307692307692
1 0.20552884615384615 0.7860576923076923 0.015625 0.018028846153846152
1 0.6117788461538461 0.5216346153846154 0.055288461538461536 0.08052884615384616
1 0.6117788461538461 0.46634615384615385 0.027644230769230768 0.03365384615384615
1 0.5096153846153846 0.07932692307692307 0.021634615384615384 0.027644230769230768
1 0.5204326923076923 0.12740384615384615 0.06971153846153846 0.06129807692307692
1 0.27163461538461536 0.055288461538461536 0.007211538461538462 0.010817307692307692
1 0.6009615384615384 0.057692307692307696 0.009615384615384616 0.02403846153846154
1 0.27283653846153844 0.20072115384615385 0.016826923076923076 0.036057692307692304
1 0.5300480769230769 0.18870192307692307 0.009615384615384616 0.01201923076923077
1 0.359375 0.30649038461538464 0.027644230769230768 0.021634615384615384
1 0.5552884615384616 0.004807692307692308 0.009615384615384616 0.009615384615384616
1 0.5048076923076923 0.025240384615384616 0.025240384615384616 0.05048076923076923
1 0.8485576923076923 0.003605769230769231 0.009615384615384616 0.006009615384615385
1 0.8028846153846154 0.07932692307692307 0.009615384615384616 0.018028846153846152
1 0.17307692307692307 0.30528846153846156 0.018028846153846152 0.015625
1 0.7728365384615384 0.36177884615384615 0.006009615384615385 0.004807692307692308
1 0.078125 0.40384615384615385 0.014423076923076924 0.014423076923076924
1 0.30408653846153844 0.0733173076923077 0.06850961538461539 0.1201923076923077
1 0.7139423076923077 0.3245192307692308 0.01201923076923077 0.013221153846153846
1 0.38100961538461536 0.10817307692307693 0.014423076923076924 0.020432692307692308
1 0.31009615384615385 0.18269230769230768 0.015625 0.02403846153846154
1 0.2439903846153846 0.16826923076923078 0.019230769230769232 0.03365384615384615
1 0.25841346153846156 0.026442307692307692 0.016826923076923076 0.02403846153846154
1 0.027644230769230768 0.6225961538461539 0.006009615384615385 0.010817307692307692
1 0.040865384615384616 0.4026442307692308 0.007211538461538462 0.01201923076923077
1 0.3858173076923077 0.037259615384615384 0.007211538461538462 0.009615384615384616
1 0.7896634615384616 0.08533653846153846 0.009615384615384616 0.009615384615384616
1 0.4723557692307692 0.03365384615384615 0.008413461538461538 0.01201923076923077
1 0.9783653846153846 0.09615384615384616 0.03245192307692308 0.06971153846153846
1 0.4951923076923077 0.9639423076923077 0.007211538461538462 0.008413461538461538
1 0.359375 0.9242788461538461 0.007211538461538462 0.009615384615384616
1 0.5793269230769231 0.12860576923076922 0.014423076923076924 0.026442307692307692
1 0.5288461538461539 0.296875 0.008413461538461538 0.009615384615384616
1 0.5264423076923077 0.05048076923076923 0.014423076923076924 0.021634615384615384
1 0.9603365384615384 0.9699519230769231 0.013221153846153846 0.01201923076923077
1 0.6081730769230769 0.38221153846153844 0.004807692307692308 0.004807692307692308
1 0.8581730769230769 0.9350961538461539 0.02283653846153846 0.030048076923076924
1 0.16105769230769232 0.7103365384615384 0.010817307692307692 0.01201923076923077
0 0.008413461538461538 0.9158653846153846 0.016826923076923076 0.05048076923076923
1 0.5769230769230769 0.3954326923076923 0.02283653846153846 0.020432692307692308
1 0.5600961538461539 0.32091346153846156 0.01201923076923077 0.037259615384615384
1 0.5240384615384616 0.2824519230769231 0.009615384615384616 0.016826923076923076
1 0.5336538461538461 0.8497596153846154 0.004807692307692308 0.008413461538461538
1 0.23918269230769232 0.8605769230769231 0.007211538461538462 0.010817307692307692
1 0.35096153846153844 0.41346153846153844 0.025240384615384616 0.019230769230769232
1 0.2439903846153846 0.20552884615384615 0.015625 0.01201923076923077
1 0.24639423076923078 0.03365384615384615 0.01201923076923077 0.027644230769230768
1 0.9699519230769231 0.9831730769230769 0.006009615384615385 0.008413461538461538
1 0.9399038461538461 0.859375 0.003605769230769231 0.006009615384615385
1 0.5721153846153846 0.5540865384615384 0.02283653846153846 0.028846153846153848
1 0.5396634615384616 0.5216346153846154 0.01201923076923077 0.01201923076923077
1 0.5733173076923077 0.4266826923076923 0.018028846153846152 0.013221153846153846
1 0.5552884615384616 0.3581730769230769 0.014423076923076924 0.01201923076923077
1 0.5985576923076923 0.30528846153846156 0.006009615384615385 0.004807692307692308
1 0.5384615384615384 0.25841346153846156 0.009615384615384616 0.015625
1 0.6466346153846154 0.265625 0.025240384615384616 0.027644230769230768
1 0.5144230769230769 0.8689903846153846 0.006009615384615385 0.007211538461538462
1 0.453125 0.8088942307692307 0.025240384615384616 0.03365384615384615
1 0.4891826923076923 0.5721153846153846 0.014423076923076924 0.02403846153846154
1 0.49278846153846156 0.6033653846153846 0.018028846153846152 0.04326923076923077
1 0.26322115384615385 0.7451923076923077 0.009615384615384616 0.010817307692307692
1 0.09735576923076923 0.8137019230769231 0.018028846153846152 0.014423076923076924
1 0.9170673076923077 0.5132211538461539 0.016826923076923076 0.019230769230769232
1 0.1310096153846154 0.7091346153846154 0.016826923076923076 0.03485576923076923
1 0.16346153846153846 0.6598557692307693 0.007211538461538462 0.014423076923076924
1 0.14423076923076922 0.6045673076923077 0.006009615384615385 0.006009615384615385
1 0.16826923076923078 0.5204326923076923 0.013221153846153846 0.01201923076923077
1 0.9939903846153846 0.703125 0.01201923076923077 0.019230769230769232
1 0.9963942307692307 0.5192307692307693 0.007211538461538462 0.03365384615384615
1 0.9423076923076923 0.45552884615384615 0.07451923076923077 0.07692307692307693
1 0.48197115384615385 0.6009615384615384 0.006009615384615385 0.009615384615384616
1 0.4723557692307692 0.6286057692307693 0.020432692307692308 0.038461538461538464
1 0.5096153846153846 0.7764423076923077 0.013221153846153846 0.019230769230769232
1 0.4567307692307692 0.5072115384615384 0.007211538461538462 0.010817307692307692
1 0.4387019230769231 0.15504807692307693 0.004807692307692308 0.006009615384615385
1 0.265625 0.13822115384615385 0.06610576923076923 0.10216346153846154
1 0.9807692307692307 0.9963942307692307 0.009615384615384616 0.006009615384615385
1 0.15865384615384615 0.8557692307692307 0.02403846153846154 0.019230769230769232
1 0.14903846153846154 0.7596153846153846 0.040865384615384616 0.038461538461538464
3 0.3954326923076923 0.3581730769230769 0.2644230769230769 0.10576923076923077
0 0.11057692307692307 0.9783653846153846 0.021634615384615384 0.021634615384615384
1 0.9711538461538461 0.021634615384615384 0.010817307692307692 0.013221153846153846
0 0.09254807692307693 0.9302884615384616 0.025240384615384616 0.03365384615384615
1 0.640625 0.010817307692307692 0.006009615384615385 0.01201923076923077
1 0.49278846153846156 0.046875 0.008413461538461538 0.014423076923076924
1 0.7055288461538461 0.5552884615384616 0.013221153846153846 0.015625
1 0.22956730769230768 0.17668269230769232 0.007211538461538462 0.01201923076923077
0 0.008413461538461538 0.8617788461538461 0.016826923076923076 0.04567307692307692
1 0.47716346153846156 0.7415865384615384 0.018028846153846152 0.016826923076923076
1 0.4651442307692308 0.8557692307692307 0.006009615384615385 0.01201923076923077
1 0.11778846153846154 0.6021634615384616 0.03245192307692308 0.030048076923076924
1 0.5612980769230769 0.7451923076923077 0.006009615384615385 0.009615384615384616
1 0.47596153846153844 0.71875 0.021634615384615384 0.019230769230769232
1 0.515625 0.8353365384615384 0.009615384615384616 0.010817307692307692
1 0.5456730769230769 0.2776442307692308 0.003605769230769231 0.004807692307692308
1 0.09975961538461539 0.7644230769230769 0.01201923076923077 0.015625
1 0.07932692307692307 0.6442307692307693 0.007211538461538462 0.009615384615384616
1 0.8786057692307693 0.6995192307692307 0.020432692307692308 0.02283653846153846
1 0.25841346153846156 0.33774038461538464 0.08774038461538461 0.07451923076923077
1 0.1310096153846154 0.5360576923076923 0.007211538461538462 0.013221153846153846
1 0.6394230769230769 0.29447115384615385 0.014423076923076924 0.014423076923076924
1 0.13221153846153846 0.7896634615384616 0.01201923076923077 0.015625
1 0.6694711538461539 0.18629807692307693 0.021634615384615384 0.019230769230769232
1 0.7067307692307693 0.09495192307692307 0.014423076923076924 0.01201923076923077
1 0.6105769230769231 0.009615384615384616 0.020432692307692308 0.019230769230769232
1 0.15625 0.38822115384615385 0.01201923076923077 0.015625
1 0.7668269230769231 0.09735576923076923 0.010817307692307692 0.01201923076923077
1 0.3737980769230769 0.40625 0.006009615384615385 0.008413461538461538
1 0.04807692307692308 0.4230769230769231 0.03485576923076923 0.03125
1 0.47716346153846156 0.15625 0.019230769230769232 0.03365384615384615
1 0.35697115384615385 0.003605769230769231 0.007211538461538462 0.007211538461538462
1 0.7115384615384616 0.5120192307692307 0.009615384615384616 0.010817307692307692
1 0.7151442307692307 0.008413461538461538 0.016826923076923076 0.015625
1 0.3798076923076923 0.9122596153846154 0.007211538461538462 0.019230769230769232
1 0.3485576923076923 0.9350961538461539 0.009615384615384616 0.008413461538461538
1 0.27884615384615385 0.8641826923076923 0.01201923076923077 0.019230769230769232
1 0.20673076923076922 0.8677884615384616 0.016826923076923076 0.016826923076923076
1 0.75 0.7824519230769231 0.01201923076923077 0.019230769230769232
1 0.8930288461538461 0.640625 0.025240384615384616 0.046875
1 0.6790865384615384 0.7788461538461539 0.02283653846153846 0.04567307692307692
1 0.8701923076923077 0.49759615384615385 0.054086538461538464 0.09975961538461539
1 0.8665865384615384 0.8137019230769231 0.014423076923076924 0.02403846153846154
1 0.5228365384615384 0.6694711538461539 0.021634615384615384 0.046875
1 0.6790865384615384 0.6262019230769231 0.009615384615384616 0.015625
1 0.8810096153846154 0.3329326923076923 0.046875 0.06129807692307692
1 0.953125 0.41225961538461536 0.007211538461538462 0.010817307692307692
1 0.35697115384615385 0.9759615384615384 0.019230769230769232 0.027644230769230768
1 0.7295673076923077 0.6514423076923077 0.01201923076923077 0.014423076923076924
1 0.9963942307692307 0.1875 0.006009615384615385 0.026442307692307692
1 0.38221153846153844 0.8942307692307693 0.010817307692307692 0.01201923076923077
1 0.6346153846153846 0.5396634615384616 0.009615384615384616 0.009615384615384616
1 0.9855769230769231 0.4567307692307692 0.028846153846153848 0.0625
1 0.5973557692307693 0.12860576923076922 0.01201923076923077 0.018028846153846152
1 0.9951923076923077 0.15504807692307693 0.009615384615384616 0.018028846153846152
1 0.24278846153846154 0.9807692307692307 0.003605769230769231 0.003605769230769231
1 0.9519230769230769 0.8161057692307693 0.003605769230769231 0.003605769230769231
1 0.9771634615384616 0.7103365384615384 0.010817307692307692 0.014423076923076924
1 0.8617788461538461 0.6322115384615384 0.051682692307692304 0.12139423076923077
1 0.8341346153846154 0.13701923076923078 0.021634615384615384 0.02403846153846154
1 0.7367788461538461 0.8004807692307693 0.03365384615384615 0.04447115384615385
1 0.44591346153846156 0.8737980769230769 0.028846153846153848 0.06850961538461539
1 0.6298076923076923 0.8942307692307693 0.04567307692307692 0.06370192307692307
1 0.6045673076923077 0.7680288461538461 0.010817307692307692 0.008413461538461538
1 0.3076923076923077 0.671875 0.009615384615384616 0.018028846153846152
1 0.29927884615384615 0.9939903846153846 0.007211538461538462 0.01201923076923077
1 0.21033653846153846 0.9759615384615384 0.014423076923076924 0.015625
1 0.4026442307692308 0.9014423076923077 0.018028846153846152 0.013221153846153846
1 0.3269230769230769 0.9459134615384616 0.015625 0.015625
1 0.265625 0.578125 0.026442307692307692 0.018028846153846152
1 0.5721153846153846 0.7944711538461539 0.009615384615384616 0.015625
1 0.6682692307692307 0.5216346153846154 0.013221153846153846 0.014423076923076924
1 0.29927884615384615 0.41586538461538464 0.014423076923076924 0.015625
1 0.578125 0.7632211538461539 0.010817307692307692 0.01201923076923077
1 0.49759615384615385 0.8713942307692307 0.007211538461538462 0.009615384615384616
1 0.6490384615384616 0.5492788461538461 0.021634615384615384 0.019230769230769232
1 0.8197115384615384 0.12379807692307693 0.003605769230769231 0.004807692307692308
1 0.7391826923076923 0.9170673076923077 0.03245192307692308 0.03245192307692308
1 0.5600961538461539 0.7608173076923077 0.016826923076923076 0.015625
1 0.9519230769230769 0.5108173076923077 0.01201923076923077 0.009615384615384616
1 0.5132211538461539 0.6454326923076923 0.015625 0.01201923076923077
1 0.640625 0.5877403846153846 0.0733173076923077 0.07572115384615384
1 0.7295673076923077 0.5336538461538461 0.020432692307692308 0.03365384615384615
1 0.1971153846153846 0.9879807692307693 0.03125 0.02403846153846154
1 0.22596153846153846 0.2848557692307692 0.025240384615384616 0.027644230769230768
1 0.38822115384615385 0.36177884615384615 0.021634615384615384 0.07572115384615384
1 0.38461538461538464 0.0625 0.006009615384615385 0.016826923076923076
1 0.38461538461538464 0.6213942307692307 0.020432692307692308 0.04447115384615385
1 0.6947115384615384 0.31850961538461536 0.009615384615384616 0.010817307692307692
1 0.5348557692307693 0.1658653846153846 0.007211538461538462 0.006009615384615385
1 0.27403846153846156 0.9230769230769231 0.016826923076923076 0.02403846153846154
1 0.515625 0.056490384615384616 0.003605769230769231 0.003605769230769231
1 0.3088942307692308 0.8894230769230769 0.006009615384615385 0.007211538461538462
1 0.7896634615384616 0.009615384615384616 0.006009615384615385 0.016826923076923076
1 0.23076923076923078 0.9891826923076923 0.014423076923076924 0.021634615384615384
1 0.71875 0.16346153846153846 0.0625 0.1045673076923077
1 0.9543269230769231 0.03245192307692308 0.004807692307692308 0.01201923076923077
1 0.6430288461538461 0.05048076923076923 0.004807692307692308 0.007211538461538462
1 0.6935096153846154 0.06009615384615385 0.009615384615384616 0.027644230769230768
1 0.9387019230769231 0.046875 0.010817307692307692 0.019230769230769232
1 0.125 0.265625 0.01201923076923077 0.018028846153846152
1 0.06009615384615385 0.38461538461538464 0.006009615384615385 0.014423076923076924
1 0.390625 0.3137019230769231 0.026442307692307692 0.027644230769230768
1 0.36778846153846156 0.016826923076923076 0.007211538461538462 0.008413461538461538
1 0.2668269230769231 0.9350961538461539 0.01201923076923077 0.013221153846153846
1 0.40024038461538464 0.27163461538461536 0.01201923076923077 0.015625
1 0.34975961538461536 0.9927884615384616 0.009615384615384616 0.013221153846153846
1 0.25721153846153844 0.9783653846153846 0.007211538461538462 0.010817307692307692
1 0.15745192307692307 0.2860576923076923 0.016826923076923076 0.030048076923076924
1 0.23798076923076922 0.921875 0.01201923076923077 0.015625
1 0.27884615384615385 0.9951923076923077 0.004807692307692308 0.009615384615384616
1 0.1935096153846154 0.4987980769230769 0.04567307692307692 0.06850961538461539
1 0.14543269230769232 0.4230769230769231 0.016826923076923076 0.039663461538461536
1 0.7439903846153846 0.6105769230769231 0.014423076923076924 0.016826923076923076
1 0.9435096153846154 0.3076923076923077 0.020432692307692308 0.025240384615384616
1 0.8149038461538461 0.34615384615384615 0.014423076923076924 0.025240384615384616
1 0.7007211538461539 0.38100961538461536 0.013221153846153846 0.013221153846153846
1 0.7259615384615384 0.8293269230769231 0.008413461538461538 0.010817307692307692
1 0.7860576923076923 0.6959134615384616 0.109375 0.0985576923076923
1 0.6935096153846154 0.9555288461538461 0.019230769230769232 0.02403846153846154
1 0.6538461538461539 0.9855769230769231 0.025240384615384616 0.020432692307692308
1 0.5240384615384616 0.6298076923076923 0.007211538461538462 0.010817307692307692
1 0.640625 0.6370192307692307 0.015625 0.013221153846153846
1 0.32572115384615385 0.6286057692307693 0.08052884615384616 0.09254807692307693
1 0.28846153846153844 0.6850961538461539 0.009615384615384616 0.016826923076923076
1 0.328125 0.7776442307692307 0.04567307692307692 0.0625
1 0.265625 0.8725961538461539 0.016826923076923076 0.018028846153846152
1 0.7776442307692307 0.35336538461538464 0.010817307692307692 0.008413461538461538
1 0.5240384615384616 0.4110576923076923 0.025240384615384616 0.039663461538461536
1 0.6382211538461539 0.09615384615384616 0.006009615384615385 0.007211538461538462
1 0.3245192307692308 0.24158653846153846 0.004807692307692308 0.009615384615384616
1 0.11057692307692307 0.38100961538461536 0.007211538461538462 0.014423076923076924
1 0.7079326923076923 0.39302884615384615 0.016826923076923076 0.020432692307692308
1 0.9338942307692307 0.7716346153846154 0.009615384615384616 0.016826923076923076
1 0.8365384615384616 0.5745192307692307 0.008413461538461538 0.009615384615384616
1 0.6550480769230769 0.8112980769230769 0.016826923076923076 0.052884615384615384
1 0.6177884615384616 0.8016826923076923 0.013221153846153846 0.01201923076923077
1 0.5985576923076923 0.8293269230769231 0.03125 0.06850961538461539
1 0.8533653846153846 0.43990384615384615 0.021634615384615384 0.042067307692307696
1 0.07932692307692307 0.31850961538461536 0.019230769230769232 0.021634615384615384
1 0.9002403846153846 0.43990384615384615 0.007211538461538462 0.014423076923076924
1 0.7848557692307693 0.5841346153846154 0.014423076923076924 0.013221153846153846
1 0.9735576923076923 0.3173076923076923 0.052884615384615384 0.19230769230769232
1 0.8689903846153846 0.7307692307692307 0.009615384615384616 0.009615384615384616
1 0.9771634615384616 0.625 0.04567307692307692 0.11899038461538461
1 0.8028846153846154 0.5793269230769231 0.02403846153846154 0.03245192307692308
