1 0.6574519230769231 0.46274038461538464 0.009615384615384616 0.01201923076923077
1 0.9158653846153846 0.40384615384615385 0.027644230769230768 0.04326923076923077
1 0.7259615384615384 0.3076923076923077 0.025240384615384616 0.04326923076923077
1 0.7932692307692307 0.17908653846153846 0.027644230769230768 0.030048076923076924
1 0.5528846153846154 0.33413461538461536 0.03245192307692308 0.040865384615384616
1 0.9459134615384616 0.26322115384615385 0.007211538461538462 0.01201923076923077
1 0.9290865384615384 0.2776442307692308 0.013221153846153846 0.013221153846153846
1 0.5829326923076923 0.40865384615384615 0.016826923076923076 0.015625
1 0.05889423076923077 0.4543269230769231 0.027644230769230768 0.040865384615384616
1 0.7487980769230769 0.4098557692307692 0.038461538461538464 0.03245192307692308
1 0.9254807692307693 0.4326923076923077 0.009615384615384616 0.015625
1 0.6009615384615384 0.4495192307692308 0.014423076923076924 0.016826923076923076
1 0.8076923076923077 0.4338942307692308 0.056490384615384616 0.04326923076923077
1 0.8557692307692307 0.4230769230769231 0.037259615384615384 0.026442307692307692
1 0.8942307692307693 0.359375 0.014423076923076924 0.01201923076923077
0 0.9447115384615384 0.02403846153846154 0.11057692307692307 0.04807692307692308
1 0.9639423076923077 0.4026442307692308 0.07091346153846154 0.16826923076923078
1 0.8389423076923077 0.34975961538461536 0.09615384615384616 0.12620192307692307
1 0.9879807692307693 0.31490384615384615 0.02403846153846154 0.038461538461538464
1 0.7211538461538461 0.16826923076923078 0.040865384615384616 0.078125
1 0.2403846153846154 0.9194711538461539 0.06370192307692307 0.10336538461538461
1 0.625 0.39903846153846156 0.010817307692307692 0.004807692307692308
1 0.8245192307692307 0.042067307692307696 0.05048076923076923 0.08413461538461539
1 0.8990384615384616 0.3125 0.027644230769230768 0.02283653846153846
1 0.7139423076923077 0.36899038461538464 0.040865384615384616 0.046875
1 0.025240384615384616 0.6298076923076923 0.007211538461538462 0.015625
1 0.7175480769230769 0.6334134615384616 0.007211538461538462 0.015625
1 0.9074519230769231 0.34615384615384615 0.01201923076923077 0.028846153846153848
1 0.9182692307692307 0.28125 0.016826923076923076 0.02283653846153846
1 0.6634615384615384 0.23317307692307693 0.019230769230769232 0.03245192307692308
1 0.3713942307692308 0.1201923076923077 0.0673076923076923 0.09495192307692307
1 0.6418269230769231 0.4723557692307692 0.02403846153846154 0.02403846153846154
1 0.9891826923076923 0.25721153846153844 0.021634615384615384 0.040865384615384616
1 0.78125 0.3245192307692308 0.07932692307692307 0.11298076923076923
1 0.6418269230769231 0.14903846153846154 0.028846153846153848 0.03485576923076923
1 0.4579326923076923 0.046875 0.078125 0.056490384615384616
0 0.1201923076923077 0.09375 0.2403846153846154 0.18629807692307693
4 0.35216346153846156 0.03365384615384615 0.1141826923076923 0.0673076923076923
1 0.7668269230769231 0.5072115384615384 0.010817307692307692 0.027644230769230768
0 0.7860576923076923 0.06490384615384616 0.1658653846153846 0.12860576923076922
1 0.10576923076923077 0.5480769230769231 0.06610576923076923 0.1346153846153846
1 0.11778846153846154 0.44471153846153844 0.06490384615384616 0.07211538461538461
1 0.042067307692307696 0.6622596153846154 0.02403846153846154 0.03365384615384615
1 0.31009615384615385 0.9543269230769231 0.009615384615384616 0.013221153846153846
1 0.8028846153846154 0.9627403846153846 0.11899038461538461 0.07451923076923077
1 0.6814903846153846 0.7127403846153846 0.019230769230769232 0.019230769230769232
1 0.8641826923076923 0.6069711538461539 0.27163461538461536 0.3245192307692308
1 0.6875 0.6286057692307693 0.02403846153846154 0.02283653846153846
1 0.9254807692307693 0.35096153846153844 0.014423076923076924 0.008413461538461538
1 0.9699519230769231 0.2824519230769231 0.019230769230769232 0.019230769230769232
1 0.7463942307692307 0.24519230769230768 0.039663461538461536 0.03125
1 0.671875 0.11298076923076923 0.030048076923076924 0.038461538461538464
1 0.8846153846153846 0.42788461538461536 0.03125 0.027644230769230768
1 0.8858173076923077 0.4026442307692308 0.009615384615384616 0.009615384615384616
1 0.453125 0.328125 0.038461538461538464 0.039663461538461536
6 0.4050480769230769 0.6430288461538461 0.4411057692307692 0.5012019230769231
1 0.013221153846153846 0.37259615384615385 0.026442307692307692 0.08653846153846154
1 0.028846153846153848 0.7728365384615384 0.057692307692307696 0.09014423076923077
1 0.6586538461538461 0.9723557692307693 0.014423076923076924 0.028846153846153848
1 0.06129807692307692 0.36177884615384615 0.03365384615384615 0.07451923076923077
1 0.7103365384615384 0.6177884615384616 0.009615384615384616 0.019230769230769232
0 0.5144230769230769 0.1502403846153846 0.5204326923076923 0.3004807692307692
1 0.5 0.9254807692307693 0.13581730769230768 0.14783653846153846
4 0.5552884615384616 0.20673076923076922 0.04326923076923077 0.05048076923076923
1 0.09495192307692307 0.9879807692307693 0.010817307692307692 0.010817307692307692
1 0.6947115384615384 0.5492788461538461 0.016826923076923076 0.01201923076923077
1 0.7572115384615384 0.8305288461538461 0.11778846153846154 0.14182692307692307
1 0.0625 0.640625 0.018028846153846152 0.036057692307692304
1 0.04447115384615385 0.8149038461538461 0.009615384615384616 0.019230769230769232
1 0.7055288461538461 0.47596153846153844 0.007211538461538462 0.013221153846153846
1 0.7211538461538461 0.609375 0.01201923076923077 0.025240384615384616
0 0.6442307692307693 0.042067307692307696 0.10576923076923077 0.08413461538461539
0 0.5516826923076923 0.02283653846153846 0.08413461538461539 0.04447115384615385
1 0.71875 0.9579326923076923 0.04807692307692308 0.08413461538461539
1 0.6526442307692307 0.8497596153846154 0.15985576923076922 0.13221153846153846
1 0.6610576923076923 0.5552884615384616 0.054086538461538464 0.1141826923076923
1 0.5973557692307693 0.5108173076923077 0.040865384615384616 0.06610576923076923
1 0.009615384615384616 0.27163461538461536 0.019230769230769232 0.0889423076923077
1 0.7283653846153846 0.5456730769230769 0.008413461538461538 0.01201923076923077
1 0.7091346153846154 0.5252403846153846 0.025240384615384616 0.037259615384615384
1 0.08413461538461539 0.7463942307692307 0.021634615384615384 0.021634615384615384
1 0.09375 0.6622596153846154 0.009615384615384616 0.019230769230769232
1 0.1622596153846154 0.9074519230769231 0.04807692307692308 0.042067307692307696
1 0.671875 0.43990384615384615 0.015625 0.02403846153846154
1 0.7451923076923077 0.47596153846153844 0.009615384615384616 0.010817307692307692
1 0.37259615384615385 0.9435096153846154 0.12379807692307693 0.11298076923076923
1 0.7536057692307693 0.45072115384615385 0.025240384615384616 0.028846153846153848
1 0.6923076923076923 0.5721153846153846 0.018028846153846152 0.026442307692307692
1 0.07932692307692307 0.71875 0.009615384615384616 0.016826923076923076
1 0.9014423076923077 0.8665865384615384 0.19230769230769232 0.2668269230769231
1 0.7115384615384616 0.7019230769230769 0.04807692307692308 0.07451923076923077
0 0.1935096153846154 0.2848557692307692 0.12860576923076922 0.23197115384615385
0 0.3137019230769231 0.28725961538461536 0.15745192307692307 0.2512019230769231
1 0.16466346153846154 0.7740384615384616 0.07692307692307693 0.13701923076923078
