1 0.96875 0.9254807692307693 0.04927884615384615 0.05048076923076923
1 0.8978365384615384 0.13701923076923078 0.04567307692307692 0.18629807692307693
1 0.15745192307692307 0.8641826923076923 0.030048076923076924 0.06490384615384616
1 0.02283653846153846 0.2548076923076923 0.04326923076923077 0.06850961538461539
1 0.1935096153846154 0.5096153846153846 0.04807692307692308 0.06370192307692307
1 0.3269230769230769 0.7560096153846154 0.1201923076923077 0.1141826923076923
1 0.4483173076923077 0.9158653846153846 0.06610576923076923 0.07692307692307693
1 0.9903846153846154 0.5096153846153846 0.019230769230769232 0.046875
1 0.7271634615384616 0.10336538461538461 0.038461538461538464 0.08052884615384616
1 0.27163461538461536 0.4579326923076923 0.0733173076923077 0.08653846153846154
1 0.03245192307692308 0.38221153846153844 0.040865384615384616 0.036057692307692304
1 0.6911057692307693 0.7427884615384616 0.03125 0.03485576923076923
1 0.24639423076923078 0.9266826923076923 0.12740384615384615 0.140625
1 0.5492788461538461 0.03245192307692308 0.04567307692307692 0.05048076923076923
1 0.4567307692307692 0.9723557692307693 0.040865384615384616 0.05048076923076923
1 0.9411057692307693 0.8329326923076923 0.020432692307692308 0.028846153846153848
1 0.21995192307692307 0.71875 0.09134615384615384 0.25721153846153844
1 0.140625 0.5420673076923077 0.038461538461538464 0.08173076923076923
1 0.4230769230769231 0.7091346153846154 0.03245192307692308 0.04447115384615385
1 0.007211538461538462 0.3125 0.014423076923076924 0.04567307692307692
1 0.9759615384615384 0.8762019230769231 0.03125 0.040865384615384616
1 0.09735576923076923 0.25240384615384615 0.06850961538461539 0.08173076923076923
1 0.6598557692307693 0.6117788461538461 0.08413461538461539 0.17307692307692307
1 0.026442307692307692 0.6706730769230769 0.016826923076923076 0.019230769230769232
1 0.7043269230769231 0.23557692307692307 0.04326923076923077 0.06129807692307692
1 0.8317307692307693 0.6370192307692307 0.04326923076923077 0.06009615384615385
1 0.08774038461538461 0.6105769230769231 0.025240384615384616 0.019230769230769232
1 0.8737980769230769 0.8016826923076923 0.0673076923076923 0.07211538461538461
1 0.02403846153846154 0.13822115384615385 0.028846153846153848 0.027644230769230768
1 0.2127403846153846 0.4387019230769231 0.013221153846153846 0.038461538461538464
1 0.7367788461538461 0.3629807692307692 0.057692307692307696 0.07451923076923077
1 0.5961538461538461 0.17548076923076922 0.056490384615384616 0.06009615384615385
1 0.6346153846153846 0.3942307692307692 0.0733173076923077 0.09735576923076923
1 0.9423076923076923 0.9663461538461539 0.03245192307692308 0.027644230769230768
1 0.7151442307692307 0.02403846153846154 0.025240384615384616 0.03365384615384615
1 0.39663461538461536 0.7764423076923077 0.05889423076923077 0.078125
1 0.7271634615384616 0.7007211538461539 0.040865384615384616 0.07451923076923077
1 0.9134615384615384 0.6862980769230769 0.06850961538461539 0.08774038461538461
1 0.6887019230769231 0.421875 0.030048076923076924 0.03125
1 0.40625 0.21033653846153846 0.04567307692307692 0.051682692307692304
1 0.12740384615384615 0.9375 0.06610576923076923 0.07451923076923077
1 0.4951923076923077 0.11177884615384616 0.08413461538461539 0.12620192307692307
1 0.65625 0.23557692307692307 0.040865384615384616 0.056490384615384616
1 0.7980769230769231 0.2704326923076923 0.040865384615384616 0.05048076923076923
1 0.5625 0.4891826923076923 0.042067307692307696 0.04567307692307692
1 0.10096153846153846 0.4699519230769231 0.040865384615384616 0.04927884615384615
1 0.009615384615384616 0.8209134615384616 0.019230769230769232 0.12740384615384615
1 0.9543269230769231 0.1466346153846154 0.07572115384615384 0.0985576923076923
1 0.2439903846153846 0.3870192307692308 0.055288461538461536 0.07091346153846154
1 0.6730769230769231 0.2980769230769231 0.05048076923076923 0.0673076923076923
1 0.9038461538461539 0.9254807692307693 0.014423076923076924 0.028846153846153848
1 0.78125 0.09254807692307693 0.051682692307692304 0.08173076923076923
1 0.06370192307692307 0.18389423076923078 0.042067307692307696 0.06971153846153846
1 0.4987980769230769 0.7223557692307693 0.05048076923076923 0.0733173076923077
1 0.1346153846153846 0.3329326923076923 0.0625 0.11298076923076923
1 0.7980769230769231 0.5324519230769231 0.016826923076923076 0.03125
1 0.171875 0.19230769230769232 0.040865384615384616 0.05889423076923077
1 0.765625 0.578125 0.020432692307692308 0.036057692307692304
1 0.19951923076923078 0.2956730769230769 0.06129807692307692 0.078125
1 0.8701923076923077 0.43509615384615385 0.07211538461538461 0.09615384615384616
1 0.30528846153846156 0.6526442307692307 0.04326923076923077 0.055288461538461536
1 0.8557692307692307 0.055288461538461536 0.018028846153846152 0.02403846153846154
1 0.8990384615384616 0.9831730769230769 0.027644230769230768 0.027644230769230768
1 0.33533653846153844 0.5612980769230769 0.06971153846153846 0.109375
