1 0.15384615384615385 0.5180288461538461 0.016826923076923076 0.016826923076923076
2 0.027644230769230768 0.984375 0.042067307692307696 0.028846153846153848
0 0.04447115384615385 0.27163461538461536 0.0889423076923077 0.10096153846153846
1 0.9242788461538461 0.35096153846153844 0.03485576923076923 0.04326923076923077
0 0.24759615384615385 0.5096153846153846 0.03125 0.02403846153846154
1 0.3581730769230769 0.9170673076923077 0.006009615384615385 0.009615384615384616
0 0.8088942307692307 0.14543269230769232 0.06850961538461539 0.12980769230769232
0 0.7391826923076923 0.36538461538461536 0.030048076923076924 0.038461538461538464
0 0.8834134615384616 0.5300480769230769 0.021634615384615384 0.03245192307692308
1 0.2776442307692308 0.014423076923076924 0.027644230769230768 0.02283653846153846
1 0.4254807692307692 0.8713942307692307 0.021634615384615384 0.019230769230769232
0 0.7175480769230769 0.17908653846153846 0.037259615384615384 0.03245192307692308
2 0.7439903846153846 0.109375 0.1658653846153846 0.21514423076923078
1 0.5661057692307693 0.7223557692307693 0.013221153846153846 0.016826923076923076
0 0.9759615384615384 0.4543269230769231 0.025240384615384616 0.02403846153846154
0 0.65625 0.234375 0.10817307692307693 0.06850961538461539
1 0.3485576923076923 0.29927884615384615 0.11778846153846154 0.09254807692307693
0 0.7163461538461539 0.42427884615384615 0.014423076923076924 0.019230769230769232
0 0.9471153846153846 0.5072115384615384 0.04927884615384615 0.021634615384615384
1 0.9254807692307693 0.5661057692307693 0.021634615384615384 0.021634615384615384
1 0.5576923076923077 0.6682692307692307 0.009615384615384616 0.01201923076923077
1 0.1141826923076923 0.5144230769230769 0.009615384615384616 0.02283653846153846
1 0.016826923076923076 0.4567307692307692 0.013221153846153846 0.019230769230769232
1 0.2980769230769231 0.10576923076923077 0.02403846153846154 0.06610576923076923
0 0.6201923076923077 0.2668269230769231 0.25 0.14423076923076922
0 0.9855769230769231 0.039663461538461536 0.027644230769230768 0.02283653846153846
0 0.09134615384615384 0.15264423076923078 0.026442307692307692 0.04326923076923077
0 0.9663461538461539 0.3870192307692308 0.026442307692307692 0.030048076923076924
0 0.6442307692307693 0.375 0.027644230769230768 0.038461538461538464
0 0.8004807692307693 0.3870192307692308 0.06009615384615385 0.056490384615384616
1 0.7427884615384616 0.43990384615384615 0.019230769230769232 0.018028846153846152
1 0.9615384615384616 0.6514423076923077 0.02403846153846154 0.027644230769230768
11 0.6923076923076923 0.6850961538461539 0.23798076923076922 0.5673076923076923
1 0.9759615384615384 0.21514423076923078 0.027644230769230768 0.03485576923076923
1 0.4579326923076923 0.015625 0.018028846153846152 0.019230769230769232
1 0.2439903846153846 0.9026442307692307 0.036057692307692304 0.02403846153846154
1 0.10096153846153846 0.7836538461538461 0.019230769230769232 0.026442307692307692
0 0.07451923076923077 0.4014423076923077 0.025240384615384616 0.03365384615384615
0 0.019230769230769232 0.40384615384615385 0.026442307692307692 0.036057692307692304
0 0.859375 0.41346153846153844 0.014423076923076924 0.026442307692307692
1 0.9447115384615384 0.6694711538461539 0.007211538461538462 0.014423076923076924
0 0.5060096153846154 0.3557692307692308 0.9879807692307693 0.19230769230769232
2 0.03365384615384615 0.22235576923076922 0.06610576923076923 0.0673076923076923
0 0.15625 0.4495192307692308 0.019230769230769232 0.028846153846153848
1 0.15745192307692307 0.6370192307692307 0.01201923076923077 0.013221153846153846
0 0.9002403846153846 0.44711538461538464 0.013221153846153846 0.019230769230769232
3 0.5625 0.140625 0.32211538461538464 0.2800480769230769
2 0.3016826923076923 0.9447115384615384 0.04567307692307692 0.10697115384615384
1 0.32091346153846156 0.18269230769230768 0.056490384615384616 0.05048076923076923
0 0.30649038461538464 0.15504807692307693 0.06971153846153846 0.055288461538461536
1 0.9915865384615384 0.8389423076923077 0.016826923076923076 0.014423076923076924
1 0.9362980769230769 0.7776442307692307 0.007211538461538462 0.01201923076923077
0 0.2091346153846154 0.46875 0.03485576923076923 0.03245192307692308
0 0.5252403846153846 0.4050480769230769 0.013221153846153846 0.026442307692307692
0 0.8822115384615384 0.3870192307692308 0.036057692307692304 0.027644230769230768
1 0.9915865384615384 0.018028846153846152 0.016826923076923076 0.03365384615384615
0 0.09134615384615384 0.027644230769230768 0.18269230769230768 0.055288461538461536
1 0.22115384615384615 0.07451923076923077 0.02403846153846154 0.027644230769230768
1 0.2548076923076923 0.057692307692307696 0.018028846153846152 0.021634615384615384
1 0.5108173076923077 0.015625 0.020432692307692308 0.019230769230769232
1 0.7560096153846154 0.06610576923076923 0.019230769230769232 0.028846153846153848
1 0.7920673076923077 0.01201923076923077 0.021634615384615384 0.021634615384615384
1 0.9723557692307693 0.0889423076923077 0.038461538461538464 0.040865384615384616
