1 0.42788461538461536 0.47716346153846156 0.016826923076923076 0.02283653846153846
4 0.08774038461538461 0.35216346153846156 0.02403846153846154 0.027644230769230768
4 0.6790865384615384 0.5384615384615384 0.026442307692307692 0.03245192307692308
4 0.8161057692307693 0.6418269230769231 0.021634615384615384 0.027644230769230768
4 0.6370192307692307 0.22235576923076922 0.021634615384615384 0.02283653846153846
1 0.040865384615384616 0.18269230769230768 0.016826923076923076 0.019230769230769232
1 0.3076923076923077 0.14423076923076922 0.06129807692307692 0.08774038461538461
1 0.8725961538461539 0.8100961538461539 0.20432692307692307 0.140625
1 0.8641826923076923 0.07451923076923077 0.042067307692307696 0.06129807692307692
1 0.09615384615384616 0.31009615384615385 0.042067307692307696 0.06610576923076923
1 0.25841346153846156 0.19831730769230768 0.038461538461538464 0.036057692307692304
1 0.06490384615384616 0.5913461538461539 0.03125 0.04326923076923077
1 0.006009615384615385 0.5456730769230769 0.01201923076923077 0.03485576923076923
4 0.3737980769230769 0.4831730769230769 0.021634615384615384 0.03125
4 0.6802884615384616 0.2764423076923077 0.02403846153846154 0.03125
4 0.8461538461538461 0.17307692307692307 0.028846153846153848 0.03365384615384615
2 0.046875 0.10697115384615384 0.09254807692307693 0.0829326923076923
1 0.006009615384615385 0.21875 0.01201923076923077 0.036057692307692304
1 0.019230769230769232 0.296875 0.037259615384615384 0.054086538461538464
1 0.19951923076923078 0.25961538461538464 0.08413461538461539 0.07451923076923077
1 0.13221153846153846 0.3605769230769231 0.026442307692307692 0.02403846153846154
1 0.203125 0.7644230769230769 0.04447115384615385 0.07211538461538461
1 0.03125 0.9495192307692307 0.06129807692307692 0.0985576923076923
1 0.015625 0.6514423076923077 0.03125 0.04326923076923077
1 0.17548076923076922 0.4098557692307692 0.0673076923076923 0.07451923076923077
4 0.9471153846153846 0.75 0.02403846153846154 0.03125
1 0.040865384615384616 0.5540865384615384 0.027644230769230768 0.05048076923076923
4 0.9519230769230769 0.44711538461538464 0.025240384615384616 0.03125
4 0.6358173076923077 0.8822115384615384 0.02403846153846154 0.028846153846153848
1 0.359375 0.8329326923076923 0.036057692307692304 0.046875
4 0.15865384615384615 0.7223557692307693 0.020432692307692308 0.02403846153846154
4 0.5793269230769231 0.515625 0.02403846153846154 0.03125
4 0.6057692307692307 0.42427884615384615 0.03485576923076923 0.04807692307692308
4 0.921875 0.22956730769230768 0.030048076923076924 0.03365384615384615
4 0.8365384615384616 0.03485576923076923 0.028846153846153848 0.039663461538461536
2 0.7271634615384616 0.7704326923076923 0.1346153846153846 0.03365384615384615
1 0.9603365384615384 0.8653846153846154 0.07932692307692307 0.171875
4 0.7584134615384616 0.09134615384615384 0.02403846153846154 0.028846153846153848
1 0.1875 0.3269230769230769 0.03485576923076923 0.05048076923076923
1 0.296875 0.6935096153846154 0.11778846153846154 0.0829326923076923
1 0.24639423076923078 0.6850961538461539 0.02403846153846154 0.037259615384615384
1 0.43990384615384615 0.71875 0.04807692307692308 0.07451923076923077
1 0.34375 0.6658653846153846 0.028846153846153848 0.036057692307692304
1 0.34375 0.7115384615384616 0.027644230769230768 0.04807692307692308
1 0.43990384615384615 0.37259615384615385 0.05048076923076923 0.037259615384615384
1 0.16466346153846154 0.0985576923076923 0.2932692307692308 0.18990384615384615
1 0.20432692307692307 0.8052884615384616 0.013221153846153846 0.018028846153846152
1 0.46153846153846156 0.6598557692307693 0.03485576923076923 0.055288461538461536
4 0.9074519230769231 0.6550480769230769 0.02403846153846154 0.039663461538461536
4 0.9411057692307693 0.2860576923076923 0.021634615384615384 0.040865384615384616
1 0.3858173076923077 0.7572115384615384 0.0625 0.05048076923076923
1 0.6021634615384616 0.2644230769230769 0.016826923076923076 0.021634615384615384
4 0.23197115384615385 0.8076923076923077 0.038461538461538464 0.05048076923076923
4 0.13701923076923078 0.7463942307692307 0.019230769230769232 0.027644230769230768
4 0.13701923076923078 0.7764423076923077 0.02403846153846154 0.03125
4 0.20072115384615385 0.8617788461538461 0.02403846153846154 0.027644230769230768
4 0.46875 0.5096153846153846 0.025240384615384616 0.028846153846153848
4 0.6177884615384616 0.056490384615384616 0.026442307692307692 0.028846153846153848
4 0.3918269230769231 0.9699519230769231 0.027644230769230768 0.03125
4 0.4230769230769231 0.8052884615384616 0.02403846153846154 0.03245192307692308
1 0.3245192307692308 0.01201923076923077 0.03485576923076923 0.02403846153846154
4 0.9086538461538461 0.3858173076923077 0.025240384615384616 0.030048076923076924
4 0.9435096153846154 0.4098557692307692 0.02403846153846154 0.027644230769230768
4 0.7199519230769231 0.21634615384615385 0.030048076923076924 0.04326923076923077
4 0.3737980769230769 0.7151442307692307 0.025240384615384616 0.03125
4 0.4519230769230769 0.5997596153846154 0.02403846153846154 0.027644230769230768
1 0.9891826923076923 0.6153846153846154 0.021634615384615384 0.04326923076923077
1 0.47596153846153844 0.021634615384615384 0.027644230769230768 0.040865384615384616
1 0.03485576923076923 0.3329326923076923 0.04326923076923077 0.036057692307692304
4 0.6899038461538461 0.8966346153846154 0.016826923076923076 0.026442307692307692
4 0.13942307692307693 0.9891826923076923 0.027644230769230768 0.019230769230769232
4 0.7644230769230769 0.7055288461538461 0.02403846153846154 0.03245192307692308
4 0.4266826923076923 0.20552884615384615 0.02403846153846154 0.027644230769230768
1 0.8016826923076923 0.021634615384615384 0.014423076923076924 0.019230769230769232
1 0.12980769230769232 0.9146634615384616 0.25961538461538464 0.16105769230769232
4 0.30408653846153844 0.6682692307692307 0.02283653846153846 0.03365384615384615
1 0.0625 0.7235576923076923 0.125 0.22235576923076922
1 0.11057692307692307 0.4795673076923077 0.22115384615384615 0.24639423076923078
1 0.41466346153846156 0.9771634615384616 0.040865384615384616 0.037259615384615384
1 0.9471153846153846 0.3389423076923077 0.1045673076923077 0.375
1 0.7512019230769231 0.5576923076923077 0.1346153846153846 0.18870192307692307
4 0.030048076923076924 0.2548076923076923 0.019230769230769232 0.026442307692307692
4 0.1045673076923077 0.21875 0.02403846153846154 0.038461538461538464
4 0.25240384615384615 0.3088942307692308 0.025240384615384616 0.03485576923076923
4 0.47596153846153844 0.5685096153846154 0.03245192307692308 0.037259615384615384
4 0.3425480769230769 0.53125 0.03365384615384615 0.038461538461538464
4 0.14302884615384615 0.24158653846153846 0.019230769230769232 0.02283653846153846
4 0.038461538461538464 0.6201923076923077 0.025240384615384616 0.03245192307692308
4 0.21875 0.3317307692307692 0.018028846153846152 0.026442307692307692
4 0.22596153846153846 0.3581730769230769 0.02403846153846154 0.03365384615384615
1 0.33653846153846156 0.0625 0.04447115384615385 0.04927884615384615
4 0.44711538461538464 0.234375 0.026442307692307692 0.027644230769230768
4 0.11899038461538461 0.609375 0.021634615384615384 0.03125
4 0.5961538461538461 0.9230769230769231 0.026442307692307692 0.037259615384615384
1 0.2704326923076923 0.41346153846153844 0.09735576923076923 0.2127403846153846
1 0.4795673076923077 0.7704326923076923 0.17067307692307693 0.3858173076923077
1 0.5168269230769231 0.3016826923076923 0.14423076923076922 0.15264423076923078
1 0.7920673076923077 0.36778846153846156 0.2512019230769231 0.22235576923076922
1 0.625 0.6538461538461539 0.010817307692307692 0.018028846153846152
1 0.18629807692307693 0.8161057692307693 0.019230769230769232 0.03245192307692308
1 0.20552884615384615 0.6442307692307693 0.04447115384615385 0.08173076923076923
1 0.15384615384615385 0.671875 0.04567307692307692 0.037259615384615384
1 0.4014423076923077 0.6069711538461539 0.09254807692307693 0.15264423076923078
1 0.5889423076923077 0.9290865384615384 0.1141826923076923 0.12379807692307693
1 0.6971153846153846 0.6899038461538461 0.0985576923076923 0.09615384615384616
1 0.7896634615384616 0.9507211538461539 0.2247596153846154 0.09735576923076923
1 0.9867788461538461 0.6574519230769231 0.026442307692307692 0.040865384615384616
1 0.13341346153846154 0.125 0.02283653846153846 0.027644230769230768
1 0.9567307692307693 0.5625 0.07451923076923077 0.06850961538461539
1 0.46634615384615385 0.9807692307692307 0.040865384615384616 0.03125
4 0.7776442307692307 0.8870192307692307 0.021634615384615384 0.03365384615384615
4 0.6887019230769231 0.7944711538461539 0.021634615384615384 0.027644230769230768
4 0.9182692307692307 0.9699519230769231 0.021634615384615384 0.03365384615384615
4 0.49759615384615385 0.9266826923076923 0.021634615384615384 0.03125
1 0.06610576923076923 0.24158653846153846 0.040865384615384616 0.078125
4 0.5480769230769231 0.9603365384615384 0.020432692307692308 0.026442307692307692
4 0.49759615384615385 0.5516826923076923 0.025240384615384616 0.027644230769230768
1 0.6129807692307693 0.6586538461538461 0.10096153846153846 0.18028846153846154
1 0.9146634615384616 0.10336538461538461 0.17067307692307693 0.20192307692307693
1 0.6045673076923077 0.1346153846153846 0.4675480769230769 0.2692307692307692
1 0.6177884615384616 0.8028846153846154 0.10096153846153846 0.09254807692307693
1 0.9723557692307693 0.7884615384615384 0.016826923076923076 0.015625
1 0.9807692307692307 0.7319711538461539 0.038461538461538464 0.08774038461538461
1 0.9423076923076923 0.7175480769230769 0.030048076923076924 0.027644230769230768
1 0.3918269230769231 0.32211538461538464 0.052884615384615384 0.06129807692307692
1 0.34134615384615385 0.24158653846153846 0.08774038461538461 0.10096153846153846
1 0.6225961538461539 0.3161057692307692 0.027644230769230768 0.05048076923076923
4 0.11298076923076923 0.14423076923076922 0.02403846153846154 0.03245192307692308
4 0.19110576923076922 0.9050480769230769 0.027644230769230768 0.03245192307692308
4 0.10096153846153846 0.9891826923076923 0.025240384615384616 0.019230769230769232
4 0.28125 0.7776442307692307 0.03125 0.037259615384615384
4 0.2920673076923077 0.4639423076923077 0.027644230769230768 0.040865384615384616
4 0.3737980769230769 0.6394230769230769 0.026442307692307692 0.040865384615384616
4 0.6622596153846154 0.8125 0.036057692307692304 0.04567307692307692
4 0.22596153846153846 0.7367788461538461 0.03245192307692308 0.03245192307692308
1 0.8545673076923077 0.6117788461538461 0.16706730769230768 0.23076923076923078
1 0.8918269230769231 0.4651442307692308 0.02403846153846154 0.05048076923076923
2 0.6634615384615384 0.8858173076923077 0.06129807692307692 0.12139423076923077
1 0.9579326923076923 0.028846153846153848 0.08413461538461539 0.04807692307692308
1 0.36538461538461536 0.11298076923076923 0.03485576923076923 0.09014423076923077
1 0.3762019230769231 0.4411057692307692 0.09014423076923077 0.08173076923076923
4 0.171875 0.6262019230769231 0.026442307692307692 0.040865384615384616
1 0.32572115384615385 0.9002403846153846 0.1622596153846154 0.1971153846153846
1 0.27524038461538464 0.5925480769230769 0.10817307692307693 0.12860576923076922
4 0.1310096153846154 0.3329326923076923 0.01201923076923077 0.03125
