4 0.32091346153846156 0.18629807692307693 0.19110576923076922 0.25961538461538464
1 0.9615384615384616 0.5384615384615384 0.07572115384615384 0.09375
1 0.35336538461538464 0.027644230769230768 0.052884615384615384 0.055288461538461536
1 0.5588942307692307 0.8088942307692307 0.10336538461538461 0.24158653846153846
1 0.9615384615384616 0.9447115384615384 0.07572115384615384 0.08413461538461539
4 0.1141826923076923 0.1971153846153846 0.18028846153846154 0.2956730769230769
1 0.036057692307692304 0.026442307692307692 0.07211538461538461 0.051682692307692304
1 0.8052884615384616 0.7596153846153846 0.11177884615384616 0.19230769230769232
1 0.8786057692307693 0.1875 0.24278846153846154 0.37259615384615385
1 0.625 0.20072115384615385 0.15985576923076922 0.14182692307692307
1 0.9615384615384616 0.7572115384615384 0.07692307692307693 0.2776442307692308
1 0.8701923076923077 0.5324519230769231 0.13942307692307693 0.23798076923076922
1 0.9290865384615384 0.41225961538461536 0.12139423076923077 0.06971153846153846
1 0.6310096153846154 0.0625 0.20192307692307693 0.125
1 0.4879807692307692 0.18028846153846154 0.14302884615384615 0.18990384615384615
1 0.6899038461538461 0.6670673076923077 0.22956730769230768 0.6574519230769231
1 0.8978365384615384 0.7704326923076923 0.07692307692307693 0.16105769230769232
1 0.13701923076923078 0.018028846153846152 0.03485576923076923 0.03485576923076923
1 0.7512019230769231 0.16346153846153846 0.04807692307692308 0.06610576923076923
3 0.43028846153846156 0.6346153846153846 0.23317307692307693 0.59375
1 0.734375 0.2403846153846154 0.042067307692307696 0.0673076923076923
1 0.5024038461538461 0.020432692307692308 0.06850961538461539 0.040865384615384616
1 0.5240384615384616 0.9771634615384616 0.07692307692307693 0.04447115384615385
1 0.8629807692307693 0.9170673076923077 0.10336538461538461 0.10096153846153846
1 0.5012019230769231 0.40024038461538464 0.17427884615384615 0.27163461538461536
1 0.23557692307692307 0.6706730769230769 0.47115384615384615 0.6490384615384616
