1 0.5841346153846154 0.21514423076923078 0.02403846153846154 0.03365384615384615
1 0.07932692307692307 0.3713942307692308 0.036057692307692304 0.05048076923076923
0 0.11177884615384616 0.038461538461538464 0.06610576923076923 0.07692307692307693
2 0.7548076923076923 0.7620192307692307 0.11538461538461539 0.4735576923076923
1 0.15384615384615385 0.21754807692307693 0.03365384615384615 0.08173076923076923
1 0.5733173076923077 0.6225961538461539 0.055288461538461536 0.10697115384615384
1 0.7355769230769231 0.28365384615384615 0.051682692307692304 0.04807692307692308
1 0.5841346153846154 0.4831730769230769 0.028846153846153848 0.027644230769230768
1 0.5072115384615384 0.8942307692307693 0.037259615384615384 0.04447115384615385
1 0.10817307692307693 0.5588942307692307 0.055288461538461536 0.10216346153846154
1 0.9375 0.06009615384615385 0.028846153846153848 0.03125
4 0.7259615384615384 0.16706730769230768 0.03485576923076923 0.042067307692307696
1 0.6370192307692307 0.6129807692307693 0.025240384615384616 0.021634615384615384
1 0.6947115384615384 0.5144230769230769 0.03485576923076923 0.07211538461538461
1 0.6418269230769231 0.4699519230769231 0.052884615384615384 0.055288461538461536
1 0.6213942307692307 0.3317307692307692 0.06850961538461539 0.07091346153846154
1 0.03365384615384615 0.6081730769230769 0.040865384615384616 0.05048076923076923
1 0.8461538461538461 0.140625 0.040865384615384616 0.054086538461538464
1 0.8341346153846154 0.9158653846153846 0.026442307692307692 0.038461538461538464
1 0.41586538461538464 0.734375 0.030048076923076924 0.039663461538461536
1 0.5625 0.7956730769230769 0.019230769230769232 0.027644230769230768
1 0.18389423076923078 0.3473557692307692 0.04326923076923077 0.04326923076923077
1 0.31850961538461536 0.3762019230769231 0.040865384615384616 0.05048076923076923
1 0.90625 0.5588942307692307 0.04927884615384615 0.06009615384615385
1 0.890625 0.32211538461538464 0.08774038461538461 0.10336538461538461
1 0.5625 0.6959134615384616 0.027644230769230768 0.03485576923076923
1 0.09254807692307693 0.2704326923076923 0.15264423076923078 0.07451923076923077
1 0.44591346153846156 0.7271634615384616 0.10336538461538461 0.16826923076923078
1 0.8173076923076923 0.18870192307692307 0.04326923076923077 0.04447115384615385
1 0.18028846153846154 0.8617788461538461 0.021634615384615384 0.026442307692307692
2 0.9747596153846154 0.4014423076923077 0.05048076923076923 0.23798076923076922
0 0.234375 0.12860576923076922 0.055288461538461536 0.06850961538461539
1 0.039663461538461536 0.9519230769230769 0.04927884615384615 0.07932692307692307
1 0.234375 0.953125 0.03485576923076923 0.04567307692307692
1 0.12379807692307693 0.8209134615384616 0.03245192307692308 0.037259615384615384
1 0.07091346153846154 0.7427884615384616 0.051682692307692304 0.06129807692307692
1 0.8725961538461539 0.6754807692307693 0.027644230769230768 0.06129807692307692
1 0.08533653846153846 0.9038461538461539 0.05889423076923077 0.06610576923076923
4 0.7139423076923077 0.09014423076923077 0.030048076923076924 0.027644230769230768
1 0.44350961538461536 0.8798076923076923 0.08052884615384616 0.04567307692307692
1 0.5096153846153846 0.5745192307692307 0.05889423076923077 0.109375
0 0.37740384615384615 0.055288461538461536 0.06129807692307692 0.10216346153846154
1 0.5396634615384616 0.4519230769230769 0.07451923076923077 0.06850961538461539
6 0.25721153846153844 0.5817307692307693 0.27524038461538464 0.2920673076923077
1 0.6802884615384616 0.6201923076923077 0.04326923076923077 0.046875
1 0.9182692307692307 0.7271634615384616 0.026442307692307692 0.04447115384615385
1 0.43990384615384615 0.3004807692307692 0.037259615384615384 0.042067307692307696
1 0.5228365384615384 0.7247596153846154 0.027644230769230768 0.037259615384615384
1 0.3870192307692308 0.3449519230769231 0.02403846153846154 0.036057692307692304
1 0.20673076923076922 0.41225961538461536 0.03365384615384615 0.027644230769230768
1 0.7956730769230769 0.765625 0.025240384615384616 0.030048076923076924
1 0.8846153846153846 0.921875 0.021634615384615384 0.019230769230769232
1 0.5588942307692307 0.13221153846153846 0.036057692307692304 0.03245192307692308
1 0.30649038461538464 0.8425480769230769 0.021634615384615384 0.026442307692307692
1 0.3473557692307692 0.8569711538461539 0.020432692307692308 0.026442307692307692
1 0.20072115384615385 0.051682692307692304 0.014423076923076924 0.026442307692307692
1 0.46153846153846156 0.039663461538461536 0.055288461538461536 0.078125
1 0.5060096153846154 0.15985576923076922 0.052884615384615384 0.078125
1 0.34615384615384615 0.04326923076923077 0.016826923076923076 0.07091346153846154
1 0.04567307692307692 0.19951923076923078 0.021634615384615384 0.03245192307692308
1 0.4230769230769231 0.15264423076923078 0.014423076923076924 0.02283653846153846
1 0.3125 0.265625 0.028846153846153848 0.030048076923076924
1 0.7271634615384616 0.05889423076923077 0.037259615384615384 0.040865384615384616
1 0.609375 0.4170673076923077 0.04567307692307692 0.040865384615384616
1 0.17908653846153846 0.09014423076923077 0.020432692307692308 0.021634615384615384
1 0.21514423076923078 0.8329326923076923 0.040865384615384616 0.05048076923076923
1 0.10697115384615384 0.6730769230769231 0.025240384615384616 0.03245192307692308
1 0.6346153846153846 0.10216346153846154 0.030048076923076924 0.056490384615384616
1 0.6418269230769231 0.8521634615384616 0.030048076923076924 0.026442307692307692
1 0.7884615384615384 0.3473557692307692 0.028846153846153848 0.03365384615384615
1 0.6430288461538461 0.6802884615384616 0.01201923076923077 0.03485576923076923
1 0.796875 0.3954326923076923 0.014423076923076924 0.02283653846153846
1 0.8629807692307693 0.5913461538461539 0.016826923076923076 0.014423076923076924
1 0.8449519230769231 0.6646634615384616 0.013221153846153846 0.02403846153846154
1 0.9170673076923077 0.4170673076923077 0.016826923076923076 0.02283653846153846
1 0.8353365384615384 0.5769230769230769 0.016826923076923076 0.021634615384615384
