1 0.20192307692307693 0.7512019230769231 0.11298076923076923 0.08052884615384616
1 0.42908653846153844 0.21394230769230768 0.03125 0.03485576923076923
1 0.2548076923076923 0.3605769230769231 0.040865384615384616 0.055288461538461536
1 0.2824519230769231 0.296875 0.03245192307692308 0.040865384615384616
1 0.1141826923076923 0.7223557692307693 0.054086538461538464 0.0889423076923077
0 0.1310096153846154 0.9495192307692307 0.10096153846153846 0.0985576923076923
1 0.38100961538461536 0.25721153846153844 0.04447115384615385 0.05048076923076923
1 0.546875 0.7115384615384616 0.04567307692307692 0.051682692307692304
1 0.6814903846153846 0.6382211538461539 0.040865384615384616 0.057692307692307696
1 0.3161057692307692 0.13822115384615385 0.03485576923076923 0.051682692307692304
1 0.05048076923076923 0.014423076923076924 0.10096153846153846 0.027644230769230768
1 0.02283653846153846 0.13822115384615385 0.04567307692307692 0.09375
1 0.12740384615384615 0.15144230769230768 0.04927884615384615 0.109375
1 0.23677884615384615 0.17307692307692307 0.040865384615384616 0.04326923076923077
1 0.48677884615384615 0.2127403846153846 0.03485576923076923 0.06129807692307692
1 0.27524038461538464 0.5072115384615384 0.021634615384615384 0.04807692307692308
1 0.18870192307692307 0.2439903846153846 0.02403846153846154 0.026442307692307692
1 0.24519230769230768 0.8401442307692307 0.09014423076923077 0.11899038461538461
1 0.06009615384615385 0.2644230769230769 0.1201923076923077 0.1346153846153846
1 0.030048076923076924 0.6394230769230769 0.037259615384615384 0.04567307692307692
1 0.02403846153846154 0.7415865384615384 0.04807692307692308 0.07692307692307693
1 0.14783653846153846 0.2620192307692308 0.03365384615384615 0.039663461538461536
1 0.15144230769230768 0.5552884615384616 0.051682692307692304 0.06009615384615385
1 0.4362980769230769 0.3701923076923077 0.040865384615384616 0.06971153846153846
1 0.32211538461538464 0.390625 0.08653846153846154 0.12379807692307693
1 0.4411057692307692 0.14543269230769232 0.026442307692307692 0.02403846153846154
1 0.5084134615384616 0.3161057692307692 0.10697115384615384 0.1346153846153846
1 0.23197115384615385 0.2848557692307692 0.06850961538461539 0.08653846153846154
1 0.08173076923076923 0.11298076923076923 0.037259615384615384 0.05048076923076923
1 0.4338942307692308 0.8533653846153846 0.027644230769230768 0.03485576923076923
1 0.5973557692307693 0.7800480769230769 0.09735576923076923 0.12980769230769232
0 0.859375 0.09375 0.2764423076923077 0.1875
1 0.052884615384615384 0.49038461538461536 0.1045673076923077 0.2536057692307692
1 0.23317307692307693 0.5901442307692307 0.021634615384615384 0.027644230769230768
0 0.3918269230769231 0.7788461538461539 0.6009615384615384 0.4423076923076923
2 0.890625 0.6153846153846154 0.21754807692307693 0.7487980769230769
3 0.6790865384615384 0.5012019230769231 0.4026442307692308 0.9963942307692307
0 0.625 0.12740384615384615 0.11778846153846154 0.2536057692307692
1 0.21995192307692307 0.5132211538461539 0.052884615384615384 0.0673076923076923
1 0.3762019230769231 0.3449519230769231 0.038461538461538464 0.07091346153846154
1 0.2403846153846154 0.05048076923076923 0.09615384615384616 0.10096153846153846
1 0.2704326923076923 0.21514423076923078 0.057692307692307696 0.05889423076923077
1 0.47716346153846156 0.7331730769230769 0.09254807692307693 0.08774038461538461
