1 0.671875 0.0625 0.026442307692307692 0.04567307692307692
0 0.6754807692307693 0.5444711538461539 0.04447115384615385 0.054086538461538464
1 0.6286057692307693 0.14182692307692307 0.02403846153846154 0.027644230769230768
0 0.12379807692307693 0.48197115384615385 0.24759615384615385 0.5432692307692307
1 0.26802884615384615 0.2091346153846154 0.07091346153846154 0.09495192307692307
0 0.3762019230769231 0.46153846153846156 0.10336538461538461 0.17548076923076922
0 0.5973557692307693 0.8713942307692307 0.038461538461538464 0.055288461538461536
0 0.6586538461538461 0.8725961538461539 0.06129807692307692 0.10697115384615384
1 0.8076923076923077 0.5 0.03125 0.02403846153846154
0 0.31971153846153844 0.875 0.27884615384615385 0.2439903846153846
1 0.3112980769230769 0.4579326923076923 0.021634615384615384 0.030048076923076924
1 0.7199519230769231 0.06370192307692307 0.025240384615384616 0.07091346153846154
1 0.6658653846153846 0.22596153846153846 0.014423076923076924 0.021634615384615384
1 0.9507211538461539 0.36778846153846156 0.05889423076923077 0.109375
10 0.23798076923076922 0.5 0.47596153846153844 0.9963942307692307
1 0.33533653846153844 0.34615384615384615 0.016826923076923076 0.019230769230769232
0 0.734375 0.18389423076923078 0.5144230769230769 0.36658653846153844
1 0.7139423076923077 0.5757211538461539 0.040865384615384616 0.09615384615384616
1 0.4411057692307692 0.703125 0.13822115384615385 0.15504807692307693
1 0.46033653846153844 0.8485576923076923 0.016826923076923076 0.021634615384615384
0 0.013221153846153846 0.3762019230769231 0.026442307692307692 0.06490384615384616
1 0.3137019230769231 0.13221153846153846 0.0829326923076923 0.09495192307692307
1 0.3401442307692308 0.3161057692307692 0.014423076923076924 0.013221153846153846
1 0.75 0.10336538461538461 0.015625 0.02283653846153846
1 0.5228365384615384 0.12620192307692307 0.055288461538461536 0.0733173076923077
1 0.4098557692307692 0.18990384615384615 0.04326923076923077 0.046875
1 0.43509615384615385 0.3401442307692308 0.03245192307692308 0.027644230769230768
0 0.026442307692307692 0.4362980769230769 0.03485576923076923 0.04447115384615385
0 0.5072115384615384 0.75 0.03245192307692308 0.04447115384615385
0 0.6526442307692307 0.6766826923076923 0.06490384615384616 0.1141826923076923
10 0.5012019230769231 0.6057692307692307 0.9975961538461539 0.7788461538461539
1 0.08173076923076923 0.6911057692307693 0.03485576923076923 0.03365384615384615
1 0.12860576923076922 0.265625 0.06850961538461539 0.09735576923076923
1 0.16105769230769232 0.042067307692307696 0.040865384615384616 0.052884615384615384
1 0.21754807692307693 0.5685096153846154 0.018028846153846152 0.019230769230769232
1 0.765625 0.5757211538461539 0.04567307692307692 0.07692307692307693
1 0.4651442307692308 0.15625 0.03485576923076923 0.03485576923076923
1 0.9831730769230769 0.7247596153846154 0.02403846153846154 0.027644230769230768
1 0.9543269230769231 0.703125 0.008413461538461538 0.021634615384615384
1 0.8413461538461539 0.8677884615384616 0.027644230769230768 0.03365384615384615
1 0.9519230769230769 0.8197115384615384 0.09014423076923077 0.12980769230769232
1 0.48677884615384615 0.9771634615384616 0.042067307692307696 0.04447115384615385
1 0.6117788461538461 0.9615384615384616 0.02283653846153846 0.016826923076923076
1 0.6478365384615384 0.7848557692307693 0.016826923076923076 0.02283653846153846
1 0.11899038461538461 0.5673076923076923 0.03485576923076923 0.04326923076923077
1 0.15865384615384615 0.7391826923076923 0.03245192307692308 0.0625
0 0.9735576923076923 0.625 0.052884615384615384 0.09615384615384616
1 0.8894230769230769 0.78125 0.019230769230769232 0.020432692307692308
1 0.8365384615384616 0.7644230769230769 0.019230769230769232 0.016826923076923076
1 0.59375 0.49759615384615385 0.06971153846153846 0.06009615384615385
1 0.7247596153846154 0.6947115384615384 0.027644230769230768 0.036057692307692304
1 0.06490384615384616 0.8028846153846154 0.12980769230769232 0.08653846153846154
1 0.008413461538461538 0.5733173076923077 0.016826923076923076 0.030048076923076924
1 0.24278846153846154 0.4639423076923077 0.010817307692307692 0.02283653846153846
1 0.38341346153846156 0.2536057692307692 0.055288461538461536 0.055288461538461536
1 0.6911057692307693 0.39783653846153844 0.06009615384615385 0.06610576923076923
1 0.6177884615384616 0.9362980769230769 0.014423076923076924 0.02403846153846154
1 0.6346153846153846 0.9939903846153846 0.02283653846153846 0.01201923076923077
1 0.5504807692307693 0.8076923076923077 0.025240384615384616 0.037259615384615384
1 0.038461538461538464 0.7103365384615384 0.02283653846153846 0.019230769230769232
1 0.23798076923076922 0.08173076923076923 0.09014423076923077 0.16346153846153846
1 0.5420673076923077 0.37259615384615385 0.009615384615384616 0.02283653846153846
1 0.6370192307692307 0.2776442307692308 0.021634615384615384 0.02283653846153846
1 0.1935096153846154 0.9002403846153846 0.027644230769230768 0.02283653846153846
1 0.8221153846153846 0.8233173076923077 0.016826923076923076 0.02403846153846154
1 0.7247596153846154 0.9326923076923077 0.02403846153846154 0.027644230769230768
1 0.9206730769230769 0.9567307692307693 0.15865384615384615 0.08533653846153846
1 0.8846153846153846 0.8173076923076923 0.02283653846153846 0.02403846153846154
1 0.5360576923076923 0.6225961538461539 0.039663461538461536 0.06009615384615385
1 0.17067307692307693 0.3557692307692308 0.016826923076923076 0.016826923076923076
1 0.04567307692307692 0.2764423076923077 0.057692307692307696 0.0625
1 0.16706730769230768 0.1346153846153846 0.11538461538461539 0.1346153846153846
1 0.036057692307692304 0.09375 0.03245192307692308 0.028846153846153848
1 0.48677884615384615 0.6069711538461539 0.042067307692307696 0.08413461538461539
0 0.9314903846153846 0.4567307692307692 0.13701923076923078 0.13341346153846154
1 0.5348557692307693 0.9447115384615384 0.01201923076923077 0.016826923076923076
1 0.5 0.21153846153846154 0.04567307692307692 0.04927884615384615
1 0.07451923076923077 0.17307692307692307 0.07692307692307693 0.10697115384615384
0 0.7572115384615384 0.7980769230769231 0.051682692307692304 0.054086538461538464
0 0.8858173076923077 0.6911057692307693 0.07692307692307693 0.12620192307692307
1 0.5913461538461539 0.6105769230769231 0.04807692307692308 0.057692307692307696
1 0.7704326923076923 0.4651442307692308 0.04807692307692308 0.08173076923076923
1 0.09975961538461539 0.6454326923076923 0.03125 0.027644230769230768
1 0.31971153846153844 0.046875 0.09014423076923077 0.078125
1 0.4579326923076923 0.2776442307692308 0.019230769230769232 0.042067307692307696
1 0.4098557692307692 0.3449519230769231 0.03125 0.027644230769230768
1 0.6814903846153846 0.15264423076923078 0.01201923076923077 0.028846153846153848
1 0.125 0.41225961538461536 0.025240384615384616 0.03125
1 0.5588942307692307 0.6887019230769231 0.09615384615384616 0.06610576923076923
1 0.8990384615384616 0.5853365384615384 0.021634615384615384 0.018028846153846152
1 0.8653846153846154 0.7776442307692307 0.016826923076923076 0.020432692307692308
1 0.051682692307692304 0.6598557692307693 0.021634615384615384 0.027644230769230768
1 0.9122596153846154 0.6129807692307693 0.056490384615384616 0.03485576923076923
1 0.47596153846153844 0.0889423076923077 0.04567307692307692 0.06370192307692307
1 0.08533653846153846 0.09375 0.052884615384615384 0.054086538461538464
1 0.5721153846153846 0.8305288461538461 0.01201923076923077 0.019230769230769232
1 0.890625 0.84375 0.007211538461538462 0.010817307692307692
1 0.8449519230769231 0.5384615384615384 0.06610576923076923 0.06971153846153846
1 0.6610576923076923 0.5 0.09375 0.13341346153846154
1 0.9855769230769231 0.4423076923076923 0.027644230769230768 0.04447115384615385
