1 0.3125 0.2764423076923077 0.06490384615384616 0.12860576923076922
1 0.8257211538461539 0.43509615384615385 0.11778846153846154 0.09014423076923077
10 0.7331730769230769 0.5612980769230769 0.5336538461538461 0.8245192307692307
4 0.6418269230769231 0.8257211538461539 0.23798076923076922 0.16826923076923078
1 0.35336538461538464 0.1045673076923077 0.5132211538461539 0.20432692307692307
4 0.7704326923076923 0.5348557692307693 0.10697115384615384 0.1814903846153846
1 0.828125 0.9471153846153846 0.10817307692307693 0.10216346153846154
1 0.9867788461538461 0.4543269230769231 0.026442307692307692 0.057692307692307696
1 0.671875 0.6033653846153846 0.31490384615384615 0.3233173076923077
1 0.8774038461538461 0.5997596153846154 0.1201923076923077 0.17548076923076922
1 0.22355769230769232 0.5012019230769231 0.06850961538461539 0.06129807692307692
1 0.1971153846153846 0.7980769230769231 0.3942307692307692 0.39903846153846156
1 0.016826923076923076 0.08052884615384616 0.028846153846153848 0.0829326923076923
1 0.328125 0.6298076923076923 0.0829326923076923 0.13942307692307693
1 0.6790865384615384 0.12740384615384615 0.030048076923076924 0.030048076923076924
1 0.2283653846153846 0.6021634615384616 0.10817307692307693 0.11057692307692307
1 0.7572115384615384 0.2439903846153846 0.03485576923076923 0.02283653846153846
1 0.8653846153846154 0.8401442307692307 0.1658653846153846 0.15264423076923078
1 0.4579326923076923 0.5504807692307693 0.10096153846153846 0.14783653846153846
1 0.9639423076923077 0.7271634615384616 0.07211538461538461 0.16947115384615385
4 0.8858173076923077 0.22956730769230768 0.06971153846153846 0.09254807692307693
1 0.8689903846153846 0.056490384615384616 0.038461538461538464 0.040865384615384616
1 0.8088942307692307 0.32211538461538464 0.10817307692307693 0.14783653846153846
1 0.9675480769230769 0.14903846153846154 0.03365384615384615 0.0889423076923077
1 0.45913461538461536 0.7415865384615384 0.14423076923076922 0.23197115384615385
1 0.9459134615384616 0.03485576923076923 0.10817307692307693 0.06370192307692307
1 0.07572115384615384 0.5264423076923077 0.15144230769230768 0.17908653846153846
4 0.43028846153846156 0.9723557692307693 0.08173076923076923 0.054086538461538464
1 0.10096153846153846 0.2644230769230769 0.20192307692307693 0.34134615384615385
1 0.23798076923076922 0.234375 0.06490384615384616 0.11057692307692307
1 0.9050480769230769 0.11778846153846154 0.052884615384615384 0.08173076923076923
1 0.3786057692307692 0.5276442307692307 0.06610576923076923 0.09134615384615384
1 0.6610576923076923 0.25 0.1045673076923077 0.19951923076923078
