1 0.22355769230769232 0.5877403846153846 0.01201923076923077 0.027644230769230768
4 0.47115384615384615 0.49278846153846156 0.04567307692307692 0.06610576923076923
1 0.109375 0.49038461538461536 0.030048076923076924 0.040865384615384616
1 0.4495192307692308 0.8822115384615384 0.06009615384615385 0.06610576923076923
1 0.5144230769230769 0.6550480769230769 0.03485576923076923 0.03245192307692308
4 0.5600961538461539 0.32211538461538464 0.06610576923076923 0.08653846153846154
1 0.8473557692307693 0.8894230769230769 0.14903846153846154 0.15985576923076922
4 0.5745192307692307 0.265625 0.055288461538461536 0.09615384615384616
4 0.7524038461538461 0.6634615384615384 0.042067307692307696 0.055288461538461536
1 0.24278846153846154 0.109375 0.07932692307692307 0.10576923076923077
1 0.23677884615384615 0.31009615384615385 0.051682692307692304 0.18509615384615385
1 0.5204326923076923 0.9158653846153846 0.08173076923076923 0.036057692307692304
1 0.546875 0.5552884615384616 0.11899038461538461 0.19471153846153846
1 0.9254807692307693 0.4831730769230769 0.03245192307692308 0.05889423076923077
1 0.3088942307692308 0.47716346153846156 0.037259615384615384 0.04807692307692308
1 0.9711538461538461 0.39302884615384615 0.057692307692307696 0.08413461538461539
1 0.6911057692307693 0.6442307692307693 0.19951923076923078 0.10216346153846154
1 0.9771634615384616 0.15985576923076922 0.04567307692307692 0.17548076923076922
1 0.06490384615384616 0.2620192307692308 0.12860576923076922 0.2512019230769231
1 0.15985576923076922 0.28365384615384615 0.0889423076923077 0.2091346153846154
1 0.5120192307692307 0.3870192307692308 0.10336538461538461 0.11538461538461539
4 0.265625 0.6790865384615384 0.052884615384615384 0.06490384615384616
1 0.8798076923076923 0.6009615384615384 0.038461538461538464 0.037259615384615384
1 0.9399038461538461 0.5576923076923077 0.07211538461538461 0.0985576923076923
1 0.15985576923076922 0.8954326923076923 0.31850961538461536 0.20432692307692307
1 0.6141826923076923 0.7451923076923077 0.030048076923076924 0.027644230769230768
1 0.390625 0.24278846153846154 0.15745192307692307 0.27884615384615385
1 0.7283653846153846 0.9627403846153846 0.057692307692307696 0.07211538461538461
4 0.9795673076923077 0.28725961538461536 0.040865384615384616 0.07211538461538461
4 0.054086538461538464 0.046875 0.10817307692307693 0.09254807692307693
1 0.21995192307692307 0.6442307692307693 0.037259615384615384 0.037259615384615384
4 0.21514423076923078 0.9242788461538461 0.05048076923076923 0.06129807692307692
1 0.09014423076923077 0.43028846153846156 0.036057692307692304 0.054086538461538464
1 0.8076923076923077 0.7295673076923077 0.07211538461538461 0.078125
1 0.22716346153846154 0.48197115384615385 0.027644230769230768 0.06009615384615385
4 0.21514423076923078 0.21754807692307693 0.027644230769230768 0.02283653846153846
1 0.3713942307692308 0.45552884615384615 0.040865384615384616 0.05889423076923077
1 0.8293269230769231 0.6237980769230769 0.027644230769230768 0.04326923076923077
1 0.42788461538461536 0.030048076923076924 0.08173076923076923 0.06009615384615385
1 0.1971153846153846 0.026442307692307692 0.10336538461538461 0.051682692307692304
11 0.7259615384615384 0.29447115384615385 0.46153846153846156 0.5889423076923077
1 0.25600961538461536 0.4362980769230769 0.021634615384615384 0.036057692307692304
1 0.35216346153846156 0.07451923076923077 0.040865384615384616 0.04807692307692308
4 0.9795673076923077 0.03365384615384615 0.040865384615384616 0.06490384615384616
1 0.6334134615384616 0.9158653846153846 0.11177884615384616 0.15985576923076922
1 0.7331730769230769 0.7872596153846154 0.11057692307692307 0.11658653846153846
1 0.5216346153846154 0.7572115384615384 0.0829326923076923 0.09254807692307693
1 0.5048076923076923 0.13822115384615385 0.11057692307692307 0.25961538461538464
1 0.057692307692307696 0.4675480769230769 0.05889423076923077 0.0889423076923077
4 0.2608173076923077 0.8725961538461539 0.05889423076923077 0.078125
1 0.9939903846153846 0.6105769230769231 0.01201923076923077 0.027644230769230768
1 0.2776442307692308 0.2127403846153846 0.06490384615384616 0.11298076923076923
1 0.14543269230769232 0.4651442307692308 0.030048076923076924 0.039663461538461536
1 0.9759615384615384 0.6322115384615384 0.018028846153846152 0.015625
1 0.11298076923076923 0.057692307692307696 0.051682692307692304 0.07091346153846154
4 0.39783653846153844 0.8942307692307693 0.05889423076923077 0.08173076923076923
1 0.9591346153846154 0.8185096153846154 0.038461538461538464 0.054086538461538464
1 0.41346153846153844 0.47716346153846156 0.040865384615384616 0.04807692307692308
1 0.08413461538461539 0.6598557692307693 0.16706730769230768 0.15745192307692307
4 0.2860576923076923 0.30649038461538464 0.0625 0.078125
1 0.36538461538461536 0.7367788461538461 0.11778846153846154 0.19230769230769232
1 0.45913461538461536 0.7668269230769231 0.018028846153846152 0.03245192307692308
1 0.17908653846153846 0.4423076923076923 0.0673076923076923 0.055288461538461536
1 0.9771634615384616 0.48677884615384615 0.03245192307692308 0.027644230769230768
4 0.9711538461538461 0.9086538461538461 0.052884615384615384 0.0733173076923077
