0 0.31490384615384615 0.7043269230769231 0.027644230769230768 0.025240384615384616
1 0.34375 0.7283653846153846 0.008413461538461538 0.008413461538461538
1 0.5865384615384616 0.3485576923076923 0.027644230769230768 0.040865384615384616
1 0.47596153846153844 0.6466346153846154 0.013221153846153846 0.01201923076923077
1 0.04807692307692308 0.056490384615384616 0.026442307692307692 0.04807692307692308
0 0.6430288461538461 0.33774038461538464 0.10096153846153846 0.09254807692307693
1 0.07692307692307693 0.890625 0.03485576923076923 0.05889423076923077
0 0.43509615384615385 0.5492788461538461 0.03485576923076923 0.056490384615384616
1 0.4423076923076923 0.6971153846153846 0.02403846153846154 0.027644230769230768
1 0.21394230769230768 0.46634615384615385 0.009615384615384616 0.018028846153846152
1 0.3449519230769231 0.9627403846153846 0.038461538461538464 0.028846153846153848
0 0.2091346153846154 0.7572115384615384 0.038461538461538464 0.027644230769230768
0 0.3125 0.21394230769230768 0.016826923076923076 0.03245192307692308
1 0.8064903846153846 0.4182692307692308 0.014423076923076924 0.016826923076923076
1 0.05048076923076923 0.5516826923076923 0.025240384615384616 0.03365384615384615
1 0.46274038461538464 0.057692307692307696 0.020432692307692308 0.030048076923076924
1 0.1201923076923077 0.9026442307692307 0.01201923076923077 0.010817307692307692
3 0.5745192307692307 0.4326923076923077 0.10817307692307693 0.14182692307692307
1 0.21634615384615385 0.24519230769230768 0.03245192307692308 0.04567307692307692
1 0.6057692307692307 0.5048076923076923 0.015625 0.019230769230769232
0 0.22596153846153846 0.6670673076923077 0.016826923076923076 0.028846153846153848
0 0.2608173076923077 0.6502403846153846 0.014423076923076924 0.021634615384615384
0 0.24639423076923078 0.40625 0.04447115384615385 0.046875
1 0.015625 0.7475961538461539 0.03125 0.030048076923076924
1 0.15745192307692307 0.25721153846153844 0.021634615384615384 0.027644230769230768
1 0.5324519230769231 0.12980769230769232 0.027644230769230768 0.03485576923076923
1 0.7283653846153846 0.28725961538461536 0.021634615384615384 0.040865384615384616
1 0.8161057692307693 0.27403846153846156 0.026442307692307692 0.027644230769230768
1 0.014423076923076924 0.6550480769230769 0.020432692307692308 0.03485576923076923
1 0.5408653846153846 0.20192307692307693 0.020432692307692308 0.03485576923076923
0 0.2548076923076923 0.328125 0.021634615384615384 0.04447115384615385
0 0.4831730769230769 0.21394230769230768 0.02403846153846154 0.04807692307692308
1 0.6526442307692307 0.5889423076923077 0.021634615384615384 0.039663461538461536
1 0.09735576923076923 0.8365384615384616 0.020432692307692308 0.030048076923076924
1 0.59375 0.8713942307692307 0.013221153846153846 0.013221153846153846
1 0.7475961538461539 0.2283653846153846 0.014423076923076924 0.027644230769230768
0 0.48677884615384615 0.5697115384615384 0.02403846153846154 0.038461538461538464
1 0.7055288461538461 0.9603365384615384 0.021634615384615384 0.03485576923076923
1 0.27163461538461536 0.07692307692307693 0.036057692307692304 0.03245192307692308
1 0.3762019230769231 0.052884615384615384 0.02403846153846154 0.036057692307692304
0 0.375 0.23557692307692307 0.03485576923076923 0.038461538461538464
1 0.014423076923076924 0.13822115384615385 0.018028846153846152 0.027644230769230768
1 0.037259615384615384 0.13822115384615385 0.019230769230769232 0.02403846153846154
1 0.4050480769230769 0.057692307692307696 0.020432692307692308 0.030048076923076924
1 0.9723557692307693 0.17908653846153846 0.014423076923076924 0.021634615384615384
1 0.9182692307692307 0.1141826923076923 0.037259615384615384 0.03245192307692308
1 0.4110576923076923 0.20432692307692307 0.018028846153846152 0.027644230769230768
0 0.625 0.42788461538461536 0.09014423076923077 0.04447115384615385
0 0.359375 0.6322115384615384 0.01201923076923077 0.02403846153846154
1 0.40024038461538464 0.9314903846153846 0.007211538461538462 0.009615384615384616
1 0.31490384615384615 0.45552884615384615 0.02403846153846154 0.03365384615384615
1 0.039663461538461536 0.3942307692307692 0.014423076923076924 0.021634615384615384
1 0.7055288461538461 0.3870192307692308 0.016826923076923076 0.036057692307692304
1 0.16826923076923078 0.3076923076923077 0.026442307692307692 0.04326923076923077
1 0.6911057692307693 0.41346153846153844 0.016826923076923076 0.03365384615384615
1 0.765625 0.49038461538461536 0.02403846153846154 0.03245192307692308
1 0.8473557692307693 0.16346153846153846 0.018028846153846152 0.02283653846153846
1 0.18028846153846154 0.5348557692307693 0.006009615384615385 0.010817307692307692
0 0.203125 0.4879807692307692 0.018028846153846152 0.027644230769230768
1 0.22956730769230768 0.6334134615384616 0.014423076923076924 0.025240384615384616
0 0.32091346153846156 0.5733173076923077 0.12139423076923077 0.06009615384615385
1 0.59375 0.025240384615384616 0.040865384615384616 0.036057692307692304
1 0.31490384615384615 0.8966346153846154 0.008413461538461538 0.015625
1 0.2608173076923077 0.265625 0.03125 0.036057692307692304
2 0.2776442307692308 0.9711538461538461 0.04447115384615385 0.057692307692307696
1 0.3125 0.828125 0.008413461538461538 0.013221153846153846
1 0.025240384615384616 0.8064903846153846 0.013221153846153846 0.008413461538461538
1 0.24759615384615385 0.7475961538461539 0.021634615384615384 0.02403846153846154
0 0.18389423076923078 0.9507211538461539 0.027644230769230768 0.039663461538461536
0 0.6634615384615384 0.484375 0.04567307692307692 0.042067307692307696
1 0.0985576923076923 0.21875 0.021634615384615384 0.027644230769230768
0 0.7355769230769231 0.3293269230769231 0.027644230769230768 0.03245192307692308
2 0.9074519230769231 0.30528846153846156 0.12139423076923077 0.14783653846153846
0 0.22716346153846154 0.5805288461538461 0.02283653846153846 0.027644230769230768
0 0.5625 0.2776442307692308 0.016826923076923076 0.02403846153846154
0 0.25240384615384615 0.2283653846153846 0.014423076923076924 0.021634615384615384
0 0.3173076923076923 0.296875 0.03365384615384615 0.054086538461538464
1 0.6634615384615384 0.22596153846153846 0.018028846153846152 0.03365384615384615
0 0.6069711538461539 0.5432692307692307 0.019230769230769232 0.019230769230769232
0 0.3918269230769231 0.39302884615384615 0.3125 0.2860576923076923
2 0.16466346153846154 0.7728365384615384 0.3293269230769231 0.19951923076923078
1 0.796875 0.5841346153846154 0.03125 0.027644230769230768
1 0.13822115384615385 0.9699519230769231 0.016826923076923076 0.015625
0 0.33533653846153844 0.9915865384615384 0.016826923076923076 0.016826923076923076
0 0.3161057692307692 0.7872596153846154 0.02403846153846154 0.02283653846153846
0 0.21514423076923078 0.359375 0.014423076923076924 0.027644230769230768
0 0.3245192307692308 0.38822115384615385 0.057692307692307696 0.06971153846153846
0 0.36658653846153844 0.3329326923076923 0.04567307692307692 0.09615384615384616
1 0.6105769230769231 0.2536057692307692 0.018028846153846152 0.019230769230769232
2 0.9651442307692307 0.6923076923076923 0.06971153846153846 0.14423076923076922
2 0.08533653846153846 0.06610576923076923 0.09014423076923077 0.12980769230769232
1 0.8100961538461539 0.18269230769230768 0.02403846153846154 0.036057692307692304
1 0.18509615384615385 0.7403846153846154 0.020432692307692308 0.025240384615384616
1 0.5612980769230769 0.16826923076923078 0.040865384615384616 0.027644230769230768
1 0.5841346153846154 0.11658653846153846 0.040865384615384616 0.046875
11 0.7463942307692307 0.08533653846153846 0.2668269230769231 0.17067307692307693
2 0.12139423076923077 0.6382211538461539 0.09014423076923077 0.15625
2 0.19471153846153846 0.15865384615384615 0.10817307692307693 0.12620192307692307
0 0.6838942307692307 0.25721153846153844 0.014423076923076924 0.019230769230769232
0 0.7223557692307693 0.5276442307692307 0.016826923076923076 0.03125
1 0.052884615384615384 0.8449519230769231 0.016826923076923076 0.02283653846153846
1 0.25841346153846156 0.875 0.037259615384615384 0.125
1 0.7463942307692307 0.43990384615384615 0.07211538461538461 0.09134615384615384
2 0.4338942307692308 0.31971153846153844 0.026442307692307692 0.19951923076923078
1 0.453125 0.625 0.03245192307692308 0.02403846153846154
0 0.10216346153846154 0.6490384615384616 0.014423076923076924 0.020432692307692308
0 0.42427884615384615 0.16105769230769232 0.016826923076923076 0.02403846153846154
1 0.14543269230769232 0.7175480769230769 0.026442307692307692 0.03365384615384615
1 0.21875 0.7115384615384616 0.016826923076923076 0.015625
2 0.8052884615384616 0.3076923076923077 0.09014423076923077 0.25841346153846156
1 0.3786057692307692 0.8954326923076923 0.02403846153846154 0.027644230769230768
0 0.22355769230769232 0.9831730769230769 0.020432692307692308 0.018028846153846152
1 0.38822115384615385 0.7608173076923077 0.013221153846153846 0.02403846153846154
1 0.15985576923076922 0.06370192307692307 0.018028846153846152 0.019230769230769232
1 0.6057692307692307 0.9663461538461539 0.030048076923076924 0.027644230769230768
0 0.17908653846153846 0.6742788461538461 0.04326923076923077 0.06370192307692307
1 0.0889423076923077 0.9591346153846154 0.016826923076923076 0.02283653846153846
