1 0.3629807692307692 0.75 0.07932692307692307 0.09134615384615384
1 0.23798076923076922 0.41947115384615385 0.15985576923076922 0.171875
1 0.6490384615384616 0.5865384615384616 0.30649038461538464 0.23076923076923078
1 0.8641826923076923 0.5588942307692307 0.037259615384615384 0.05048076923076923
1 0.6141826923076923 0.29447115384615385 0.03125 0.05048076923076923
1 0.14783653846153846 0.9098557692307693 0.06610576923076923 0.051682692307692304
1 0.8425480769230769 0.051682692307692304 0.09615384615384616 0.09254807692307693
1 0.5504807692307693 0.19951923076923078 0.038461538461538464 0.05048076923076923
1 0.49158653846153844 0.7415865384615384 0.06129807692307692 0.07211538461538461
1 0.4495192307692308 0.6201923076923077 0.04447115384615385 0.037259615384615384
1 0.08774038461538461 0.32211538461538464 0.07211538461538461 0.06129807692307692
1 0.3125 0.546875 0.09975961538461539 0.13341346153846154
1 0.109375 0.2127403846153846 0.08774038461538461 0.11057692307692307
1 0.4807692307692308 0.9375 0.07572115384615384 0.0985576923076923
1 0.24639423076923078 0.8497596153846154 0.06971153846153846 0.11057692307692307
1 0.8798076923076923 0.7403846153846154 0.09975961538461539 0.14423076923076922
1 0.734375 0.41346153846153844 0.09735576923076923 0.15144230769230768
1 0.8449519230769231 0.2860576923076923 0.04447115384615385 0.08653846153846154
1 0.8774038461538461 0.6286057692307693 0.09495192307692307 0.0733173076923077
1 0.5300480769230769 0.7872596153846154 0.055288461538461536 0.09735576923076923
1 0.6189903846153846 0.9555288461538461 0.052884615384615384 0.0673076923076923
1 0.14302884615384615 0.057692307692307696 0.09254807692307693 0.11538461538461539
1 0.8713942307692307 0.25841346153846156 0.02403846153846154 0.03125
1 0.20793269230769232 0.18269230769230768 0.09375 0.13221153846153846
1 0.7151442307692307 0.47716346153846156 0.027644230769230768 0.027644230769230768
1 0.20432692307692307 0.0625 0.04447115384615385 0.06370192307692307
10 0.9423076923076923 0.46153846153846156 0.08653846153846154 0.921875
1 0.2932692307692308 0.2536057692307692 0.055288461538461536 0.109375
1 0.41225961538461536 0.5901442307692307 0.04567307692307692 0.04927884615384615
1 0.34375 0.038461538461538464 0.08413461538461539 0.07692307692307693
1 0.7283653846153846 0.9014423076923077 0.055288461538461536 0.08173076923076923
1 0.030048076923076924 0.04807692307692308 0.06009615384615385 0.09014423076923077
1 0.4254807692307692 0.22235576923076922 0.06129807692307692 0.12139423076923077
1 0.25 0.05048076923076923 0.055288461538461536 0.07451923076923077
1 0.04567307692307692 0.19471153846153846 0.09134615384615384 0.10697115384615384
1 0.3173076923076923 0.9122596153846154 0.07451923076923077 0.09134615384615384
1 0.5901442307692307 0.13221153846153846 0.028846153846153848 0.03485576923076923
1 0.33774038461538464 0.8317307692307693 0.055288461538461536 0.06971153846153846
1 0.43990384615384615 0.42788461538461536 0.09735576923076923 0.12620192307692307
1 0.671875 0.234375 0.040865384615384616 0.04927884615384615
1 0.4338942307692308 0.8629807692307693 0.09375 0.04567307692307692
1 0.3317307692307692 0.23798076923076922 0.038461538461538464 0.036057692307692304
1 0.6177884615384616 0.04927884615384615 0.24278846153846154 0.09735576923076923
1 0.9735576923076923 0.23798076923076922 0.042067307692307696 0.08774038461538461
1 0.8040865384615384 0.5396634615384616 0.05048076923076923 0.078125
10 0.5 0.7836538461538461 1 0.4326923076923077
