1 0.06009615384615385 0.06971153846153846 0.1201923076923077 0.13942307692307693
1 0.8665865384615384 0.40384615384615385 0.18389423076923078 0.23798076923076922
1 0.5877403846153846 0.9158653846153846 0.1971153846153846 0.1622596153846154
0 0.859375 0.1814903846153846 0.2800480769230769 0.3629807692307692
0 0.016826923076923076 0.6790865384615384 0.03365384615384615 0.15625
1 0.25600961538461536 0.453125 0.08653846153846154 0.10576923076923077
1 0.3161057692307692 0.7427884615384616 0.27163461538461536 0.3641826923076923
10 0.6730769230769231 0.6177884615384616 0.6526442307692307 0.4579326923076923
0 0.12259615384615384 0.2800480769230769 0.07692307692307693 0.13822115384615385
1 0.7584134615384616 0.8088942307692307 0.1346153846153846 0.16947115384615385
1 0.12259615384615384 0.7980769230769231 0.15264423076923078 0.3629807692307692
