0 0.030048076923076924 0.27524038461538464 0.05889423076923077 0.13942307692307693
1 0.21634615384615385 0.5600961538461539 0.15264423076923078 0.1622596153846154
10 0.6911057692307693 0.5757211538461539 0.29447115384615385 0.8425480769230769
0 0.2644230769230769 0.7319711538461539 0.3016826923076923 0.15745192307692307
0 0.9891826923076923 0.9807692307692307 0.021634615384615384 0.03485576923076923
10 0.4735576923076923 0.5 0.78125 0.9939903846153846
0 0.6875 0.5528846153846154 0.052884615384615384 0.0985576923076923
0 0.609375 0.6033653846153846 0.07932692307692307 0.08653846153846154
0 0.8713942307692307 0.6538461538461539 0.25721153846153844 0.2403846153846154
10 0.9375 0.07211538461538461 0.125 0.140625
10 0.3557692307692308 0.037259615384615384 0.2920673076923077 0.07451923076923077
0 0.6646634615384616 0.46634615384615385 0.02403846153846154 0.037259615384615384
0 0.7716346153846154 0.38221153846153844 0.12620192307692307 0.14783653846153846
0 0.515625 0.3088942307692308 0.13822115384615385 0.13942307692307693
10 0.5 0.47596153846153844 1 0.7223557692307693
