1 0.8569711538461539 0.055288461538461536 0.12860576923076922 0.10336538461538461
1 0.9375 0.8701923076923077 0.055288461538461536 0.04807692307692308
0 0.7824519230769231 0.15504807692307693 0.43509615384615385 0.2980769230769231
0 0.07451923076923077 0.2608173076923077 0.14903846153846154 0.13701923076923078
10 0.2920673076923077 0.4987980769230769 0.44711538461538464 0.9951923076923077
1 0.515625 0.8930288461538461 0.06490384615384616 0.10216346153846154
10 0.5 0.6490384615384616 1 0.41947115384615385
1 0.6947115384615384 0.6947115384615384 0.16826923076923078 0.11538461538461539
0 0.09495192307692307 0.4651442307692308 0.18990384615384615 0.46634615384615385
1 0.9134615384615384 0.9723557692307693 0.08173076923076923 0.05048076923076923
10 0.5 0.34975961538461536 1 0.6033653846153846
0 0.5192307692307693 0.48197115384615385 0.4230769230769231 0.22115384615384615
1 0.8449519230769231 0.23798076923076922 0.09975961538461539 0.10576923076923077
0 0.27283653846153844 0.04447115384615385 0.18028846153846154 0.0889423076923077
1 0.8629807692307693 0.7175480769230769 0.13581730769230768 0.11658653846153846
1 0.3293269230769231 0.8677884615384616 0.2668269230769231 0.24639423076923078
