1 0.8449519230769231 0.02283653846153846 0.04567307692307692 0.037259615384615384
2 0.2692307692307692 0.07932692307692307 0.5384615384615384 0.15745192307692307
1 0.9110576923076923 0.9411057692307693 0.03125 0.027644230769230768
1 0.6766826923076923 0.7716346153846154 0.021634615384615384 0.05048076923076923
1 0.3798076923076923 0.28125 0.04447115384615385 0.055288461538461536
1 0.5432692307692307 0.12139423076923077 0.06370192307692307 0.07451923076923077
1 0.5637019230769231 0.8173076923076923 0.052884615384615384 0.14903846153846154
1 0.39302884615384615 0.20072115384615385 0.0829326923076923 0.09615384615384616
1 0.9362980769230769 0.28966346153846156 0.03485576923076923 0.06009615384615385
1 0.49399038461538464 0.29447115384615385 0.03365384615384615 0.027644230769230768
1 0.8713942307692307 0.9603365384615384 0.026442307692307692 0.02283653846153846
1 0.33533653846153844 0.8689903846153846 0.027644230769230768 0.051682692307692304
0 0.9855769230769231 0.8954326923076923 0.027644230769230768 0.08653846153846154
11 0.15264423076923078 0.31009615384615385 0.25961538461538464 0.38100961538461536
0 0.4098557692307692 0.7644230769230769 0.03485576923076923 0.06129807692307692
1 0.23677884615384615 0.5973557692307693 0.08413461538461539 0.11177884615384616
1 0.31850961538461536 0.4423076923076923 0.09014423076923077 0.2776442307692308
2 0.6911057692307693 0.046875 0.04567307692307692 0.09375
2 0.1346153846153846 0.6322115384615384 0.14182692307692307 0.1971153846153846
1 0.8653846153846154 0.9098557692307693 0.018028846153846152 0.03125
0 0.8028846153846154 0.9074519230769231 0.016826923076923076 0.027644230769230768
1 0.3161057692307692 0.27283653846153844 0.020432692307692308 0.04567307692307692
1 0.6634615384615384 0.35697115384615385 0.028846153846153848 0.036057692307692304
0 0.26322115384615385 0.7644230769230769 0.20432692307692307 0.3870192307692308
0 0.8245192307692307 0.9735576923076923 0.037259615384615384 0.039663461538461536
2 0.4567307692307692 0.8161057692307693 0.17668269230769232 0.31009615384615385
1 0.8834134615384616 0.4074519230769231 0.02403846153846154 0.08653846153846154
0 0.7391826923076923 0.6838942307692307 0.3161057692307692 0.42908653846153844
0 0.3737980769230769 0.8557692307692307 0.2127403846153846 0.2608173076923077
1 0.5300480769230769 0.6754807692307693 0.04326923076923077 0.03365384615384615
1 0.359375 0.7944711538461539 0.019230769230769232 0.026442307692307692
1 0.6081730769230769 0.7463942307692307 0.0889423076923077 0.14903846153846154
1 0.39783653846153844 0.39663461538461536 0.04807692307692308 0.06971153846153846
0 0.6502403846153846 0.9831730769230769 0.04807692307692308 0.03125
1 0.7524038461538461 0.9098557692307693 0.025240384615384616 0.04447115384615385
1 0.9098557692307693 0.15985576923076922 0.10817307692307693 0.19951923076923078
1 0.35216346153846156 0.421875 0.042067307692307696 0.02403846153846154
1 0.12259615384615384 0.9350961538461539 0.24519230769230768 0.12620192307692307
1 0.6634615384615384 0.6850961538461539 0.05048076923076923 0.07451923076923077
1 0.8088942307692307 0.09735576923076923 0.02403846153846154 0.028846153846153848
1 0.8942307692307693 0.31009615384615385 0.052884615384615384 0.10576923076923077
1 0.3233173076923077 0.3425480769230769 0.04326923076923077 0.054086538461538464
1 0.9254807692307693 0.021634615384615384 0.025240384615384616 0.040865384615384616
2 0.8846153846153846 0.8569711538461539 0.055288461538461536 0.07692307692307693
0 0.6586538461538461 0.20793269230769232 0.028846153846153848 0.038461538461538464
2 0.020432692307692308 0.037259615384615384 0.025240384615384616 0.07451923076923077
0 0.44591346153846156 0.44591346153846156 0.20552884615384615 0.29086538461538464
1 0.09014423076923077 0.4579326923076923 0.027644230769230768 0.03125
1 0.7824519230769231 0.9495192307692307 0.03485576923076923 0.03485576923076923
0 0.15264423076923078 0.042067307692307696 0.05889423076923077 0.08173076923076923
0 0.014423076923076924 0.21995192307692307 0.027644230769230768 0.046875
1 0.03485576923076923 0.45913461538461536 0.06850961538461539 0.08774038461538461
0 0.6322115384615384 0.15865384615384615 0.04567307692307692 0.0733173076923077
2 0.5649038461538461 0.5264423076923077 0.08052884615384616 0.11658653846153846
1 0.3137019230769231 0.7199519230769231 0.04807692307692308 0.1201923076923077
2 0.26802884615384615 0.08774038461538461 0.5360576923076923 0.1622596153846154
0 0.4987980769230769 0.16706730769230768 0.17307692307692307 0.1814903846153846
8 0.5060096153846154 0.49038461538461536 0.5745192307692307 0.9771634615384616
2 0.8365384615384616 0.6262019230769231 0.3269230769230769 0.16947115384615385
0 0.9375 0.765625 0.056490384615384616 0.051682692307692304
0 0.8185096153846154 0.4795673076923077 0.0985576923076923 0.21634615384615385
0 0.8149038461538461 0.8353365384615384 0.038461538461538464 0.051682692307692304
0 0.9266826923076923 0.9855769230769231 0.057692307692307696 0.02403846153846154
2 0.06129807692307692 0.056490384615384616 0.02403846153846154 0.11057692307692307
2 0.9158653846153846 0.5649038461538461 0.15985576923076922 0.23918269230769232
2 0.5192307692307693 0.49158653846153844 0.11778846153846154 0.3786057692307692
2 0.8040865384615384 0.19951923076923078 0.12620192307692307 0.3233173076923077
2 0.09254807692307693 0.7800480769230769 0.18509615384615385 0.19471153846153846
0 0.9471153846153846 0.9266826923076923 0.03365384615384615 0.036057692307692304
2 0.7319711538461539 0.24278846153846154 0.09014423076923077 0.3317307692307692
0 0.5745192307692307 0.3076923076923077 0.10817307692307693 0.09735576923076923
2 0.02283653846153846 0.5588942307692307 0.04447115384615385 0.09014423076923077
1 0.38461538461538464 0.054086538461538464 0.36778846153846156 0.09735576923076923
0 0.59375 0.07451923076923077 0.037259615384615384 0.06971153846153846
