1 0.07692307692307693 0.7752403846153846 0.08173076923076923 0.07451923076923077
1 0.8185096153846154 0.875 0.08774038461538461 0.10576923076923077
1 0.6887019230769231 0.7776442307692307 0.05889423076923077 0.11298076923076923
1 0.3701923076923077 0.9543269230769231 0.040865384615384616 0.056490384615384616
1 0.5901442307692307 0.78125 0.052884615384615384 0.06129807692307692
1 0.390625 0.22355769230769232 0.04567307692307692 0.06370192307692307
1 0.055288461538461536 0.030048076923076924 0.02403846153846154 0.027644230769230768
1 0.171875 0.1346153846153846 0.052884615384615384 0.07451923076923077
1 0.6983173076923077 0.5997596153846154 0.10697115384615384 0.13341346153846154
4 0.22716346153846154 0.02283653846153846 0.042067307692307696 0.04326923076923077
0 0.12740384615384615 0.15144230769230768 0.040865384615384616 0.13341346153846154
1 0.5721153846153846 0.9098557692307693 0.2283653846153846 0.17307692307692307
1 0.6862980769230769 0.28966346153846156 0.038461538461538464 0.028846153846153848
1 0.1814903846153846 0.3401442307692308 0.051682692307692304 0.04447115384615385
1 0.7584134615384616 0.7139423076923077 0.07451923076923077 0.10216346153846154
1 0.7307692307692307 0.9675480769230769 0.04807692307692308 0.06129807692307692
1 0.7884615384615384 0.5745192307692307 0.06129807692307692 0.0829326923076923
0 0.875 0.6213942307692307 0.25 0.5841346153846154
1 0.33653846153846156 0.3112980769230769 0.06971153846153846 0.13581730769230768
1 0.8846153846153846 0.5276442307692307 0.08052884615384616 0.10216346153846154
1 0.7788461538461539 0.08052884615384616 0.27163461538461536 0.15985576923076922
2 0.49278846153846156 0.6646634615384616 0.22115384615384615 0.0829326923076923
6 0.5384615384615384 0.33052884615384615 0.22235576923076922 0.6586538461538461
0 0.2620192307692308 0.8629807692307693 0.07451923076923077 0.0985576923076923
0 0.15985576923076922 0.5300480769230769 0.24639423076923078 0.48677884615384615
0 0.08052884615384616 0.31971153846153844 0.16105769230769232 0.17548076923076922
1 0.9591346153846154 0.6117788461538461 0.08173076923076923 0.07451923076923077
1 0.014423076923076924 0.7475961538461539 0.027644230769230768 0.09735576923076923
4 0.22235576923076922 0.1045673076923077 0.03245192307692308 0.05048076923076923
1 0.28125 0.9651442307692307 0.07932692307692307 0.06129807692307692
1 0.3629807692307692 0.49158653846153844 0.02283653846153846 0.03485576923076923
