1 0.6538461538461539 0.515625 0.08653846153846154 0.11177884615384616
1 0.5144230769230769 0.546875 0.042067307692307696 0.0673076923076923
0 0.4675480769230769 0.15625 0.1466346153846154 0.27283653846153844
1 0.020432692307692308 0.3762019230769231 0.040865384615384616 0.0733173076923077
0 0.24759615384615385 0.28125 0.11778846153846154 0.078125
1 0.6959134615384616 0.08173076923076923 0.0625 0.06370192307692307
1 0.016826923076923076 0.6213942307692307 0.03365384615384615 0.05048076923076923
1 0.4375 0.140625 0.036057692307692304 0.054086538461538464
1 0.34375 0.5612980769230769 0.037259615384615384 0.05048076923076923
0 0.36538461538461536 0.2091346153846154 0.2980769230769231 0.41586538461538464
1 0.9567307692307693 0.7932692307692307 0.04567307692307692 0.04326923076923077
0 0.2776442307692308 0.8557692307692307 0.038461538461538464 0.06009615384615385
1 0.9855769230769231 0.04567307692307692 0.028846153846153848 0.09134615384615384
0 0.8545673076923077 0.9170673076923077 0.29086538461538464 0.15865384615384615
2 0.75 0.5012019230769231 0.5 0.6826923076923077
1 0.8401442307692307 0.6875 0.054086538461538464 0.051682692307692304
1 0.8389423076923077 0.10096153846153846 0.04567307692307692 0.04807692307692308
1 0.9747596153846154 0.6141826923076923 0.04447115384615385 0.07451923076923077
1 0.6670673076923077 0.8449519230769231 0.056490384615384616 0.07451923076923077
1 0.5769230769230769 0.11778846153846154 0.09375 0.12980769230769232
1 0.9879807692307693 0.24759615384615385 0.02403846153846154 0.10576923076923077
1 0.9038461538461539 0.4963942307692308 0.04807692307692308 0.04567307692307692
1 0.10817307692307693 0.5588942307692307 0.03485576923076923 0.054086538461538464
0 0.4110576923076923 0.7223557692307693 0.3473557692307692 0.4807692307692308
1 0.7872596153846154 0.47596153846153844 0.021634615384615384 0.016826923076923076
10 0.4831730769230769 0.3581730769230769 0.9651442307692307 0.35096153846153844
1 0.8689903846153846 0.04927884615384615 0.08653846153846154 0.06490384615384616
1 0.8100961538461539 0.453125 0.02403846153846154 0.03245192307692308
1 0.9831730769230769 0.28365384615384615 0.03365384615384615 0.04326923076923077
