1 0.038461538461538464 0.7127403846153846 0.016826923076923076 0.021634615384615384
1 0.2512019230769231 0.9771634615384616 0.030048076923076924 0.037259615384615384
1 0.75 0.27163461538461536 0.06370192307692307 0.07451923076923077
10 0.5516826923076923 0.65625 0.8966346153846154 0.6826923076923077
1 0.6117788461538461 0.6634615384615384 0.08413461538461539 0.1201923076923077
1 0.4483173076923077 0.5600961538461539 0.04567307692307692 0.06610576923076923
1 0.29927884615384615 0.8425480769230769 0.040865384615384616 0.054086538461538464
1 0.3858173076923077 0.4375 0.07572115384615384 0.06971153846153846
1 0.29447115384615385 0.22956730769230768 0.056490384615384616 0.054086538461538464
1 0.3004807692307692 0.07692307692307693 0.030048076923076924 0.03365384615384615
1 0.8161057692307693 0.5997596153846154 0.030048076923076924 0.056490384615384616
1 0.7259615384615384 0.11538461538461539 0.038461538461538464 0.038461538461538464
1 0.7776442307692307 0.09254807692307693 0.040865384615384616 0.05048076923076923
1 0.013221153846153846 0.39663461538461536 0.026442307692307692 0.04807692307692308
1 0.046875 0.953125 0.08052884615384616 0.06850961538461539
1 0.1778846153846154 0.4879807692307692 0.05048076923076923 0.07451923076923077
1 0.25 0.3942307692307692 0.03245192307692308 0.05048076923076923
1 0.23076923076923078 0.5372596153846154 0.03125 0.040865384615384616
1 0.8822115384615384 0.5588942307692307 0.054086538461538464 0.039663461538461536
1 0.4206730769230769 0.21995192307692307 0.02403846153846154 0.03245192307692308
1 0.65625 0.7764423076923077 0.052884615384615384 0.1201923076923077
1 0.8125 0.7487980769230769 0.027644230769230768 0.03245192307692308
1 0.765625 0.030048076923076924 0.0829326923076923 0.06009615384615385
1 0.051682692307692304 0.2403846153846154 0.040865384615384616 0.057692307692307696
1 0.8786057692307693 0.5108173076923077 0.02403846153846154 0.040865384615384616
1 0.8569711538461539 0.7992788461538461 0.027644230769230768 0.05048076923076923
1 0.859375 0.06009615384615385 0.05889423076923077 0.04326923076923077
1 0.7536057692307693 0.7572115384615384 0.05048076923076923 0.054086538461538464
1 0.5036057692307693 0.6838942307692307 0.03245192307692308 0.056490384615384616
1 0.34615384615384615 0.3161057692307692 0.04807692307692308 0.05889423076923077
1 0.8942307692307693 0.9495192307692307 0.02403846153846154 0.037259615384615384
1 0.8269230769230769 0.8389423076923077 0.026442307692307692 0.04567307692307692
1 0.9567307692307693 0.04447115384615385 0.08653846153846154 0.07451923076923077
1 0.3918269230769231 0.3701923076923077 0.028846153846153848 0.04567307692307692
1 0.828125 0.09615384615384616 0.019230769230769232 0.036057692307692304
1 0.45552884615384615 0.7836538461538461 0.06370192307692307 0.08653846153846154
1 0.6754807692307693 0.5120192307692307 0.10576923076923077 0.15264423076923078
1 0.06009615384615385 0.6358173076923077 0.06370192307692307 0.09134615384615384
1 0.4963942307692308 0.9026442307692307 0.06490384615384616 0.08774038461538461
1 0.11658653846153846 0.34615384615384615 0.06009615384615385 0.08413461538461539
1 0.026442307692307692 0.8317307692307693 0.027644230769230768 0.037259615384615384
1 0.3870192307692308 0.0829326923076923 0.051682692307692304 0.05889423076923077
1 0.7512019230769231 0.9627403846153846 0.07692307692307693 0.07451923076923077
1 0.18990384615384615 0.7872596153846154 0.04447115384615385 0.08413461538461539
1 0.05889423076923077 0.5372596153846154 0.03365384615384615 0.04807692307692308
1 0.9350961538461539 0.203125 0.12860576923076922 0.20793269230769232
1 0.6189903846153846 0.29086538461538464 0.037259615384615384 0.06850961538461539
1 0.6370192307692307 0.9170673076923077 0.16947115384615385 0.15985576923076922
1 0.5096153846153846 0.08533653846153846 0.021634615384615384 0.015625
