1 0.018028846153846152 0.5384615384615384 0.036057692307692304 0.05889423076923077
1 0.8004807692307693 0.7487980769230769 0.1346153846153846 0.20192307692307693
1 0.8954326923076923 0.8990384615384616 0.018028846153846152 0.028846153846153848
1 0.8713942307692307 0.5540865384615384 0.03245192307692308 0.030048076923076924
1 0.4254807692307692 0.8918269230769231 0.052884615384615384 0.05889423076923077
1 0.921875 0.5072115384615384 0.02403846153846154 0.06370192307692307
1 0.5793269230769231 0.7536057692307693 0.038461538461538464 0.0673076923076923
1 0.4579326923076923 0.008413461538461538 0.026442307692307692 0.016826923076923076
1 0.23076923076923078 0.4375 0.027644230769230768 0.04447115384615385
1 0.41346153846153844 0.020432692307692308 0.057692307692307696 0.040865384615384616
1 0.671875 0.15625 0.02283653846153846 0.027644230769230768
1 0.53125 0.9723557692307693 0.055288461538461536 0.05048076923076923
6 0.5793269230769231 0.42788461538461536 0.08653846153846154 0.21875
1 0.38100961538461536 0.4254807692307692 0.030048076923076924 0.06370192307692307
1 0.17548076923076922 0.8713942307692307 0.027644230769230768 0.07091346153846154
1 0.7752403846153846 0.515625 0.051682692307692304 0.06009615384615385
1 0.7860576923076923 0.019230769230769232 0.09014423076923077 0.038461538461538464
1 0.3762019230769231 0.9050480769230769 0.020432692307692308 0.021634615384615384
4 0.078125 0.6598557692307693 0.0625 0.08653846153846154
1 0.0625 0.08774038461538461 0.12379807692307693 0.17427884615384615
1 0.7596153846153846 0.9867788461538461 0.05048076923076923 0.021634615384615384
1 0.8317307692307693 0.11538461538461539 0.02283653846153846 0.028846153846153848
1 0.5817307692307693 0.9302884615384616 0.19110576923076922 0.13581730769230768
1 0.6875 0.3581730769230769 0.02403846153846154 0.046875
1 0.9675480769230769 0.7620192307692307 0.06490384615384616 0.3485576923076923
1 0.46274038461538464 0.0625 0.055288461538461536 0.08774038461538461
1 0.05048076923076923 0.5204326923076923 0.021634615384615384 0.027644230769230768
1 0.65625 0.9050480769230769 0.04447115384615385 0.051682692307692304
1 0.6382211538461539 0.42427884615384615 0.03485576923076923 0.028846153846153848
1 0.45072115384615385 0.5661057692307693 0.057692307692307696 0.06610576923076923
1 0.9831730769230769 0.38461538461538464 0.03365384615384615 0.028846153846153848
1 0.7127403846153846 0.5516826923076923 0.038461538461538464 0.07932692307692307
1 0.28846153846153844 0.7415865384615384 0.016826923076923076 0.019230769230769232
1 0.6586538461538461 0.06490384615384616 0.025240384615384616 0.026442307692307692
1 0.06370192307692307 0.9471153846153846 0.12740384615384615 0.10336538461538461
1 0.34375 0.6802884615384616 0.05889423076923077 0.057692307692307696
1 0.5204326923076923 0.02403846153846154 0.038461538461538464 0.04807692307692308
