1 0.7572115384615384 0.28125 0.040865384615384616 0.06009615384615385
1 0.07451923076923077 0.8209134615384616 0.02403846153846154 0.027644230769230768
1 0.8569711538461539 0.29927884615384615 0.03485576923076923 0.08052884615384616
1 0.44591346153846156 0.4579326923076923 0.05048076923076923 0.051682692307692304
1 0.5649038461538461 0.09975961538461539 0.09615384615384616 0.11899038461538461
1 0.8713942307692307 0.046875 0.06971153846153846 0.09134615384615384
1 0.9759615384615384 0.18990384615384615 0.04807692307692308 0.06971153846153846
1 0.8882211538461539 0.12740384615384615 0.030048076923076924 0.06009615384615385
1 0.38461538461538464 0.025240384615384616 0.04447115384615385 0.04927884615384615
1 0.4963942307692308 0.07692307692307693 0.06490384615384616 0.15264423076923078
1 0.030048076923076924 0.234375 0.06009615384615385 0.13701923076923078
1 0.9771634615384616 0.021634615384615384 0.038461538461538464 0.040865384615384616
1 0.5540865384615384 0.5432692307692307 0.06009615384615385 0.04326923076923077
1 0.30528846153846156 0.9242788461538461 0.35336538461538464 0.14302884615384615
1 0.6526442307692307 0.265625 0.11899038461538461 0.10697115384615384
1 0.9338942307692307 0.21514423076923078 0.0829326923076923 0.13822115384615385
1 0.5552884615384616 0.6574519230769231 0.06850961538461539 0.09735576923076923
1 0.6754807692307693 0.8317307692307693 0.23798076923076922 0.19831730769230768
1 0.734375 0.13221153846153846 0.13221153846153846 0.13341346153846154
1 0.3112980769230769 0.025240384615384616 0.07572115384615384 0.046875
1 0.8329326923076923 0.12860576923076922 0.018028846153846152 0.02403846153846154
1 0.7716346153846154 0.20793269230769232 0.038461538461538464 0.042067307692307696
1 0.09495192307692307 0.6983173076923077 0.03125 0.046875
1 0.7896634615384616 0.018028846153846152 0.09254807692307693 0.036057692307692304
1 0.859375 0.21875 0.07692307692307693 0.05889423076923077
1 0.6129807692307693 0.18629807692307693 0.038461538461538464 0.05048076923076923
4 0.9170673076923077 0.8509615384615384 0.1658653846153846 0.2932692307692308
1 0.9254807692307693 0.3293269230769231 0.07692307692307693 0.06370192307692307
1 0.20192307692307693 0.02403846153846154 0.09254807692307693 0.046875
1 0.9711538461538461 0.3870192307692308 0.057692307692307696 0.19230769230769232
1 0.4579326923076923 0.6826923076923077 0.08413461538461539 0.09735576923076923
1 0.6778846153846154 0.019230769230769232 0.03245192307692308 0.03485576923076923
1 0.6021634615384616 0.5324519230769231 0.03485576923076923 0.06129807692307692
1 0.5048076923076923 0.8100961538461539 0.07211538461538461 0.12620192307692307
1 0.43509615384615385 0.07451923076923077 0.038461538461538464 0.078125
1 0.15504807692307693 0.3173076923076923 0.055288461538461536 0.08413461538461539
1 0.038461538461538464 0.7127403846153846 0.040865384615384616 0.06850961538461539
1 0.3245192307692308 0.7788461538461539 0.040865384615384616 0.051682692307692304
1 0.20552884615384615 0.5336538461538461 0.4110576923076923 0.3112980769230769
4 0.03485576923076923 0.3401442307692308 0.06850961538461539 0.08774038461538461
4 0.7259615384615384 0.953125 0.20192307692307693 0.08653846153846154
