1 0.9194711538461539 0.7283653846153846 0.03245192307692308 0.06490384615384616
1 0.390625 0.46274038461538464 0.04326923076923077 0.027644230769230768
1 0.15504807692307693 0.5204326923076923 0.052884615384615384 0.051682692307692304
1 0.578125 0.9699519230769231 0.06850961538461539 0.055288461538461536
1 0.26322115384615385 0.020432692307692308 0.05048076923076923 0.040865384615384616
1 0.25961538461538464 0.9266826923076923 0.08173076923076923 0.057692307692307696
1 0.5528846153846154 0.8786057692307693 0.0889423076923077 0.051682692307692304
4 0.46033653846153844 0.5757211538461539 0.02403846153846154 0.036057692307692304
1 0.9807692307692307 0.9435096153846154 0.038461538461538464 0.05889423076923077
1 0.15865384615384615 0.44711538461538464 0.03485576923076923 0.03365384615384615
4 0.18389423076923078 0.8329326923076923 0.02403846153846154 0.027644230769230768
1 0.8233173076923077 0.5901442307692307 0.021634615384615384 0.027644230769230768
1 0.6165865384615384 0.1814903846153846 0.055288461538461536 0.05889423076923077
1 0.03485576923076923 0.3401442307692308 0.06971153846153846 0.18389423076923078
1 0.042067307692307696 0.46274038461538464 0.014423076923076924 0.02403846153846154
1 0.6177884615384616 0.9819711538461539 0.019230769230769232 0.02403846153846154
1 0.013221153846153846 0.5084134615384616 0.021634615384615384 0.027644230769230768
1 0.37259615384615385 0.9807692307692307 0.05048076923076923 0.03485576923076923
1 0.2764423076923077 0.39663461538461536 0.10336538461538461 0.13822115384615385
1 0.9639423076923077 0.3473557692307692 0.014423076923076924 0.019230769230769232
1 0.6899038461538461 0.234375 0.037259615384615384 0.027644230769230768
1 0.6742788461538461 0.02283653846153846 0.09735576923076923 0.04447115384615385
4 0.03365384615384615 0.18990384615384615 0.02283653846153846 0.027644230769230768
4 0.5216346153846154 0.07451923076923077 0.03245192307692308 0.036057692307692304
1 0.5168269230769231 0.5024038461538461 0.052884615384615384 0.04927884615384615
1 0.4951923076923077 0.9771634615384616 0.027644230769230768 0.037259615384615384
4 0.10096153846153846 0.5084134615384616 0.02403846153846154 0.027644230769230768
1 0.5024038461538461 0.6550480769230769 0.06009615384615385 0.06009615384615385
1 0.9302884615384616 0.5697115384615384 0.06971153846153846 0.125
1 0.9134615384615384 0.203125 0.018028846153846152 0.027644230769230768
1 0.828125 0.23918269230769232 0.056490384615384616 0.11899038461538461
4 0.4074519230769231 0.7079326923076923 0.03125 0.04326923076923077
1 0.32211538461538464 0.016826923076923076 0.02403846153846154 0.03365384615384615
1 0.8112980769230769 0.36778846153846156 0.040865384615384616 0.04567307692307692
1 0.40865384615384615 0.8485576923076923 0.0889423076923077 0.1141826923076923
1 0.7379807692307693 0.07091346153846154 0.025240384615384616 0.056490384615384616
1 0.5889423076923077 0.020432692307692308 0.052884615384615384 0.040865384615384616
1 0.6935096153846154 0.27163461538461536 0.030048076923076924 0.037259615384615384
1 0.35216346153846156 0.30288461538461536 0.10817307692307693 0.16105769230769232
1 0.9699519230769231 0.18509615384615385 0.02403846153846154 0.03245192307692308
1 0.609375 0.8786057692307693 0.018028846153846152 0.042067307692307696
1 0.265625 0.25240384615384615 0.06971153846153846 0.0733173076923077
4 0.41466346153846156 0.7752403846153846 0.016826923076923076 0.021634615384615384
1 0.5024038461538461 0.703125 0.038461538461538464 0.037259615384615384
1 0.46153846153846156 0.25 0.05048076923076923 0.04447115384615385
4 0.13942307692307693 0.13701923076923078 0.019230769230769232 0.02283653846153846
11 0.19110576923076922 0.6634615384615384 0.38221153846153844 0.2403846153846154
1 0.7548076923076923 0.11778846153846154 0.02403846153846154 0.026442307692307692
1 0.19831730769230768 0.9134615384615384 0.026442307692307692 0.027644230769230768
1 0.5300480769230769 0.07451923076923077 0.14182692307692307 0.14783653846153846
1 0.8834134615384616 0.22716346153846154 0.02403846153846154 0.03245192307692308
1 0.8737980769230769 0.6105769230769231 0.026442307692307692 0.056490384615384616
1 0.9807692307692307 0.5769230769230769 0.038461538461538464 0.0985576923076923
1 0.9411057692307693 0.06971153846153846 0.03485576923076923 0.042067307692307696
1 0.8737980769230769 0.11298076923076923 0.018028846153846152 0.030048076923076924
1 0.8509615384615384 0.796875 0.17548076923076922 0.1346153846153846
1 0.765625 0.2920673076923077 0.09014423076923077 0.07692307692307693
4 0.390625 0.3317307692307692 0.02403846153846154 0.03245192307692308
1 0.6430288461538461 0.12139423076923077 0.052884615384615384 0.051682692307692304
1 0.5 0.12740384615384615 0.09615384615384616 0.0889423076923077
1 0.9819711538461539 0.7776442307692307 0.036057692307692304 0.037259615384615384
0 0.27403846153846156 0.4795673076923077 0.027644230769230768 0.0673076923076923
2 0.038461538461538464 0.21754807692307693 0.06009615384615385 0.09735576923076923
1 0.4254807692307692 0.5408653846153846 0.03485576923076923 0.036057692307692304
1 0.039663461538461536 0.5012019230769231 0.016826923076923076 0.021634615384615384
1 0.4483173076923077 0.7079326923076923 0.03485576923076923 0.05889423076923077
1 0.3786057692307692 0.4326923076923077 0.03125 0.027644230769230768
4 0.8822115384615384 0.703125 0.02403846153846154 0.036057692307692304
1 0.16466346153846154 0.29447115384615385 0.12259615384615384 0.2536057692307692
1 0.39783653846153844 0.7692307692307693 0.021634615384615384 0.046875
4 0.9783653846153846 0.3112980769230769 0.021634615384615384 0.026442307692307692
1 0.8762019230769231 0.984375 0.056490384615384616 0.028846153846153848
1 0.6826923076923077 0.65625 0.06490384615384616 0.15865384615384615
1 0.9891826923076923 0.39663461538461536 0.021634615384615384 0.03365384615384615
1 0.09254807692307693 0.9771634615384616 0.040865384615384616 0.038461538461538464
1 0.4050480769230769 0.36899038461538464 0.030048076923076924 0.027644230769230768
1 0.8401442307692307 0.43028846153846156 0.057692307692307696 0.057692307692307696
1 0.5480769230769231 0.45552884615384615 0.027644230769230768 0.037259615384615384
1 0.04447115384615385 0.9423076923076923 0.0889423076923077 0.11057692307692307
1 0.9435096153846154 0.18028846153846154 0.018028846153846152 0.03365384615384615
1 0.1045673076923077 0.25 0.04807692307692308 0.057692307692307696
1 0.04807692307692308 0.8605769230769231 0.07211538461538461 0.056490384615384616
1 0.3713942307692308 0.5276442307692307 0.02403846153846154 0.03365384615384615
1 0.7475961538461539 0.4855769230769231 0.10817307692307693 0.15865384615384615
1 0.08653846153846154 0.47475961538461536 0.04447115384615385 0.04447115384615385
4 0.7680288461538461 0.453125 0.020432692307692308 0.026442307692307692
1 0.7800480769230769 0.23197115384615385 0.02403846153846154 0.04326923076923077
1 0.1141826923076923 0.15625 0.03485576923076923 0.040865384615384616
1 0.27524038461538464 0.9699519230769231 0.051682692307692304 0.051682692307692304
1 0.9759615384615384 0.019230769230769232 0.016826923076923076 0.027644230769230768
1 0.8954326923076923 0.9375 0.056490384615384616 0.10576923076923077
1 0.22716346153846154 0.484375 0.03485576923076923 0.03485576923076923
4 0.6153846153846154 0.8329326923076923 0.021634615384615384 0.02283653846153846
4 0.18389423076923078 0.2668269230769231 0.020432692307692308 0.026442307692307692
1 0.4831730769230769 0.8701923076923077 0.06370192307692307 0.1141826923076923
1 0.2512019230769231 0.8052884615384616 0.02403846153846154 0.04567307692307692
1 0.5973557692307693 0.09975961538461539 0.026442307692307692 0.027644230769230768
4 0.8329326923076923 0.7451923076923077 0.021634615384615384 0.02403846153846154
4 0.8834134615384616 0.8545673076923077 0.03365384615384615 0.039663461538461536
1 0.43028846153846156 0.0733173076923077 0.02403846153846154 0.038461538461538464
4 0.6875 0.11177884615384616 0.021634615384615384 0.027644230769230768
1 0.8786057692307693 0.6598557692307693 0.042067307692307696 0.04326923076923077
1 0.5697115384615384 0.5048076923076923 0.052884615384615384 0.07451923076923077
0 0.3161057692307692 0.5432692307692307 0.042067307692307696 0.040865384615384616
4 0.953125 0.828125 0.03245192307692308 0.036057692307692304
1 0.921875 0.3798076923076923 0.04807692307692308 0.06610576923076923
1 0.421875 0.2608173076923077 0.036057692307692304 0.04927884615384615
1 0.78125 0.9447115384615384 0.038461538461538464 0.0889423076923077
1 0.5721153846153846 0.6682692307692307 0.05048076923076923 0.06370192307692307
1 0.014423076923076924 0.16826923076923078 0.027644230769230768 0.08653846153846154
4 0.828125 0.12139423076923077 0.020432692307692308 0.02403846153846154
1 0.4675480769230769 0.21754807692307693 0.03245192307692308 0.03245192307692308
1 0.7103365384615384 0.17427884615384615 0.056490384615384616 0.05889423076923077
1 0.5384615384615384 0.23197115384615385 0.10817307692307693 0.1201923076923077
1 0.9507211538461539 0.03485576923076923 0.02403846153846154 0.03365384615384615
1 0.3016826923076923 0.8834134615384616 0.018028846153846152 0.038461538461538464
4 0.9206730769230769 0.17668269230769232 0.025240384615384616 0.027644230769230768
4 0.2644230769230769 0.054086538461538464 0.021634615384615384 0.02283653846153846
1 0.9447115384615384 0.9206730769230769 0.06971153846153846 0.04326923076923077
1 0.4567307692307692 0.6394230769230769 0.03245192307692308 0.06009615384615385
1 0.16346153846153846 0.9507211538461539 0.10336538461538461 0.07932692307692307
1 0.8197115384615384 0.8822115384615384 0.019230769230769232 0.02403846153846154
1 0.3485576923076923 0.4639423076923077 0.038461538461538464 0.042067307692307696
1 0.21153846153846154 0.5336538461538461 0.020432692307692308 0.021634615384615384
1 0.8641826923076923 0.38221153846153844 0.06850961538461539 0.10576923076923077
4 0.8485576923076923 0.6045673076923077 0.025240384615384616 0.042067307692307696
4 0.5865384615384616 0.8930288461538461 0.02403846153846154 0.026442307692307692
1 0.3942307692307692 0.49399038461538464 0.04567307692307692 0.026442307692307692
1 0.9122596153846154 0.875 0.016826923076923076 0.027644230769230768
1 0.9651442307692307 0.37259615384615385 0.027644230769230768 0.03245192307692308
1 0.8545673076923077 0.13221153846153846 0.02403846153846154 0.02403846153846154
1 0.9855769230769231 0.3329326923076923 0.027644230769230768 0.0733173076923077
1 0.4879807692307692 0.5552884615384616 0.04927884615384615 0.06850961538461539
1 0.6694711538461539 0.4495192307692308 0.09014423076923077 0.2403846153846154
4 0.8533653846153846 0.3125 0.027644230769230768 0.037259615384615384
4 0.8004807692307693 0.43509615384615385 0.027644230769230768 0.037259615384615384
4 0.6538461538461539 0.24639423076923078 0.019230769230769232 0.02403846153846154
1 0.09375 0.3473557692307692 0.051682692307692304 0.06971153846153846
4 0.42788461538461536 0.1346153846153846 0.021634615384615384 0.027644230769230768
1 0.8233173076923077 0.0625 0.14903846153846154 0.12379807692307693
1 0.7692307692307693 0.16706730769230768 0.0625 0.04567307692307692
1 0.9423076923076923 0.9759615384615384 0.04447115384615385 0.04567307692307692
1 0.9591346153846154 0.8786057692307693 0.038461538461538464 0.05048076923076923
1 0.9026442307692307 0.4735576923076923 0.0889423076923077 0.06850961538461539
6 0.3918269230769231 0.5300480769230769 0.021634615384615384 0.03365384615384615
1 0.7283653846153846 0.8737980769230769 0.12980769230769232 0.06129807692307692
1 0.30408653846153844 0.15504807692307693 0.02403846153846154 0.08052884615384616
1 0.9375 0.4411057692307692 0.04807692307692308 0.037259615384615384
4 0.3485576923076923 0.9002403846153846 0.030048076923076924 0.039663461538461536
1 0.6382211538461539 0.8100961538461539 0.06850961538461539 0.07932692307692307
1 0.3173076923076923 0.8365384615384616 0.10336538461538461 0.125
1 0.234375 0.15504807692307693 0.1201923076923077 0.10216346153846154
1 0.8004807692307693 0.6598557692307693 0.07932692307692307 0.13341346153846154
1 0.13221153846153846 0.828125 0.20432692307692307 0.14903846153846154
1 0.9026442307692307 0.3016826923076923 0.05889423076923077 0.055288461538461536
4 0.6213942307692307 0.5432692307692307 0.02403846153846154 0.03125
4 0.28365384615384615 0.08533653846153846 0.02283653846153846 0.027644230769230768
1 0.4807692307692308 0.39302884615384615 0.11057692307692307 0.23557692307692307
1 0.8882211538461539 0.546875 0.054086538461538464 0.05889423076923077
1 0.4014423076923077 0.5769230769230769 0.021634615384615384 0.04927884615384615
1 0.9663461538461539 0.45072115384615385 0.0673076923076923 0.12259615384615384
1 0.7259615384615384 0.6105769230769231 0.054086538461538464 0.07932692307692307
1 0.6658653846153846 0.057692307692307696 0.030048076923076924 0.037259615384615384
1 0.7307692307692307 0.75 0.08052884615384616 0.19471153846153846
1 0.8942307692307693 0.17067307692307693 0.03125 0.05048076923076923
1 0.203125 0.038461538461538464 0.06971153846153846 0.07692307692307693
1 0.6189903846153846 0.6430288461538461 0.021634615384615384 0.05048076923076923
1 0.2512019230769231 0.3016826923076923 0.04326923076923077 0.055288461538461536
1 0.7740384615384616 0.5817307692307693 0.04326923076923077 0.05889423076923077
1 0.9807692307692307 0.9903846153846154 0.037259615384615384 0.014423076923076924
1 0.9627403846153846 0.23798076923076922 0.030048076923076924 0.021634615384615384
3 0.5564903846153846 0.328125 0.037259615384615384 0.04807692307692308
1 0.052884615384615384 0.09495192307692307 0.1045673076923077 0.18629807692307693
1 0.056490384615384616 0.39903846153846156 0.02403846153846154 0.06490384615384616
1 0.07572115384615384 0.5408653846153846 0.06610576923076923 0.051682692307692304
1 0.4026442307692308 0.9375 0.07932692307692307 0.042067307692307696
1 0.5865384615384616 0.7608173076923077 0.12620192307692307 0.17548076923076922
1 0.10216346153846154 0.43149038461538464 0.020432692307692308 0.03245192307692308
1 0.6394230769230769 0.6129807692307693 0.021634615384615384 0.06009615384615385
1 0.5625 0.5901442307692307 0.10817307692307693 0.09735576923076923
1 0.44471153846153844 0.9807692307692307 0.06971153846153846 0.036057692307692304
4 0.8461538461538461 0.5673076923076923 0.02283653846153846 0.03125
4 0.9350961538461539 0.33413461538461536 0.020432692307692308 0.02283653846153846
1 0.6730769230769231 0.9759615384615384 0.057692307692307696 0.04567307692307692
1 0.3894230769230769 0.014423076923076924 0.07211538461538461 0.027644230769230768
4 0.2247596153846154 0.4326923076923077 0.030048076923076924 0.039663461538461536
1 0.7403846153846154 0.9326923076923077 0.04447115384615385 0.0889423076923077
1 0.018028846153846152 0.7728365384615384 0.03485576923076923 0.09134615384615384
1 0.5769230769230769 0.3641826923076923 0.09615384615384616 0.13942307692307693
1 0.25961538461538464 0.875 0.04567307692307692 0.05048076923076923
1 0.42908653846153844 0.6069711538461539 0.038461538461538464 0.051682692307692304
1 0.4338942307692308 0.17548076923076922 0.025240384615384616 0.037259615384615384
1 0.9483173076923077 0.28966346153846156 0.042067307692307696 0.09735576923076923
1 0.7572115384615384 0.3798076923076923 0.06490384615384616 0.08173076923076923
1 0.3137019230769231 0.9447115384615384 0.016826923076923076 0.027644230769230768
1 0.5985576923076923 0.4831730769230769 0.06850961538461539 0.09615384615384616
1 0.3401442307692308 0.9723557692307693 0.021634615384615384 0.016826923076923076
1 0.6262019230769231 0.2548076923076923 0.04807692307692308 0.07932692307692307
4 0.6634615384615384 0.11298076923076923 0.027644230769230768 0.03365384615384615
1 0.8389423076923077 0.5216346153846154 0.026442307692307692 0.040865384615384616
4 0.6358173076923077 0.06850961538461539 0.021634615384615384 0.027644230769230768
1 0.3918269230769231 0.6442307692307693 0.018028846153846152 0.019230769230769232
1 0.9615384615384616 0.703125 0.07692307692307693 0.15625
1 0.84375 0.18028846153846154 0.021634615384615384 0.05889423076923077
4 0.9134615384615384 0.24759615384615385 0.025240384615384616 0.03125
1 0.9807692307692307 0.12980769230769232 0.038461538461538464 0.18870192307692307
1 0.6201923076923077 0.5757211538461539 0.05048076923076923 0.03365384615384615
1 0.3713942307692308 0.1201923076923077 0.09735576923076923 0.18389423076923078
1 0.11899038461538461 0.04927884615384615 0.09495192307692307 0.0829326923076923
1 0.8353365384615384 0.9242788461538461 0.05889423076923077 0.14783653846153846
1 0.9146634615384616 0.1141826923076923 0.025240384615384616 0.02403846153846154
4 0.9098557692307693 0.14543269230769232 0.027644230769230768 0.03485576923076923
4 0.4567307692307692 0.4411057692307692 0.014423076923076924 0.02403846153846154
2 0.6153846153846154 0.9326923076923077 0.23197115384615385 0.056490384615384616
