1 0.30649038461538464 0.44711538461538464 0.06370192307692307 0.055288461538461536
1 0.03485576923076923 0.734375 0.03245192307692308 0.078125
1 0.28365384615384615 0.9050480769230769 0.04567307692307692 0.12860576923076922
1 0.7295673076923077 0.18269230769230768 0.04807692307692308 0.054086538461538464
10 0.45552884615384615 0.5697115384615384 0.9110576923076923 0.8557692307692307
1 0.8858173076923077 0.18629807692307693 0.09134615384615384 0.09254807692307693
1 0.8329326923076923 0.2932692307692308 0.038461538461538464 0.10216346153846154
1 0.5637019230769231 0.140625 0.07572115384615384 0.07451923076923077
1 0.8978365384615384 0.3557692307692308 0.052884615384615384 0.06610576923076923
10 0.5 0.29447115384615385 1 0.5012019230769231
1 0.8473557692307693 0.7007211538461539 0.1935096153846154 0.375
10 0.43990384615384615 0.49759615384615385 0.0673076923076923 0.9951923076923077
1 0.3317307692307692 0.7271634615384616 0.037259615384615384 0.07451923076923077
