1 0.5144230769230769 0.7980769230769231 0.1310096153846154 0.11057692307692307
1 0.47716346153846156 0.7019230769230769 0.18990384615384615 0.19831730769230768
1 0.3088942307692308 0.04447115384615385 0.10697115384615384 0.08653846153846154
10 0.5 0.5396634615384616 1 0.30528846153846156
1 0.1971153846153846 0.35096153846153844 0.16346153846153846 0.10697115384615384
1 0.49038461538461536 0.14783653846153846 0.09254807692307693 0.09975961538461539
1 0.5444711538461539 0.9555288461538461 0.06850961538461539 0.07932692307692307
1 0.8870192307692307 0.3954326923076923 0.0673076923076923 0.06850961538461539
1 0.21634615384615385 0.24639423076923078 0.09014423076923077 0.09134615384615384
1 0.6658653846153846 0.7379807692307693 0.12740384615384615 0.14423076923076922
1 0.2127403846153846 0.12740384615384615 0.09735576923076923 0.14182692307692307
1 0.8112980769230769 0.3401442307692308 0.09014423076923077 0.12860576923076922
1 0.6730769230769231 0.2776442307692308 0.12860576923076922 0.14903846153846154
1 0.2800480769230769 0.7019230769230769 0.10336538461538461 0.14302884615384615
1 0.5637019230769231 0.11658653846153846 0.07932692307692307 0.05889423076923077
1 0.7668269230769231 0.16105769230769232 0.09014423076923077 0.1310096153846154
1 0.8076923076923077 0.9122596153846154 0.1346153846153846 0.15504807692307693
1 0.08173076923076923 0.18028846153846154 0.1466346153846154 0.1935096153846154
1 0.9338942307692307 0.14903846153846154 0.12379807692307693 0.20432692307692307
1 0.1971153846153846 0.8257211538461539 0.3641826923076923 0.3401442307692308
1 0.057692307692307696 0.34615384615384615 0.10817307692307693 0.13341346153846154
1 0.4855769230769231 0.3125 0.027644230769230768 0.036057692307692304
1 0.6778846153846154 0.8485576923076923 0.07211538461538461 0.10096153846153846
