1 0.7764423076923077 0.2692307692307692 0.019230769230769232 0.02283653846153846
1 0.9362980769230769 0.7223557692307693 0.042067307692307696 0.04447115384615385
1 0.8545673076923077 0.22716346153846154 0.016826923076923076 0.042067307692307696
2 0.8978365384615384 0.6274038461538461 0.20432692307692307 0.4026442307692308
1 0.5600961538461539 0.4098557692307692 0.12620192307692307 0.11899038461538461
1 0.37259615384615385 0.28966346153846156 0.021634615384615384 0.028846153846153848
1 0.5997596153846154 0.3161057692307692 0.037259615384615384 0.06490384615384616
1 0.7584134615384616 0.2644230769230769 0.006009615384615385 0.019230769230769232
1 0.6189903846153846 0.9447115384615384 0.0625 0.046875
1 0.6826923076923077 0.625 0.052884615384615384 0.06850961538461539
1 0.039663461538461536 0.46875 0.02403846153846154 0.037259615384615384
1 0.7259615384615384 0.19951923076923078 0.04927884615384615 0.05048076923076923
2 0.9350961538461539 0.14903846153846154 0.12860576923076922 0.2932692307692308
1 0.09014423076923077 0.042067307692307696 0.06370192307692307 0.08173076923076923
1 0.037259615384615384 0.2980769230769231 0.0733173076923077 0.17548076923076922
1 0.84375 0.3858173076923077 0.03125 0.04927884615384615
2 0.5673076923076923 0.13942307692307693 0.21514423076923078 0.27403846153846156
1 0.24879807692307693 0.42427884615384615 0.0733173076923077 0.046875
1 0.9254807692307693 0.33774038461538464 0.0673076923076923 0.0889423076923077
1 0.23918269230769232 0.051682692307692304 0.11057692307692307 0.10096153846153846
1 0.5396634615384616 0.5096153846153846 0.037259615384615384 0.08173076923076923
1 0.8990384615384616 0.8822115384615384 0.027644230769230768 0.040865384615384616
1 0.3425480769230769 0.44711538461538464 0.04807692307692308 0.027644230769230768
3 0.234375 0.4987980769230769 0.4675480769230769 0.9963942307692307
1 0.8677884615384616 0.3161057692307692 0.055288461538461536 0.08052884615384616
1 0.3112980769230769 0.4014423076923077 0.03485576923076923 0.040865384615384616
1 0.7764423076923077 0.6971153846153846 0.12620192307692307 0.16706730769230768
1 0.038461538461538464 0.7067307692307693 0.027644230769230768 0.042067307692307696
1 0.7992788461538461 0.9507211538461539 0.07932692307692307 0.08774038461538461
1 0.16706730769230768 0.6069711538461539 0.04447115384615385 0.05048076923076923
1 0.234375 0.31850961538461536 0.07692307692307693 0.171875
1 0.7992788461538461 0.06129807692307692 0.18389423076923078 0.12139423076923077
1 0.3329326923076923 0.11538461538461539 0.04447115384615385 0.054086538461538464
1 0.6995192307692307 0.35336538461538464 0.14182692307692307 0.25841346153846156
1 0.578125 0.5649038461538461 0.055288461538461536 0.07451923076923077
1 0.6995192307692307 0.9675480769230769 0.036057692307692304 0.06129807692307692
1 0.8209134615384616 0.21754807692307693 0.026442307692307692 0.019230769230769232
1 0.10096153846153846 0.3870192307692308 0.030048076923076924 0.036057692307692304
1 0.9579326923076923 0.6706730769230769 0.040865384615384616 0.054086538461538464
1 0.9158653846153846 0.9579326923076923 0.10336538461538461 0.07932692307692307
1 0.7980769230769231 0.24278846153846154 0.02403846153846154 0.03365384615384615
1 0.30408653846153844 0.25600961538461536 0.02283653846153846 0.036057692307692304
1 0.671875 0.8425480769230769 0.021634615384615384 0.026442307692307692
1 0.5024038461538461 0.7596153846153846 0.29927884615384615 0.3161057692307692
1 0.6298076923076923 0.20192307692307693 0.02283653846153846 0.03485576923076923
2 0.41466346153846156 0.8545673076923077 0.24759615384615385 0.28725961538461536
1 0.04807692307692308 0.5252403846153846 0.038461538461538464 0.037259615384615384
1 0.07091346153846154 0.4254807692307692 0.05889423076923077 0.055288461538461536
2 0.14423076923076922 0.3425480769230769 0.28846153846153844 0.6838942307692307
1 0.5492788461538461 0.18389423076923078 0.03125 0.04326923076923077
1 0.03485576923076923 0.84375 0.057692307692307696 0.04927884615384615
1 0.27283653846153844 0.17067307692307693 0.027644230769230768 0.03485576923076923
1 0.12139423076923077 0.5637019230769231 0.04326923076923077 0.046875
1 0.6935096153846154 0.5336538461538461 0.025240384615384616 0.03245192307692308
1 0.8509615384615384 0.5372596153846154 0.07932692307692307 0.12980769230769232
1 0.13701923076923078 0.03485576923076923 0.03245192307692308 0.05889423076923077
1 0.6358173076923077 0.9098557692307693 0.026442307692307692 0.027644230769230768
1 0.5997596153846154 0.23197115384615385 0.042067307692307696 0.040865384615384616
1 0.7776442307692307 0.8521634615384616 0.03125 0.055288461538461536
1 0.12379807692307693 0.12379807692307693 0.042067307692307696 0.056490384615384616
1 0.7103365384615384 0.8942307692307693 0.04807692307692308 0.03365384615384615
1 0.2247596153846154 0.6646634615384616 0.06971153846153846 0.10216346153846154
