1 0.9699519230769231 0.8557692307692307 0.06009615384615385 0.16105769230769232
0 0.18389423076923078 0.6430288461538461 0.09014423076923077 0.1658653846153846
1 0.6430288461538461 0.75 0.036057692307692304 0.051682692307692304
1 0.9663461538461539 0.421875 0.02403846153846154 0.040865384615384616
1 0.8713942307692307 0.6165865384615384 0.08653846153846154 0.14423076923076922
1 0.6490384615384616 0.34975961538461536 0.03365384615384615 0.046875
1 0.6610576923076923 0.125 0.09735576923076923 0.10576923076923077
1 0.7283653846153846 0.22235576923076922 0.1466346153846154 0.09735576923076923
1 0.8629807692307693 0.39663461538461536 0.02403846153846154 0.027644230769230768
6 0.32211538461538464 0.6646634615384616 0.23317307692307693 0.46153846153846156
1 0.3161057692307692 0.22716346153846154 0.13942307692307693 0.1466346153846154
1 0.3918269230769231 0.36778846153846156 0.10817307692307693 0.18028846153846154
1 0.7475961538461539 0.6322115384615384 0.07692307692307693 0.0985576923076923
1 0.5480769230769231 0.921875 0.08052884615384616 0.1466346153846154
1 0.9879807692307693 0.1622596153846154 0.02403846153846154 0.055288461538461536
1 0.039663461538461536 0.21514423076923078 0.07932692307692307 0.08413461538461539
1 0.7944711538461539 0.47115384615384615 0.02403846153846154 0.05048076923076923
1 0.06490384615384616 0.5360576923076923 0.09735576923076923 0.11538461538461539
1 0.234375 0.3545673076923077 0.23317307692307693 0.13942307692307693
1 0.5805288461538461 0.17427884615384615 0.03485576923076923 0.037259615384615384
0 0.9254807692307693 0.7427884615384616 0.14903846153846154 0.38461538461538464
0 0.5060096153846154 0.5649038461538461 0.19110576923076922 0.5841346153846154
1 0.7043269230769231 0.8677884615384616 0.021634615384615384 0.036057692307692304
1 0.3762019230769231 0.055288461538461536 0.19951923076923078 0.109375
