1 0.8990384615384616 0.8930288461538461 0.008413461538461538 0.009615384615384616
1 0.2608173076923077 0.21634615384615385 0.028846153846153848 0.04567307692307692
1 0.3557692307692308 0.9927884615384616 0.010817307692307692 0.013221153846153846
1 0.40024038461538464 0.19471153846153846 0.009615384615384616 0.01201923076923077
1 0.6586538461538461 0.05048076923076923 0.004807692307692308 0.007211538461538462
1 0.9122596153846154 0.23798076923076922 0.004807692307692308 0.008413461538461538
1 0.30528846153846156 0.23798076923076922 0.016826923076923076 0.019230769230769232
1 0.3125 0.8149038461538461 0.004807692307692308 0.007211538461538462
1 0.0673076923076923 0.7331730769230769 0.007211538461538462 0.010817307692307692
1 0.6514423076923077 0.13942307692307693 0.027644230769230768 0.036057692307692304
1 0.02283653846153846 0.8329326923076923 0.01201923076923077 0.02283653846153846
1 0.9326923076923077 0.29927884615384615 0.008413461538461538 0.009615384615384616
1 0.9002403846153846 0.9206730769230769 0.014423076923076924 0.013221153846153846
1 0.9579326923076923 0.9134615384615384 0.014423076923076924 0.014423076923076924
1 0.5336538461538461 0.9146634615384616 0.07932692307692307 0.13701923076923078
1 0.8858173076923077 0.35216346153846156 0.009615384615384616 0.010817307692307692
1 0.4639423076923077 0.3762019230769231 0.009615384615384616 0.008413461538461538
1 0.47596153846153844 0.125 0.040865384615384616 0.054086538461538464
1 0.9290865384615384 0.6370192307692307 0.038461538461538464 0.04447115384615385
1 0.7451923076923077 0.018028846153846152 0.009615384615384616 0.009615384615384616
1 0.002403846153846154 0.5877403846153846 0.003605769230769231 0.007211538461538462
1 0.9603365384615384 0.3713942307692308 0.013221153846153846 0.009615384615384616
1 0.6790865384615384 0.08774038461538461 0.004807692307692308 0.006009615384615385
1 0.040865384615384616 0.36899038461538464 0.06129807692307692 0.07692307692307693
1 0.9543269230769231 0.6646634615384616 0.013221153846153846 0.018028846153846152
1 0.5649038461538461 0.7427884615384616 0.03245192307692308 0.054086538461538464
1 0.9663461538461539 0.01201923076923077 0.015625 0.02283653846153846
1 0.14182692307692307 0.8221153846153846 0.006009615384615385 0.010817307692307692
1 0.5456730769230769 0.15264423076923078 0.018028846153846152 0.025240384615384616
1 0.4651442307692308 0.9783653846153846 0.037259615384615384 0.04326923076923077
1 0.4411057692307692 0.5168269230769231 0.009615384615384616 0.01201923076923077
1 0.9399038461538461 0.9795673076923077 0.006009615384615385 0.008413461538461538
1 0.2980769230769231 0.006009615384615385 0.009615384615384616 0.009615384615384616
1 0.21394230769230768 0.21153846153846154 0.007211538461538462 0.01201923076923077
1 0.2668269230769231 0.19591346153846154 0.009615384615384616 0.008413461538461538
1 0.5252403846153846 0.7884615384615384 0.06129807692307692 0.03365384615384615
1 0.6622596153846154 0.5637019230769231 0.021634615384615384 0.028846153846153848
1 0.3161057692307692 0.6682692307692307 0.008413461538461538 0.01201923076923077
1 0.5132211538461539 0.41586538461538464 0.028846153846153848 0.039663461538461536
1 0.29927884615384615 0.33052884615384615 0.01201923076923077 0.015625
1 0.8677884615384616 0.2848557692307692 0.01201923076923077 0.016826923076923076
1 0.8701923076923077 0.9651442307692307 0.052884615384615384 0.056490384615384616
1 0.49399038461538464 0.27884615384615385 0.007211538461538462 0.01201923076923077
1 0.8846153846153846 0.030048076923076924 0.04807692307692308 0.05048076923076923
1 0.5853365384615384 0.07451923076923077 0.014423076923076924 0.019230769230769232
1 0.1778846153846154 0.8461538461538461 0.009615384615384616 0.01201923076923077
1 0.5240384615384616 0.47716346153846156 0.019230769230769232 0.016826923076923076
1 0.9663461538461539 0.03365384615384615 0.006009615384615385 0.008413461538461538
1 0.828125 0.96875 0.027644230769230768 0.027644230769230768
1 0.9122596153846154 0.9855769230769231 0.026442307692307692 0.028846153846153848
1 0.5144230769230769 0.3293269230769231 0.008413461538461538 0.007211538461538462
1 0.8401442307692307 0.8822115384615384 0.006009615384615385 0.007211538461538462
1 0.3701923076923077 0.3545673076923077 0.0673076923076923 0.06971153846153846
1 0.8521634615384616 0.9170673076923077 0.004807692307692308 0.009615384615384616
1 0.7259615384615384 0.018028846153846152 0.009615384615384616 0.01201923076923077
1 0.3858173076923077 0.16466346153846154 0.006009615384615385 0.009615384615384616
1 0.8137019230769231 0.9350961538461539 0.013221153846153846 0.021634615384615384
1 0.8209134615384616 0.038461538461538464 0.013221153846153846 0.019230769230769232
1 0.42908653846153844 0.6514423076923077 0.026442307692307692 0.027644230769230768
1 0.9735576923076923 0.9771634615384616 0.006009615384615385 0.010817307692307692
1 0.34375 0.28966346153846156 0.014423076923076924 0.04326923076923077
1 0.9326923076923077 0.8786057692307693 0.006009615384615385 0.01201923076923077
1 0.3870192307692308 0.1875 0.010817307692307692 0.018028846153846152
1 0.8942307692307693 0.4206730769230769 0.07451923076923077 0.0829326923076923
1 0.14543269230769232 0.008413461538461538 0.007211538461538462 0.016826923076923076
1 0.28846153846153844 0.15745192307692307 0.014423076923076924 0.018028846153846152
1 0.3918269230769231 0.5745192307692307 0.0733173076923077 0.06129807692307692
2 0.6754807692307693 0.7475961538461539 0.22956730769230768 0.4963942307692308
0 0.03365384615384615 0.10697115384615384 0.06610576923076923 0.09735576923076923
1 0.41346153846153844 0.5240384615384616 0.009615384615384616 0.020432692307692308
1 0.9254807692307693 0.9723557692307693 0.004807692307692308 0.008413461538461538
1 0.8870192307692307 0.5612980769230769 0.006009615384615385 0.006009615384615385
1 0.5973557692307693 0.328125 0.008413461538461538 0.020432692307692308
1 0.4423076923076923 0.4098557692307692 0.055288461538461536 0.06490384615384616
1 0.09495192307692307 0.2283653846153846 0.009615384615384616 0.007211538461538462
1 0.8990384615384616 0.265625 0.010817307692307692 0.01201923076923077
1 0.06971153846153846 0.22355769230769232 0.013221153846153846 0.010817307692307692
1 0.12740384615384615 0.2848557692307692 0.03245192307692308 0.06370192307692307
1 0.8798076923076923 0.2668269230769231 0.01201923076923077 0.014423076923076924
1 0.38461538461538464 0.6105769230769231 0.03245192307692308 0.027644230769230768
1 0.4362980769230769 0.53125 0.013221153846153846 0.019230769230769232
1 0.49158653846153844 0.703125 0.019230769230769232 0.028846153846153848
1 0.22355769230769232 0.203125 0.006009615384615385 0.007211538461538462
1 0.4375 0.5877403846153846 0.014423076923076924 0.013221153846153846
0 0.6935096153846154 0.31971153846153844 0.0673076923076923 0.10576923076923077
1 0.36899038461538464 0.125 0.02403846153846154 0.04326923076923077
1 0.09735576923076923 0.9350961538461539 0.013221153846153846 0.01201923076923077
1 0.296875 0.3629807692307692 0.014423076923076924 0.015625
1 0.6658653846153846 0.0673076923076923 0.006009615384615385 0.007211538461538462
1 0.47475961538461536 0.5697115384615384 0.019230769230769232 0.040865384615384616
1 0.7512019230769231 0.07692307692307693 0.014423076923076924 0.028846153846153848
1 0.6009615384615384 0.006009615384615385 0.02403846153846154 0.01201923076923077
1 0.9507211538461539 0.8966346153846154 0.004807692307692308 0.010817307692307692
1 0.5528846153846154 0.06129807692307692 0.015625 0.02403846153846154
1 0.8978365384615384 0.53125 0.007211538461538462 0.010817307692307692
1 0.8088942307692307 0.5661057692307693 0.02403846153846154 0.018028846153846152
1 0.5733173076923077 0.4951923076923077 0.01201923076923077 0.019230769230769232
1 0.9423076923076923 0.71875 0.01201923076923077 0.015625
1 0.640625 0.21875 0.027644230769230768 0.036057692307692304
1 0.9471153846153846 0.421875 0.008413461538461538 0.013221153846153846
1 0.453125 0.7800480769230769 0.013221153846153846 0.01201923076923077
1 0.9651442307692307 0.890625 0.007211538461538462 0.004807692307692308
1 0.49278846153846156 0.4411057692307692 0.015625 0.015625
1 0.025240384615384616 0.7668269230769231 0.009615384615384616 0.008413461538461538
1 0.4963942307692308 0.3293269230769231 0.009615384615384616 0.016826923076923076
1 0.41225961538461536 0.8822115384615384 0.009615384615384616 0.016826923076923076
1 0.9903846153846154 0.7043269230769231 0.019230769230769232 0.11298076923076923
1 0.22355769230769232 0.4807692307692308 0.03365384615384615 0.020432692307692308
1 0.4951923076923077 0.6237980769230769 0.019230769230769232 0.018028846153846152
1 0.5096153846153846 0.296875 0.008413461538461538 0.013221153846153846
1 0.3798076923076923 0.6466346153846154 0.015625 0.027644230769230768
1 0.17427884615384615 0.5552884615384616 0.020432692307692308 0.02403846153846154
1 0.6346153846153846 0.7860576923076923 0.020432692307692308 0.02283653846153846
1 0.9110576923076923 0.25 0.007211538461538462 0.010817307692307692
1 0.6081730769230769 0.390625 0.014423076923076924 0.03365384615384615
1 0.703125 0.921875 0.038461538461538464 0.04927884615384615
1 0.9963942307692307 0.4879807692307692 0.007211538461538462 0.009615384615384616
1 0.3245192307692308 0.8317307692307693 0.009615384615384616 0.010817307692307692
1 0.8894230769230769 0.8725961538461539 0.01201923076923077 0.020432692307692308
1 0.4110576923076923 0.6923076923076923 0.014423076923076924 0.039663461538461536
1 0.04326923076923077 0.4795673076923077 0.03365384615384615 0.02403846153846154
1 0.8918269230769231 0.29447115384615385 0.004807692307692308 0.006009615384615385
1 0.25600961538461536 0.11177884615384616 0.015625 0.028846153846153848
1 0.03125 0.7836538461538461 0.007211538461538462 0.007211538461538462
1 0.5564903846153846 0.44350961538461536 0.014423076923076924 0.021634615384615384
1 0.7752403846153846 0.015625 0.051682692307692304 0.030048076923076924
1 0.34134615384615385 0.7692307692307693 0.009615384615384616 0.01201923076923077
1 0.328125 0.3425480769230769 0.025240384615384616 0.046875
1 0.2247596153846154 0.22716346153846154 0.008413461538461538 0.013221153846153846
1 0.23798076923076922 0.31850961538461536 0.037259615384615384 0.04567307692307692
1 0.90625 0.10576923076923077 0.026442307692307692 0.038461538461538464
1 0.004807692307692308 0.19471153846153846 0.009615384615384616 0.027644230769230768
1 0.11538461538461539 0.5612980769230769 0.025240384615384616 0.025240384615384616
1 0.30528846153846156 0.109375 0.06129807692307692 0.07692307692307693
1 0.9759615384615384 0.609375 0.016826923076923076 0.030048076923076924
1 0.7788461538461539 0.8353365384615384 0.014423076923076924 0.019230769230769232
1 0.9795673076923077 0.78125 0.014423076923076924 0.015625
1 0.03245192307692308 0.8786057692307693 0.01201923076923077 0.010817307692307692
1 0.35216346153846156 0.7175480769230769 0.02403846153846154 0.019230769230769232
1 0.7259615384615384 0.5925480769230769 0.02283653846153846 0.040865384615384616
1 0.05048076923076923 0.7704326923076923 0.021634615384615384 0.019230769230769232
1 0.14423076923076922 0.21995192307692307 0.01201923076923077 0.02403846153846154
1 0.7908653846153846 0.08173076923076923 0.046875 0.05048076923076923
1 0.6117788461538461 0.7439903846153846 0.018028846153846152 0.03125
1 0.17908653846153846 0.46875 0.04567307692307692 0.03365384615384615
1 0.35096153846153844 0.8846153846153846 0.01201923076923077 0.021634615384615384
1 0.8461538461538461 0.47596153846153844 0.014423076923076924 0.020432692307692308
1 0.13581730769230768 0.9603365384615384 0.014423076923076924 0.014423076923076924
1 0.43149038461538464 0.8341346153846154 0.04807692307692308 0.0889423076923077
1 0.5829326923076923 0.8581730769230769 0.02403846153846154 0.039663461538461536
1 0.030048076923076924 0.9411057692307693 0.05889423076923077 0.10216346153846154
1 0.6213942307692307 0.9471153846153846 0.014423076923076924 0.025240384615384616
1 0.9939903846153846 0.8353365384615384 0.010817307692307692 0.10576923076923077
1 0.47596153846153844 0.39903846153846156 0.01201923076923077 0.013221153846153846
1 0.5709134615384616 0.020432692307692308 0.03245192307692308 0.03245192307692308
1 0.09735576923076923 0.5865384615384616 0.006009615384615385 0.006009615384615385
1 0.12259615384615384 0.46875 0.052884615384615384 0.057692307692307696
1 0.1201923076923077 0.9723557692307693 0.013221153846153846 0.026442307692307692
1 0.6177884615384616 0.5384615384615384 0.021634615384615384 0.013221153846153846
1 0.24278846153846154 0.12980769230769232 0.008413461538461538 0.018028846153846152
1 0.11177884615384616 0.9026442307692307 0.014423076923076924 0.013221153846153846
1 0.7103365384615384 0.7668269230769231 0.15144230769230768 0.14903846153846154
1 0.42427884615384615 0.07572115384615384 0.016826923076923076 0.014423076923076924
1 0.5072115384615384 0.030048076923076924 0.021634615384615384 0.026442307692307692
1 0.9855769230769231 0.5396634615384616 0.015625 0.018028846153846152
1 0.40384615384615385 0.9519230769230769 0.006009615384615385 0.01201923076923077
1 0.08774038461538461 0.9795673076923077 0.013221153846153846 0.01201923076923077
1 0.7956730769230769 0.6262019230769231 0.010817307692307692 0.018028846153846152
1 0.53125 0.11177884615384616 0.03125 0.037259615384615384
1 0.3894230769230769 0.04807692307692308 0.03485576923076923 0.036057692307692304
1 0.025240384615384616 0.25 0.019230769230769232 0.027644230769230768
1 0.625 0.8497596153846154 0.025240384615384616 0.037259615384615384
1 0.9615384615384616 0.3329326923076923 0.013221153846153846 0.01201923076923077
1 0.8305288461538461 0.9435096153846154 0.006009615384615385 0.007211538461538462
1 0.3581730769230769 0.6790865384615384 0.008413461538461538 0.009615384615384616
0 0.7560096153846154 0.4266826923076923 0.06129807692307692 0.08173076923076923
1 0.3233173076923077 0.2980769230769231 0.007211538461538462 0.01201923076923077
1 0.6442307692307693 0.2439903846153846 0.014423076923076924 0.015625
1 0.984375 0.203125 0.014423076923076924 0.01201923076923077
1 0.15985576923076922 0.9807692307692307 0.018028846153846152 0.021634615384615384
1 0.5913461538461539 0.5600961538461539 0.013221153846153846 0.01201923076923077
1 0.44711538461538464 0.6983173076923077 0.019230769230769232 0.020432692307692308
1 0.5841346153846154 0.8100961538461539 0.019230769230769232 0.02283653846153846
1 0.5673076923076923 0.6706730769230769 0.015625 0.016826923076923076
1 0.109375 0.5973557692307693 0.009615384615384616 0.014423076923076924
1 0.01201923076923077 0.7211538461538461 0.02403846153846154 0.03365384615384615
1 0.8269230769230769 0.06490384615384616 0.01201923076923077 0.01201923076923077
1 0.11899038461538461 0.9411057692307693 0.008413461538461538 0.020432692307692308
1 0.9254807692307693 0.9098557692307693 0.03125 0.039663461538461536
1 0.06370192307692307 0.9483173076923077 0.008413461538461538 0.020432692307692308
1 0.21514423076923078 0.15625 0.040865384615384616 0.0733173076923077
1 0.37259615384615385 0.8581730769230769 0.015625 0.020432692307692308
1 0.2860576923076923 0.4338942307692308 0.020432692307692308 0.039663461538461536
1 0.9483173076923077 0.9411057692307693 0.02403846153846154 0.025240384615384616
1 0.7247596153846154 0.6862980769230769 0.020432692307692308 0.03125
1 0.27524038461538464 0.002403846153846154 0.010817307692307692 0.004807692307692308
1 0.29927884615384615 0.7596153846153846 0.03485576923076923 0.046875
2 0.5408653846153846 0.4879807692307692 0.7740384615384616 0.671875
1 0.12980769230769232 0.609375 0.014423076923076924 0.020432692307692308
1 0.23197115384615385 0.5252403846153846 0.009615384615384616 0.013221153846153846
1 0.8173076923076923 0.5192307692307693 0.015625 0.026442307692307692
1 0.3605769230769231 0.21153846153846154 0.013221153846153846 0.01201923076923077
1 0.8834134615384616 0.5697115384615384 0.006009615384615385 0.006009615384615385
1 0.8353365384615384 0.3786057692307692 0.042067307692307696 0.07932692307692307
1 0.6382211538461539 0.3713942307692308 0.009615384615384616 0.019230769230769232
1 0.3245192307692308 0.9543269230769231 0.10336538461538461 0.08173076923076923
1 0.26322115384615385 0.5072115384615384 0.025240384615384616 0.030048076923076924
1 0.078125 0.18629807692307693 0.021634615384615384 0.03125
1 0.9735576923076923 0.19951923076923078 0.004807692307692308 0.004807692307692308
1 0.06129807692307692 0.43028846153846156 0.09254807692307693 0.0673076923076923
1 0.8401442307692307 0.051682692307692304 0.007211538461538462 0.009615384615384616
1 0.11298076923076923 0.6213942307692307 0.01201923076923077 0.025240384615384616
1 0.5192307692307693 0.3605769230769231 0.030048076923076924 0.039663461538461536
1 0.9098557692307693 0.9447115384615384 0.02403846153846154 0.027644230769230768
1 0.007211538461538462 0.2824519230769231 0.014423076923076924 0.057692307692307696
1 0.5649038461538461 0.4254807692307692 0.006009615384615385 0.010817307692307692
1 0.8689903846153846 0.9146634615384616 0.006009615384615385 0.008413461538461538
1 0.24519230769230768 0.453125 0.01201923076923077 0.013221153846153846
1 0.40384615384615385 0.078125 0.006009615384615385 0.006009615384615385
1 0.7295673076923077 0.10576923076923077 0.014423076923076924 0.019230769230769232
1 0.22355769230769232 0.015625 0.026442307692307692 0.030048076923076924
1 0.9362980769230769 0.12980769230769232 0.004807692307692308 0.004807692307692308
2 0.13822115384615385 0.21634615384615385 0.20793269230769232 0.4326923076923077
1 0.20192307692307693 0.04807692307692308 0.036057692307692304 0.056490384615384616
1 0.6358173076923077 0.06370192307692307 0.006009615384615385 0.007211538461538462
1 0.8629807692307693 0.8713942307692307 0.01201923076923077 0.015625
1 0.8197115384615384 0.6274038461538461 0.014423076923076924 0.018028846153846152
2 0.1502403846153846 0.7800480769230769 0.24759615384615385 0.4362980769230769
1 0.8173076923076923 0.9855769230769231 0.013221153846153846 0.021634615384615384
1 0.17067307692307693 0.9122596153846154 0.014423076923076924 0.030048076923076924
2 0.7872596153846154 0.2776442307692308 0.23317307692307693 0.328125
1 0.9903846153846154 0.054086538461538464 0.009615384615384616 0.015625
1 0.8846153846153846 0.8305288461538461 0.007211538461538462 0.010817307692307692
1 0.10216346153846154 0.421875 0.009615384615384616 0.013221153846153846
1 0.30288461538461536 0.6850961538461539 0.021634615384615384 0.030048076923076924
1 0.9314903846153846 0.8557692307692307 0.010817307692307692 0.009615384615384616
1 0.9807692307692307 0.057692307692307696 0.009615384615384616 0.019230769230769232
1 0.34615384615384615 0.84375 0.027644230769230768 0.025240384615384616
1 0.37259615384615385 0.2091346153846154 0.01201923076923077 0.016826923076923076
1 0.6610576923076923 0.6754807692307693 0.020432692307692308 0.039663461538461536
1 0.2980769230769231 0.21153846153846154 0.009615384615384616 0.010817307692307692
1 0.5348557692307693 0.06009615384615385 0.016826923076923076 0.026442307692307692
1 0.9651442307692307 0.4411057692307692 0.06971153846153846 0.15264423076923078
