1 0.11298076923076923 0.8641826923076923 0.057692307692307696 0.06971153846153846
1 0.96875 0.9447115384615384 0.06129807692307692 0.09735576923076923
3 0.49158653846153844 0.5192307692307693 0.3269230769230769 0.45913461538461536
0 0.21514423076923078 0.41225961538461536 0.12740384615384615 0.08173076923076923
1 0.46274038461538464 0.9507211538461539 0.04927884615384615 0.04807692307692308
1 0.5240384615384616 0.671875 0.09014423076923077 0.06850961538461539
1 0.9495192307692307 0.546875 0.10096153846153846 0.2620192307692308
1 0.009615384615384616 0.38341346153846156 0.019230769230769232 0.036057692307692304
1 0.07211538461538461 0.1045673076923077 0.06490384615384616 0.0829326923076923
1 0.5084134615384616 0.8173076923076923 0.07572115384615384 0.10336538461538461
0 0.15384615384615385 0.25600961538461536 0.06971153846153846 0.09254807692307693
1 0.8088942307692307 0.65625 0.036057692307692304 0.06129807692307692
1 0.9290865384615384 0.8028846153846154 0.14182692307692307 0.22716346153846154
1 0.10096153846153846 0.9411057692307693 0.038461538461538464 0.0673076923076923
1 0.6899038461538461 0.28725961538461536 0.02283653846153846 0.05048076923076923
1 0.7932692307692307 0.7896634615384616 0.037259615384615384 0.036057692307692304
1 0.037259615384615384 0.03485576923076923 0.042067307692307696 0.04447115384615385
0 0.3269230769230769 0.2403846153846154 0.15264423076923078 0.23798076923076922
1 0.4026442307692308 0.16466346153846154 0.040865384615384616 0.036057692307692304
1 0.11899038461538461 0.4987980769230769 0.06850961538461539 0.06490384615384616
1 0.036057692307692304 0.36538461538461536 0.03125 0.03485576923076923
1 0.6033653846153846 0.19471153846153846 0.055288461538461536 0.06490384615384616
1 0.9603365384615384 0.05889423076923077 0.07572115384615384 0.10096153846153846
1 0.35216346153846156 0.9411057692307693 0.10817307692307693 0.11057692307692307
0 0.3942307692307692 0.7379807692307693 0.1310096153846154 0.1201923076923077
0 0.46875 0.33533653846153844 0.09375 0.0985576923076923
1 0.04567307692307692 0.5552884615384616 0.056490384615384616 0.12139423076923077
1 0.5745192307692307 0.11057692307692307 0.03485576923076923 0.07692307692307693
0 0.31009615384615385 0.49759615384615385 0.21634615384615385 0.12259615384615384
1 0.43149038461538464 0.24158653846153846 0.05048076923076923 0.06370192307692307
0 0.4963942307692308 0.19110576923076922 0.14543269230769232 0.1935096153846154
0 0.171875 0.10096153846153846 0.04807692307692308 0.07211538461538461
1 0.7860576923076923 0.5901442307692307 0.038461538461538464 0.04326923076923077
1 0.027644230769230768 0.2920673076923077 0.055288461538461536 0.07451923076923077
0 0.5168269230769231 0.037259615384615384 0.18629807692307693 0.07451923076923077
1 0.8701923076923077 0.11538461538461539 0.25961538461538464 0.23076923076923078
1 0.18389423076923078 0.2283653846153846 0.14903846153846154 0.4266826923076923
1 0.3629807692307692 0.6502403846153846 0.31971153846153844 0.30649038461538464
1 0.765625 0.36538461538461536 0.06971153846153846 0.06009615384615385
1 0.9146634615384616 0.9723557692307693 0.040865384615384616 0.04567307692307692
1 0.16826923076923078 0.6598557692307693 0.04326923076923077 0.055288461538461536
1 0.3233173076923077 0.0733173076923077 0.18629807692307693 0.11177884615384616
2 0.38341346153846156 0.859375 0.47836538461538464 0.2512019230769231
1 0.7283653846153846 0.8725961538461539 0.08774038461538461 0.171875
1 0.009615384615384616 0.17668269230769232 0.019230769230769232 0.036057692307692304
1 0.6742788461538461 0.04807692307692308 0.08653846153846154 0.08052884615384616
0 0.18028846153846154 0.6213942307692307 0.09735576923076923 0.24158653846153846
1 0.7692307692307693 0.4675480769230769 0.04326923076923077 0.04447115384615385
0 0.7944711538461539 0.28365384615384615 0.4110576923076923 0.34615384615384615
1 0.038461538461538464 0.8653846153846154 0.07692307692307693 0.19951923076923078
0 0.3389423076923077 0.8701923076923077 0.06370192307692307 0.08173076923076923
0 0.8473557692307693 0.6490384615384616 0.07932692307692307 0.5600961538461539
0 0.2776442307692308 0.8329326923076923 0.03485576923076923 0.046875
1 0.6490384615384616 0.7704326923076923 0.05889423076923077 0.15865384615384615
1 0.7091346153846154 0.5673076923076923 0.1201923076923077 0.17307692307692307
4 0.6959134615384616 0.40625 0.027644230769230768 0.056490384615384616
0 0.9435096153846154 0.9447115384615384 0.11177884615384616 0.10697115384615384
1 0.16346153846153846 0.7944711538461539 0.057692307692307696 0.06971153846153846
1 0.06009615384615385 0.4375 0.10336538461538461 0.08653846153846154
