1 0.6610576923076923 0.046875 0.09375 0.09254807692307693
1 0.6935096153846154 0.18028846153846154 0.06610576923076923 0.09254807692307693
2 0.4423076923076923 0.5300480769230769 0.8846153846153846 0.9387019230769231
1 0.04807692307692308 0.5877403846153846 0.09615384615384616 0.21634615384615385
1 0.07932692307692307 0.8088942307692307 0.11778846153846154 0.051682692307692304
1 0.8149038461538461 0.040865384615384616 0.03485576923076923 0.08173076923076923
1 0.07451923076923077 0.40625 0.055288461538461536 0.078125
1 0.11899038461538461 0.6057692307692307 0.11057692307692307 0.18509615384615385
1 0.22956730769230768 0.36538461538461536 0.021634615384615384 0.03125
1 0.3125 0.5276442307692307 0.17067307692307693 0.18629807692307693
1 0.3233173076923077 0.14903846153846154 0.13701923076923078 0.11177884615384616
1 0.4567307692307692 0.640625 0.18870192307692307 0.24879807692307693
1 0.625 0.25961538461538464 0.051682692307692304 0.08774038461538461
4 0.9699519230769231 0.8798076923076923 0.06009615384615385 0.13341346153846154
4 0.042067307692307696 0.9098557692307693 0.08413461538461539 0.1201923076923077
1 0.18389423076923078 0.055288461538461536 0.14182692307692307 0.109375
9 0.21875 0.5 0.38822115384615385 0.9963942307692307
1 0.6838942307692307 0.7752403846153846 0.055288461538461536 0.10216346153846154
1 0.7451923076923077 0.6177884615384616 0.020432692307692308 0.030048076923076924
4 0.6286057692307693 0.36658653846153844 0.056490384615384616 0.07692307692307693
1 0.4891826923076923 0.43990384615384615 0.14543269230769232 0.12860576923076922
1 0.9182692307692307 0.9182692307692307 0.0673076923076923 0.13942307692307693
1 0.3389423076923077 0.3918269230769231 0.08052884615384616 0.08413461538461539
1 0.8521634615384616 0.6634615384615384 0.07451923076923077 0.10576923076923077
1 0.5961538461538461 0.8401442307692307 0.10817307692307693 0.3112980769230769
1 0.9002403846153846 0.8173076923076923 0.021634615384615384 0.03485576923076923
1 0.34375 0.30408653846153844 0.06971153846153846 0.0889423076923077
1 0.1875 0.921875 0.06129807692307692 0.07932692307692307
1 0.4723557692307692 0.19471153846153846 0.11778846153846154 0.12860576923076922
1 0.1778846153846154 0.7367788461538461 0.05889423076923077 0.08774038461538461
1 0.24158653846153846 0.2668269230769231 0.037259615384615384 0.039663461538461536
1 0.6370192307692307 0.17908653846153846 0.03125 0.03485576923076923
1 0.90625 0.07451923076923077 0.06610576923076923 0.1141826923076923
4 0.020432692307692308 0.2536057692307692 0.040865384615384616 0.14182692307692307
4 0.5829326923076923 0.046875 0.07692307692307693 0.09014423076923077
1 0.027644230769230768 0.42908653846153844 0.055288461538461536 0.09375
1 0.8894230769230769 0.7728365384615384 0.025240384615384616 0.02403846153846154
1 0.7403846153846154 0.8497596153846154 0.05889423076923077 0.055288461538461536
1 0.7439903846153846 0.07932692307692307 0.11778846153846154 0.1141826923076923
1 0.6670673076923077 0.9170673076923077 0.09975961538461539 0.15745192307692307
1 0.054086538461538464 0.21754807692307693 0.04326923076923077 0.09735576923076923
1 0.8076923076923077 0.37740384615384615 0.38461538461538464 0.5564903846153846
1 0.3173076923076923 0.03125 0.13221153846153846 0.05889423076923077
1 0.16826923076923078 0.25240384615384615 0.057692307692307696 0.06129807692307692
1 0.11538461538461539 0.8737980769230769 0.027644230769230768 0.040865384615384616
1 0.25841346153846156 0.8774038461538461 0.04447115384615385 0.051682692307692304
1 0.7608173076923077 0.9242788461538461 0.054086538461538464 0.09014423076923077
1 0.21514423076923078 0.8798076923076923 0.03245192307692308 0.037259615384615384
1 0.0625 0.3449519230769231 0.036057692307692304 0.04326923076923077
1 0.2668269230769231 0.3137019230769231 0.021634615384615384 0.04447115384615385
1 0.5733173076923077 0.18509615384615385 0.08413461538461539 0.10576923076923077
1 0.19951923076923078 0.4098557692307692 0.04567307692307692 0.07451923076923077
1 0.046875 0.7367788461538461 0.09375 0.10817307692307693
1 0.5769230769230769 0.6670673076923077 0.04807692307692308 0.07692307692307693
4 0.4723557692307692 0.8798076923076923 0.13942307692307693 0.18389423076923078
1 0.8737980769230769 0.8161057692307693 0.03485576923076923 0.03365384615384615
1 0.4567307692307692 0.3870192307692308 0.09014423076923077 0.07091346153846154
1 0.016826923076923076 0.0829326923076923 0.03365384615384615 0.12259615384615384
1 0.1875 0.33533653846153844 0.020432692307692308 0.036057692307692304
1 0.16826923076923078 0.859375 0.037259615384615384 0.04927884615384615
1 0.5805288461538461 0.5661057692307693 0.06971153846153846 0.0673076923076923
1 0.7932692307692307 0.7151442307692307 0.02403846153846154 0.026442307692307692
4 0.6646634615384616 0.6442307692307693 0.08052884615384616 0.10216346153846154
1 0.7463942307692307 0.01201923076923077 0.055288461538461536 0.02283653846153846
1 0.359375 0.7848557692307693 0.12620192307692307 0.16947115384615385
1 0.11658653846153846 0.41466346153846156 0.025240384615384616 0.07091346153846154
1 0.9194711538461539 0.7163461538461539 0.03125 0.02403846153846154
1 0.14903846153846154 0.9338942307692307 0.052884615384615384 0.04567307692307692
1 0.4735576923076923 0.06490384615384616 0.10096153846153846 0.12860576923076922
1 0.31971153846153844 0.9495192307692307 0.07451923076923077 0.0829326923076923
1 0.9855769230769231 0.7680288461538461 0.028846153846153848 0.07932692307692307
1 0.9483173076923077 0.052884615384615384 0.10336538461538461 0.10216346153846154
1 0.8125 0.7560096153846154 0.04326923076923077 0.05048076923076923
1 0.12740384615384615 0.9759615384615384 0.08653846153846154 0.036057692307692304
