1 0.5084134615384616 0.4831730769230769 0.020432692307692308 0.051682692307692304
4 0.8245192307692307 0.0625 0.07932692307692307 0.10216346153846154
1 0.47716346153846156 0.15745192307692307 0.09975961538461539 0.06850961538461539
1 0.6129807692307693 0.3449519230769231 0.04326923076923077 0.04447115384615385
1 0.9795673076923077 0.3004807692307692 0.040865384615384616 0.2860576923076923
1 0.9314903846153846 0.8641826923076923 0.04807692307692308 0.08052884615384616
1 0.8413461538461539 0.6057692307692307 0.07692307692307693 0.06850961538461539
1 0.07451923076923077 0.13221153846153846 0.08653846153846154 0.05889423076923077
2 0.23076923076923078 0.18870192307692307 0.06610576923076923 0.30528846153846156
1 0.3485576923076923 0.17908653846153846 0.06009615384615385 0.10216346153846154
1 0.8257211538461539 0.8689903846153846 0.10697115384615384 0.15985576923076922
1 0.9290865384615384 0.9122596153846154 0.14182692307692307 0.16947115384615385
10 0.5889423076923077 0.6165865384615384 0.8221153846153846 0.2776442307692308
2 0.7536057692307693 0.3545673076923077 0.07932692307692307 0.30649038461538464
1 0.6466346153846154 0.8209134615384616 0.09495192307692307 0.10216346153846154
1 0.6490384615384616 0.7115384615384616 0.17307692307692307 0.10697115384615384
2 0.65625 0.32572115384615385 0.6875 0.5649038461538461
1 0.4807692307692308 0.8762019230769231 0.08052884615384616 0.0733173076923077
1 0.7067307692307693 0.46153846153846156 0.025240384615384616 0.03125
1 0.9471153846153846 0.7572115384615384 0.1045673076923077 0.16706730769230768
2 0.0985576923076923 0.37259615384615385 0.1971153846153846 0.7415865384615384
1 0.25961538461538464 0.04567307692307692 0.125 0.09134615384615384
2 0.3713942307692308 0.9170673076923077 0.16105769230769232 0.1622596153846154
2 0.27524038461538464 0.8473557692307693 0.14302884615384615 0.296875
1 0.019230769230769232 0.109375 0.013221153846153846 0.013221153846153846
1 0.328125 0.5576923076923077 0.06610576923076923 0.11298076923076923
1 0.9411057692307693 0.5997596153846154 0.11538461538461539 0.12620192307692307
1 0.6754807692307693 0.30288461538461536 0.06009615384615385 0.07451923076923077
1 0.828125 0.6887019230769231 0.027644230769230768 0.03365384615384615
2 0.3088942307692308 0.390625 0.5360576923076923 0.09254807692307693
1 0.8149038461538461 0.3713942307692308 0.06490384615384616 0.04807692307692308
1 0.055288461538461536 0.5408653846153846 0.11057692307692307 0.4050480769230769
1 0.28725961538461536 0.10336538461538461 0.04807692307692308 0.054086538461538464
1 0.5721153846153846 0.19831730769230768 0.06610576923076923 0.09254807692307693
2 0.7944711538461539 0.18629807692307693 0.4110576923076923 0.2512019230769231
1 0.7752403846153846 0.025240384615384616 0.24519230769230768 0.05048076923076923
1 0.1045673076923077 0.8533653846153846 0.2091346153846154 0.2932692307692308
1 0.6526442307692307 0.6394230769230769 0.07451923076923077 0.07451923076923077
1 0.59375 0.40024038461538464 0.021634615384615384 0.051682692307692304
1 0.019230769230769232 0.24639423076923078 0.038461538461538464 0.13581730769230768
1 0.39302884615384615 0.07932692307692307 0.07692307692307693 0.15745192307692307
2 0.7512019230769231 0.7764423076923077 0.06610576923076923 0.44350961538461536
1 0.6286057692307693 0.07451923076923077 0.014423076923076924 0.027644230769230768
2 0.8798076923076923 0.31971153846153844 0.18269230769230768 0.33413461538461536
4 0.4807692307692308 0.06610576923076923 0.10336538461538461 0.12860576923076922
1 0.46274038461538464 0.2608173076923077 0.15504807692307693 0.13942307692307693
4 0.5853365384615384 0.9723557692307693 0.13822115384615385 0.055288461538461536
1 0.2620192307692308 0.5745192307692307 0.06610576923076923 0.12980769230769232
1 0.9338942307692307 0.6887019230769231 0.04927884615384615 0.03365384615384615
1 0.0829326923076923 0.23197115384615385 0.12379807692307693 0.13942307692307693
1 0.35096153846153844 0.2824519230769231 0.06370192307692307 0.055288461538461536
