1 0.5841346153846154 0.7992788461538461 0.06129807692307692 0.08052884615384616
1 0.10096153846153846 0.6310096153846154 0.06850961538461539 0.1201923076923077
1 0.5132211538461539 0.5997596153846154 0.06610576923076923 0.11899038461538461
1 0.4795673076923077 0.42427884615384615 0.1310096153846154 0.22596153846153846
1 0.3401442307692308 0.4807692307692308 0.05048076923076923 0.04807692307692308
1 0.4110576923076923 0.046875 0.0829326923076923 0.09014423076923077
1 0.5793269230769231 0.3918269230769231 0.021634615384615384 0.06370192307692307
1 0.5360576923076923 0.7139423076923077 0.03365384615384615 0.028846153846153848
1 0.8569711538461539 0.609375 0.06850961538461539 0.11538461538461539
1 0.20793269230769232 0.2403846153846154 0.06129807692307692 0.1346153846153846
0 0.11658653846153846 0.5 0.23317307692307693 0.9963942307692307
1 0.5733173076923077 0.49278846153846156 0.055288461538461536 0.05889423076923077
1 0.6814903846153846 0.8485576923076923 0.08052884615384616 0.07932692307692307
1 0.07211538461538461 0.43149038461538464 0.14423076923076922 0.3245192307692308
1 0.32211538461538464 0.6394230769230769 0.025240384615384616 0.036057692307692304
1 0.9867788461538461 0.7019230769230769 0.026442307692307692 0.038461538461538464
1 0.5709134615384616 0.6574519230769231 0.04567307692307692 0.051682692307692304
1 0.35096153846153844 0.7716346153846154 0.08653846153846154 0.13221153846153846
0 0.9891826923076923 0.5264423076923077 0.021634615384615384 0.15865384615384615
1 0.6021634615384616 0.6971153846153846 0.030048076923076924 0.03125
1 0.9314903846153846 0.5012019230769231 0.0733173076923077 0.13701923076923078
1 0.37259615384615385 0.12860576923076922 0.028846153846153848 0.038461538461538464
1 0.3545673076923077 0.36177884615384615 0.06490384615384616 0.054086538461538464
1 0.27283653846153844 0.8245192307692307 0.09014423076923077 0.19951923076923078
1 0.037259615384615384 0.6971153846153846 0.038461538461538464 0.06370192307692307
1 0.3449519230769231 0.07932692307692307 0.027644230769230768 0.04807692307692308
3 0.7367788461538461 0.49759615384615385 0.5264423076923077 0.9951923076923077
1 0.8713942307692307 0.20192307692307693 0.25721153846153844 0.3942307692307692
0 0.8413461538461539 0.453125 0.11899038461538461 0.27884615384615385
1 0.9423076923076923 0.6466346153846154 0.051682692307692304 0.07451923076923077
1 0.09975961538461539 0.8978365384615384 0.19230769230769232 0.19591346153846154
1 0.6670673076923077 0.20793269230769232 0.10817307692307693 0.14302884615384615
0 0.5192307692307693 0.9242788461538461 0.1814903846153846 0.14783653846153846
0 0.9795673076923077 0.8653846153846154 0.040865384615384616 0.140625
1 0.28966346153846156 0.6935096153846154 0.027644230769230768 0.02403846153846154
1 0.5637019230769231 0.3401442307692308 0.042067307692307696 0.040865384615384616
1 0.26322115384615385 0.37740384615384615 0.06129807692307692 0.10216346153846154
1 0.6129807692307693 0.07211538461538461 0.07211538461538461 0.11538461538461539
