1 0.44591346153846156 0.19951923076923078 0.06129807692307692 0.05889423076923077
1 0.578125 0.16706730769230768 0.04447115384615385 0.04567307692307692
1 0.16826923076923078 0.27524038461538464 0.055288461538461536 0.06490384615384616
1 0.7199519230769231 0.5 0.5600961538461539 0.9963942307692307
1 0.48677884615384615 0.1622596153846154 0.04447115384615385 0.078125
1 0.09975961538461539 0.296875 0.05048076923076923 0.10216346153846154
1 0.08533653846153846 0.030048076923076924 0.06971153846153846 0.06009615384615385
1 0.2439903846153846 0.6923076923076923 0.040865384615384616 0.04927884615384615
1 0.8257211538461539 0.019230769230769232 0.03125 0.038461538461538464
1 0.234375 0.6430288461538461 0.46875 0.6658653846153846
10 0.3605769230769231 0.49759615384615385 0.47115384615384615 0.9951923076923077
