1 0.8401442307692307 0.5600961538461539 0.09254807692307693 0.16706730769230768
1 0.42788461538461536 0.5901442307692307 0.1466346153846154 0.25841346153846156
1 0.7151442307692307 0.055288461538461536 0.10336538461538461 0.11057692307692307
1 0.6442307692307693 0.6009615384615384 0.03485576923076923 0.04807692307692308
1 0.703125 0.09975961538461539 0.052884615384615384 0.06370192307692307
1 0.9615384615384616 0.6117788461538461 0.0625 0.08173076923076923
1 0.4182692307692308 0.8966346153846154 0.06370192307692307 0.06370192307692307
1 0.71875 0.8834134615384616 0.09014423076923077 0.22235576923076922
4 0.21514423076923078 0.8317307692307693 0.08653846153846154 0.10336538461538461
1 0.703125 0.6009615384615384 0.03245192307692308 0.026442307692307692
1 0.8425480769230769 0.75 0.04807692307692308 0.0889423076923077
1 0.984375 0.7139423076923077 0.03125 0.08173076923076923
1 0.5216346153846154 0.6634615384615384 0.03485576923076923 0.15264423076923078
1 0.4807692307692308 0.4230769230769231 0.025240384615384616 0.027644230769230768
1 0.8497596153846154 0.9206730769230769 0.19471153846153846 0.15144230769230768
1 0.4110576923076923 0.36778846153846156 0.06490384615384616 0.055288461538461536
1 0.9074519230769231 0.8161057692307693 0.08052884615384616 0.11057692307692307
1 0.33774038461538464 0.5817307692307693 0.06610576923076923 0.07091346153846154
1 0.30649038461538464 0.40024038461538464 0.1045673076923077 0.25
1 0.9411057692307693 0.6826923076923077 0.04807692307692308 0.056490384615384616
1 0.27884615384615385 0.7524038461538461 0.16947115384615385 0.421875
1 0.6105769230769231 0.46153846153846156 0.020432692307692308 0.03245192307692308
1 0.7884615384615384 0.47596153846153844 0.03125 0.07451923076923077
11 0.8798076923076923 0.27283653846153844 0.2403846153846154 0.5444711538461539
1 0.5432692307692307 0.8545673076923077 0.2247596153846154 0.2860576923076923
1 0.96875 0.8509615384615384 0.0625 0.1466346153846154
1 0.40384615384615385 0.7896634615384616 0.042067307692307696 0.05048076923076923
1 0.78125 0.765625 0.06610576923076923 0.109375
1 0.15985576923076922 0.8653846153846154 0.23317307692307693 0.2644230769230769
1 0.5096153846153846 0.1971153846153846 0.31490384615384615 0.3942307692307692
1 0.5384615384615384 0.4519230769230769 0.06850961538461539 0.12379807692307693
4 0.4026442307692308 0.4170673076923077 0.042067307692307696 0.04567307692307692
1 0.016826923076923076 0.8822115384615384 0.03365384615384615 0.06490384615384616
1 0.7415865384615384 0.28966346153846156 0.10096153846153846 0.25841346153846156
1 0.3641826923076923 0.29927884615384615 0.07211538461538461 0.07091346153846154
1 0.1778846153846154 0.4170673076923077 0.3545673076923077 0.8341346153846154
4 0.5841346153846154 0.6502403846153846 0.10817307692307693 0.13942307692307693
