1 0.1310096153846154 0.5480769230769231 0.06370192307692307 0.109375
1 0.7776442307692307 0.7127403846153846 0.44350961538461536 0.5685096153846154
1 0.9266826923076923 0.09254807692307693 0.1466346153846154 0.1814903846153846
1 0.953125 0.2848557692307692 0.08653846153846154 0.15745192307692307
1 0.3870192307692308 0.8978365384615384 0.15985576923076922 0.19951923076923078
1 0.20793269230769232 0.12980769230769232 0.03485576923076923 0.07451923076923077
1 0.23197115384615385 0.40865384615384615 0.09375 0.12860576923076922
1 0.08413461538461539 0.23798076923076922 0.16826923076923078 0.4723557692307692
4 0.5060096153846154 0.8401442307692307 0.08653846153846154 0.31009615384615385
1 0.359375 0.22956730769230768 0.2644230769230769 0.2536057692307692
4 0.7956730769230769 0.28125 0.1875 0.24879807692307693
1 0.1466346153846154 0.10576923076923077 0.0733173076923077 0.18990384615384615
1 0.8112980769230769 0.44471153846153844 0.19110576923076922 0.1141826923076923
1 0.07692307692307693 0.6346153846153846 0.15264423076923078 0.23197115384615385
1 0.39903846153846156 0.06490384615384616 0.22235576923076922 0.12980769230769232
