1 0.8028846153846154 0.21995192307692307 0.06971153846153846 0.11538461538461539
1 0.09735576923076923 0.7740384615384616 0.08653846153846154 0.078125
1 0.5805288461538461 0.07692307692307693 0.09014423076923077 0.14423076923076922
1 0.7199519230769231 0.3557692307692308 0.08413461538461539 0.12860576923076922
1 0.5420673076923077 0.33653846153846156 0.15745192307692307 0.3293269230769231
1 0.8004807692307693 0.9254807692307693 0.04567307692307692 0.06490384615384616
1 0.8966346153846154 0.28125 0.07932692307692307 0.12860576923076922
1 0.43149038461538464 0.6670673076923077 0.09735576923076923 0.23076923076923078
1 0.921875 0.08413461538461539 0.10336538461538461 0.16105769230769232
10 0.7836538461538461 0.6021634615384616 0.4326923076923077 0.7932692307692307
10 0.3125 0.7536057692307693 0.6237980769230769 0.4879807692307692
1 0.18990384615384615 0.4519230769230769 0.06610576923076923 0.10576923076923077
0 0.0673076923076923 0.18028846153846154 0.1346153846153846 0.3245192307692308
1 0.9507211538461539 0.6165865384615384 0.07932692307692307 0.13581730769230768
1 0.23798076923076922 0.19951923076923078 0.10336538461538461 0.15144230769230768
1 0.42427884615384615 0.19471153846153846 0.08774038461538461 0.18028846153846154
1 0.21514423076923078 0.8954326923076923 0.07932692307692307 0.10216346153846154
1 0.3016826923076923 0.45913461538461536 0.12139423076923077 0.35336538461538464
