6 0.4807692307692308 0.4639423076923077 0.17307692307692307 0.5276442307692307
1 0.78125 0.004807692307692308 0.010817307692307692 0.009615384615384616
1 0.9314903846153846 0.009615384615384616 0.019230769230769232 0.018028846153846152
1 0.7487980769230769 0.9098557692307693 0.026442307692307692 0.055288461538461536
1 0.796875 0.7043269230769231 0.014423076923076924 0.02283653846153846
1 0.15625 0.22115384615384615 0.051682692307692304 0.09014423076923077
1 0.03485576923076923 0.5877403846153846 0.06971153846153846 0.09735576923076923
1 0.5144230769230769 0.12259615384615384 0.35096153846153844 0.24519230769230768
1 0.33413461538461536 0.6153846153846154 0.08173076923076923 0.17668269230769232
1 0.8245192307692307 0.3629807692307692 0.08653846153846154 0.15745192307692307
1 0.7620192307692307 0.5300480769230769 0.04807692307692308 0.04927884615384615
1 0.9290865384615384 0.9338942307692307 0.020432692307692308 0.036057692307692304
1 0.9098557692307693 0.3425480769230769 0.056490384615384616 0.07451923076923077
1 0.9350961538461539 0.4951923076923077 0.1045673076923077 0.13822115384615385
1 0.6850961538461539 0.44471153846153844 0.03125 0.042067307692307696
1 0.6646634615384616 0.3762019230769231 0.06009615384615385 0.11057692307692307
1 0.3245192307692308 0.49278846153846156 0.010817307692307692 0.015625
1 0.3605769230769231 0.7608173076923077 0.04807692307692308 0.08052884615384616
1 0.01201923076923077 0.3004807692307692 0.02403846153846154 0.046875
1 0.7043269230769231 0.9423076923076923 0.037259615384615384 0.042067307692307696
2 0.41586538461538464 0.6201923076923077 0.056490384615384616 0.328125
1 0.07211538461538461 0.10216346153846154 0.07211538461538461 0.051682692307692304
1 0.23317307692307693 0.53125 0.040865384615384616 0.08774038461538461
1 0.20793269230769232 0.12740384615384615 0.051682692307692304 0.07932692307692307
1 0.9302884615384616 0.2127403846153846 0.07692307692307693 0.09014423076923077
1 0.04927884615384615 0.23197115384615385 0.038461538461538464 0.05889423076923077
1 0.9375 0.6947115384615384 0.12379807692307693 0.08653846153846154
1 0.26322115384615385 0.14903846153846154 0.06971153846153846 0.11658653846153846
1 0.9170673076923077 0.13581730769230768 0.05889423076923077 0.05889423076923077
1 0.054086538461538464 0.8834134615384616 0.10817307692307693 0.22716346153846154
1 0.8088942307692307 0.5432692307692307 0.030048076923076924 0.03365384615384615
1 0.35216346153846156 0.9723557692307693 0.028846153846153848 0.05048076923076923
0 0.09014423076923077 0.7620192307692307 0.18028846153846154 0.2776442307692308
1 0.234375 0.7079326923076923 0.06610576923076923 0.0733173076923077
1 0.7463942307692307 0.2091346153846154 0.14543269230769232 0.19471153846153846
1 0.9855769230769231 0.13221153846153846 0.027644230769230768 0.10576923076923077
1 0.5757211538461539 0.8653846153846154 0.07572115384615384 0.06129807692307692
1 0.7019230769230769 0.06009615384615385 0.026442307692307692 0.03245192307692308
1 0.5060096153846154 0.8509615384615384 0.04807692307692308 0.05048076923076923
1 0.3870192307692308 0.9543269230769231 0.03365384615384615 0.05048076923076923
1 0.14543269230769232 0.4074519230769231 0.07692307692307693 0.11298076923076923
1 0.2932692307692308 0.35216346153846156 0.14783653846153846 0.23677884615384615
1 0.14783653846153846 0.9375 0.06850961538461539 0.055288461538461536
1 0.6802884615384616 0.27524038461538464 0.03125 0.04326923076923077
1 0.07692307692307693 0.375 0.04807692307692308 0.04567307692307692
1 0.02283653846153846 0.44471153846153844 0.019230769230769232 0.038461538461538464
1 0.16947115384615385 0.5889423076923077 0.03125 0.05048076923076923
1 0.9819711538461539 0.9146634615384616 0.036057692307692304 0.06370192307692307
1 0.15144230769230768 0.04326923076923077 0.051682692307692304 0.051682692307692304
1 0.3004807692307692 0.02403846153846154 0.038461538461538464 0.04807692307692308
1 0.6995192307692307 0.008413461538461538 0.03365384615384615 0.016826923076923076
1 0.9615384615384616 0.8605769230769231 0.025240384615384616 0.04447115384615385
1 0.8786057692307693 0.9002403846153846 0.03485576923076923 0.06370192307692307
1 0.15745192307692307 0.1045673076923077 0.07932692307692307 0.09735576923076923
1 0.17427884615384615 0.3161057692307692 0.14423076923076922 0.08173076923076923
1 0.22235576923076922 0.8581730769230769 0.038461538461538464 0.03365384615384615
1 0.9567307692307693 0.9423076923076923 0.014423076923076924 0.01201923076923077
1 0.30528846153846156 0.9254807692307693 0.05889423076923077 0.10216346153846154
1 0.3004807692307692 0.8245192307692307 0.0673076923076923 0.09615384615384616
1 0.40024038461538464 0.8882211538461539 0.04326923076923077 0.04326923076923077
