1 0.5829326923076923 0.49759615384615385 0.2932692307692308 0.2824519230769231
4 0.36899038461538464 0.35336538461538464 0.06971153846153846 0.06971153846153846
1 0.6802884615384616 0.4110576923076923 0.056490384615384616 0.078125
4 0.7367788461538461 0.4230769230769231 0.04807692307692308 0.05889423076923077
1 0.8365384615384616 0.03245192307692308 0.05889423076923077 0.055288461538461536
1 0.28125 0.39302884615384615 0.21514423076923078 0.2439903846153846
4 0.020432692307692308 0.36177884615384615 0.040865384615384616 0.07692307692307693
1 0.10697115384615384 0.3004807692307692 0.1658653846153846 0.203125
1 0.054086538461538464 0.8834134615384616 0.10817307692307693 0.22235576923076922
1 0.5745192307692307 0.7884615384615384 0.3713942307692308 0.4170673076923077
1 0.8834134615384616 0.6081730769230769 0.10697115384615384 0.12980769230769232
1 0.9939903846153846 0.33653846153846156 0.01201923076923077 0.07091346153846154
1 0.703125 0.05889423076923077 0.17307692307692307 0.11658653846153846
4 0.22235576923076922 0.9014423076923077 0.025240384615384616 0.036057692307692304
4 0.25961538461538464 0.4987980769230769 0.15985576923076922 0.9963942307692307
1 0.7415865384615384 0.18870192307692307 0.040865384615384616 0.038461538461538464
4 0.8161057692307693 0.9338942307692307 0.021634615384615384 0.027644230769230768
1 0.27163461538461536 0.6514423076923077 0.07572115384615384 0.05889423076923077
0 0.19110576923076922 0.21514423076923078 0.04447115384615385 0.051682692307692304
1 0.1502403846153846 0.5889423076923077 0.09975961538461539 0.33774038461538464
1 0.7800480769230769 0.5072115384615384 0.052884615384615384 0.07451923076923077
1 0.20673076923076922 0.25240384615384615 0.07211538461538461 0.040865384615384616
1 0.9375 0.43990384615384615 0.05048076923076923 0.10697115384615384
1 0.703125 0.2536057692307692 0.038461538461538464 0.056490384615384616
1 0.9819711538461539 0.484375 0.036057692307692304 0.17548076923076922
1 0.3004807692307692 0.8088942307692307 0.16826923076923078 0.3786057692307692
1 0.7932692307692307 0.421875 0.040865384615384616 0.036057692307692304
4 0.6766826923076923 0.7295673076923077 0.055288461538461536 0.08052884615384616
1 0.24639423076923078 0.7848557692307693 0.056490384615384616 0.14302884615384615
4 0.5504807692307693 0.3918269230769231 0.04567307692307692 0.051682692307692304
4 0.4098557692307692 0.7572115384615384 0.052884615384615384 0.0673076923076923
1 0.06370192307692307 0.1141826923076923 0.12740384615384615 0.21875
4 0.6346153846153846 0.3076923076923077 0.07572115384615384 0.10697115384615384
1 0.04807692307692308 0.5709134615384616 0.09615384615384616 0.30528846153846156
1 0.7403846153846154 0.4699519230769231 0.027644230769230768 0.027644230769230768
4 0.2548076923076923 0.026442307692307692 0.04326923076923077 0.051682692307692304
1 0.9230769230769231 0.12259615384615384 0.15264423076923078 0.20673076923076922
1 0.8497596153846154 0.5 0.025240384615384616 0.027644230769230768
1 0.18269230769230768 0.09495192307692307 0.1346153846153846 0.18990384615384615
1 0.15384615384615385 0.8846153846153846 0.06850961538461539 0.09735576923076923
1 0.8689903846153846 0.33774038461538464 0.15745192307692307 0.21153846153846154
1 0.11778846153846154 0.41466346153846156 0.04567307692307692 0.078125
1 0.7536057692307693 0.65625 0.027644230769230768 0.05048076923076923
1 0.65625 0.18389423076923078 0.04807692307692308 0.06370192307692307
4 0.96875 0.23076923076923078 0.038461538461538464 0.05048076923076923
1 0.41346153846153844 0.5120192307692307 0.04447115384615385 0.06971153846153846
1 0.3485576923076923 0.16466346153846154 0.09014423076923077 0.20793269230769232
4 0.6213942307692307 0.19230769230769232 0.16105769230769232 0.2403846153846154
2 0.828125 0.06490384615384616 0.25721153846153844 0.12620192307692307
1 0.8665865384615384 0.8161057692307693 0.2668269230769231 0.3641826923076923
4 0.7728365384615384 0.31971153846153844 0.042067307692307696 0.038461538461538464
4 0.6971153846153846 0.35336538461538464 0.04927884615384615 0.05889423076923077
1 0.7512019230769231 0.37740384615384615 0.042067307692307696 0.04447115384615385
1 0.4855769230769231 0.20192307692307693 0.22596153846153846 0.4026442307692308
