1 0.45072115384615385 0.421875 0.21394230769230768 0.20793269230769232
9 0.5 0.27884615384615385 1 0.5096153846153846
1 0.29447115384615385 0.025240384615384616 0.057692307692307696 0.05048076923076923
1 0.6790865384615384 0.5492788461538461 0.1466346153846154 0.16826923076923078
1 0.6418269230769231 0.31971153846153844 0.0733173076923077 0.08413461538461539
1 0.953125 0.5204326923076923 0.08653846153846154 0.125
1 0.07451923076923077 0.08052884615384616 0.11057692307692307 0.16105769230769232
1 0.19951923076923078 0.8137019230769231 0.39903846153846156 0.36778846153846156
1 0.9627403846153846 0.7391826923076923 0.07451923076923077 0.16947115384615385
1 0.030048076923076924 0.7271634615384616 0.06009615384615385 0.22596153846153846
1 0.8161057692307693 0.5504807692307693 0.13221153846153846 0.16105769230769232
1 0.16826923076923078 0.19951923076923078 0.06370192307692307 0.06971153846153846
1 0.06850961538461539 0.5492788461538461 0.13701923076923078 0.18509615384615385
4 0.8978365384615384 0.32211538461538464 0.19471153846153846 0.2824519230769231
1 0.45552884615384615 0.9891826923076923 0.05048076923076923 0.019230769230769232
4 0.20673076923076922 0.5264423076923077 0.19471153846153846 0.2644230769230769
1 0.7259615384615384 0.7848557692307693 0.5480769230769231 0.4254807692307692
