1 0.4879807692307692 0.14783653846153846 0.09134615384615384 0.11658653846153846
1 0.39783653846153844 0.039663461538461536 0.04567307692307692 0.04567307692307692
0 0.7584134615384616 0.7055288461538461 0.1622596153846154 0.38461538461538464
1 0.3641826923076923 0.5252403846153846 0.054086538461538464 0.08052884615384616
1 0.40625 0.7259615384615384 0.05048076923076923 0.05048076923076923
1 0.38221153846153844 0.8197115384615384 0.04567307692307692 0.04447115384615385
1 0.625 0.1045673076923077 0.037259615384615384 0.07932692307692307
1 0.42427884615384615 0.2848557692307692 0.04447115384615385 0.12980769230769232
1 0.953125 0.2668269230769231 0.038461538461538464 0.05889423076923077
1 0.5709134615384616 0.9302884615384616 0.04447115384615385 0.06009615384615385
1 0.27283653846153844 0.0733173076923077 0.06009615384615385 0.06850961538461539
1 0.054086538461538464 0.6538461538461539 0.10817307692307693 0.057692307692307696
1 0.9182692307692307 0.44471153846153844 0.04567307692307692 0.08653846153846154
1 0.3137019230769231 0.7632211538461539 0.0829326923076923 0.09014423076923077
1 0.16947115384615385 0.5492788461538461 0.11298076923076923 0.15865384615384615
1 0.7115384615384616 0.38341346153846156 0.038461538461538464 0.051682692307692304
1 0.5733173076923077 0.10697115384615384 0.04807692307692308 0.04807692307692308
1 0.9519230769230769 0.05048076923076923 0.055288461538461536 0.07451923076923077
1 0.055288461538461536 0.5697115384615384 0.08173076923076923 0.1201923076923077
1 0.2536057692307692 0.5348557692307693 0.040865384615384616 0.0985576923076923
1 0.24278846153846154 0.8701923076923077 0.038461538461538464 0.06850961538461539
1 0.3581730769230769 0.9110576923076923 0.03245192307692308 0.06129807692307692
1 0.028846153846153848 0.19230769230769232 0.057692307692307696 0.0673076923076923
4 0.28125 0.17307692307692307 0.08774038461538461 0.11177884615384616
1 0.11298076923076923 0.2247596153846154 0.09975961538461539 0.11658653846153846
1 0.49158653846153844 0.8161057692307693 0.052884615384615384 0.05048076923076923
1 0.9735576923076923 0.765625 0.052884615384615384 0.1622596153846154
1 0.8798076923076923 0.7668269230769231 0.05889423076923077 0.054086538461538464
1 0.3786057692307692 0.6346153846153846 0.07211538461538461 0.07692307692307693
1 0.6790865384615384 0.42427884615384615 0.03365384615384615 0.046875
1 0.3870192307692308 0.2776442307692308 0.027644230769230768 0.028846153846153848
1 0.828125 0.3425480769230769 0.04567307692307692 0.07692307692307693
1 0.14783653846153846 0.6550480769230769 0.06850961538461539 0.07091346153846154
10 0.9807692307692307 0.0673076923076923 0.038461538461538464 0.1346153846153846
1 0.08653846153846154 0.44471153846153844 0.0625 0.06009615384615385
1 0.021634615384615384 0.4579326923076923 0.04326923076923077 0.07932692307692307
1 0.7151442307692307 0.9399038461538461 0.17307692307692307 0.11298076923076923
1 0.9711538461538461 0.9519230769230769 0.057692307692307696 0.08173076923076923
1 0.23798076923076922 0.25240384615384615 0.056490384615384616 0.056490384615384616
1 0.19591346153846154 0.9567307692307693 0.0625 0.051682692307692304
1 0.9098557692307693 0.9350961538461539 0.0625 0.056490384615384616
1 0.9867788461538461 0.5805288461538461 0.026442307692307692 0.10336538461538461
1 0.31009615384615385 0.4519230769230769 0.06971153846153846 0.06971153846153846
1 0.90625 0.5552884615384616 0.04927884615384615 0.0829326923076923
1 0.45072115384615385 0.5180288461538461 0.06610576923076923 0.06850961538461539
1 0.19591346153846154 0.8365384615384616 0.04807692307692308 0.04567307692307692
1 0.8401442307692307 0.07692307692307693 0.18389423076923078 0.13942307692307693
1 0.5877403846153846 0.6694711538461539 0.22115384615384615 0.2932692307692308
1 0.5528846153846154 0.3942307692307692 0.06490384615384616 0.08653846153846154
1 0.6382211538461539 0.5865384615384616 0.04567307692307692 0.04567307692307692
4 0.12860576923076922 0.8677884615384616 0.09735576923076923 0.13701923076923078
10 0.5817307692307693 0.5168269230769231 0.7908653846153846 0.953125
1 0.06610576923076923 0.1346153846153846 0.03485576923076923 0.06610576923076923
1 0.30649038461538464 0.5384615384615384 0.06129807692307692 0.09735576923076923
1 0.7487980769230769 0.48677884615384615 0.037259615384615384 0.06490384615384616
1 0.5600961538461539 0.24639423076923078 0.08173076923076923 0.0829326923076923
1 0.054086538461538464 0.7608173076923077 0.09735576923076923 0.11538461538461539
1 0.140625 0.36658653846153844 0.1045673076923077 0.14423076923076922
1 0.46274038461538464 0.3798076923076923 0.021634615384615384 0.03365384615384615
1 0.13221153846153846 0.09134615384615384 0.09495192307692307 0.0985576923076923
