10 0.484375 0.3125 0.6526442307692307 0.6189903846153846
1 0.8533653846153846 0.625 0.04807692307692308 0.07451923076923077
1 0.5757211538461539 0.8413461538461539 0.06971153846153846 0.0889423076923077
1 0.234375 0.5432692307692307 0.040865384615384616 0.08413461538461539
1 0.018028846153846152 0.11177884615384616 0.03485576923076923 0.051682692307692304
1 0.3449519230769231 0.25961538461538464 0.037259615384615384 0.055288461538461536
1 0.5516826923076923 0.21875 0.11538461538461539 0.17548076923076922
1 0.90625 0.171875 0.18629807692307693 0.34134615384615385
1 0.48197115384615385 0.8076923076923077 0.052884615384615384 0.07451923076923077
1 0.6526442307692307 0.84375 0.06610576923076923 0.07932692307692307
1 0.9711538461538461 0.48677884615384615 0.04567307692307692 0.057692307692307696
1 0.12139423076923077 0.4098557692307692 0.04447115384615385 0.08173076923076923
1 0.6923076923076923 0.3401442307692308 0.06009615384615385 0.06490384615384616
1 0.4495192307692308 0.42427884615384615 0.052884615384615384 0.06009615384615385
1 0.6838942307692307 0.5024038461538461 0.06370192307692307 0.06610576923076923
1 0.12740384615384615 0.5769230769230769 0.06610576923076923 0.08052884615384616
1 0.3798076923076923 0.453125 0.1045673076923077 0.18389423076923078
1 0.4675480769230769 0.7151442307692307 0.040865384615384616 0.06129807692307692
1 0.5853365384615384 0.9194711538461539 0.055288461538461536 0.08052884615384616
1 0.8689903846153846 0.8713942307692307 0.2620192307692308 0.2536057692307692
1 0.140625 0.6802884615384616 0.04326923076923077 0.0673076923076923
1 0.40625 0.71875 0.06610576923076923 0.10576923076923077
1 0.9771634615384616 0.6887019230769231 0.040865384615384616 0.051682692307692304
1 0.546875 0.5048076923076923 0.052884615384615384 0.10576923076923077
1 0.7451923076923077 0.19110576923076922 0.03485576923076923 0.05048076923076923
1 0.4495192307692308 0.1622596153846154 0.14182692307692307 0.31009615384615385
1 0.2776442307692308 0.9050480769230769 0.12860576923076922 0.18269230769230768
