1 0.6778846153846154 0.11298076923076923 0.018028846153846152 0.030048076923076924
1 0.171875 0.6694711538461539 0.17427884615384615 0.24519230769230768
1 0.17307692307692307 0.8629807692307693 0.06370192307692307 0.0733173076923077
1 0.8713942307692307 0.078125 0.040865384615384616 0.036057692307692304
1 0.6911057692307693 0.03125 0.03125 0.04927884615384615
1 0.8521634615384616 0.7632211538461539 0.037259615384615384 0.056490384615384616
1 0.6598557692307693 0.9675480769230769 0.026442307692307692 0.027644230769230768
1 0.8233173076923077 0.021634615384615384 0.04807692307692308 0.03485576923076923
1 0.9855769230769231 0.7391826923076923 0.028846153846153848 0.0673076923076923
1 0.9675480769230769 0.671875 0.025240384615384616 0.03485576923076923
1 0.013221153846153846 0.09375 0.026442307692307692 0.16947115384615385
2 0.6310096153846154 0.43028846153846156 0.17668269230769232 0.15745192307692307
1 0.013221153846153846 0.6081730769230769 0.026442307692307692 0.08413461538461539
1 0.3004807692307692 0.36899038461538464 0.2848557692307692 0.18990384615384615
1 0.7307692307692307 0.23197115384615385 0.025240384615384616 0.028846153846153848
1 0.22596153846153846 0.8701923076923077 0.028846153846153848 0.027644230769230768
1 0.5012019230769231 0.21514423076923078 0.019230769230769232 0.027644230769230768
1 0.27403846153846156 0.7584134615384616 0.03485576923076923 0.051682692307692304
1 0.30288461538461536 0.9146634615384616 0.06610576923076923 0.06129807692307692
1 0.4014423076923077 0.06971153846153846 0.26322115384615385 0.12980769230769232
1 0.5036057692307693 0.9170673076923077 0.028846153846153848 0.038461538461538464
1 0.9795673076923077 0.8112980769230769 0.040865384615384616 0.038461538461538464
1 0.9230769230769231 0.7127403846153846 0.02403846153846154 0.028846153846153848
2 0.34615384615384615 0.7223557692307693 0.19230769230769232 0.5276442307692307
1 0.8076923076923077 0.7668269230769231 0.055288461538461536 0.06850961538461539
1 0.3293269230769231 0.8425480769230769 0.05048076923076923 0.04807692307692308
1 0.12980769230769232 0.20793269230769232 0.018028846153846152 0.016826923076923076
1 0.8389423076923077 0.32211538461538464 0.02403846153846154 0.039663461538461536
1 0.8016826923076923 0.484375 0.08413461538461539 0.08413461538461539
1 0.765625 0.6778846153846154 0.025240384615384616 0.02403846153846154
1 0.8774038461538461 0.9651442307692307 0.05889423076923077 0.06610576923076923
1 0.5901442307692307 0.7259615384615384 0.027644230769230768 0.03485576923076923
1 0.9555288461538461 0.9471153846153846 0.040865384615384616 0.05048076923076923
3 0.5745192307692307 0.46634615384615385 0.8509615384615384 0.9302884615384616
2 0.890625 0.4699519230769231 0.21875 0.22355769230769232
1 0.8605769230769231 0.9074519230769231 0.04567307692307692 0.054086538461538464
1 0.9134615384615384 0.359375 0.054086538461538464 0.03485576923076923
1 0.6610576923076923 0.5997596153846154 0.10096153846153846 0.17307692307692307
1 0.44591346153846156 0.6742788461538461 0.0625 0.09375
1 0.6478365384615384 0.7355769230769231 0.07692307692307693 0.06129807692307692
1 0.34375 0.9783653846153846 0.06370192307692307 0.040865384615384616
1 0.5769230769230769 0.7752403846153846 0.07692307692307693 0.06370192307692307
1 0.21875 0.5096153846153846 0.07451923076923077 0.07451923076923077
1 0.10576923076923077 0.4206730769230769 0.020432692307692308 0.021634615384615384
1 0.4375 0.5576923076923077 0.037259615384615384 0.055288461538461536
1 0.6586538461538461 0.9098557692307693 0.019230769230769232 0.03125
1 0.5769230769230769 0.625 0.040865384615384616 0.07451923076923077
1 0.2403846153846154 0.9026442307692307 0.06129807692307692 0.056490384615384616
1 0.6370192307692307 0.8822115384615384 0.025240384615384616 0.019230769230769232
1 0.7211538461538461 0.5432692307692307 0.030048076923076924 0.06129807692307692
1 0.734375 0.8221153846153846 0.10336538461538461 0.1141826923076923
1 0.234375 0.8293269230769231 0.04807692307692308 0.03485576923076923
1 0.06370192307692307 0.23557692307692307 0.026442307692307692 0.037259615384615384
1 0.11057692307692307 0.9867788461538461 0.021634615384615384 0.026442307692307692
1 0.75 0.8990384615384616 0.04807692307692308 0.051682692307692304
1 0.09615384615384616 0.2800480769230769 0.040865384615384616 0.03365384615384615
1 0.734375 0.9471153846153846 0.030048076923076924 0.042067307692307696
