1 0.6526442307692307 0.21394230769230768 0.09134615384615384 0.09134615384615384
2 0.20072115384615385 0.46153846153846156 0.4014423076923077 0.40865384615384615
1 0.6670673076923077 0.7223557692307693 0.20192307692307693 0.11538461538461539
1 0.4987980769230769 0.22716346153846154 0.125 0.14783653846153846
1 0.9447115384615384 0.5588942307692307 0.027644230769230768 0.036057692307692304
1 0.5168269230769231 0.7079326923076923 0.05889423076923077 0.07211538461538461
1 0.039663461538461536 0.6382211538461539 0.07932692307692307 0.08413461538461539
1 0.7091346153846154 0.5973557692307693 0.040865384615384616 0.09134615384615384
1 0.6514423076923077 0.125 0.052884615384615384 0.09254807692307693
1 0.7872596153846154 0.037259615384615384 0.11177884615384616 0.0673076923076923
1 0.9266826923076923 0.6838942307692307 0.06610576923076923 0.09615384615384616
1 0.8617788461538461 0.9242788461538461 0.24158653846153846 0.14302884615384615
1 0.31971153846153844 0.16706730769230768 0.0673076923076923 0.06490384615384616
1 0.078125 0.03245192307692308 0.037259615384615384 0.056490384615384616
1 0.15504807692307693 0.796875 0.08653846153846154 0.13341346153846154
1 0.4807692307692308 0.4495192307692308 0.051682692307692304 0.055288461538461536
1 0.8954326923076923 0.12139423076923077 0.17668269230769232 0.22716346153846154
1 0.7980769230769231 0.734375 0.06490384615384616 0.08653846153846154
1 0.6298076923076923 0.6286057692307693 0.06610576923076923 0.07692307692307693
1 0.3389423076923077 0.9326923076923077 0.11298076923076923 0.0889423076923077
1 0.5901442307692307 0.12740384615384615 0.06370192307692307 0.09134615384615384
1 0.6995192307692307 0.030048076923076924 0.04567307692307692 0.05048076923076923
1 0.14783653846153846 0.2704326923076923 0.07932692307692307 0.09615384615384616
1 0.6237980769230769 0.9651442307692307 0.06971153846153846 0.06129807692307692
3 0.5 0.4675480769230769 1 0.875
1 0.21875 0.042067307692307696 0.17427884615384615 0.08413461538461539
1 0.90625 0.2800480769230769 0.17427884615384615 0.10697115384615384
1 0.6153846153846154 0.37740384615384615 0.06971153846153846 0.13581730769230768
1 0.13221153846153846 0.078125 0.036057692307692304 0.040865384615384616
1 0.17427884615384615 0.5997596153846154 0.07211538461538461 0.09375
1 0.36778846153846156 0.4423076923076923 0.021634615384615384 0.03125
1 0.30288461538461536 0.2620192307692308 0.06490384615384616 0.06490384615384616
1 0.5096153846153846 0.5432692307692307 0.06971153846153846 0.109375
