10 0.46274038461538464 0.5973557692307693 0.5576923076923077 0.8016826923076923
1 0.15865384615384615 0.23798076923076922 0.07692307692307693 0.109375
1 0.39302884615384615 0.84375 0.01201923076923077 0.021634615384615384
3 0.21394230769230768 0.10096153846153846 0.42788461538461536 0.19230769230769232
1 0.1045673076923077 0.5456730769230769 0.02283653846153846 0.026442307692307692
1 0.003605769230769231 0.6826923076923077 0.007211538461538462 0.019230769230769232
1 0.028846153846153848 0.9591346153846154 0.016826923076923076 0.021634615384615384
1 0.9375 0.5757211538461539 0.016826923076923076 0.02403846153846154
2 0.9350961538461539 0.625 0.12860576923076922 0.06490384615384616
1 0.025240384615384616 0.4831730769230769 0.05048076923076923 0.10096153846153846
1 0.7043269230769231 0.6802884615384616 0.08413461538461539 0.10336538461538461
0 0.8016826923076923 0.046875 0.0625 0.09254807692307693
1 0.3088942307692308 0.3918269230769231 0.038461538461538464 0.04447115384615385
1 0.5384615384615384 0.9495192307692307 0.03245192307692308 0.06610576923076923
1 0.3449519230769231 0.9459134615384616 0.010817307692307692 0.019230769230769232
1 0.4338942307692308 0.7379807692307693 0.042067307692307696 0.03125
1 0.3894230769230769 0.6622596153846154 0.030048076923076924 0.03125
1 0.3713942307692308 0.21875 0.10336538461538461 0.125
1 0.49399038461538464 0.9795673076923077 0.020432692307692308 0.016826923076923076
1 0.4230769230769231 0.9855769230769231 0.025240384615384616 0.027644230769230768
1 0.8701923076923077 0.4879807692307692 0.016826923076923076 0.019230769230769232
1 0.9230769230769231 0.16706730769230768 0.021634615384615384 0.04326923076923077
0 0.71875 0.02283653846153846 0.040865384615384616 0.04447115384615385
4 0.9723557692307693 0.109375 0.040865384615384616 0.06370192307692307
1 0.018028846153846152 0.5793269230769231 0.036057692307692304 0.06129807692307692
1 0.44591346153846156 0.6430288461538461 0.03365384615384615 0.02283653846153846
1 0.5048076923076923 0.24879807692307693 0.03125 0.056490384615384616
1 0.1814903846153846 0.7103365384615384 0.03485576923076923 0.040865384615384616
1 0.0733173076923077 0.8401442307692307 0.038461538461538464 0.06610576923076923
1 0.054086538461538464 0.06971153846153846 0.10697115384615384 0.13581730769230768
1 0.22115384615384615 0.04567307692307692 0.056490384615384616 0.09134615384615384
1 0.78125 0.9855769230769231 0.03365384615384615 0.028846153846153848
1 0.3858173076923077 0.4639423076923077 0.027644230769230768 0.057692307692307696
1 0.33413461538461536 0.7115384615384616 0.019230769230769232 0.015625
3 0.8509615384615384 0.43028846153846156 0.25961538461538464 0.8509615384615384
2 0.5228365384615384 0.8810096153846154 0.9543269230769231 0.23798076923076922
1 0.23197115384615385 0.5528846153846154 0.12860576923076922 0.08173076923076923
1 0.38822115384615385 0.625 0.02403846153846154 0.030048076923076924
1 0.49038461538461536 0.7019230769230769 0.013221153846153846 0.015625
1 0.9326923076923077 0.9651442307692307 0.07451923076923077 0.06490384615384616
1 0.4879807692307692 0.3016826923076923 0.019230769230769232 0.027644230769230768
1 0.12860576923076922 0.2956730769230769 0.020432692307692308 0.015625
1 0.546875 0.2668269230769231 0.042067307692307696 0.04567307692307692
10 0.18269230769230768 0.8125 0.18028846153846154 0.36658653846153844
