1 0.22716346153846154 0.06129807692307692 0.040865384615384616 0.057692307692307696
1 0.6550480769230769 0.2127403846153846 0.051682692307692304 0.056490384615384616
1 0.8882211538461539 0.49399038461538464 0.07572115384615384 0.06610576923076923
1 0.0985576923076923 0.9855769230769231 0.07692307692307693 0.028846153846153848
1 0.7692307692307693 0.8966346153846154 0.07211538461538461 0.1141826923076923
1 0.9603365384615384 0.9771634615384616 0.038461538461538464 0.04567307692307692
1 0.7896634615384616 0.7475961538461539 0.07211538461538461 0.0829326923076923
1 0.8846153846153846 0.057692307692307696 0.028846153846153848 0.05048076923076923
1 0.6213942307692307 0.8629807692307693 0.09735576923076923 0.07932692307692307
1 0.9206730769230769 0.8100961538461539 0.037259615384615384 0.03125
1 0.8161057692307693 0.06009615384615385 0.0829326923076923 0.10576923076923077
1 0.3125 0.19951923076923078 0.06129807692307692 0.08653846153846154
1 0.8870192307692307 0.6286057692307693 0.021634615384615384 0.04447115384615385
1 0.11778846153846154 0.47475961538461536 0.025240384615384616 0.028846153846153848
1 0.8004807692307693 0.6189903846153846 0.020432692307692308 0.03365384615384615
1 0.5180288461538461 0.32091346153846156 0.027644230769230768 0.040865384615384616
4 0.11177884615384616 0.054086538461538464 0.09014423076923077 0.10697115384615384
1 0.24158653846153846 0.328125 0.03125 0.05048076923076923
1 0.19951923076923078 0.28966346153846156 0.1201923076923077 0.10697115384615384
1 0.640625 0.7199519230769231 0.07932692307692307 0.08774038461538461
1 0.41586538461538464 0.12379807692307693 0.03125 0.04567307692307692
1 0.5024038461538461 0.18028846153846154 0.037259615384615384 0.05048076923076923
1 0.5024038461538461 0.23557692307692307 0.04807692307692308 0.08413461538461539
1 0.515625 0.40625 0.04807692307692308 0.10576923076923077
1 0.6430288461538461 0.578125 0.13701923076923078 0.1466346153846154
1 0.8221153846153846 0.6610576923076923 0.02403846153846154 0.040865384615384616
1 0.9086538461538461 0.7259615384615384 0.037259615384615384 0.055288461538461536
1 0.6165865384615384 0.04447115384615385 0.05889423076923077 0.056490384615384616
1 0.08173076923076923 0.1814903846153846 0.1502403846153846 0.14302884615384615
1 0.9206730769230769 0.609375 0.07451923076923077 0.06610576923076923
1 0.9182692307692307 0.12620192307692307 0.025240384615384616 0.028846153846153848
1 0.04807692307692308 0.6370192307692307 0.08774038461538461 0.11658653846153846
1 0.21153846153846154 0.49158653846153844 0.10096153846153846 0.12379807692307693
1 0.5697115384615384 0.2512019230769231 0.03365384615384615 0.04927884615384615
4 0.6225961538461539 0.42788461538461536 0.125 0.16346153846153846
1 0.5949519230769231 0.9326923076923077 0.2956730769230769 0.1346153846153846
1 0.8786057692307693 0.3641826923076923 0.08413461538461539 0.16706730769230768
1 0.8257211538461539 0.13701923076923078 0.03125 0.056490384615384616
1 0.9675480769230769 0.7728365384615384 0.057692307692307696 0.10216346153846154
1 0.9447115384615384 0.921875 0.036057692307692304 0.037259615384615384
1 0.3605769230769231 0.6947115384615384 0.42788461538461536 0.3762019230769231
1 0.05048076923076923 0.41947115384615385 0.10096153846153846 0.18629807692307693
1 0.4254807692307692 0.2403846153846154 0.09014423076923077 0.1346153846153846
1 0.09134615384615384 0.359375 0.06610576923076923 0.09375
2 0.22716346153846154 0.8725961538461539 0.4543269230769231 0.2536057692307692
1 0.7151442307692307 0.4495192307692308 0.07451923076923077 0.1466346153846154
