1 0.7175480769230769 0.22596153846153846 0.009615384615384616 0.015625
1 0.4807692307692308 0.10576923076923077 0.01201923076923077 0.016826923076923076
1 0.9206730769230769 0.08173076923076923 0.01201923076923077 0.019230769230769232
1 0.5 0.22115384615384615 0.019230769230769232 0.02283653846153846
1 0.7043269230769231 0.16826923076923078 0.01201923076923077 0.021634615384615384
10 0.5 0.5228365384615384 1 0.796875
10 0.890625 0.78125 0.21875 0.19230769230769232
1 0.8677884615384616 0.2512019230769231 0.009615384615384616 0.018028846153846152
1 0.4266826923076923 0.24158653846153846 0.04807692307692308 0.03365384615384615
1 0.6358173076923077 0.06490384615384616 0.020432692307692308 0.019230769230769232
1 0.7043269230769231 0.04567307692307692 0.020432692307692308 0.026442307692307692
1 0.6141826923076923 0.18028846153846154 0.014423076923076924 0.020432692307692308
1 0.6310096153846154 0.004807692307692308 0.014423076923076924 0.009615384615384616
1 0.030048076923076924 0.06009615384615385 0.016826923076923076 0.02403846153846154
1 0.37740384615384615 0.2536057692307692 0.013221153846153846 0.016826923076923076
1 0.8389423076923077 0.036057692307692304 0.018028846153846152 0.016826923076923076
1 0.6177884615384616 0.36778846153846156 0.04567307692307692 0.04567307692307692
1 0.07692307692307693 0.0889423076923077 0.019230769230769232 0.03365384615384615
1 0.640625 0.08052884615384616 0.021634615384615384 0.014423076923076924
1 0.5204326923076923 0.04807692307692308 0.010817307692307692 0.016826923076923076
1 0.3870192307692308 0.20673076923076922 0.018028846153846152 0.026442307692307692
1 0.5817307692307693 0.15865384615384615 0.01201923076923077 0.013221153846153846
1 0.5228365384615384 0.22596153846153846 0.013221153846153846 0.016826923076923076
1 0.8605769230769231 0.23197115384615385 0.006009615384615385 0.01201923076923077
1 0.90625 0.05048076923076923 0.014423076923076924 0.019230769230769232
1 0.9050480769230769 0.12860576923076922 0.013221153846153846 0.019230769230769232
1 0.5048076923076923 0.026442307692307692 0.010817307692307692 0.020432692307692308
1 0.9771634615384616 0.05048076923076923 0.020432692307692308 0.018028846153846152
1 0.4074519230769231 0.4266826923076923 0.06370192307692307 0.04807692307692308
1 0.6826923076923077 0.31850961538461536 0.014423076923076924 0.025240384615384616
1 0.7704326923076923 0.3269230769230769 0.013221153846153846 0.018028846153846152
1 0.7079326923076923 0.24278846153846154 0.009615384615384616 0.01201923076923077
1 0.9098557692307693 0.3701923076923077 0.018028846153846152 0.030048076923076924
1 0.6838942307692307 0.65625 0.02403846153846154 0.026442307692307692
1 0.14903846153846154 0.6550480769230769 0.02403846153846154 0.019230769230769232
1 0.1141826923076923 0.5973557692307693 0.010817307692307692 0.019230769230769232
1 0.11057692307692307 0.5048076923076923 0.008413461538461538 0.007211538461538462
1 0.3401442307692308 0.3473557692307692 0.016826923076923076 0.02283653846153846
1 0.15264423076923078 0.018028846153846152 0.009615384615384616 0.01201923076923077
1 0.004807692307692308 0.06610576923076923 0.009615384615384616 0.016826923076923076
1 0.2860576923076923 0.17067307692307693 0.02403846153846154 0.027644230769230768
1 0.9350961538461539 0.2932692307692308 0.009615384615384616 0.019230769230769232
1 0.5649038461538461 0.5012019230769231 0.02283653846153846 0.03245192307692308
1 0.7055288461538461 0.328125 0.021634615384615384 0.054086538461538464
1 0.6213942307692307 0.265625 0.03125 0.02403846153846154
1 0.8197115384615384 0.3557692307692308 0.02283653846153846 0.028846153846153848
1 0.8305288461538461 0.6490384615384616 0.009615384615384616 0.013221153846153846
1 0.7427884615384616 0.6213942307692307 0.010817307692307692 0.019230769230769232
1 0.10096153846153846 0.6694711538461539 0.019230769230769232 0.026442307692307692
1 0.0889423076923077 0.44591346153846156 0.009615384615384616 0.015625
1 0.27283653846153844 0.0625 0.016826923076923076 0.02403846153846154
1 0.038461538461538464 0.22956730769230768 0.02403846153846154 0.026442307692307692
1 0.7259615384615384 0.265625 0.021634615384615384 0.019230769230769232
1 0.6069711538461539 0.0673076923076923 0.018028846153846152 0.027644230769230768
1 0.6033653846153846 0.04447115384615385 0.013221153846153846 0.016826923076923076
1 0.6189903846153846 0.15504807692307693 0.010817307692307692 0.019230769230769232
1 0.6850961538461539 0.6875 0.013221153846153846 0.01201923076923077
1 0.29447115384615385 0.7007211538461539 0.013221153846153846 0.01201923076923077
1 0.2800480769230769 0.11899038461538461 0.03485576923076923 0.05048076923076923
1 0.09134615384615384 0.010817307692307692 0.01201923076923077 0.020432692307692308
1 0.5769230769230769 0.328125 0.015625 0.027644230769230768
1 0.16706730769230768 0.7920673076923077 0.014423076923076924 0.021634615384615384
1 0.21875 0.2247596153846154 0.02283653846153846 0.019230769230769232
1 0.8293269230769231 0.6790865384615384 0.016826923076923076 0.018028846153846152
1 0.40625 0.6502403846153846 0.021634615384615384 0.03245192307692308
1 0.6754807692307693 0.28365384615384615 0.016826923076923076 0.02283653846153846
1 0.6814903846153846 0.6129807692307693 0.008413461538461538 0.015625
1 0.1346153846153846 0.7391826923076923 0.019230769230769232 0.025240384615384616
1 0.08774038461538461 0.7572115384615384 0.014423076923076924 0.019230769230769232
1 0.1045673076923077 0.5264423076923077 0.013221153846153846 0.014423076923076924
1 0.22235576923076922 0.2620192307692308 0.021634615384615384 0.027644230769230768
1 0.08653846153846154 0.2644230769230769 0.026442307692307692 0.040865384615384616
1 0.2824519230769231 0.010817307692307692 0.019230769230769232 0.021634615384615384
1 0.2548076923076923 0.03365384615384615 0.021634615384615384 0.026442307692307692
1 0.15384615384615385 0.054086538461538464 0.027644230769230768 0.028846153846153848
1 0.08774038461538461 0.5456730769230769 0.016826923076923076 0.021634615384615384
1 0.7475961538461539 0.7932692307692307 0.016826923076923076 0.019230769230769232
1 0.9411057692307693 0.640625 0.007211538461538462 0.01201923076923077
1 0.009615384615384616 0.19230769230769232 0.019230769230769232 0.03245192307692308
1 0.08774038461538461 0.6213942307692307 0.019230769230769232 0.027644230769230768
1 0.6887019230769231 0.4951923076923077 0.027644230769230768 0.038461538461538464
1 0.22115384615384615 0.3894230769230769 0.025240384615384616 0.03485576923076923
1 0.16346153846153846 0.3329326923076923 0.013221153846153846 0.019230769230769232
0 0.53125 0.5649038461538461 0.055288461538461536 0.06490384615384616
1 0.7355769230769231 0.3125 0.038461538461538464 0.05048076923076923
1 0.3858173076923077 0.36658653846153844 0.018028846153846152 0.03125
1 0.10336538461538461 0.39903846153846156 0.014423076923076924 0.013221153846153846
1 0.7259615384615384 0.8004807692307693 0.018028846153846152 0.027644230769230768
1 0.10576923076923077 0.7055288461538461 0.019230769230769232 0.02283653846153846
1 0.7572115384615384 0.4098557692307692 0.040865384615384616 0.055288461538461536
0 0.015625 0.8665865384615384 0.03125 0.24759615384615385
1 0.21033653846153846 0.025240384615384616 0.014423076923076924 0.016826923076923076
2 0.6646634615384616 0.8257211538461539 0.4579326923076923 0.3401442307692308
0 0.1658653846153846 0.4543269230769231 0.03245192307692308 0.036057692307692304
1 0.14903846153846154 0.2980769230769231 0.02403846153846154 0.03365384615384615
1 0.10817307692307693 0.4723557692307692 0.016826923076923076 0.018028846153846152
