1 0.2956730769230769 0.6370192307692307 0.03485576923076923 0.04927884615384615
1 0.20793269230769232 0.8725961538461539 0.027644230769230768 0.036057692307692304
1 0.4170673076923077 0.09975961538461539 0.040865384615384616 0.040865384615384616
1 0.5432692307692307 0.7860576923076923 0.030048076923076924 0.03245192307692308
1 0.8762019230769231 0.29447115384615385 0.021634615384615384 0.03125
1 0.7295673076923077 0.46153846153846156 0.09014423076923077 0.1141826923076923
1 0.5084134615384616 0.2932692307692308 0.030048076923076924 0.03365384615384615
1 0.1201923076923077 0.42908653846153844 0.025240384615384616 0.037259615384615384
1 0.4987980769230769 0.828125 0.025240384615384616 0.028846153846153848
1 0.2920673076923077 0.13221153846153846 0.021634615384615384 0.027644230769230768
1 0.6634615384615384 0.8954326923076923 0.06971153846153846 0.10096153846153846
1 0.5336538461538461 0.7259615384615384 0.020432692307692308 0.025240384615384616
1 0.2824519230769231 0.9771634615384616 0.0625 0.04567307692307692
1 0.7487980769230769 0.8341346153846154 0.021634615384615384 0.040865384615384616
1 0.5841346153846154 0.33653846153846156 0.021634615384615384 0.04326923076923077
1 0.20072115384615385 0.734375 0.05889423076923077 0.0829326923076923
1 0.625 0.33774038461538464 0.040865384615384616 0.04807692307692308
1 0.5336538461538461 0.9242788461538461 0.016826923076923076 0.03485576923076923
1 0.22235576923076922 0.13221153846153846 0.038461538461538464 0.03365384615384615
1 0.30528846153846156 0.8473557692307693 0.038461538461538464 0.05048076923076923
1 0.484375 0.7896634615384616 0.025240384615384616 0.027644230769230768
1 0.3449519230769231 0.042067307692307696 0.038461538461538464 0.037259615384615384
1 0.1466346153846154 0.15384615384615385 0.02283653846153846 0.030048076923076924
1 0.3557692307692308 0.5925480769230769 0.040865384615384616 0.07451923076923077
1 0.2668269230769231 0.203125 0.06129807692307692 0.0889423076923077
3 0.5 0.6057692307692307 1 0.6814903846153846
1 0.9002403846153846 0.9423076923076923 0.0673076923076923 0.09735576923076923
1 0.7259615384615384 0.7668269230769231 0.054086538461538464 0.057692307692307696
1 0.10697115384615384 0.28365384615384615 0.06850961538461539 0.06971153846153846
1 0.6129807692307693 0.4050480769230769 0.03245192307692308 0.06129807692307692
1 0.43990384615384615 0.8040865384615384 0.020432692307692308 0.030048076923076924
1 0.17427884615384615 0.47596153846153844 0.018028846153846152 0.036057692307692304
1 0.6298076923076923 0.46153846153846156 0.019230769230769232 0.027644230769230768
1 0.35697115384615385 0.9050480769230769 0.08413461538461539 0.051682692307692304
1 0.36658653846153844 0.15144230769230768 0.028846153846153848 0.027644230769230768
1 0.6057692307692307 0.7632211538461539 0.027644230769230768 0.03365384615384615
1 0.9759615384615384 0.2764423076923077 0.020432692307692308 0.027644230769230768
1 0.7319711538461539 0.140625 0.046875 0.04807692307692308
1 0.44711538461538464 0.6514423076923077 0.030048076923076924 0.042067307692307696
1 0.6490384615384616 0.4230769230769231 0.02403846153846154 0.03485576923076923
1 0.8882211538461539 0.18629807692307693 0.02403846153846154 0.036057692307692304
1 0.14903846153846154 0.02283653846153846 0.07211538461538461 0.04447115384615385
1 0.546875 0.33052884615384615 0.01201923076923077 0.025240384615384616
1 0.9423076923076923 0.8028846153846154 0.037259615384615384 0.056490384615384616
1 0.234375 0.8365384615384616 0.026442307692307692 0.03245192307692308
1 0.8737980769230769 0.7247596153846154 0.038461538461538464 0.0733173076923077
1 0.6887019230769231 0.8173076923076923 0.037259615384615384 0.05048076923076923
1 0.5552884615384616 0.6382211538461539 0.028846153846153848 0.03245192307692308
1 0.03485576923076923 0.609375 0.06850961538461539 0.24519230769230768
1 0.8137019230769231 0.6646634615384616 0.056490384615384616 0.09014423076923077
1 0.5048076923076923 0.4170673076923077 0.038461538461538464 0.05048076923076923
1 0.47596153846153844 0.703125 0.025240384615384616 0.03365384615384615
1 0.02283653846153846 0.421875 0.04326923076923077 0.056490384615384616
1 0.36778846153846156 0.8016826923076923 0.055288461538461536 0.1201923076923077
1 0.1622596153846154 0.671875 0.055288461538461536 0.04326923076923077
1 0.4963942307692308 0.6730769230769231 0.02403846153846154 0.03485576923076923
1 0.7451923076923077 0.6550480769230769 0.0625 0.09014423076923077
1 0.25 0.9050480769230769 0.09975961538461539 0.06610576923076923
1 0.7632211538461539 0.8725961538461539 0.03245192307692308 0.019230769230769232
1 0.7067307692307693 0.875 0.018028846153846152 0.027644230769230768
0 0.7848557692307693 0.28365384615384615 0.1622596153846154 0.14423076923076922
1 0.8882211538461539 0.25 0.03245192307692308 0.046875
1 0.36778846153846156 0.6887019230769231 0.040865384615384616 0.07692307692307693
1 0.6394230769230769 0.59375 0.025240384615384616 0.02283653846153846
1 0.1935096153846154 0.5276442307692307 0.03485576923076923 0.036057692307692304
1 0.3016826923076923 0.025240384615384616 0.03485576923076923 0.037259615384615384
1 0.07091346153846154 0.8004807692307693 0.09014423076923077 0.19951923076923078
1 0.09014423076923077 0.484375 0.052884615384615384 0.05048076923076923
1 0.8040865384615384 0.44471153846153844 0.04927884615384615 0.08052884615384616
1 0.4230769230769231 0.9134615384615384 0.020432692307692308 0.03485576923076923
1 0.15264423076923078 0.9423076923076923 0.11298076923076923 0.07692307692307693
1 0.26802884615384615 0.5625 0.030048076923076924 0.054086538461538464
1 0.9495192307692307 0.7091346153846154 0.06129807692307692 0.10576923076923077
1 0.15985576923076922 0.8137019230769231 0.028846153846153848 0.04326923076923077
1 0.5985576923076923 0.49278846153846156 0.020432692307692308 0.039663461538461536
1 0.6189903846153846 0.9447115384615384 0.03485576923076923 0.04326923076923077
1 0.13341346153846154 0.53125 0.02403846153846154 0.1141826923076923
1 0.3161057692307692 0.3473557692307692 0.019230769230769232 0.03485576923076923
3 0.5 0.29447115384615385 1 0.3473557692307692
1 0.9399038461538461 0.9819711538461539 0.040865384615384616 0.03365384615384615
1 0.6526442307692307 0.13942307692307693 0.037259615384615384 0.05048076923076923
1 0.1502403846153846 0.09254807692307693 0.051682692307692304 0.07451923076923077
1 0.6574519230769231 0.21394230769230768 0.02403846153846154 0.03365384615384615
1 0.25841346153846156 0.7319711538461539 0.040865384615384616 0.08774038461538461
1 0.34615384615384615 0.43509615384615385 0.03365384615384615 0.027644230769230768
0 0.8173076923076923 0.05048076923076923 0.22235576923076922 0.10096153846153846
1 0.4675480769230769 0.7512019230769231 0.04927884615384615 0.02403846153846154
1 0.8509615384615384 0.13942307692307693 0.019230769230769232 0.025240384615384616
2 0.22235576923076922 0.056490384615384616 0.08413461538461539 0.11298076923076923
1 0.8209134615384616 0.9050480769230769 0.0829326923076923 0.09735576923076923
1 0.8653846153846154 0.546875 0.06971153846153846 0.1141826923076923
1 0.546875 0.38221153846153844 0.027644230769230768 0.030048076923076924
2 0.5384615384615384 0.052884615384615384 0.31850961538461536 0.10216346153846154
1 0.5480769230769231 0.8473557692307693 0.03245192307692308 0.04326923076923077
1 0.7860576923076923 0.15264423076923078 0.02283653846153846 0.027644230769230768
1 0.12860576923076922 0.7752403846153846 0.03485576923076923 0.04927884615384615
0 0.9723557692307693 0.38221153846153844 0.055288461538461536 0.07932692307692307
1 0.6634615384615384 0.8052884615384616 0.016826923076923076 0.019230769230769232
1 0.4050480769230769 0.7211538461538461 0.03365384615384615 0.042067307692307696
