1 0.8305288461538461 0.5673076923076923 0.15745192307692307 0.21153846153846154
1 0.8786057692307693 0.7980769230769231 0.14182692307692307 0.19230769230769232
1 0.4543269230769231 0.09254807692307693 0.0829326923076923 0.08774038461538461
1 0.37259615384615385 0.08774038461538461 0.06850961538461539 0.08774038461538461
1 0.421875 0.9639423076923077 0.03485576923076923 0.054086538461538464
1 0.2439903846153846 0.8341346153846154 0.04927884615384615 0.06490384615384616
1 0.27524038461538464 0.6634615384615384 0.042067307692307696 0.04567307692307692
10 0.45552884615384615 0.5 0.9110576923076923 0.9987980769230769
1 0.6574519230769231 0.3389423076923077 0.14543269230769232 0.203125
1 0.4411057692307692 0.8918269230769231 0.036057692307692304 0.07091346153846154
1 0.6334134615384616 0.9134615384615384 0.0625 0.08052884615384616
1 0.13701923076923078 0.4362980769230769 0.27403846153846156 0.3245192307692308
1 0.11658653846153846 0.6826923076923077 0.14903846153846154 0.15264423076923078
