0 0.8713942307692307 0.6995192307692307 0.027644230769230768 0.057692307692307696
2 0.5024038461538461 0.7175480769230769 0.020432692307692308 0.036057692307692304
0 0.6862980769230769 0.18028846153846154 0.04567307692307692 0.046875
2 0.19951923076923078 0.34375 0.019230769230769232 0.02403846153846154
2 0.1466346153846154 0.9399038461538461 0.021634615384615384 0.03485576923076923
2 0.21634615384615385 0.2764423076923077 0.020432692307692308 0.026442307692307692
0 0.16105769230769232 0.11778846153846154 0.02403846153846154 0.02403846153846154
2 0.7848557692307693 0.31850961538461536 0.14182692307692307 0.1935096153846154
0 0.8810096153846154 0.46634615384615385 0.027644230769230768 0.056490384615384616
0 0.006009615384615385 0.21754807692307693 0.01201923076923077 0.042067307692307696
2 0.10576923076923077 0.13822115384615385 0.030048076923076924 0.04807692307692308
2 0.6598557692307693 0.7944711538461539 0.026442307692307692 0.05048076923076923
2 0.44350961538461536 0.5697115384615384 0.019230769230769232 0.02403846153846154
0 0.45913461538461536 0.3076923076923077 0.014423076923076924 0.021634615384615384
2 0.8125 0.8028846153846154 0.06850961538461539 0.09735576923076923
2 0.35336538461538464 0.27884615384615385 0.03365384615384615 0.06850961538461539
2 0.27884615384615385 0.007211538461538462 0.03485576923076923 0.013221153846153846
2 0.24759615384615385 0.039663461538461536 0.010817307692307692 0.019230769230769232
2 0.49158653846153844 0.39783653846153844 0.016826923076923076 0.027644230769230768
2 0.8076923076923077 0.7139423076923077 0.01201923076923077 0.018028846153846152
2 0.26322115384615385 0.7896634615384616 0.021634615384615384 0.026442307692307692
2 0.3269230769230769 0.5817307692307693 0.021634615384615384 0.019230769230769232
0 0.015625 0.6298076923076923 0.030048076923076924 0.04326923076923077
2 0.9086538461538461 0.11778846153846154 0.021634615384615384 0.014423076923076924
0 0.109375 0.07211538461538461 0.02283653846153846 0.04447115384615385
0 0.9915865384615384 0.8161057692307693 0.016826923076923076 0.027644230769230768
2 0.36538461538461536 0.4050480769230769 0.021634615384615384 0.03245192307692308
0 0.6201923076923077 0.2848557692307692 0.037259615384615384 0.04447115384615385
2 0.8389423076923077 0.2127403846153846 0.018028846153846152 0.03125
0 0.8497596153846154 0.11177884615384616 0.010817307692307692 0.016826923076923076
2 0.3942307692307692 0.24278846153846154 0.052884615384615384 0.056490384615384616
2 0.8185096153846154 0.06490384615384616 0.016826923076923076 0.028846153846153848
2 0.5588942307692307 0.6826923076923077 0.05889423076923077 0.046875
0 0.8990384615384616 0.2692307692307692 0.016826923076923076 0.019230769230769232
2 0.1971153846153846 0.9302884615384616 0.02403846153846154 0.03125
0 0.625 0.20072115384615385 0.019230769230769232 0.03125
2 0.15504807692307693 0.6502403846153846 0.038461538461538464 0.03125
2 0.9615384615384616 0.9723557692307693 0.01201923076923077 0.02283653846153846
2 0.6790865384615384 0.8846153846153846 0.020432692307692308 0.03125
2 0.20072115384615385 0.15985576923076922 0.021634615384615384 0.018028846153846152
2 0.609375 0.3713942307692308 0.04567307692307692 0.07692307692307693
2 0.2283653846153846 0.3245192307692308 0.018028846153846152 0.03485576923076923
2 0.18629807692307693 0.8233173076923077 0.014423076923076924 0.02283653846153846
2 0.8317307692307693 0.025240384615384616 0.11778846153846154 0.04567307692307692
2 0.7932692307692307 0.9122596153846154 0.07692307692307693 0.1141826923076923
0 0.09975961538461539 0.8004807692307693 0.025240384615384616 0.042067307692307696
2 0.04447115384615385 0.40625 0.04567307692307692 0.04927884615384615
2 0.9375 0.24519230769230768 0.052884615384615384 0.05889423076923077
0 0.8894230769230769 0.15745192307692307 0.02403846153846154 0.05048076923076923
2 0.19471153846153846 0.421875 0.038461538461538464 0.06370192307692307
2 0.3701923076923077 0.7271634615384616 0.02283653846153846 0.04447115384615385
3 0.4326923076923077 0.9375 0.10096153846153846 0.12139423076923077
2 0.3870192307692308 0.3737980769230769 0.021634615384615384 0.019230769230769232
0 0.008413461538461538 0.5661057692307693 0.009615384615384616 0.019230769230769232
13 0.5841346153846154 0.09254807692307693 0.3401442307692308 0.18389423076923078
2 0.8016826923076923 0.7463942307692307 0.016826923076923076 0.027644230769230768
2 0.1346153846153846 0.5456730769230769 0.052884615384615384 0.04807692307692308
2 0.9831730769230769 0.3293269230769231 0.026442307692307692 0.027644230769230768
0 0.8653846153846154 0.203125 0.018028846153846152 0.026442307692307692
2 0.5528846153846154 0.34975961538461536 0.02403846153846154 0.037259615384615384
0 0.1658653846153846 0.05048076923076923 0.02403846153846154 0.02403846153846154
2 0.9302884615384616 0.08774038461538461 0.026442307692307692 0.04326923076923077
2 0.24519230769230768 0.09014423076923077 0.02403846153846154 0.027644230769230768
2 0.11899038461538461 0.6201923076923077 0.036057692307692304 0.04326923076923077
2 0.40024038461538464 0.4879807692307692 0.021634615384615384 0.03365384615384615
0 0.9435096153846154 0.8774038461538461 0.021634615384615384 0.02283653846153846
2 0.46033653846153844 0.19591346153846154 0.03485576923076923 0.056490384615384616
0 0.9399038461538461 0.7572115384615384 0.10336538461538461 0.05889423076923077
0 0.9459134615384616 0.4639423076923077 0.030048076923076924 0.06490384615384616
0 0.9362980769230769 0.7019230769230769 0.020432692307692308 0.030048076923076924
2 0.8798076923076923 0.8942307692307693 0.016826923076923076 0.03245192307692308
0 0.7355769230769231 0.43028846153846156 0.056490384615384616 0.07451923076923077
0 0.14903846153846154 0.8125 0.038461538461538464 0.06971153846153846
0 0.9110576923076923 0.4699519230769231 0.016826923076923076 0.021634615384615384
0 0.8257211538461539 0.17427884615384615 0.04927884615384615 0.04447115384615385
2 0.5540865384615384 0.43149038461538464 0.019230769230769232 0.028846153846153848
0 0.6514423076923077 0.24519230769230768 0.037259615384615384 0.038461538461538464
2 0.9651442307692307 0.1466346153846154 0.054086538461538464 0.04447115384615385
2 0.7608173076923077 0.15264423076923078 0.07572115384615384 0.10576923076923077
3 0.05889423076923077 0.7620192307692307 0.04567307692307692 0.15745192307692307
2 0.5841346153846154 0.203125 0.025240384615384616 0.037259615384615384
2 0.171875 0.24278846153846154 0.018028846153846152 0.02283653846153846
0 0.9711538461538461 0.5228365384615384 0.03485576923076923 0.03245192307692308
2 0.1045673076923077 0.5925480769230769 0.014423076923076924 0.021634615384615384
2 0.1935096153846154 0.546875 0.016826923076923076 0.018028846153846152
3 0.8329326923076923 0.9038461538461539 0.025240384615384616 0.12980769230769232
0 0.7692307692307693 0.49399038461538464 0.014423076923076924 0.04447115384615385
2 0.28846153846153844 0.15625 0.016826923076923076 0.026442307692307692
2 0.5793269230769231 0.9807692307692307 0.026442307692307692 0.03125
2 0.43028846153846156 0.6346153846153846 0.016826923076923076 0.02403846153846154
0 0.7908653846153846 0.6310096153846154 0.021634615384615384 0.039663461538461536
10 0.43990384615384615 0.3401442307692308 0.8786057692307693 0.4362980769230769
2 0.2920673076923077 0.7367788461538461 0.042067307692307696 0.07451923076923077
0 0.671875 0.42788461538461536 0.020432692307692308 0.02283653846153846
2 0.453125 0.5949519230769231 0.018028846153846152 0.014423076923076924
2 0.4375 0.7403846153846154 0.04447115384615385 0.07451923076923077
2 0.6057692307692307 0.5829326923076923 0.027644230769230768 0.026442307692307692
2 0.2644230769230769 0.16706730769230768 0.036057692307692304 0.037259615384615384
0 0.015625 0.8088942307692307 0.03125 0.10336538461538461
2 0.3449519230769231 0.7487980769230769 0.013221153846153846 0.02403846153846154
0 0.9495192307692307 0.5865384615384616 0.09975961538461539 0.16105769230769232
2 0.578125 0.8798076923076923 0.030048076923076924 0.0889423076923077
2 0.16466346153846154 0.28846153846153844 0.030048076923076924 0.06490384615384616
0 0.9675480769230769 0.36778846153846156 0.030048076923076924 0.040865384615384616
0 0.6382211538461539 0.6069711538461539 0.019230769230769232 0.02403846153846154
2 0.6911057692307693 0.6682692307692307 0.08653846153846154 0.22596153846153846
2 0.3629807692307692 0.9591346153846154 0.016826923076923076 0.03365384615384615
2 0.009615384615384616 0.7536057692307693 0.019230769230769232 0.03245192307692308
2 0.5709134615384616 0.8028846153846154 0.027644230769230768 0.07451923076923077
2 0.6141826923076923 0.4651442307692308 0.014423076923076924 0.02403846153846154
2 0.6875 0.5240384615384616 0.036057692307692304 0.06370192307692307
0 0.006009615384615385 0.5276442307692307 0.010817307692307692 0.021634615384615384
2 0.5817307692307693 0.5829326923076923 0.016826923076923076 0.018028846153846152
0 0.6418269230769231 0.4375 0.021634615384615384 0.021634615384615384
2 0.984375 0.9375 0.020432692307692308 0.02283653846153846
2 0.32091346153846156 0.296875 0.03485576923076923 0.06610576923076923
0 0.9519230769230769 0.3016826923076923 0.040865384615384616 0.03365384615384615
2 0.9591346153846154 0.8149038461538461 0.037259615384615384 0.04567307692307692
0 0.84375 0.640625 0.02403846153846154 0.04567307692307692
2 0.25841346153846156 0.22115384615384615 0.016826923076923076 0.027644230769230768
2 0.7415865384615384 0.9795673076923077 0.030048076923076924 0.037259615384615384
2 0.0889423076923077 0.2860576923076923 0.026442307692307692 0.03245192307692308
2 0.9074519230769231 0.056490384615384616 0.016826923076923076 0.027644230769230768
2 0.16706730769230768 0.8798076923076923 0.027644230769230768 0.026442307692307692
2 0.5564903846153846 0.20793269230769232 0.013221153846153846 0.02403846153846154
2 0.5757211538461539 0.5204326923076923 0.025240384615384616 0.046875
2 0.09014423076923077 0.01201923076923077 0.027644230769230768 0.02283653846153846
2 0.5456730769230769 0.5829326923076923 0.02403846153846154 0.028846153846153848
2 0.026442307692307692 0.3389423076923077 0.052884615384615384 0.03125
2 0.27283653846153844 0.9771634615384616 0.027644230769230768 0.040865384615384616
2 0.48197115384615385 0.7704326923076923 0.027644230769230768 0.03485576923076923
2 0.4699519230769231 0.44471153846153844 0.021634615384615384 0.03365384615384615
0 0.4639423076923077 0.359375 0.013221153846153846 0.015625
3 0.34615384615384615 0.21514423076923078 0.05889423076923077 0.06129807692307692
2 0.5012019230769231 0.8269230769230769 0.019230769230769232 0.037259615384615384
0 0.11538461538461539 0.9242788461538461 0.03125 0.046875
0 0.8076923076923077 0.12379807692307693 0.019230769230769232 0.04567307692307692
0 0.046875 0.12139423076923077 0.03485576923076923 0.027644230769230768
3 0.9338942307692307 0.6598557692307693 0.10817307692307693 0.11658653846153846
2 0.5180288461538461 0.3401442307692308 0.019230769230769232 0.021634615384615384
2 0.08533653846153846 0.9747596153846154 0.030048076923076924 0.04326923076923077
2 0.4206730769230769 0.42908653846153844 0.02403846153846154 0.04447115384615385
2 0.21394230769230768 0.9723557692307693 0.04807692307692308 0.05048076923076923
2 0.5252403846153846 0.9158653846153846 0.021634615384615384 0.03365384615384615
2 0.5384615384615384 0.8269230769230769 0.037259615384615384 0.055288461538461536
0 0.6370192307692307 0.5504807692307693 0.027644230769230768 0.04326923076923077
0 0.90625 0.20192307692307693 0.026442307692307692 0.05048076923076923
0 0.019230769230769232 0.6995192307692307 0.038461538461538464 0.03485576923076923
2 0.7920673076923077 0.07572115384615384 0.02403846153846154 0.04807692307692308
2 0.578125 0.24879807692307693 0.030048076923076924 0.04326923076923077
0 0.6790865384615384 0.30528846153846156 0.03485576923076923 0.06610576923076923
0 0.921875 0.8401442307692307 0.01201923076923077 0.021634615384615384
0 0.7043269230769231 0.23918269230769232 0.038461538461538464 0.05048076923076923
2 0.9795673076923077 0.009615384615384616 0.027644230769230768 0.018028846153846152
2 0.4098557692307692 0.8004807692307693 0.01201923076923077 0.026442307692307692
2 0.9615384615384616 0.20552884615384615 0.019230769230769232 0.026442307692307692
0 0.8629807692307693 0.39783653846153844 0.15384615384615385 0.16466346153846154
2 0.5264423076923077 0.3713942307692308 0.021634615384615384 0.019230769230769232
0 0.7836538461538461 0.5661057692307693 0.038461538461538464 0.05048076923076923
0 0.6670673076923077 0.38100961538461536 0.056490384615384616 0.06850961538461539
0 0.07211538461538461 0.07211538461538461 0.018028846153846152 0.02403846153846154
2 0.014423076923076924 0.0889423076923077 0.028846153846153848 0.040865384615384616
0 0.020432692307692308 0.03485576923076923 0.040865384615384616 0.06850961538461539
2 0.2091346153846154 0.1201923076923077 0.014423076923076924 0.018028846153846152
0 0.04927884615384615 0.921875 0.0985576923076923 0.15264423076923078
2 0.9795673076923077 0.8822115384615384 0.021634615384615384 0.027644230769230768
2 0.1971153846153846 0.765625 0.016826923076923076 0.042067307692307696
2 0.30288461538461536 0.859375 0.027644230769230768 0.018028846153846152
0 0.14543269230769232 0.7451923076923077 0.03485576923076923 0.03485576923076923
