0 0.015625 0.5 0.03125 0.08173076923076923
2 0.07451923076923077 0.4735576923076923 0.030048076923076924 0.02283653846153846
2 0.2800480769230769 0.2247596153846154 0.07572115384615384 0.12139423076923077
2 0.390625 0.030048076923076924 0.055288461538461536 0.04447115384615385
2 0.3112980769230769 0.06370192307692307 0.06971153846153846 0.08173076923076923
0 0.13701923076923078 0.054086538461538464 0.027644230769230768 0.04567307692307692
2 0.3401442307692308 0.1502403846153846 0.04567307692307692 0.12259615384615384
2 0.9795673076923077 0.7584134615384616 0.040865384615384616 0.051682692307692304
2 0.09014423076923077 0.37259615384615385 0.018028846153846152 0.03125
2 0.9603365384615384 0.6346153846153846 0.04807692307692308 0.06610576923076923
2 0.008413461538461538 0.20192307692307693 0.016826923076923076 0.03365384615384615
2 0.0673076923076923 0.23557692307692307 0.07932692307692307 0.06129807692307692
2 0.02283653846153846 0.28125 0.04567307692307692 0.08413461538461539
2 0.17427884615384615 0.1622596153846154 0.1346153846153846 0.10576923076923077
2 0.06009615384615385 0.07932692307692307 0.04807692307692308 0.1141826923076923
2 0.24639423076923078 0.03125 0.06971153846153846 0.057692307692307696
2 0.17067307692307693 0.359375 0.04326923076923077 0.07091346153846154
