2 0.8209134615384616 0.33533653846153844 0.037259615384615384 0.05889423076923077
0 0.8028846153846154 0.109375 0.030048076923076924 0.037259615384615384
2 0.8317307692307693 0.20673076923076922 0.038461538461538464 0.037259615384615384
2 0.01201923076923077 0.578125 0.02403846153846154 0.026442307692307692
0 0.7367788461538461 0.3389423076923077 0.025240384615384616 0.027644230769230768
2 0.16826923076923078 0.5925480769230769 0.016826923076923076 0.028846153846153848
3 0.6538461538461539 0.8245192307692307 0.0985576923076923 0.12620192307692307
0 0.8161057692307693 0.9651442307692307 0.018028846153846152 0.026442307692307692
2 0.6875 0.6237980769230769 0.02403846153846154 0.05048076923076923
2 0.21153846153846154 0.8798076923076923 0.02403846153846154 0.036057692307692304
0 0.11177884615384616 0.5060096153846154 0.05889423076923077 0.042067307692307696
0 0.8497596153846154 0.11899038461538461 0.016826923076923076 0.026442307692307692
2 0.4987980769230769 0.3557692307692308 0.018028846153846152 0.02403846153846154
0 0.7980769230769231 0.2824519230769231 0.021634615384615384 0.02283653846153846
2 0.5276442307692307 0.5348557692307693 0.020432692307692308 0.036057692307692304
2 0.9459134615384616 0.24158653846153846 0.03485576923076923 0.04567307692307692
2 0.8245192307692307 0.4266826923076923 0.014423076923076924 0.019230769230769232
2 0.5733173076923077 0.2536057692307692 0.03485576923076923 0.04447115384615385
2 0.46153846153846156 0.4326923076923077 0.027644230769230768 0.030048076923076924
2 0.6201923076923077 0.8269230769230769 0.02403846153846154 0.021634615384615384
0 0.6778846153846154 0.5192307692307693 0.026442307692307692 0.027644230769230768
0 0.8942307692307693 0.27524038461538464 0.02403846153846154 0.03125
0 0.9170673076923077 0.46033653846153844 0.020432692307692308 0.027644230769230768
13 0.11298076923076923 0.037259615384615384 0.20072115384615385 0.07451923076923077
2 0.4423076923076923 0.9086538461538461 0.03245192307692308 0.027644230769230768
2 0.4831730769230769 0.20673076923076922 0.030048076923076924 0.02403846153846154
2 0.20673076923076922 0.2620192307692308 0.020432692307692308 0.02283653846153846
2 0.6442307692307693 0.9050480769230769 0.02283653846153846 0.02403846153846154
2 0.18389423076923078 0.08413461538461539 0.026442307692307692 0.03365384615384615
2 0.25721153846153844 0.4891826923076923 0.01201923076923077 0.013221153846153846
2 0.6550480769230769 0.22115384615384615 0.03365384615384615 0.042067307692307696
2 0.171875 0.5300480769230769 0.04447115384615385 0.046875
2 0.5168269230769231 0.2692307692307692 0.037259615384615384 0.037259615384615384
2 0.859375 0.8197115384615384 0.014423076923076924 0.019230769230769232
2 0.15504807692307693 0.34134615384615385 0.02403846153846154 0.019230769230769232
2 0.13341346153846154 0.46274038461538464 0.037259615384615384 0.05048076923076923
2 0.1502403846153846 0.12139423076923077 0.026442307692307692 0.040865384615384616
2 0.11538461538461539 0.5649038461538461 0.020432692307692308 0.03485576923076923
3 0.03485576923076923 0.9519230769230769 0.036057692307692304 0.09375
2 0.5060096153846154 0.016826923076923076 0.02403846153846154 0.03245192307692308
0 0.9867788461538461 0.6959134615384616 0.026442307692307692 0.05048076923076923
0 0.6682692307692307 0.4567307692307692 0.016826923076923076 0.019230769230769232
2 0.6538461538461539 0.5396634615384616 0.03125 0.03125
2 0.5264423076923077 0.6129807692307693 0.018028846153846152 0.030048076923076924
3 0.8798076923076923 0.21394230769230768 0.2403846153846154 0.11057692307692307
0 0.37740384615384615 0.1658653846153846 0.04807692307692308 0.036057692307692304
0 0.6670673076923077 0.008413461538461538 0.02403846153846154 0.014423076923076924
2 0.3317307692307692 0.6935096153846154 0.018028846153846152 0.04807692307692308
2 0.8473557692307693 0.4543269230769231 0.027644230769230768 0.028846153846153848
0 0.703125 0.3088942307692308 0.020432692307692308 0.02403846153846154
2 0.18269230769230768 0.7932692307692307 0.018028846153846152 0.039663461538461536
2 0.6875 0.08774038461538461 0.04567307692307692 0.05048076923076923
2 0.19591346153846154 0.37740384615384615 0.016826923076923076 0.02283653846153846
2 0.5877403846153846 0.8389423076923077 0.04807692307692308 0.05048076923076923
2 0.5889423076923077 0.6670673076923077 0.07211538461538461 0.08173076923076923
2 0.7644230769230769 0.10697115384615384 0.03485576923076923 0.06129807692307692
2 0.7668269230769231 0.8473557692307693 0.016826923076923076 0.03245192307692308
2 0.7848557692307693 0.007211538461538462 0.06490384615384616 0.014423076923076924
2 0.8665865384615384 0.9591346153846154 0.04447115384615385 0.040865384615384616
2 0.28846153846153844 0.11899038461538461 0.054086538461538464 0.04447115384615385
2 0.5504807692307693 0.734375 0.03125 0.036057692307692304
2 0.17668269230769232 0.39663461538461536 0.016826923076923076 0.027644230769230768
2 0.75 0.7307692307692307 0.05889423076923077 0.07451923076923077
2 0.6045673076923077 0.140625 0.040865384615384616 0.08653846153846154
2 0.8233173076923077 0.40024038461538464 0.021634615384615384 0.04447115384615385
2 0.32091346153846156 0.20432692307692307 0.014423076923076924 0.021634615384615384
0 0.5913461538461539 0.36177884615384615 0.02283653846153846 0.02283653846153846
0 0.9735576923076923 0.5060096153846154 0.052884615384615384 0.036057692307692304
2 0.4963942307692308 0.109375 0.02403846153846154 0.02403846153846154
0 0.6694711538461539 0.3629807692307692 0.040865384615384616 0.037259615384615384
2 0.5997596153846154 0.4050480769230769 0.016826923076923076 0.015625
2 0.6153846153846154 0.30288461538461536 0.027644230769230768 0.054086538461538464
3 0.08413461538461539 0.6057692307692307 0.13942307692307693 0.036057692307692304
2 0.1141826923076923 0.3954326923076923 0.05048076923076923 0.06850961538461539
0 0.7295673076923077 0.078125 0.02403846153846154 0.03485576923076923
2 0.006009615384615385 0.15264423076923078 0.010817307692307692 0.040865384615384616
2 0.7247596153846154 0.016826923076923076 0.042067307692307696 0.03365384615384615
0 0.8569711538461539 0.06129807692307692 0.027644230769230768 0.05048076923076923
0 0.9879807692307693 0.6274038461538461 0.02403846153846154 0.08052884615384616
0 0.7115384615384616 0.45072115384615385 0.028846153846153848 0.037259615384615384
2 0.3112980769230769 0.25600961538461536 0.014423076923076924 0.018028846153846152
2 0.4050480769230769 0.5432692307692307 0.03125 0.03365384615384615
2 0.6466346153846154 0.13822115384615385 0.03365384615384615 0.037259615384615384
2 0.4735576923076923 0.7800480769230769 0.12379807692307693 0.0733173076923077
2 0.3329326923076923 0.8389423076923077 0.020432692307692308 0.02403846153846154
2 0.6935096153846154 0.9855769230769231 0.016826923076923076 0.019230769230769232
2 0.5733173076923077 0.8076923076923077 0.03125 0.037259615384615384
0 0.625 0.25 0.016826923076923076 0.02403846153846154
2 0.7103365384615384 0.1346153846153846 0.042067307692307696 0.03485576923076923
2 0.18269230769230768 0.6598557692307693 0.030048076923076924 0.039663461538461536
0 0.9519230769230769 0.28966346153846156 0.019230769230769232 0.026442307692307692
2 0.640625 0.8509615384615384 0.02283653846153846 0.021634615384615384
2 0.4411057692307692 0.6802884615384616 0.04447115384615385 0.07451923076923077
3 0.8990384615384616 0.39663461538461536 0.14423076923076922 0.05889423076923077
2 0.32572115384615385 0.6057692307692307 0.018028846153846152 0.02403846153846154
2 0.9110576923076923 0.055288461538461536 0.056490384615384616 0.06610576923076923
2 0.5096153846153846 0.6995192307692307 0.037259615384615384 0.06490384615384616
2 0.7548076923076923 0.38461538461538464 0.02403846153846154 0.038461538461538464
2 0.828125 0.8858173076923077 0.06610576923076923 0.04927884615384615
0 0.6899038461538461 0.2247596153846154 0.03245192307692308 0.02283653846153846
2 0.78125 0.34615384615384615 0.02403846153846154 0.07932692307692307
2 0.40625 0.03485576923076923 0.03125 0.055288461538461536
0 0.6742788461538461 0.16706730769230768 0.042067307692307696 0.038461538461538464
2 0.5 0.5685096153846154 0.013221153846153846 0.021634615384615384
0 0.6454326923076923 0.04927884615384615 0.027644230769230768 0.036057692307692304
2 0.7271634615384616 0.8004807692307693 0.021634615384615384 0.054086538461538464
2 0.4519230769230769 0.039663461538461536 0.055288461538461536 0.05889423076923077
2 0.2932692307692308 0.515625 0.016826923076923076 0.027644230769230768
2 0.5901442307692307 0.5901442307692307 0.02403846153846154 0.027644230769230768
2 0.22235576923076922 0.1658653846153846 0.014423076923076924 0.026442307692307692
2 0.6237980769230769 0.765625 0.06850961538461539 0.07692307692307693
2 0.9855769230769231 0.42427884615384615 0.019230769230769232 0.018028846153846152
2 0.046875 0.037259615384615384 0.016826923076923076 0.02403846153846154
2 0.24639423076923078 0.6021634615384616 0.02403846153846154 0.027644230769230768
0 0.8088942307692307 0.3713942307692308 0.020432692307692308 0.02283653846153846
0 0.8762019230769231 0.49759615384615385 0.013221153846153846 0.018028846153846152
2 0.43149038461538464 0.10216346153846154 0.030048076923076924 0.056490384615384616
0 0.06490384615384616 0.4795673076923077 0.02403846153846154 0.03245192307692308
2 0.9507211538461539 0.9723557692307693 0.013221153846153846 0.026442307692307692
0 0.9459134615384616 0.33413461538461536 0.01201923076923077 0.019230769230769232
2 0.09014423076923077 0.109375 0.020432692307692308 0.026442307692307692
2 0.22115384615384615 0.12980769230769232 0.014423076923076924 0.01201923076923077
2 0.5865384615384616 0.4495192307692308 0.020432692307692308 0.038461538461538464
2 0.7391826923076923 0.5444711538461539 0.08413461538461539 0.06850961538461539
2 0.9098557692307693 0.6622596153846154 0.027644230769230768 0.042067307692307696
2 0.040865384615384616 0.8125 0.021634615384615384 0.030048076923076924
5 0.7223557692307693 0.23317307692307693 0.03365384615384615 0.039663461538461536
2 0.09375 0.7620192307692307 0.014423076923076924 0.026442307692307692
2 0.8353365384615384 0.9747596153846154 0.02403846153846154 0.03245192307692308
2 0.5384615384615384 0.01201923076923077 0.019230769230769232 0.02403846153846154
0 0.2536057692307692 0.3870192307692308 0.016826923076923076 0.018028846153846152
2 0.8870192307692307 0.8413461538461539 0.019230769230769232 0.019230769230769232
2 0.11298076923076923 0.30408653846153844 0.014423076923076924 0.040865384615384616
2 0.7512019230769231 0.6201923076923077 0.03485576923076923 0.03485576923076923
2 0.8245192307692307 0.4699519230769231 0.02403846153846154 0.030048076923076924
2 0.921875 0.8701923076923077 0.04567307692307692 0.0829326923076923
0 0.9158653846153846 0.5552884615384616 0.027644230769230768 0.042067307692307696
0 0.6923076923076923 0.02403846153846154 0.014423076923076924 0.019230769230769232
2 0.038461538461538464 0.8521634615384616 0.01201923076923077 0.021634615384615384
2 0.25841346153846156 0.9302884615384616 0.016826923076923076 0.018028846153846152
2 0.5372596153846154 0.040865384615384616 0.014423076923076924 0.026442307692307692
0 0.7355769230769231 0.36899038461538464 0.018028846153846152 0.02283653846153846
0 0.9002403846153846 0.20793269230769232 0.018028846153846152 0.019230769230769232
2 0.22596153846153846 0.41586538461538464 0.027644230769230768 0.02283653846153846
2 0.6730769230769231 0.3076923076923077 0.04567307692307692 0.06490384615384616
2 0.0829326923076923 0.1971153846153846 0.08413461538461539 0.12379807692307693
2 0.18870192307692307 0.46875 0.016826923076923076 0.021634615384615384
