2 0.046875 0.16466346153846154 0.09254807692307693 0.18870192307692307
8 0.5625 0.5348557692307693 0.4387019230769231 0.6730769230769231
2 0.9375 0.08653846153846154 0.05889423076923077 0.07451923076923077
2 0.375 0.051682692307692304 0.056490384615384616 0.09254807692307693
2 0.15865384615384615 0.7415865384615384 0.3161057692307692 0.5144230769230769
2 0.36177884615384615 0.14543269230769232 0.09254807692307693 0.054086538461538464
2 0.49759615384615385 0.0673076923076923 0.125 0.1346153846153846
2 0.8209134615384616 0.48197115384615385 0.1814903846153846 0.17668269230769232
2 0.22956730769230768 0.13221153846153846 0.18629807692307693 0.2536057692307692
2 0.03245192307692308 0.020432692307692308 0.06490384615384616 0.040865384615384616
2 0.14543269230769232 0.28846153846153844 0.1935096153846154 0.2512019230769231
2 0.6262019230769231 0.1045673076923077 0.14182692307692307 0.18509615384615385
2 0.2548076923076923 0.42788461538461536 0.20432692307692307 0.2764423076923077
2 0.7271634615384616 0.9242788461538461 0.5444711538461539 0.14783653846153846
2 0.7283653846153846 0.06971153846153846 0.056490384615384616 0.09254807692307693
2 0.3870192307692308 0.8329326923076923 0.13942307692307693 0.18629807692307693
