2 0.16105769230769232 0.2860576923076923 0.02403846153846154 0.021634615384615384
2 0.23197115384615385 0.875 0.22115384615384615 0.24879807692307693
5 0.6370192307692307 0.5240384615384616 0.057692307692307696 0.0673076923076923
2 0.3425480769230769 0.4579326923076923 0.07692307692307693 0.08774038461538461
5 0.796875 0.6682692307692307 0.055288461538461536 0.078125
2 0.4891826923076923 0.8545673076923077 0.027644230769230768 0.03485576923076923
2 0.6466346153846154 0.4495192307692308 0.06129807692307692 0.08173076923076923
2 0.12740384615384615 0.13822115384615385 0.07692307692307693 0.078125
2 0.13581730769230768 0.04326923076923077 0.0889423076923077 0.08653846153846154
2 0.055288461538461536 0.9483173076923077 0.04927884615384615 0.09735576923076923
2 0.19110576923076922 0.33774038461538464 0.03485576923076923 0.05048076923076923
2 0.43509615384615385 0.8689903846153846 0.040865384615384616 0.05048076923076923
5 0.1935096153846154 0.020432692307692308 0.025240384615384616 0.036057692307692304
2 0.010817307692307692 0.056490384615384616 0.021634615384615384 0.11057692307692307
2 0.5709134615384616 0.052884615384615384 0.051682692307692304 0.09254807692307693
2 0.5600961538461539 0.8798076923076923 0.1201923076923077 0.22716346153846154
2 0.015625 0.8028846153846154 0.030048076923076924 0.054086538461538464
5 0.9206730769230769 0.7884615384615384 0.052884615384615384 0.06971153846153846
5 0.2704326923076923 0.4495192307692308 0.04567307692307692 0.06129807692307692
5 0.921875 0.39663461538461536 0.04807692307692308 0.05889423076923077
2 0.6117788461538461 0.052884615384615384 0.03485576923076923 0.036057692307692304
2 0.22235576923076922 0.039663461538461536 0.04567307692307692 0.0673076923076923
2 0.46153846153846156 0.28125 0.01201923076923077 0.03245192307692308
5 0.5805288461538461 0.25600961538461536 0.04927884615384615 0.06009615384615385
2 0.09975961538461539 0.9807692307692307 0.04326923076923077 0.03365384615384615
2 0.609375 0.6274038461538461 0.06009615384615385 0.10216346153846154
2 0.703125 0.5540865384615384 0.06370192307692307 0.04447115384615385
5 0.3786057692307692 0.8846153846153846 0.038461538461538464 0.05048076923076923
2 0.8822115384615384 0.34615384615384615 0.03365384615384615 0.055288461538461536
2 0.4543269230769231 0.10096153846153846 0.028846153846153848 0.042067307692307696
5 0.021634615384615384 0.2091346153846154 0.042067307692307696 0.07451923076923077
2 0.5709134615384616 0.5480769230769231 0.051682692307692304 0.05889423076923077
5 0.7175480769230769 0.2920673076923077 0.04567307692307692 0.0673076923076923
2 0.6346153846153846 0.28125 0.23557692307692307 0.2439903846153846
2 0.37740384615384615 0.8377403846153846 0.027644230769230768 0.04326923076923077
5 0.41346153846153844 0.48197115384615385 0.08052884615384616 0.06610576923076923
2 0.7427884615384616 0.7920673076923077 0.057692307692307696 0.109375
5 0.5408653846153846 0.6466346153846154 0.04807692307692308 0.07451923076923077
5 0.7872596153846154 0.5036057692307693 0.05048076923076923 0.06850961538461539
2 0.8798076923076923 0.9723557692307693 0.055288461538461536 0.05048076923076923
2 0.2512019230769231 0.6177884615384616 0.11298076923076923 0.23677884615384615
2 0.25841346153846156 0.15144230769230768 0.14903846153846154 0.13701923076923078
2 0.7271634615384616 0.6574519230769231 0.0889423076923077 0.12860576923076922
2 0.8449519230769231 0.8701923076923077 0.10817307692307693 0.09615384615384616
2 0.8846153846153846 0.6322115384615384 0.06490384615384616 0.0733173076923077
2 0.8990384615384616 0.7223557692307693 0.08413461538461539 0.054086538461538464
5 0.7235576923076923 0.9747596153846154 0.07692307692307693 0.046875
2 0.71875 0.4567307692307692 0.07692307692307693 0.11899038461538461
2 0.06850961538461539 0.6105769230769231 0.13701923076923078 0.2692307692307692
2 0.32572115384615385 0.057692307692307696 0.057692307692307696 0.06971153846153846
2 0.0829326923076923 0.7163461538461539 0.10576923076923077 0.0985576923076923
2 0.07211538461538461 0.8701923076923077 0.056490384615384616 0.04807692307692308
2 0.6682692307692307 0.9723557692307693 0.042067307692307696 0.04326923076923077
2 0.9675480769230769 0.4675480769230769 0.06490384615384616 0.15625
5 0.3317307692307692 0.7055288461538461 0.04927884615384615 0.0733173076923077
2 0.1935096153846154 0.08533653846153846 0.06129807692307692 0.05048076923076923
2 0.06009615384615385 0.15745192307692307 0.06129807692307692 0.08653846153846154
2 0.41225961538461536 0.17427884615384615 0.03485576923076923 0.040865384615384616
2 0.7932692307692307 0.9627403846153846 0.05889423076923077 0.0733173076923077
5 0.7620192307692307 0.34134615384615385 0.051682692307692304 0.078125
5 0.18509615384615385 0.9254807692307693 0.04807692307692308 0.06610576923076923
5 0.7932692307692307 0.29086538461538464 0.042067307692307696 0.07451923076923077
2 0.16706730769230768 0.2403846153846154 0.019230769230769232 0.02403846153846154
2 0.75 0.9266826923076923 0.056490384615384616 0.07692307692307693
2 0.21875 0.3173076923076923 0.013221153846153846 0.027644230769230768
5 0.5805288461538461 0.6802884615384616 0.051682692307692304 0.06009615384615385
2 0.8461538461538461 0.5444711538461539 0.0625 0.09254807692307693
2 0.3473557692307692 0.14182692307692307 0.03485576923076923 0.039663461538461536
5 0.35336538461538464 0.23317307692307693 0.05048076923076923 0.06370192307692307
2 0.9663461538461539 0.9855769230769231 0.030048076923076924 0.02283653846153846
5 0.07572115384615384 0.31971153846153844 0.05889423076923077 0.09134615384615384
2 0.4807692307692308 0.13701923076923078 0.02283653846153846 0.10576923076923077
2 0.9411057692307693 0.9651442307692307 0.020432692307692308 0.026442307692307692
2 0.4098557692307692 0.11658653846153846 0.03245192307692308 0.046875
5 0.734375 0.26802884615384615 0.025240384615384616 0.036057692307692304
2 0.4182692307692308 0.020432692307692308 0.03485576923076923 0.039663461538461536
2 0.46033653846153844 0.0625 0.02403846153846154 0.027644230769230768
2 0.6634615384615384 0.6911057692307693 0.019230769230769232 0.04807692307692308
2 0.33774038461538464 0.5168269230769231 0.04567307692307692 0.03245192307692308
2 0.8293269230769231 0.6274038461538461 0.052884615384615384 0.051682692307692304
2 0.01201923076923077 0.46274038461538464 0.02403846153846154 0.08413461538461539
5 0.05048076923076923 0.07211538461538461 0.07572115384615384 0.10576923076923077
2 0.8112980769230769 0.7596153846153846 0.07211538461538461 0.1346153846153846
2 0.6225961538461539 0.7536057692307693 0.08533653846153846 0.054086538461538464
5 0.1875 0.5829326923076923 0.03485576923076923 0.05048076923076923
13 0.9050480769230769 0.21875 0.18990384615384615 0.4375
2 0.3701923076923077 0.5793269230769231 0.055288461538461536 0.08173076923076923
2 0.6454326923076923 0.8317307692307693 0.07932692307692307 0.10216346153846154
2 0.4483173076923077 0.6646634615384616 0.0733173076923077 0.18269230769230768
2 0.015625 0.9110576923076923 0.03125 0.12860576923076922
2 0.8461538461538461 0.41947115384615385 0.038461538461538464 0.12860576923076922
5 0.7788461538461539 0.15264423076923078 0.07692307692307693 0.10697115384615384
2 0.3954326923076923 0.6682692307692307 0.040865384615384616 0.055288461538461536
2 0.49278846153846156 0.22716346153846154 0.042067307692307696 0.051682692307692304
2 0.0733173076923077 0.796875 0.06610576923076923 0.0829326923076923
2 0.3485576923076923 0.6370192307692307 0.052884615384615384 0.04447115384615385
2 0.7127403846153846 0.1201923076923077 0.04567307692307692 0.05048076923076923
2 0.3557692307692308 0.9723557692307693 0.12860576923076922 0.046875
2 0.47836538461538464 0.47475961538461536 0.12139423076923077 0.21754807692307693
2 0.9182692307692307 0.5673076923076923 0.02403846153846154 0.03245192307692308
5 0.5709134615384616 0.6105769230769231 0.07572115384615384 0.125
2 0.07211538461538461 0.35697115384615385 0.14423076923076922 0.19951923076923078
2 0.9399038461538461 0.8978365384615384 0.1201923076923077 0.19110576923076922
2 0.703125 0.7487980769230769 0.027644230769230768 0.04326923076923077
2 0.14423076923076922 0.59375 0.055288461538461536 0.11057692307692307
2 0.9735576923076923 0.6862980769230769 0.052884615384615384 0.09014423076923077
2 0.8425480769230769 0.9519230769230769 0.03485576923076923 0.055288461538461536
2 0.036057692307692304 0.8786057692307693 0.02403846153846154 0.05048076923076923
2 0.24278846153846154 0.3786057692307692 0.05048076923076923 0.07451923076923077
2 0.4723557692307692 0.008413461538461538 0.07451923076923077 0.016826923076923076
2 0.6286057692307693 0.015625 0.016826923076923076 0.027644230769230768
2 0.6430288461538461 0.9254807692307693 0.040865384615384616 0.0673076923076923
5 0.3762019230769231 0.028846153846153848 0.05048076923076923 0.057692307692307696
2 0.46875 0.039663461538461536 0.010817307692307692 0.02283653846153846
5 0.6658653846153846 0.052884615384615384 0.03365384615384615 0.037259615384615384
5 0.7920673076923077 0.38221153846153844 0.027644230769230768 0.037259615384615384
5 0.7536057692307693 0.5661057692307693 0.042067307692307696 0.02283653846153846
2 0.8774038461538461 0.7848557692307693 0.03485576923076923 0.046875
5 0.53125 0.026442307692307692 0.04447115384615385 0.046875
5 0.9543269230769231 0.609375 0.03245192307692308 0.046875
2 0.18990384615384615 0.5012019230769231 0.12860576923076922 0.11538461538461539
2 0.3737980769230769 0.12259615384615384 0.040865384615384616 0.05889423076923077
2 0.7524038461538461 0.04927884615384615 0.1346153846153846 0.09735576923076923
