9 0.5925480769230769 0.2824519230769231 0.08774038461538461 0.15745192307692307
2 0.6490384615384616 0.671875 0.03245192307692308 0.055288461538461536
0 0.5805288461538461 0.5420673076923077 0.06610576923076923 0.24158653846153846
2 0.484375 0.15985576923076922 0.12740384615384615 0.31850961538461536
2 0.41586538461538464 0.984375 0.018028846153846152 0.02403846153846154
0 0.8365384615384616 0.7127403846153846 0.07572115384615384 0.09615384615384616
0 0.3245192307692308 0.6598557692307693 0.1310096153846154 0.18629807692307693
9 0.36778846153846156 0.29927884615384615 0.057692307692307696 0.16706730769230768
9 0.6802884615384616 0.12860576923076922 0.15144230769230768 0.13942307692307693
2 0.8149038461538461 0.9411057692307693 0.025240384615384616 0.04567307692307692
2 0.9807692307692307 0.8822115384615384 0.03485576923076923 0.056490384615384616
2 0.9399038461538461 0.7007211538461539 0.02403846153846154 0.027644230769230768
2 0.21153846153846154 0.23918269230769232 0.4230769230769231 0.47115384615384615
2 0.2704326923076923 0.8629807692307693 0.01201923076923077 0.019230769230769232
2 0.8990384615384616 0.96875 0.027644230769230768 0.056490384615384616
2 0.7463942307692307 0.7740384615384616 0.02403846153846154 0.038461538461538464
2 0.7776442307692307 0.90625 0.02403846153846154 0.055288461538461536
2 0.6862980769230769 0.8269230769230769 0.052884615384615384 0.06850961538461539
9 0.22716346153846154 0.9615384615384616 0.12139423076923077 0.027644230769230768
2 0.8858173076923077 0.11899038461538461 0.22235576923076922 0.20673076923076922
9 0.057692307692307696 0.7055288461538461 0.11538461538461539 0.15985576923076922
4 0.5396634615384616 0.49038461538461536 0.10096153846153846 0.35697115384615385
2 0.8269230769230769 0.8677884615384616 0.014423076923076924 0.019230769230769232
9 0.9639423076923077 0.04927884615384615 0.04567307692307692 0.09735576923076923
2 0.9375 0.8449519230769231 0.016826923076923076 0.02283653846153846
0 0.4675480769230769 0.7692307692307693 0.14543269230769232 0.08173076923076923
9 0.02403846153846154 0.8401442307692307 0.04807692307692308 0.07692307692307693
9 0.9723557692307693 0.9615384615384616 0.055288461538461536 0.02283653846153846
9 0.12139423076923077 0.8269230769230769 0.027644230769230768 0.15264423076923078
9 0.5829326923076923 0.6322115384615384 0.13822115384615385 0.2091346153846154
2 0.9711538461538461 0.2764423076923077 0.057692307692307696 0.11538461538461539
0 0.5096153846153846 0.921875 0.0673076923076923 0.1201923076923077
0 0.8293269230769231 0.49158653846153844 0.34134615384615385 0.4338942307692308
2 0.7211538461538461 0.9615384615384616 0.04567307692307692 0.07451923076923077
2 0.44471153846153844 0.6850961538461539 0.018028846153846152 0.036057692307692304
