1 0.054086538461538464 0.03365384615384615 0.10817307692307693 0.0673076923076923
1 0.08774038461538461 0.27524038461538464 0.04326923076923077 0.07692307692307693
6 0.59375 0.5132211538461539 0.38221153846153844 0.7692307692307693
1 0.2692307692307692 0.18269230769230768 0.025240384615384616 0.03485576923076923
1 0.025240384615384616 0.11298076923076923 0.05048076923076923 0.09615384615384616
1 0.6862980769230769 0.10576923076923077 0.10697115384615384 0.08774038461538461
1 0.7223557692307693 0.23677884615384615 0.38100961538461536 0.4723557692307692
1 0.46875 0.9302884615384616 0.042067307692307696 0.056490384615384616
1 0.7560096153846154 0.9134615384615384 0.06610576923076923 0.06370192307692307
1 0.9350961538461539 0.7151442307692307 0.12980769230769232 0.5600961538461539
1 0.3125 0.33774038461538464 0.17307692307692307 0.13701923076923078
1 0.5564903846153846 0.8413461538461539 0.02403846153846154 0.03245192307692308
1 0.5408653846153846 0.921875 0.0625 0.10096153846153846
1 0.171875 0.7596153846153846 0.2548076923076923 0.23677884615384615
1 0.29927884615384615 0.0673076923076923 0.026442307692307692 0.030048076923076924
1 0.21634615384615385 0.07572115384615384 0.06850961538461539 0.10096153846153846
1 0.8088942307692307 0.7163461538461539 0.03245192307692308 0.05889423076923077
1 0.39903846153846156 0.22235576923076922 0.09254807692307693 0.08173076923076923
1 0.7728365384615384 0.8112980769230769 0.10096153846153846 0.11177884615384616
1 0.078125 0.1622596153846154 0.020432692307692308 0.04326923076923077
1 0.15504807692307693 0.6153846153846154 0.027644230769230768 0.03125
1 0.9314903846153846 0.328125 0.07572115384615384 0.057692307692307696
1 0.8665865384615384 0.125 0.2668269230769231 0.24639423076923078
1 0.21153846153846154 0.5576923076923077 0.07932692307692307 0.13701923076923078
1 0.3798076923076923 0.7391826923076923 0.027644230769230768 0.06129807692307692
1 0.8233173076923077 0.5132211538461539 0.15985576923076922 0.14783653846153846
1 0.06009615384615385 0.5865384615384616 0.016826923076923076 0.03365384615384615
1 0.020432692307692308 0.44711538461538464 0.02403846153846154 0.03245192307692308
1 0.390625 0.5853365384615384 0.016826923076923076 0.039663461538461536
1 0.8605769230769231 0.90625 0.037259615384615384 0.054086538461538464
1 0.2956730769230769 0.46033653846153844 0.05889423076923077 0.11899038461538461
1 0.28846153846153844 0.1935096153846154 0.40625 0.3870192307692308
