2 0.765625 0.5168269230769231 0.11778846153846154 0.15745192307692307
2 0.7896634615384616 0.7824519230769231 0.06370192307692307 0.09615384615384616
2 0.0985576923076923 0.6225961538461539 0.040865384615384616 0.06009615384615385
2 0.9855769230769231 0.5973557692307693 0.027644230769230768 0.06370192307692307
10 0.5576923076923077 0.4987980769230769 0.30288461538461536 0.9963942307692307
2 0.9086538461538461 0.5673076923076923 0.04567307692307692 0.06850961538461539
2 0.3918269230769231 0.7644230769230769 0.042067307692307696 0.06610576923076923
2 0.203125 0.9651442307692307 0.20552884615384615 0.06370192307692307
2 0.2620192307692308 0.5721153846153846 0.07692307692307693 0.0889423076923077
2 0.8822115384615384 0.3076923076923077 0.1201923076923077 0.22596153846153846
2 0.09495192307692307 0.8990384615384616 0.038461538461538464 0.18389423076923078
2 0.9759615384615384 0.4411057692307692 0.04807692307692308 0.0889423076923077
2 0.30288461538461536 0.7824519230769231 0.1141826923076923 0.12980769230769232
2 0.8305288461538461 0.609375 0.03485576923076923 0.03365384615384615
