2 0.5588942307692307 0.8389423076923077 0.013221153846153846 0.013221153846153846
2 0.15144230769230768 0.10576923076923077 0.019230769230769232 0.019230769230769232
2 0.171875 0.3004807692307692 0.052884615384615384 0.0673076923076923
2 0.5264423076923077 0.21754807692307693 0.016826923076923076 0.015625
2 0.7019230769230769 0.8774038461538461 0.021634615384615384 0.04567307692307692
2 0.6454326923076923 0.7295673076923077 0.11899038461538461 0.15384615384615385
2 0.1658653846153846 0.875 0.02403846153846154 0.026442307692307692
2 0.12980769230769232 0.5612980769230769 0.030048076923076924 0.03125
2 0.007211538461538462 0.078125 0.014423076923076924 0.05048076923076923
2 0.2439903846153846 0.7680288461538461 0.025240384615384616 0.037259615384615384
2 0.18028846153846154 0.9591346153846154 0.025240384615384616 0.04567307692307692
2 0.6009615384615384 0.26322115384615385 0.02403846153846154 0.038461538461538464
2 0.8545673076923077 0.8701923076923077 0.028846153846153848 0.04326923076923077
2 0.6670673076923077 0.9338942307692307 0.015625 0.016826923076923076
2 0.18028846153846154 0.01201923076923077 0.019230769230769232 0.019230769230769232
2 0.9050480769230769 0.46634615384615385 0.040865384615384616 0.06490384615384616
2 0.6995192307692307 0.3161057692307692 0.020432692307692308 0.030048076923076924
2 0.23677884615384615 0.6923076923076923 0.01201923076923077 0.014423076923076924
2 0.02283653846153846 0.84375 0.027644230769230768 0.025240384615384616
2 0.13341346153846154 0.04326923076923077 0.009615384615384616 0.010817307692307692
2 0.49399038461538464 0.18990384615384615 0.026442307692307692 0.03365384615384615
2 0.5769230769230769 0.7740384615384616 0.028846153846153848 0.027644230769230768
2 0.8521634615384616 0.15625 0.03365384615384615 0.078125
2 0.20192307692307693 0.9723557692307693 0.019230769230769232 0.04447115384615385
2 0.5168269230769231 0.9134615384615384 0.028846153846153848 0.03245192307692308
2 0.040865384615384616 0.5012019230769231 0.08052884615384616 0.06490384615384616
2 0.875 0.010817307692307692 0.016826923076923076 0.021634615384615384
2 0.1622596153846154 0.44350961538461536 0.028846153846153848 0.03485576923076923
2 0.3557692307692308 0.8185096153846154 0.030048076923076924 0.04567307692307692
2 0.5817307692307693 0.9254807692307693 0.025240384615384616 0.03485576923076923
13 0.6009615384615384 0.10576923076923077 0.3701923076923077 0.21153846153846154
2 0.4338942307692308 0.8954326923076923 0.02283653846153846 0.027644230769230768
2 0.8353365384615384 0.021634615384615384 0.02283653846153846 0.019230769230769232
2 0.12980769230769232 0.3233173076923077 0.028846153846153848 0.030048076923076924
2 0.9855769230769231 0.5817307692307693 0.01201923076923077 0.03125
2 0.09735576923076923 0.07211538461538461 0.009615384615384616 0.036057692307692304
2 0.1935096153846154 0.4543269230769231 0.02403846153846154 0.04447115384615385
2 0.11057692307692307 0.42788461538461536 0.021634615384615384 0.03125
2 0.23317307692307693 0.6490384615384616 0.027644230769230768 0.026442307692307692
2 0.9122596153846154 0.734375 0.036057692307692304 0.051682692307692304
2 0.5300480769230769 0.8665865384615384 0.009615384615384616 0.018028846153846152
2 0.23677884615384615 0.16826923076923078 0.021634615384615384 0.026442307692307692
2 0.7992788461538461 0.18269230769230768 0.052884615384615384 0.15264423076923078
2 0.24158653846153846 0.43509615384615385 0.019230769230769232 0.013221153846153846
2 0.19951923076923078 0.5516826923076923 0.009615384615384616 0.021634615384615384
2 0.6274038461538461 0.9651442307692307 0.021634615384615384 0.042067307692307696
2 0.140625 0.5168269230769231 0.030048076923076924 0.04326923076923077
2 0.39783653846153844 0.8185096153846154 0.04927884615384615 0.05048076923076923
2 0.6850961538461539 0.9735576923076923 0.010817307692307692 0.007211538461538462
2 0.052884615384615384 0.7271634615384616 0.021634615384615384 0.04326923076923077
2 0.7824519230769231 0.9891826923076923 0.014423076923076924 0.021634615384615384
2 0.2704326923076923 0.6153846153846154 0.015625 0.021634615384615384
2 0.4699519230769231 0.109375 0.014423076923076924 0.039663461538461536
2 0.016826923076923076 0.59375 0.03365384615384615 0.04447115384615385
2 0.453125 0.125 0.02283653846153846 0.04326923076923077
2 0.8641826923076923 0.9399038461538461 0.01201923076923077 0.016826923076923076
2 0.17908653846153846 0.40384615384615385 0.026442307692307692 0.027644230769230768
2 0.13701923076923078 0.15745192307692307 0.040865384615384616 0.03365384615384615
2 0.12620192307692307 0.6911057692307693 0.0673076923076923 0.06009615384615385
2 0.59375 0.8942307692307693 0.01201923076923077 0.019230769230769232
2 0.8605769230769231 0.9627403846153846 0.02403846153846154 0.02403846153846154
2 0.078125 0.734375 0.020432692307692308 0.030048076923076924
2 0.1875 0.12379807692307693 0.021634615384615384 0.026442307692307692
2 0.34375 0.7067307692307693 0.013221153846153846 0.018028846153846152
2 0.43149038461538464 0.9254807692307693 0.021634615384615384 0.016826923076923076
2 0.23798076923076922 0.19951923076923078 0.026442307692307692 0.02403846153846154
8 0.5432692307692307 0.5588942307692307 0.4338942307692308 0.3641826923076923
2 0.16346153846153846 0.37740384615384615 0.021634615384615384 0.019230769230769232
2 0.49399038461538464 0.2776442307692308 0.038461538461538464 0.05048076923076923
2 0.6177884615384616 0.2439903846153846 0.019230769230769232 0.04326923076923077
2 0.1141826923076923 0.036057692307692304 0.020432692307692308 0.027644230769230768
2 0.09254807692307693 0.3870192307692308 0.02283653846153846 0.018028846153846152
2 0.057692307692307696 0.9098557692307693 0.013221153846153846 0.02283653846153846
2 0.06610576923076923 0.234375 0.02403846153846154 0.02403846153846154
2 0.06009615384615385 0.04927884615384615 0.02283653846153846 0.019230769230769232
2 0.5180288461538461 0.3125 0.14543269230769232 0.18028846153846154
2 0.1310096153846154 0.07572115384615384 0.013221153846153846 0.019230769230769232
2 0.6418269230769231 0.3173076923076923 0.008413461538461538 0.01201923076923077
2 0.15625 0.03125 0.016826923076923076 0.02403846153846154
2 0.8004807692307693 0.6923076923076923 0.027644230769230768 0.055288461538461536
2 0.10697115384615384 0.35096153846153844 0.013221153846153846 0.008413461538461538
2 0.8918269230769231 0.8990384615384616 0.016826923076923076 0.039663461538461536
2 0.2980769230769231 0.8942307692307693 0.015625 0.027644230769230768
2 0.9098557692307693 0.2247596153846154 0.18028846153846154 0.4230769230769231
2 0.09134615384615384 0.3245192307692308 0.008413461538461538 0.010817307692307692
2 0.006009615384615385 0.8978365384615384 0.01201923076923077 0.015625
2 0.140625 0.008413461538461538 0.05048076923076923 0.016826923076923076
2 0.05889423076923077 0.5600961538461539 0.030048076923076924 0.042067307692307696
2 0.8329326923076923 0.36778846153846156 0.025240384615384616 0.03245192307692308
2 0.3233173076923077 0.8185096153846154 0.02403846153846154 0.05889423076923077
2 0.6766826923076923 0.8389423076923077 0.007211538461538462 0.01201923076923077
2 0.18509615384615385 0.0733173076923077 0.008413461538461538 0.016826923076923076
2 0.5709134615384616 0.8569711538461539 0.010817307692307692 0.010817307692307692
2 0.6237980769230769 0.8317307692307693 0.025240384615384616 0.037259615384615384
2 0.09014423076923077 0.9591346153846154 0.05889423076923077 0.0733173076923077
2 0.8365384615384616 0.4326923076923077 0.03485576923076923 0.038461538461538464
2 0.23197115384615385 0.7932692307692307 0.019230769230769232 0.019230769230769232
2 0.9290865384615384 0.9182692307692307 0.06009615384615385 0.09134615384615384
2 0.7692307692307693 0.9254807692307693 0.025240384615384616 0.03245192307692308
2 0.7223557692307693 0.2644230769230769 0.09735576923076923 0.12860576923076922
2 0.12980769230769232 0.2512019230769231 0.018028846153846152 0.037259615384615384
2 0.18389423076923078 0.24519230769230768 0.026442307692307692 0.026442307692307692
2 0.2548076923076923 0.9302884615384616 0.05889423076923077 0.1346153846153846
2 0.021634615384615384 0.35096153846153844 0.009615384615384616 0.008413461538461538
2 0.006009615384615385 0.9627403846153846 0.010817307692307692 0.07211538461538461
2 0.7956730769230769 0.5036057692307693 0.07932692307692307 0.18028846153846154
2 0.3088942307692308 0.4074519230769231 0.018028846153846152 0.019230769230769232
2 0.296875 0.78125 0.025240384615384616 0.016826923076923076
2 0.38461538461538464 0.9170673076923077 0.030048076923076924 0.054086538461538464
2 0.8377403846153846 0.9891826923076923 0.018028846153846152 0.020432692307692308
2 0.33052884615384615 0.1658653846153846 0.24879807692307693 0.3293269230769231
2 0.007211538461538462 0.30528846153846156 0.009615384615384616 0.014423076923076924
2 0.29086538461538464 0.5841346153846154 0.010817307692307692 0.01201923076923077
2 0.2548076923076923 0.546875 0.021634615384615384 0.06971153846153846
2 0.9711538461538461 0.8221153846153846 0.057692307692307696 0.08653846153846154
2 0.29086538461538464 0.43149038461538464 0.009615384615384616 0.014423076923076924
2 0.02403846153846154 0.9567307692307693 0.01201923076923077 0.026442307692307692
2 0.8365384615384616 0.6466346153846154 0.03485576923076923 0.04326923076923077
2 0.171875 0.07932692307692307 0.014423076923076924 0.01201923076923077
2 0.4831730769230769 0.984375 0.019230769230769232 0.030048076923076924
2 0.140625 0.39663461538461536 0.025240384615384616 0.027644230769230768
2 0.1814903846153846 0.7487980769230769 0.020432692307692308 0.027644230769230768
2 0.5396634615384616 0.8112980769230769 0.025240384615384616 0.026442307692307692
2 0.020432692307692308 0.18509615384615385 0.021634615384615384 0.057692307692307696
2 0.7800480769230769 0.7548076923076923 0.021634615384615384 0.026442307692307692
2 0.8064903846153846 0.9098557692307693 0.04807692307692308 0.05048076923076923
2 0.32572115384615385 0.35216346153846156 0.019230769230769232 0.020432692307692308
2 0.2692307692307692 0.4411057692307692 0.013221153846153846 0.015625
2 0.9795673076923077 0.484375 0.040865384615384616 0.1201923076923077
2 0.7956730769230769 0.8449519230769231 0.009615384615384616 0.010817307692307692
2 0.1622596153846154 0.59375 0.046875 0.03365384615384615
2 0.10697115384615384 0.2536057692307692 0.020432692307692308 0.03245192307692308
2 0.41586538461538464 0.0625 0.025240384615384616 0.06370192307692307
2 0.2860576923076923 0.27403846153846156 0.056490384615384616 0.06850961538461539
2 0.5300480769230769 0.9927884615384616 0.020432692307692308 0.014423076923076924
2 0.22355769230769232 0.40625 0.037259615384615384 0.04567307692307692
2 0.5961538461538461 0.9951923076923077 0.016826923076923076 0.009615384615384616
2 0.008413461538461538 0.7043269230769231 0.016826923076923076 0.028846153846153848
2 0.20673076923076922 0.36177884615384615 0.015625 0.027644230769230768
2 0.7295673076923077 0.890625 0.019230769230769232 0.026442307692307692
2 0.7283653846153846 0.7800480769230769 0.04326923076923077 0.05889423076923077
2 0.47716346153846156 0.7692307692307693 0.021634615384615384 0.028846153846153848
2 0.3088942307692308 0.3798076923076923 0.021634615384615384 0.027644230769230768
2 0.5 0.9579326923076923 0.009615384615384616 0.018028846153846152
2 0.04927884615384615 0.17307692307692307 0.019230769230769232 0.026442307692307692
2 0.20192307692307693 0.6382211538461539 0.03485576923076923 0.03245192307692308
3 0.65625 0.33533653846153844 0.05889423076923077 0.20673076923076922
2 0.016826923076923076 0.9831730769230769 0.013221153846153846 0.02283653846153846
2 0.828125 0.7764423076923077 0.07211538461538461 0.08774038461538461
2 0.5673076923076923 0.953125 0.014423076923076924 0.037259615384615384
2 0.09615384615384616 0.004807692307692308 0.02403846153846154 0.009615384615384616
2 0.421875 0.9651442307692307 0.026442307692307692 0.06009615384615385
2 0.6875 0.35697115384615385 0.016826923076923076 0.019230769230769232
2 0.9699519230769231 0.6466346153846154 0.036057692307692304 0.06490384615384616
2 0.8052884615384616 0.33653846153846156 0.03245192307692308 0.07211538461538461
2 0.7463942307692307 0.8545673076923077 0.027644230769230768 0.05048076923076923
2 0.07451923076923077 0.8701923076923077 0.014423076923076924 0.02283653846153846
2 0.18389423076923078 0.16826923076923078 0.037259615384615384 0.06129807692307692
2 0.3581730769230769 0.36778846153846156 0.026442307692307692 0.030048076923076924
2 0.8533653846153846 0.9855769230769231 0.019230769230769232 0.028846153846153848
2 0.4855769230769231 0.9639423076923077 0.010817307692307692 0.018028846153846152
2 0.24519230769230768 0.7247596153846154 0.02283653846153846 0.028846153846153848
2 0.9134615384615384 0.6802884615384616 0.03485576923076923 0.046875
2 0.10817307692307693 0.7980769230769231 0.037259615384615384 0.04447115384615385
2 0.21514423076923078 0.6971153846153846 0.007211538461538462 0.018028846153846152
