2 0.4098557692307692 0.7740384615384616 0.38221153846153844 0.23677884615384615
2 0.3713942307692308 0.1201923076923077 0.2512019230769231 0.23798076923076922
2 0.16826923076923078 0.10216346153846154 0.042067307692307696 0.06370192307692307
2 0.16346153846153846 0.78125 0.08653846153846154 0.12139423076923077
2 0.140625 0.5072115384615384 0.05048076923076923 0.04567307692307692
2 0.8762019230769231 0.23317307692307693 0.030048076923076924 0.04447115384615385
2 0.8257211538461539 0.21875 0.03485576923076923 0.03245192307692308
2 0.03125 0.5745192307692307 0.06129807692307692 0.09134615384615384
2 0.5072115384615384 0.9302884615384616 0.0829326923076923 0.09014423076923077
2 0.8617788461538461 0.9399038461538461 0.13221153846153846 0.10336538461538461
2 0.8461538461538461 0.3329326923076923 0.04807692307692308 0.04567307692307692
2 0.9867788461538461 0.43509615384615385 0.026442307692307692 0.0829326923076923
2 0.038461538461538464 0.16826923076923078 0.07692307692307693 0.10096153846153846
2 0.9723557692307693 0.6947115384615384 0.02403846153846154 0.03365384615384615
2 0.5829326923076923 0.36778846153846156 0.09375 0.11298076923076923
2 0.20072115384615385 0.9098557692307693 0.09014423076923077 0.11658653846153846
2 0.9939903846153846 0.8942307692307693 0.01201923076923077 0.042067307692307696
2 0.026442307692307692 0.8653846153846154 0.052884615384615384 0.265625
2 0.08413461538461539 0.6286057692307693 0.02403846153846154 0.027644230769230768
2 0.7247596153846154 0.6274038461538461 0.08413461538461539 0.03485576923076923
2 0.7055288461538461 0.8810096153846154 0.020432692307692308 0.055288461538461536
2 0.20072115384615385 0.6382211538461539 0.06610576923076923 0.12139423076923077
2 0.10697115384615384 0.8665865384615384 0.07572115384615384 0.05048076923076923
2 0.7223557692307693 0.5697115384615384 0.02403846153846154 0.02403846153846154
2 0.5709134615384616 0.1971153846153846 0.038461538461538464 0.06971153846153846
2 0.08413461538461539 0.7307692307692307 0.08173076923076923 0.09975961538461539
2 0.9387019230769231 0.109375 0.12139423076923077 0.21514423076923078
2 0.6466346153846154 0.33413461538461536 0.04567307692307692 0.0733173076923077
2 0.18028846153846154 0.390625 0.04807692307692308 0.05889423076923077
2 0.10817307692307693 0.6298076923076923 0.025240384615384616 0.028846153846153848
8 0.43990384615384615 0.45072115384615385 0.39903846153846156 0.4182692307692308
2 0.31490384615384615 0.9579326923076923 0.0673076923076923 0.06850961538461539
2 0.9362980769230769 0.5324519230769231 0.09615384615384616 0.12980769230769232
2 0.6177884615384616 0.8978365384615384 0.08413461538461539 0.19591346153846154
2 0.06370192307692307 0.4050480769230769 0.12740384615384615 0.15144230769230768
2 0.1466346153846154 0.6346153846153846 0.025240384615384616 0.03125
2 0.3473557692307692 0.8245192307692307 0.12139423076923077 0.11899038461538461
2 0.7451923076923077 0.7355769230769231 0.040865384615384616 0.055288461538461536
2 0.9387019230769231 0.35096153846153844 0.037259615384615384 0.04567307692307692
2 0.9903846153846154 0.30528846153846156 0.014423076923076924 0.027644230769230768
2 0.8810096153846154 0.5420673076923077 0.042067307692307696 0.08173076923076923
2 0.7307692307692307 0.31009615384615385 0.055288461538461536 0.05048076923076923
2 0.8822115384615384 0.625 0.22235576923076922 0.0733173076923077
2 0.4050480769230769 0.9435096153846154 0.11538461538461539 0.10216346153846154
2 0.6213942307692307 0.6322115384615384 0.12379807692307693 0.08052884615384616
2 0.18389423076923078 0.21754807692307693 0.09014423076923077 0.140625
2 0.8040865384615384 0.47115384615384615 0.04326923076923077 0.07091346153846154
2 0.10817307692307693 0.5528846153846154 0.018028846153846152 0.021634615384615384
2 0.7007211538461539 0.5276442307692307 0.05048076923076923 0.13942307692307693
2 0.6225961538461539 0.7487980769230769 0.06850961538461539 0.09735576923076923
