2 0.7572115384615384 0.15985576923076922 0.09014423076923077 0.17668269230769232
2 0.5757211538461539 0.8449519230769231 0.038461538461538464 0.03245192307692308
2 0.9795673076923077 0.13341346153846154 0.025240384615384616 0.03125
2 0.8305288461538461 0.7896634615384616 0.057692307692307696 0.08052884615384616
2 0.5024038461538461 0.5492788461538461 0.042067307692307696 0.07091346153846154
2 0.7259615384615384 0.40024038461538464 0.04807692307692308 0.04447115384615385
2 0.10576923076923077 0.7668269230769231 0.1141826923076923 0.14783653846153846
2 0.9735576923076923 0.4483173076923077 0.052884615384615384 0.07692307692307693
2 0.6598557692307693 0.12259615384615384 0.055288461538461536 0.11298076923076923
2 0.8762019230769231 0.12379807692307693 0.07211538461538461 0.23076923076923078
12 0.6298076923076923 0.3473557692307692 0.7175480769230769 0.6935096153846154
2 0.8834134615384616 0.5252403846153846 0.037259615384615384 0.037259615384615384
2 0.13221153846153846 0.4879807692307692 0.09375 0.16947115384615385
