2 0.15504807692307693 0.8389423076923077 0.027644230769230768 0.054086538461538464
2 0.6213942307692307 0.5120192307692307 0.04567307692307692 0.04807692307692308
2 0.5300480769230769 0.43028846153846156 0.040865384615384616 0.06610576923076923
2 0.36538461538461536 0.65625 0.0673076923076923 0.06971153846153846
2 0.8701923076923077 0.5204326923076923 0.06490384615384616 0.10216346153846154
2 0.4735576923076923 0.5769230769230769 0.057692307692307696 0.05048076923076923
2 0.625 0.7451923076923077 0.027644230769230768 0.078125
2 0.33653846153846156 0.6478365384615384 0.02403846153846154 0.03365384615384615
2 0.4026442307692308 0.7572115384615384 0.02403846153846154 0.03245192307692308
2 0.4362980769230769 0.8846153846153846 0.018028846153846152 0.014423076923076924
2 0.125 0.453125 0.016826923076923076 0.021634615384615384
4 0.6286057692307693 0.4963942307692308 0.2860576923076923 0.9927884615384616
2 0.5925480769230769 0.44350961538461536 0.02403846153846154 0.027644230769230768
2 0.37740384615384615 0.4387019230769231 0.07692307692307693 0.09254807692307693
2 0.6983173076923077 0.3713942307692308 0.10576923076923077 0.25600961538461536
2 0.1346153846153846 0.42427884615384615 0.019230769230769232 0.019230769230769232
2 0.052884615384615384 0.5276442307692307 0.10336538461538461 0.14783653846153846
2 0.39783653846153844 0.5552884615384616 0.037259615384615384 0.042067307692307696
2 0.1141826923076923 0.12980769230769232 0.14302884615384615 0.19831730769230768
2 0.042067307692307696 0.31971153846153844 0.037259615384615384 0.04807692307692308
2 0.30408653846153844 0.19230769230769232 0.052884615384615384 0.08173076923076923
2 0.6069711538461539 0.9771634615384616 0.021634615384615384 0.038461538461538464
2 0.578125 0.859375 0.051682692307692304 0.05048076923076923
2 0.5144230769230769 0.1622596153846154 0.03485576923076923 0.04326923076923077
2 0.7764423076923077 0.3557692307692308 0.08533653846153846 0.32091346153846156
