2 0.5396634615384616 0.8713942307692307 0.04807692307692308 0.051682692307692304
2 0.39783653846153844 0.5252403846153846 0.037259615384615384 0.054086538461538464
2 0.41346153846153844 0.05048076923076923 0.11057692307692307 0.0829326923076923
2 0.9230769230769231 0.15745192307692307 0.040865384615384616 0.03365384615384615
2 0.45913461538461536 0.1875 0.040865384615384616 0.05889423076923077
2 0.27524038461538464 0.3605769230769231 0.08653846153846154 0.2692307692307692
2 0.8449519230769231 0.6165865384615384 0.052884615384615384 0.06370192307692307
2 0.7367788461538461 0.13822115384615385 0.055288461538461536 0.0829326923076923
2 0.8088942307692307 0.8557692307692307 0.021634615384615384 0.04326923076923077
2 0.453125 0.6790865384615384 0.05048076923076923 0.0889423076923077
2 0.07451923076923077 0.09134615384615384 0.038461538461538464 0.06129807692307692
2 0.7367788461538461 0.7884615384615384 0.06129807692307692 0.06490384615384616
2 0.9879807692307693 0.8882211538461539 0.02403846153846154 0.10216346153846154
2 0.21514423076923078 0.5180288461538461 0.037259615384615384 0.04447115384615385
2 0.5084134615384616 0.6875 0.02403846153846154 0.027644230769230768
2 0.8978365384615384 0.5793269230769231 0.037259615384615384 0.036057692307692304
2 0.6490384615384616 0.14302884615384615 0.08173076923076923 0.10576923076923077
2 0.44350961538461536 0.10697115384615384 0.02403846153846154 0.036057692307692304
2 0.5456730769230769 0.4326923076923077 0.018028846153846152 0.02403846153846154
2 0.4675480769230769 0.3954326923076923 0.014423076923076924 0.05048076923076923
2 0.30528846153846156 0.9519230769230769 0.055288461538461536 0.08653846153846154
2 0.7980769230769231 0.19591346153846154 0.02403846153846154 0.02403846153846154
2 0.16466346153846154 0.7259615384615384 0.06850961538461539 0.109375
2 0.11177884615384616 0.9771634615384616 0.08413461538461539 0.040865384615384616
2 0.7271634615384616 0.6923076923076923 0.052884615384615384 0.05889423076923077
2 0.5048076923076923 0.15384615384615385 0.014423076923076924 0.018028846153846152
2 0.8197115384615384 0.5637019230769231 0.018028846153846152 0.026442307692307692
2 0.5060096153846154 0.9771634615384616 0.08173076923076923 0.04326923076923077
2 0.18629807692307693 0.296875 0.09615384615384616 0.055288461538461536
2 0.7548076923076923 0.5240384615384616 0.038461538461538464 0.037259615384615384
2 0.8473557692307693 0.35216346153846156 0.036057692307692304 0.03485576923076923
2 0.5552884615384616 0.5588942307692307 0.037259615384615384 0.07932692307692307
2 0.2608173076923077 0.8774038461538461 0.038461538461538464 0.05889423076923077
0 0.6262019230769231 0.5805288461538461 0.04567307692307692 0.0733173076923077
2 0.4723557692307692 0.7403846153846154 0.037259615384615384 0.037259615384615384
2 0.8990384615384616 0.07451923076923077 0.025240384615384616 0.028846153846153848
2 0.28125 0.039663461538461536 0.055288461538461536 0.0673076923076923
2 0.7127403846153846 0.37259615384615385 0.027644230769230768 0.04567307692307692
2 0.4026442307692308 0.8954326923076923 0.1045673076923077 0.10096153846153846
2 0.4098557692307692 0.5889423076923077 0.04807692307692308 0.03485576923076923
2 0.7367788461538461 0.26802884615384615 0.08653846153846154 0.04807692307692308
2 0.9903846153846154 0.5240384615384616 0.019230769230769232 0.06370192307692307
2 0.7848557692307693 0.45072115384615385 0.027644230769230768 0.09615384615384616
2 0.5036057692307693 0.6310096153846154 0.038461538461538464 0.042067307692307696
2 0.046875 0.6862980769230769 0.09375 0.13221153846153846
2 0.6514423076923077 0.25240384615384615 0.06971153846153846 0.109375
2 0.026442307692307692 0.5889423076923077 0.052884615384615384 0.05048076923076923
2 0.5769230769230769 0.71875 0.016826923076923076 0.026442307692307692
4 0.515625 0.2692307692307692 0.20432692307692307 0.10576923076923077
2 0.04447115384615385 0.27163461538461536 0.04567307692307692 0.056490384615384616
2 0.9146634615384616 0.3942307692307692 0.14543269230769232 0.1935096153846154
2 0.09735576923076923 0.4483173076923077 0.1935096153846154 0.23076923076923078
2 0.025240384615384616 0.026442307692307692 0.05048076923076923 0.052884615384615384
2 0.5336538461538461 0.7115384615384616 0.028846153846153848 0.12860576923076922
2 0.9338942307692307 0.042067307692307696 0.03245192307692308 0.05889423076923077
2 0.24519230769230768 0.71875 0.03485576923076923 0.051682692307692304
2 0.6538461538461539 0.7247596153846154 0.027644230769230768 0.027644230769230768
2 0.1778846153846154 0.037259615384615384 0.09975961538461539 0.07451923076923077
2 0.3449519230769231 0.7956730769230769 0.06009615384615385 0.0889423076923077
2 0.8257211538461539 0.3125 0.014423076923076924 0.030048076923076924
2 0.59375 0.15985576923076922 0.03125 0.03125
2 0.8737980769230769 0.2620192307692308 0.020432692307692308 0.040865384615384616
3 0.8834134615384616 0.9543269230769231 0.09014423076923077 0.0829326923076923
2 0.625 0.33413461538461536 0.025240384615384616 0.042067307692307696
2 0.9783653846153846 0.1971153846153846 0.042067307692307696 0.05889423076923077
2 0.609375 0.43509615384615385 0.03245192307692308 0.040865384615384616
2 0.5324519230769231 0.3629807692307692 0.052884615384615384 0.06129807692307692
2 0.9459134615384616 0.5084134615384616 0.026442307692307692 0.036057692307692304
2 0.0985576923076923 0.8401442307692307 0.1971153846153846 0.171875
2 0.5456730769230769 0.9302884615384616 0.02403846153846154 0.037259615384615384
2 0.828125 0.43509615384615385 0.027644230769230768 0.054086538461538464
2 0.8245192307692307 0.08533653846153846 0.11899038461538461 0.12980769230769232
2 0.5973557692307693 0.6622596153846154 0.052884615384615384 0.054086538461538464
2 0.12740384615384615 0.19951923076923078 0.1658653846153846 0.12620192307692307
2 0.15985576923076922 0.6105769230769231 0.05048076923076923 0.09014423076923077
2 0.9375 0.7572115384615384 0.016826923076923076 0.02403846153846154
2 0.25600961538461536 0.8125 0.10817307692307693 0.09735576923076923
2 0.5769230769230769 0.8028846153846154 0.016826923076923076 0.03125
2 0.38822115384615385 0.7127403846153846 0.10096153846153846 0.15504807692307693
2 0.6875 0.9639423076923077 0.06850961538461539 0.06850961538461539
2 0.9891826923076923 0.3954326923076923 0.021634615384615384 0.055288461538461536
2 0.8245192307692307 0.7596153846153846 0.06971153846153846 0.15504807692307693
2 0.8497596153846154 0.1778846153846154 0.03245192307692308 0.04447115384615385
2 0.2620192307692308 0.15504807692307693 0.057692307692307696 0.09134615384615384
2 0.6911057692307693 0.8629807692307693 0.13221153846153846 0.12860576923076922
2 0.33052884615384615 0.6586538461538461 0.016826923076923076 0.028846153846153848
2 0.9038461538461539 0.6598557692307693 0.040865384615384616 0.037259615384615384
2 0.7584134615384616 0.6274038461538461 0.06490384615384616 0.04927884615384615
2 0.019230769230769232 0.17548076923076922 0.038461538461538464 0.11538461538461539
2 0.7139423076923077 0.008413461538461538 0.014423076923076924 0.014423076923076924
