1 0.5096153846153846 0.22355769230769232 0.03485576923076923 0.042067307692307696
1 0.90625 0.15985576923076922 0.028846153846153848 0.04567307692307692
1 0.3870192307692308 0.2776442307692308 0.02403846153846154 0.03245192307692308
1 0.7860576923076923 0.23076923076923078 0.07211538461538461 0.12139423076923077
1 0.33774038461538464 0.7548076923076923 0.03125 0.03485576923076923
1 0.12620192307692307 0.12139423076923077 0.037259615384615384 0.04447115384615385
1 0.13341346153846154 0.6670673076923077 0.027644230769230768 0.04567307692307692
1 0.7379807692307693 0.5877403846153846 0.11057692307692307 0.21634615384615385
1 0.11899038461538461 0.0673076923076923 0.036057692307692304 0.04447115384615385
1 0.04447115384615385 0.08653846153846154 0.04567307692307692 0.056490384615384616
1 0.203125 0.5721153846153846 0.030048076923076924 0.036057692307692304
1 0.8786057692307693 0.6634615384615384 0.12620192307692307 0.16105769230769232
1 0.20673076923076922 0.14903846153846154 0.03485576923076923 0.038461538461538464
0 0.3137019230769231 0.9771634615384616 0.07451923076923077 0.042067307692307696
10 0.49158653846153844 0.5 0.2800480769230769 0.9975961538461539
1 0.140625 0.4579326923076923 0.04807692307692308 0.057692307692307696
