2 0.7163461538461539 0.036057692307692304 0.0829326923076923 0.06971153846153846
2 0.6201923076923077 0.9567307692307693 0.037259615384615384 0.04447115384615385
2 0.4362980769230769 0.796875 0.13581730769230768 0.11658653846153846
2 0.8485576923076923 0.17427884615384615 0.040865384615384616 0.06129807692307692
0 0.4362980769230769 0.009615384615384616 0.021634615384615384 0.019230769230769232
2 0.4891826923076923 0.11057692307692307 0.07932692307692307 0.057692307692307696
2 0.8088942307692307 0.484375 0.07211538461538461 0.09134615384615384
2 0.7067307692307693 0.8473557692307693 0.06971153846153846 0.07692307692307693
2 0.5913461538461539 0.984375 0.03485576923076923 0.02403846153846154
2 0.4723557692307692 0.4579326923076923 0.021634615384615384 0.028846153846153848
0 0.24759615384615385 0.8665865384615384 0.14182692307692307 0.19951923076923078
2 0.32091346153846156 0.20793269230769232 0.18028846153846154 0.1814903846153846
0 0.5228365384615384 0.037259615384615384 0.30288461538461536 0.07451923076923077
0 0.030048076923076924 0.13221153846153846 0.06009615384615385 0.13341346153846154
2 0.6129807692307693 0.890625 0.0889423076923077 0.09134615384615384
0 0.9158653846153846 0.7139423076923077 0.16826923076923078 0.23076923076923078
2 0.9387019230769231 0.43990384615384615 0.08653846153846154 0.08173076923076923
2 0.8605769230769231 0.484375 0.056490384615384616 0.17307692307692307
2 0.8774038461538461 0.984375 0.025240384615384616 0.027644230769230768
2 0.4266826923076923 0.07692307692307693 0.042067307692307696 0.055288461538461536
2 0.6322115384615384 0.703125 0.06610576923076923 0.14302884615384615
2 0.9735576923076923 0.15625 0.052884615384615384 0.12980769230769232
2 0.31490384615384615 0.4375 0.016826923076923076 0.042067307692307696
0 0.828125 0.020432692307692308 0.17427884615384615 0.039663461538461536
2 0.8088942307692307 0.7487980769230769 0.11899038461538461 0.17668269230769232
5 0.6117788461538461 0.8137019230769231 0.04807692307692308 0.06009615384615385
0 0.38221153846153844 0.7415865384615384 0.14903846153846154 0.22716346153846154
0 0.9302884615384616 0.5240384615384616 0.09254807692307693 0.12139423076923077
5 0.31490384615384615 0.5745192307692307 0.07692307692307693 0.11658653846153846
2 0.6838942307692307 0.5396634615384616 0.07692307692307693 0.078125
2 0.6887019230769231 0.21634615384615385 0.040865384615384616 0.04326923076923077
2 0.39783653846153844 0.3329326923076923 0.12259615384615384 0.13822115384615385
0 0.030048076923076924 0.7079326923076923 0.06009615384615385 0.09134615384615384
2 0.6610576923076923 0.055288461538461536 0.018028846153846152 0.019230769230769232
2 0.8786057692307693 0.2848557692307692 0.19951923076923078 0.16826923076923078
2 0.33413461538461536 0.014423076923076924 0.028846153846153848 0.027644230769230768
2 0.5084134615384616 0.4807692307692308 0.018028846153846152 0.019230769230769232
2 0.53125 0.9110576923076923 0.09134615384615384 0.171875
0 0.13822115384615385 0.41346153846153844 0.11778846153846154 0.14182692307692307
0 0.4387019230769231 0.22115384615384615 0.03485576923076923 0.042067307692307696
2 0.5673076923076923 0.38100961538461536 0.04567307692307692 0.05048076923076923
2 0.125 0.09615384615384616 0.25 0.19230769230769232
2 0.8798076923076923 0.8100961538461539 0.055288461538461536 0.09014423076923077
0 0.9302884615384616 0.10336538461538461 0.13822115384615385 0.20673076923076922
0 0.09014423076923077 0.28725961538461536 0.18028846153846154 0.07932692307692307
2 0.25961538461538464 0.31971153846153844 0.06129807692307692 0.0673076923076923
2 0.2091346153846154 0.009615384615384616 0.03125 0.008413461538461538
5 0.021634615384615384 0.2283653846153846 0.042067307692307696 0.06490384615384616
2 0.9375 0.10697115384615384 0.03245192307692308 0.04567307692307692
2 0.9423076923076923 0.025240384615384616 0.042067307692307696 0.05048076923076923
4 0.28365384615384615 0.5769230769230769 0.2439903846153846 0.8401442307692307
2 0.8473557692307693 0.07572115384615384 0.05889423076923077 0.07451923076923077
2 0.24158653846153846 0.8425480769230769 0.027644230769230768 0.042067307692307696
2 0.3858173076923077 0.109375 0.04447115384615385 0.06370192307692307
2 0.7127403846153846 0.46153846153846156 0.03245192307692308 0.05889423076923077
2 0.3701923076923077 0.6850961538461539 0.0829326923076923 0.04567307692307692
2 0.7451923076923077 0.9266826923076923 0.15985576923076922 0.140625
2 0.7848557692307693 0.10336538461538461 0.08413461538461539 0.1935096153846154
2 0.53125 0.6947115384615384 0.1346153846153846 0.13822115384615385
2 0.28846153846153844 0.4230769230769231 0.020432692307692308 0.037259615384615384
0 0.052884615384615384 0.8882211538461539 0.06610576923076923 0.06009615384615385
2 0.5709134615384616 0.5673076923076923 0.056490384615384616 0.03485576923076923
2 0.7620192307692307 0.5793269230769231 0.055288461538461536 0.07451923076923077
2 0.6971153846153846 0.6466346153846154 0.06370192307692307 0.0673076923076923
0 0.109375 0.21394230769230768 0.11057692307692307 0.0889423076923077
2 0.45913461538461536 0.5600961538461539 0.05889423076923077 0.109375
0 0.04567307692307692 0.5252403846153846 0.09134615384615384 0.19110576923076922
2 0.10697115384615384 0.5673076923076923 0.026442307692307692 0.030048076923076924
2 0.018028846153846152 0.5180288461538461 0.03485576923076923 0.08173076923076923
2 0.28846153846153844 0.375 0.03365384615384615 0.042067307692307696
2 0.6790865384615384 0.34375 0.15745192307692307 0.17908653846153846
2 0.8016826923076923 0.9855769230769231 0.042067307692307696 0.027644230769230768
2 0.9555288461538461 0.609375 0.0889423076923077 0.2668269230769231
2 0.49038461538461536 0.265625 0.06971153846153846 0.13701923076923078
2 0.6646634615384616 0.9387019230769231 0.038461538461538464 0.07932692307692307
