1 0.8665865384615384 0.7091346153846154 0.10576923076923077 0.125
1 0.030048076923076924 0.42788461538461536 0.052884615384615384 0.0733173076923077
1 0.3713942307692308 0.29927884615384615 0.09014423076923077 0.13341346153846154
1 0.5697115384615384 0.421875 0.021634615384615384 0.04567307692307692
1 0.14302884615384615 0.40865384615384615 0.08173076923076923 0.0733173076923077
1 0.11538461538461539 0.6502403846153846 0.028846153846153848 0.046875
1 0.6033653846153846 0.7271634615384616 0.05889423076923077 0.07692307692307693
1 0.3641826923076923 0.7740384615384616 0.09495192307692307 0.13341346153846154
1 0.9122596153846154 0.2091346153846154 0.036057692307692304 0.040865384615384616
1 0.7740384615384616 0.0889423076923077 0.040865384615384616 0.056490384615384616
1 0.20793269230769232 0.3713942307692308 0.07211538461538461 0.06129807692307692
3 0.6430288461538461 0.2668269230769231 0.7139423076923077 0.5336538461538461
1 0.08653846153846154 0.24158653846153846 0.04567307692307692 0.05889423076923077
1 0.21033653846153846 0.1201923076923077 0.09615384615384616 0.1201923076923077
1 0.23557692307692307 0.6670673076923077 0.06370192307692307 0.0889423076923077
