2 0.23076923076923078 0.9302884615384616 0.025240384615384616 0.036057692307692304
2 0.7259615384615384 0.6105769230769231 0.04567307692307692 0.04807692307692308
2 0.2283653846153846 0.7740384615384616 0.028846153846153848 0.039663461538461536
2 0.30408653846153844 0.8918269230769231 0.021634615384615384 0.026442307692307692
2 0.4579326923076923 0.5144230769230769 0.02403846153846154 0.040865384615384616
2 0.9699519230769231 0.78125 0.02403846153846154 0.019230769230769232
2 0.8617788461538461 0.796875 0.03125 0.06490384615384616
2 0.4338942307692308 0.13341346153846154 0.018028846153846152 0.021634615384615384
2 0.203125 0.9663461538461539 0.06009615384615385 0.0625
2 0.40865384615384615 0.10096153846153846 0.03125 0.04567307692307692
2 0.5396634615384616 0.2247596153846154 0.025240384615384616 0.027644230769230768
2 0.6646634615384616 0.43509615384615385 0.046875 0.06610576923076923
2 0.5757211538461539 0.4230769230769231 0.02403846153846154 0.027644230769230768
2 0.3233173076923077 0.1778846153846154 0.019230769230769232 0.038461538461538464
2 0.46274038461538464 0.15865384615384615 0.03245192307692308 0.03485576923076923
2 0.2512019230769231 0.30408653846153844 0.03245192307692308 0.039663461538461536
2 0.1875 0.6213942307692307 0.015625 0.020432692307692308
2 0.5564903846153846 0.3125 0.038461538461538464 0.046875
2 0.37740384615384615 0.8317307692307693 0.026442307692307692 0.03125
2 0.6466346153846154 0.6923076923076923 0.04567307692307692 0.04447115384615385
2 0.009615384615384616 0.6778846153846154 0.019230769230769232 0.04326923076923077
2 0.9122596153846154 0.7475961538461539 0.019230769230769232 0.021634615384615384
2 0.6033653846153846 0.46274038461538464 0.027644230769230768 0.03365384615384615
2 0.5060096153846154 0.23197115384615385 0.02403846153846154 0.025240384615384616
2 0.6634615384615384 0.5637019230769231 0.03365384615384615 0.040865384615384616
2 0.7139423076923077 0.8040865384615384 0.027644230769230768 0.02283653846153846
2 0.4735576923076923 0.9495192307692307 0.019230769230769232 0.026442307692307692
2 0.33052884615384615 0.24158653846153846 0.010817307692307692 0.020432692307692308
2 0.8004807692307693 0.4170673076923077 0.02403846153846154 0.016826923076923076
2 0.6274038461538461 0.7403846153846154 0.06850961538461539 0.08774038461538461
2 0.3701923076923077 0.5913461538461539 0.018028846153846152 0.027644230769230768
2 0.5228365384615384 0.3425480769230769 0.019230769230769232 0.026442307692307692
2 0.27163461538461536 0.22956730769230768 0.039663461538461536 0.04807692307692308
2 0.5829326923076923 0.3389423076923077 0.016826923076923076 0.028846153846153848
2 0.4375 0.296875 0.030048076923076924 0.037259615384615384
0 0.19591346153846154 0.2127403846153846 0.06610576923076923 0.2283653846153846
2 0.3954326923076923 0.9387019230769231 0.019230769230769232 0.030048076923076924
2 0.4723557692307692 0.2800480769230769 0.030048076923076924 0.03365384615384615
2 0.4795673076923077 0.13942307692307693 0.02403846153846154 0.025240384615384616
2 0.8317307692307693 0.7692307692307693 0.02283653846153846 0.04927884615384615
2 0.7091346153846154 0.5096153846153846 0.019230769230769232 0.018028846153846152
2 0.026442307692307692 0.4855769230769231 0.013221153846153846 0.02283653846153846
2 0.9326923076923077 0.8954326923076923 0.04807692307692308 0.057692307692307696
2 0.8401442307692307 0.9182692307692307 0.05048076923076923 0.07451923076923077
2 0.5300480769230769 0.5889423076923077 0.02403846153846154 0.020432692307692308
2 0.26802884615384615 0.05048076923076923 0.014423076923076924 0.027644230769230768
2 0.9879807692307693 0.016826923076923076 0.02403846153846154 0.03365384615384615
2 0.02403846153846154 0.5228365384615384 0.015625 0.03365384615384615
2 0.1971153846153846 0.9254807692307693 0.030048076923076924 0.040865384615384616
2 0.15865384615384615 0.06370192307692307 0.06490384615384616 0.0673076923076923
2 0.265625 0.2692307692307692 0.020432692307692308 0.030048076923076924
2 0.9038461538461539 0.9783653846153846 0.021634615384615384 0.027644230769230768
2 0.14182692307692307 0.7199519230769231 0.018028846153846152 0.020432692307692308
2 0.7331730769230769 0.18389423076923078 0.03365384615384615 0.042067307692307696
2 0.7439903846153846 0.8533653846153846 0.06971153846153846 0.08413461538461539
2 0.7079326923076923 0.4699519230769231 0.027644230769230768 0.03245192307692308
2 0.8954326923076923 0.8689903846153846 0.018028846153846152 0.026442307692307692
2 0.49399038461538464 0.4831730769230769 0.028846153846153848 0.08774038461538461
2 0.6394230769230769 0.49158653846153844 0.042067307692307696 0.04447115384615385
2 0.6694711538461539 0.8004807692307693 0.026442307692307692 0.04326923076923077
2 0.49399038461538464 0.9723557692307693 0.02283653846153846 0.036057692307692304
2 0.6887019230769231 0.7415865384615384 0.038461538461538464 0.03485576923076923
2 0.35697115384615385 0.7992788461538461 0.03485576923076923 0.040865384615384616
2 0.20192307692307693 0.5913461538461539 0.019230769230769232 0.027644230769230768
2 0.7776442307692307 0.5721153846153846 0.028846153846153848 0.040865384615384616
2 0.3173076923076923 0.06850961538461539 0.02403846153846154 0.030048076923076924
2 0.6875 0.5444711538461539 0.018028846153846152 0.021634615384615384
2 0.007211538461538462 0.4951923076923077 0.014423076923076924 0.02403846153846154
2 0.7091346153846154 0.9122596153846154 0.037259615384615384 0.039663461538461536
2 0.24759615384615385 0.8822115384615384 0.030048076923076924 0.04326923076923077
2 0.20552884615384615 0.7668269230769231 0.018028846153846152 0.028846153846153848
2 0.7487980769230769 0.5276442307692307 0.04326923076923077 0.0673076923076923
2 0.40384615384615385 0.29447115384615385 0.027644230769230768 0.040865384615384616
2 0.42788461538461536 0.38100961538461536 0.04807692307692308 0.038461538461538464
2 0.47836538461538464 0.1875 0.030048076923076924 0.036057692307692304
2 0.09735576923076923 0.921875 0.03485576923076923 0.04326923076923077
2 0.28966346153846156 0.3317307692307692 0.02403846153846154 0.039663461538461536
2 0.296875 0.040865384615384616 0.020432692307692308 0.026442307692307692
2 0.8762019230769231 0.734375 0.051682692307692304 0.03125
2 0.5348557692307693 0.42908653846153844 0.042067307692307696 0.057692307692307696
2 0.6069711538461539 0.36778846153846156 0.026442307692307692 0.03485576923076923
2 0.15985576923076922 0.8257211538461539 0.046875 0.037259615384615384
2 0.5829326923076923 0.3786057692307692 0.030048076923076924 0.056490384615384616
2 0.3737980769230769 0.042067307692307696 0.021634615384615384 0.018028846153846152
2 0.4170673076923077 0.4362980769230769 0.02403846153846154 0.025240384615384616
2 0.5576923076923077 0.5504807692307693 0.030048076923076924 0.036057692307692304
2 0.5961538461538461 0.6370192307692307 0.037259615384615384 0.04326923076923077
2 0.28846153846153844 0.27163461538461536 0.018028846153846152 0.02403846153846154
2 0.7151442307692307 0.5661057692307693 0.019230769230769232 0.027644230769230768
2 0.039663461538461536 0.6875 0.03125 0.037259615384615384
2 0.27524038461538464 0.84375 0.03485576923076923 0.03485576923076923
4 0.49759615384615385 0.5 0.37740384615384615 0.9987980769230769
2 0.9519230769230769 0.84375 0.03485576923076923 0.05048076923076923
2 0.7007211538461539 0.8569711538461539 0.030048076923076924 0.03485576923076923
2 0.26322115384615385 0.640625 0.015625 0.015625
2 0.9194711538461539 0.8040865384615384 0.025240384615384616 0.042067307692307696
2 0.1201923076923077 0.8822115384615384 0.051682692307692304 0.036057692307692304
2 0.7379807692307693 0.7115384615384616 0.03365384615384615 0.03485576923076923
2 0.12740384615384615 0.9723557692307693 0.052884615384615384 0.054086538461538464
2 0.33413461538461536 0.5637019230769231 0.026442307692307692 0.04326923076923077
2 0.4110576923076923 0.06610576923076923 0.03125 0.03485576923076923
2 0.24639423076923078 0.43028846153846156 0.03485576923076923 0.042067307692307696
2 0.5625 0.45552884615384615 0.019230769230769232 0.019230769230769232
2 0.6394230769230769 0.5901442307692307 0.040865384615384616 0.07572115384615384
2 0.16346153846153846 0.7199519230769231 0.027644230769230768 0.0625
2 0.7704326923076923 0.7223557692307693 0.04807692307692308 0.08413461538461539
2 0.9627403846153846 0.05048076923076923 0.04447115384615385 0.05889423076923077
2 0.7379807692307693 0.90625 0.021634615384615384 0.025240384615384616
2 0.18389423076923078 0.5264423076923077 0.030048076923076924 0.03125
2 0.7848557692307693 0.6081730769230769 0.021634615384615384 0.027644230769230768
2 0.8341346153846154 0.6634615384615384 0.037259615384615384 0.06850961538461539
2 0.30528846153846156 0.5204326923076923 0.038461538461538464 0.051682692307692304
2 0.7704326923076923 0.6658653846153846 0.019230769230769232 0.046875
2 0.09615384615384616 0.7908653846153846 0.056490384615384616 0.07692307692307693
2 0.47115384615384615 0.3786057692307692 0.015625 0.027644230769230768
2 0.7800480769230769 0.8040865384615384 0.03485576923076923 0.03365384615384615
2 0.4567307692307692 0.40384615384615385 0.015625 0.018028846153846152
2 0.2403846153846154 0.6802884615384616 0.018028846153846152 0.02283653846153846
2 0.8040865384615384 0.7355769230769231 0.015625 0.018028846153846152
0 0.17908653846153846 0.42427884615384615 0.056490384615384616 0.07451923076923077
2 0.6045673076923077 0.31850961538461536 0.03245192307692308 0.03125
2 0.20793269230769232 0.8810096153846154 0.039663461538461536 0.036057692307692304
2 0.14423076923076922 0.8545673076923077 0.025240384615384616 0.025240384615384616
2 0.19110576923076922 0.6838942307692307 0.040865384615384616 0.05889423076923077
2 0.4987980769230769 0.546875 0.03485576923076923 0.03245192307692308
2 0.8052884615384616 0.5288461538461539 0.037259615384615384 0.042067307692307696
2 0.5805288461538461 0.4735576923076923 0.015625 0.025240384615384616
2 0.5564903846153846 0.2620192307692308 0.055288461538461536 0.036057692307692304
2 0.1045673076923077 0.03245192307692308 0.037259615384615384 0.06370192307692307
2 0.5769230769230769 0.6754807692307693 0.03485576923076923 0.037259615384615384
2 0.3894230769230769 0.39783653846153844 0.028846153846153848 0.037259615384615384
2 0.6382211538461539 0.3641826923076923 0.016826923076923076 0.021634615384615384
2 0.46033653846153844 0.6358173076923077 0.027644230769230768 0.038461538461538464
2 0.11658653846153846 0.625 0.036057692307692304 0.04807692307692308
2 0.06850961538461539 0.8161057692307693 0.04927884615384615 0.042067307692307696
2 0.13822115384615385 0.7920673076923077 0.025240384615384616 0.021634615384615384
2 0.2980769230769231 0.2091346153846154 0.018028846153846152 0.03245192307692308
