1 0.9495192307692307 0.23197115384615385 0.09975961538461539 0.07451923076923077
1 0.8918269230769231 0.14903846153846154 0.04567307692307692 0.05048076923076923
1 0.49399038461538464 0.9603365384615384 0.23677884615384615 0.07451923076923077
1 0.3641826923076923 0.16706730769230768 0.09375 0.08413461538461539
1 0.32572115384615385 0.6213942307692307 0.05048076923076923 0.06009615384615385
1 0.6033653846153846 0.4375 0.042067307692307696 0.04567307692307692
1 0.75 0.6322115384615384 0.24278846153846154 0.38461538461538464
1 0.5913461538461539 0.6634615384615384 0.051682692307692304 0.05889423076923077
1 0.5108173076923077 0.4206730769230769 0.03245192307692308 0.04326923076923077
1 0.40384615384615385 0.5348557692307693 0.030048076923076924 0.055288461538461536
1 0.5552884615384616 0.22716346153846154 0.09254807692307693 0.14423076923076922
1 0.04326923076923077 0.8737980769230769 0.08653846153846154 0.14302884615384615
1 0.5540865384615384 0.5444711538461539 0.037259615384615384 0.04567307692307692
1 0.8088942307692307 0.17908653846153846 0.055288461538461536 0.06490384615384616
1 0.9651442307692307 0.11177884615384616 0.06850961538461539 0.12139423076923077
1 0.7860576923076923 0.8966346153846154 0.04567307692307692 0.08173076923076923
1 0.6298076923076923 0.09495192307692307 0.07451923076923077 0.09615384615384616
1 0.671875 0.9314903846153846 0.10817307692307693 0.12620192307692307
1 0.8834134615384616 0.3713942307692308 0.02403846153846154 0.03485576923076923
1 0.12980769230769232 0.07692307692307693 0.25961538461538464 0.15144230769230768
1 0.1622596153846154 0.40384615384615385 0.3245192307692308 0.4495192307692308
3 0.6021634615384616 0.5 0.6802884615384616 0.9987980769230769
1 0.43028846153846156 0.06009615384615385 0.10336538461538461 0.11057692307692307
1 0.703125 0.3173076923076923 0.07692307692307693 0.09615384615384616
1 0.05048076923076923 0.7596153846153846 0.09975961538461539 0.08653846153846154
1 0.953125 0.6971153846153846 0.05889423076923077 0.08173076923076923
1 0.1935096153846154 0.8846153846153846 0.23918269230769232 0.22596153846153846
1 0.8774038461538461 0.09975961538461539 0.07211538461538461 0.046875
1 0.5625 0.8930288461538461 0.07932692307692307 0.08413461538461539
1 0.453125 0.28365384615384615 0.08653846153846154 0.0985576923076923
