1 0.5961538461538461 0.12740384615384615 0.020432692307692308 0.037259615384615384
1 0.5360576923076923 0.125 0.03485576923076923 0.054086538461538464
1 0.9867788461538461 0.7752403846153846 0.026442307692307692 0.037259615384615384
1 0.8858173076923077 0.8449519230769231 0.040865384615384616 0.04326923076923077
0 0.47836538461538464 0.234375 0.4230769230769231 0.4651442307692308
1 0.4567307692307692 0.16706730769230768 0.12620192307692307 0.33413461538461536
1 0.6706730769230769 0.375 0.021634615384615384 0.038461538461538464
0 0.6995192307692307 0.7992788461538461 0.2956730769230769 0.39903846153846156
1 0.4050480769230769 0.056490384615384616 0.052884615384615384 0.10216346153846154
1 0.5625 0.3125 0.04807692307692308 0.078125
1 0.33052884615384615 0.013221153846153846 0.021634615384615384 0.026442307692307692
1 0.09254807692307693 0.8798076923076923 0.037259615384615384 0.037259615384615384
1 0.8185096153846154 0.6622596153846154 0.13221153846153846 0.1935096153846154
1 0.7884615384615384 0.4963942307692308 0.037259615384615384 0.04326923076923077
1 0.41225961538461536 0.25721153846153844 0.020432692307692308 0.030048076923076924
0 0.3473557692307692 0.5120192307692307 0.10336538461538461 0.14182692307692307
0 0.6850961538461539 0.5180288461538461 0.20192307692307693 0.30528846153846156
1 0.03125 0.390625 0.027644230769230768 0.027644230769230768
0 0.040865384615384616 0.025240384615384616 0.08173076923076923 0.05048076923076923
1 0.3629807692307692 0.09014423076923077 0.02283653846153846 0.037259615384615384
1 0.5709134615384616 0.5949519230769231 0.2512019230769231 0.32211538461538464
1 0.14543269230769232 0.24158653846153846 0.025240384615384616 0.042067307692307696
1 0.19831730769230768 0.6923076923076923 0.07451923076923077 0.04326923076923077
10 0.4170673076923077 0.5 0.6802884615384616 0.9987980769230769
1 0.8810096153846154 0.02403846153846154 0.036057692307692304 0.04567307692307692
0 0.3870192307692308 0.9326923076923077 0.19951923076923078 0.1310096153846154
1 0.6442307692307693 0.71875 0.027644230769230768 0.037259615384615384
1 0.8221153846153846 0.859375 0.021634615384615384 0.027644230769230768
1 0.28725961538461536 0.265625 0.05048076923076923 0.06129807692307692
0 0.5841346153846154 0.890625 0.21033653846153846 0.21875
1 0.6286057692307693 0.10576923076923077 0.018028846153846152 0.016826923076923076
1 0.14903846153846154 0.5180288461538461 0.06610576923076923 0.13822115384615385
1 0.8858173076923077 0.8100961538461539 0.02403846153846154 0.027644230769230768
1 0.5865384615384616 0.057692307692307696 0.014423076923076924 0.019230769230769232
1 0.3870192307692308 0.640625 0.040865384615384616 0.02283653846153846
1 0.0673076923076923 0.33774038461538464 0.019230769230769232 0.038461538461538464
1 0.7199519230769231 0.13822115384615385 0.1658653846153846 0.2764423076923077
1 0.5853365384615384 0.18389423076923078 0.02403846153846154 0.03125
