2 0.578125 0.109375 0.1778846153846154 0.21875
2 0.05048076923076923 0.25961538461538464 0.10096153846153846 0.18389423076923078
2 0.8798076923076923 0.20552884615384615 0.2403846153846154 0.4110576923076923
2 0.009615384615384616 0.042067307692307696 0.019230769230769232 0.06490384615384616
2 0.7740384615384616 0.44711538461538464 0.06009615384615385 0.14423076923076922
2 0.6502403846153846 0.7427884615384616 0.03365384615384615 0.042067307692307696
2 0.41225961538461536 0.39663461538461536 0.056490384615384616 0.09735576923076923
2 0.3701923076923077 0.0673076923076923 0.27524038461538464 0.1346153846153846
2 0.08653846153846154 0.6358173076923077 0.17307692307692307 0.15144230769230768
2 0.140625 0.8786057692307693 0.09735576923076923 0.11899038461538461
2 0.33653846153846156 0.8978365384615384 0.08413461538461539 0.19951923076923078
2 0.9807692307692307 0.9627403846153846 0.038461538461538464 0.0673076923076923
2 0.5552884615384616 0.9050480769230769 0.20072115384615385 0.1814903846153846
2 0.6754807692307693 0.5456730769230769 0.04326923076923077 0.040865384615384616
2 0.006009615384615385 0.14903846153846154 0.010817307692307692 0.037259615384615384
2 0.3161057692307692 0.5408653846153846 0.16947115384615385 0.29447115384615385
5 0.6911057692307693 0.671875 0.020432692307692308 0.036057692307692304
2 0.7536057692307693 0.06009615384615385 0.18629807692307693 0.11658653846153846
2 0.6370192307692307 0.5805288461538461 0.10096153846153846 0.078125
5 0.8305288461538461 0.5384615384615384 0.018028846153846152 0.02403846153846154
2 0.7932692307692307 0.30528846153846156 0.09735576923076923 0.11057692307692307
13 0.2247596153846154 0.9723557692307693 0.15504807692307693 0.05048076923076923
2 0.41586538461538464 0.953125 0.07451923076923077 0.0889423076923077
2 0.8413461538461539 0.9723557692307693 0.04447115384615385 0.04807692307692308
2 0.19831730769230768 0.3894230769230769 0.21995192307692307 0.33413461538461536
12 0.23197115384615385 0.5180288461538461 0.10697115384615384 0.02283653846153846
12 0.4230769230769231 0.4699519230769231 0.09375 0.07451923076923077
2 0.25721153846153844 0.8798076923076923 0.1310096153846154 0.13581730769230768
2 0.7223557692307693 0.796875 0.14903846153846154 0.15745192307692307
2 0.9651442307692307 0.7872596153846154 0.06971153846153846 0.16826923076923078
2 0.59375 0.7115384615384616 0.15745192307692307 0.21875
2 0.7415865384615384 0.16466346153846154 0.1658653846153846 0.1814903846153846
2 0.8137019230769231 0.8677884615384616 0.09735576923076923 0.15865384615384615
2 0.19951923076923078 0.6382211538461539 0.051682692307692304 0.16105769230769232
2 0.25 0.17307692307692307 0.06610576923076923 0.10576923076923077
2 0.9290865384615384 0.9086538461538461 0.12379807692307693 0.14302884615384615
2 0.8533653846153846 0.3701923076923077 0.09735576923076923 0.22235576923076922
2 0.7608173076923077 0.6069711538461539 0.16105769230769232 0.2548076923076923
2 0.13581730769230768 0.3269230769230769 0.09134615384615384 0.11177884615384616
12 0.53125 0.35336538461538464 0.09014423076923077 0.08052884615384616
2 0.5889423076923077 0.4723557692307692 0.3894230769230769 0.4951923076923077
2 0.6105769230769231 0.7764423076923077 0.027644230769230768 0.040865384615384616
2 0.006009615384615385 0.11658653846153846 0.010817307692307692 0.026442307692307692
2 0.32572115384615385 0.7944711538461539 0.25600961538461536 0.2536057692307692
2 0.8485576923076923 0.6225961538461539 0.05889423076923077 0.054086538461538464
2 0.06850961538461539 0.9194711538461539 0.13701923076923078 0.15384615384615385
5 0.6466346153846154 0.3858173076923077 0.027644230769230768 0.040865384615384616
2 0.46153846153846156 0.7475961538461539 0.04447115384615385 0.08052884615384616
2 0.3317307692307692 0.3701923076923077 0.04807692307692308 0.05889423076923077
2 0.020432692307692308 0.09735576923076923 0.016826923076923076 0.021634615384615384
2 0.04326923076923077 0.47115384615384615 0.08653846153846154 0.21394230769230768
2 0.0985576923076923 0.7824519230769231 0.1971153846153846 0.14903846153846154
2 0.8641826923076923 0.7584134615384616 0.14182692307692307 0.19951923076923078
2 0.3942307692307692 0.25 0.18870192307692307 0.23557692307692307
2 0.6141826923076923 0.953125 0.0985576923076923 0.08653846153846154
2 0.13221153846153846 0.13701923076923078 0.20192307692307693 0.27283653846153844
2 0.9302884615384616 0.5552884615384616 0.13942307692307693 0.2980769230769231
2 0.7403846153846154 0.9375 0.16706730769230768 0.11899038461538461
