2 0.09375 0.7355769230769231 0.019230769230769232 0.07692307692307693
2 0.028846153846153848 0.9771634615384616 0.057692307692307696 0.042067307692307696
2 0.8401442307692307 0.26322115384615385 0.31850961538461536 0.5264423076923077
2 0.484375 0.22235576923076922 0.09014423076923077 0.12980769230769232
2 0.6574519230769231 0.90625 0.19951923076923078 0.18269230769230768
2 0.8389423076923077 0.5180288461538461 0.06370192307692307 0.109375
2 0.375 0.8365384615384616 0.055288461538461536 0.1141826923076923
2 0.2776442307692308 0.8100961538461539 0.03125 0.02283653846153846
2 0.01201923076923077 0.5745192307692307 0.02403846153846154 0.08173076923076923
2 0.13221153846153846 0.7199519230769231 0.05889423076923077 0.09254807692307693
2 0.546875 0.5096153846153846 0.21514423076923078 0.38100961538461536
12 0.5420673076923077 0.41225961538461536 0.21394230769230768 0.6610576923076923
2 0.03485576923076923 0.31009615384615385 0.042067307692307696 0.04807692307692308
2 0.04927884615384615 0.7175480769230769 0.04447115384615385 0.056490384615384616
2 0.057692307692307696 0.6262019230769231 0.0673076923076923 0.14302884615384615
2 0.5084134615384616 0.9519230769230769 0.09014423076923077 0.09134615384615384
2 0.13341346153846154 0.8293269230769231 0.2668269230769231 0.16105769230769232
2 0.34134615384615385 0.6935096153846154 0.1310096153846154 0.16706730769230768
2 0.7307692307692307 0.5793269230769231 0.1502403846153846 0.42908653846153844
2 0.65625 0.15264423076923078 0.23557692307692307 0.30528846153846156
2 0.2824519230769231 0.9543269230769231 0.25721153846153844 0.08653846153846154
2 0.33533653846153844 0.8786057692307693 0.014423076923076924 0.021634615384615384
2 0.038461538461538464 0.1875 0.07692307692307693 0.05048076923076923
2 0.12740384615384615 0.921875 0.042067307692307696 0.11298076923076923
2 0.8774038461538461 0.7728365384615384 0.24519230769230768 0.4519230769230769
2 0.7163461538461539 0.8004807692307693 0.03365384615384615 0.042067307692307696
2 0.25841346153846156 0.09254807692307693 0.5168269230769231 0.1814903846153846
2 0.2776442307692308 0.7752403846153846 0.025240384615384616 0.03125
2 0.3233173076923077 0.7824519230769231 0.04807692307692308 0.051682692307692304
2 0.390625 0.5408653846153846 0.09735576923076923 0.17067307692307693
2 0.008413461538461538 0.6670673076923077 0.016826923076923076 0.021634615384615384
2 0.078125 0.9170673076923077 0.06850961538461539 0.06971153846153846
2 0.32211538461538464 0.8353365384615384 0.016826923076923076 0.027644230769230768
2 0.48677884615384615 0.8269230769230769 0.17067307692307693 0.16706730769230768
3 0.265625 0.22355769230769232 0.29086538461538464 0.08173076923076923
2 0.5444711538461539 0.8701923076923077 0.07211538461538461 0.054086538461538464
2 0.6189903846153846 0.7596153846153846 0.04567307692307692 0.08653846153846154
2 0.21754807692307693 0.5 0.43509615384615385 0.47596153846153844
2 0.421875 0.7271634615384616 0.05889423076923077 0.09375
