2 0.41947115384615385 0.27524038461538464 0.052884615384615384 0.06009615384615385
2 0.4326923076923077 0.16346153846153846 0.057692307692307696 0.08173076923076923
2 0.984375 0.4699519230769231 0.03125 0.042067307692307696
2 0.9615384615384616 0.6574519230769231 0.05889423076923077 0.0889423076923077
2 0.5853365384615384 0.9615384615384616 0.05889423076923077 0.07091346153846154
2 0.9927884615384616 0.7728365384615384 0.014423076923076924 0.046875
2 0.056490384615384616 0.5372596153846154 0.09254807692307693 0.22115384615384615
2 0.8701923076923077 0.10576923076923077 0.09014423076923077 0.10576923076923077
2 0.8028846153846154 0.6045673076923077 0.08052884615384616 0.05889423076923077
2 0.6274038461538461 0.07692307692307693 0.08653846153846154 0.09375
2 0.8245192307692307 0.21875 0.051682692307692304 0.05889423076923077
12 0.23798076923076922 0.4987980769230769 0.31850961538461536 0.9951923076923077
2 0.21153846153846154 0.8004807692307693 0.038461538461538464 0.06490384615384616
2 0.051682692307692304 0.7764423076923077 0.04326923076923077 0.055288461538461536
2 0.6189903846153846 0.375 0.04326923076923077 0.057692307692307696
2 0.7463942307692307 0.78125 0.05048076923076923 0.051682692307692304
2 0.5432692307692307 0.43028846153846156 0.038461538461538464 0.046875
