2 0.051682692307692304 0.29927884615384615 0.09975961538461539 0.11177884615384616
2 0.28725961538461536 0.5276442307692307 0.02403846153846154 0.03245192307692308
2 0.040865384615384616 0.8882211538461539 0.08173076923076923 0.19951923076923078
2 0.9074519230769231 0.6442307692307693 0.1814903846153846 0.20793269230769232
2 0.9387019230769231 0.8233173076923077 0.10336538461538461 0.09735576923076923
2 0.40024038461538464 0.6802884615384616 0.07211538461538461 0.08173076923076923
2 0.9495192307692307 0.28125 0.10096153846153846 0.26802884615384615
2 0.7536057692307693 0.5853365384615384 0.040865384615384616 0.06129807692307692
2 0.02403846153846154 0.06370192307692307 0.04807692307692308 0.10096153846153846
2 0.8004807692307693 0.9495192307692307 0.0673076923076923 0.08173076923076923
2 0.14543269230769232 0.390625 0.29086538461538464 0.13701923076923078
2 0.4362980769230769 0.9278846153846154 0.10336538461538461 0.12139423076923077
2 0.8185096153846154 0.7692307692307693 0.11057692307692307 0.1935096153846154
2 0.3269230769230769 0.8798076923076923 0.16706730769230768 0.2091346153846154
2 0.8485576923076923 0.3629807692307692 0.1045673076923077 0.1466346153846154
2 0.390625 0.1466346153846154 0.08653846153846154 0.15144230769230768
2 0.4098557692307692 0.7740384615384616 0.1310096153846154 0.13341346153846154
2 0.15504807692307693 0.8028846153846154 0.15264423076923078 0.39302884615384615
2 0.12259615384615384 0.1814903846153846 0.06850961538461539 0.08173076923076923
2 0.1658653846153846 0.09495192307692307 0.03365384615384615 0.04567307692307692
2 0.046875 0.49399038461538464 0.08533653846153846 0.07932692307692307
2 0.17908653846153846 0.28846153846153844 0.04567307692307692 0.056490384615384616
12 0.6057692307692307 0.4987980769230769 0.3269230769230769 0.9963942307692307
2 0.703125 0.12379807692307693 0.08533653846153846 0.10697115384615384
2 0.9266826923076923 0.4831730769230769 0.05889423076923077 0.07932692307692307
2 0.8052884615384616 0.21394230769230768 0.11177884615384616 0.13942307692307693
2 0.7572115384615384 0.3870192307692308 0.09134615384615384 0.1466346153846154
2 0.3076923076923077 0.6802884615384616 0.1310096153846154 0.16706730769230768
2 0.030048076923076924 0.6213942307692307 0.06009615384615385 0.109375
2 0.5492788461538461 0.8088942307692307 0.08413461538461539 0.11538461538461539
2 0.4375 0.5108173076923077 0.11057692307692307 0.2283653846153846
2 0.5288461538461539 0.9651442307692307 0.040865384615384616 0.05048076923076923
2 0.90625 0.07572115384615384 0.1875 0.15144230769230768
