2 0.9579326923076923 0.6742788461538461 0.021634615384615384 0.03365384615384615
2 0.9158653846153846 0.021634615384615384 0.027644230769230768 0.036057692307692304
2 0.9939903846153846 0.7992788461538461 0.01201923076923077 0.06971153846153846
2 0.7271634615384616 0.5576923076923077 0.02403846153846154 0.037259615384615384
2 0.10096153846153846 0.7692307692307693 0.03245192307692308 0.04326923076923077
2 0.9338942307692307 0.7704326923076923 0.04326923076923077 0.06490384615384616
2 0.203125 0.5600961538461539 0.051682692307692304 0.07451923076923077
2 0.6838942307692307 0.31850961538461536 0.03485576923076923 0.07451923076923077
2 0.7992788461538461 0.8581730769230769 0.03125 0.06850961538461539
2 0.6850961538461539 0.39903846153846156 0.07211538461538461 0.07451923076923077
2 0.9723557692307693 0.7524038461538461 0.03365384615384615 0.08173076923076923
2 0.19110576923076922 0.4375 0.027644230769230768 0.03245192307692308
2 0.13221153846153846 0.6887019230769231 0.03485576923076923 0.03365384615384615
2 0.04326923076923077 0.26802884615384615 0.03485576923076923 0.027644230769230768
2 0.8149038461538461 0.025240384615384616 0.03365384615384615 0.05048076923076923
0 0.18990384615384615 0.5877403846153846 0.040865384615384616 0.051682692307692304
2 0.8329326923076923 0.3545673076923077 0.10096153846153846 0.21634615384615385
2 0.36899038461538464 0.47716346153846156 0.038461538461538464 0.046875
2 0.4230769230769231 0.12139423076923077 0.03245192307692308 0.04567307692307692
2 0.32572115384615385 0.6153846153846154 0.019230769230769232 0.02403846153846154
2 0.8834134615384616 0.8317307692307693 0.020432692307692308 0.027644230769230768
0 0.3954326923076923 0.46274038461538464 0.06129807692307692 0.0889423076923077
2 0.7848557692307693 0.7151442307692307 0.02403846153846154 0.026442307692307692
2 0.8221153846153846 0.05889423076923077 0.02403846153846154 0.028846153846153848
2 0.4110576923076923 0.3401442307692308 0.06610576923076923 0.07451923076923077
2 0.7475961538461539 0.8978365384615384 0.027644230769230768 0.021634615384615384
2 0.09254807692307693 0.5817307692307693 0.04807692307692308 0.05048076923076923
2 0.8221153846153846 0.5396634615384616 0.055288461538461536 0.0829326923076923
2 0.5865384615384616 0.8509615384615384 0.027644230769230768 0.036057692307692304
2 0.3786057692307692 0.7884615384615384 0.026442307692307692 0.07091346153846154
0 0.9110576923076923 0.5348557692307693 0.1778846153846154 0.21875
2 0.8617788461538461 0.22716346153846154 0.019230769230769232 0.04326923076923077
0 0.9927884615384616 0.2848557692307692 0.013221153846153846 0.08653846153846154
2 0.9819711538461539 0.9158653846153846 0.036057692307692304 0.057692307692307696
4 0.4651442307692308 0.8942307692307693 0.04567307692307692 0.20673076923076922
2 0.18269230769230768 0.7800480769230769 0.09375 0.14903846153846154
2 0.5108173076923077 0.9050480769230769 0.037259615384615384 0.06490384615384616
2 0.9855769230769231 0.04807692307692308 0.021634615384615384 0.04447115384615385
0 0.07572115384615384 0.8305288461538461 0.057692307692307696 0.0889423076923077
2 0.6610576923076923 0.7740384615384616 0.02403846153846154 0.038461538461538464
2 0.057692307692307696 0.06009615384615385 0.026442307692307692 0.021634615384615384
0 0.31850961538461536 0.7175480769230769 0.18269230769230768 0.28365384615384615
0 0.29086538461538464 0.5012019230769231 0.030048076923076924 0.03245192307692308
2 0.5661057692307693 0.7848557692307693 0.03485576923076923 0.04326923076923077
2 0.6526442307692307 0.3485576923076923 0.05889423076923077 0.06009615384615385
2 0.12860576923076922 0.6454326923076923 0.040865384615384616 0.056490384615384616
2 0.5480769230769231 0.23557692307692307 0.06610576923076923 0.06850961538461539
2 0.10216346153846154 0.6899038461538461 0.016826923076923076 0.027644230769230768
2 0.9747596153846154 0.109375 0.05048076923076923 0.05048076923076923
2 0.9855769230769231 0.6009615384615384 0.028846153846153848 0.09134615384615384
2 0.3545673076923077 0.8545673076923077 0.03245192307692308 0.05048076923076923
4 0.6826923076923077 0.49759615384615385 0.22115384615384615 0.9951923076923077
2 0.3701923076923077 0.9242788461538461 0.04927884615384615 0.10216346153846154
2 0.9098557692307693 0.0889423076923077 0.027644230769230768 0.05889423076923077
2 0.4495192307692308 0.9399038461538461 0.03485576923076923 0.06009615384615385
2 0.7319711538461539 0.8557692307692307 0.02403846153846154 0.027644230769230768
3 0.20673076923076922 0.4014423076923077 0.3737980769230769 0.4026442307692308
2 0.4326923076923077 0.49278846153846156 0.016826923076923076 0.03485576923076923
2 0.14543269230769232 0.4879807692307692 0.03125 0.027644230769230768
2 0.8545673076923077 0.7980769230769231 0.051682692307692304 0.04567307692307692
0 0.004807692307692308 0.8064903846153846 0.009615384615384616 0.056490384615384616
2 0.6177884615384616 0.3004807692307692 0.021634615384615384 0.03245192307692308
2 0.8918269230769231 0.1971153846153846 0.026442307692307692 0.027644230769230768
0 0.05048076923076923 0.6165865384615384 0.10096153846153846 0.12139423076923077
2 0.46634615384615385 0.4050480769230769 0.026442307692307692 0.03125
2 0.24639423076923078 0.22716346153846154 0.11057692307692307 0.1814903846153846
2 0.6802884615384616 0.8389423076923077 0.021634615384615384 0.028846153846153848
0 0.12259615384615384 0.9194711538461539 0.24519230769230768 0.15144230769230768
2 0.23918269230769232 0.47716346153846156 0.021634615384615384 0.027644230769230768
2 0.5432692307692307 0.8846153846153846 0.040865384615384616 0.038461538461538464
2 0.8521634615384616 0.9651442307692307 0.025240384615384616 0.054086538461538464
0 0.5637019230769231 0.4951923076923077 0.3088942307692308 0.5925480769230769
2 0.33533653846153844 0.10697115384615384 0.052884615384615384 0.12139423076923077
2 0.09254807692307693 0.8713942307692307 0.06009615384615385 0.10576923076923077
2 0.5408653846153846 0.12860576923076922 0.014423076923076924 0.036057692307692304
2 0.41225961538461536 0.8173076923076923 0.040865384615384616 0.06370192307692307
