2 0.5817307692307693 0.17427884615384615 0.03365384615384615 0.04567307692307692
2 0.44711538461538464 0.19471153846153846 0.027644230769230768 0.03365384615384615
2 0.6862980769230769 0.8978365384615384 0.04326923076923077 0.04567307692307692
4 0.5 0.5372596153846154 0.9987980769230769 0.8990384615384616
2 0.6959134615384616 0.45913461538461536 0.125 0.125
2 0.3954326923076923 0.8293269230769231 0.12740384615384615 0.12620192307692307
2 0.17307692307692307 0.3954326923076923 0.038461538461538464 0.051682692307692304
2 0.10817307692307693 0.5673076923076923 0.04567307692307692 0.05048076923076923
2 0.2283653846153846 0.0733173076923077 0.0985576923076923 0.07091346153846154
2 0.7463942307692307 0.17668269230769232 0.01201923076923077 0.014423076923076924
2 0.015625 0.3942307692307692 0.03125 0.07451923076923077
2 0.03245192307692308 0.3088942307692308 0.06490384615384616 0.06009615384615385
2 0.6274038461538461 0.2620192307692308 0.018028846153846152 0.03125
2 0.8076923076923077 0.3942307692307692 0.027644230769230768 0.037259615384615384
2 0.5036057692307693 0.2247596153846154 0.027644230769230768 0.039663461538461536
2 0.71875 0.22115384615384615 0.016826923076923076 0.019230769230769232
2 0.9254807692307693 0.4230769230769231 0.018028846153846152 0.018028846153846152
0 0.4014423076923077 0.8161057692307693 0.8028846153846154 0.36177884615384615
0 0.013221153846153846 0.6586538461538461 0.026442307692307692 0.15144230769230768
2 0.13942307692307693 0.8774038461538461 0.020432692307692308 0.036057692307692304
2 0.7007211538461539 0.3293269230769231 0.030048076923076924 0.042067307692307696
2 0.8978365384615384 0.4375 0.016826923076923076 0.03485576923076923
2 0.7415865384615384 0.25721153846153844 0.019230769230769232 0.019230769230769232
2 0.7872596153846154 0.2692307692307692 0.01201923076923077 0.019230769230769232
2 0.3245192307692308 0.030048076923076924 0.052884615384615384 0.06009615384615385
2 0.027644230769230768 0.23197115384615385 0.055288461538461536 0.06971153846153846
2 0.6057692307692307 0.6730769230769231 0.08413461538461539 0.06129807692307692
2 0.9050480769230769 0.06490384615384616 0.027644230769230768 0.037259615384615384
2 0.09735576923076923 0.7067307692307693 0.03365384615384615 0.04567307692307692
2 0.8137019230769231 0.3161057692307692 0.014423076923076924 0.027644230769230768
2 0.16947115384615385 0.47716346153846156 0.03245192307692308 0.04567307692307692
2 0.6670673076923077 0.19110576923076922 0.027644230769230768 0.039663461538461536
2 0.3798076923076923 0.671875 0.03485576923076923 0.1141826923076923
2 0.8822115384615384 0.15264423076923078 0.027644230769230768 0.04567307692307692
2 0.9591346153846154 0.17427884615384615 0.016826923076923076 0.026442307692307692
0 0.9675480769230769 0.4567307692307692 0.06490384615384616 0.0733173076923077
