2 0.18028846153846154 0.4362980769230769 0.03485576923076923 0.036057692307692304
2 0.65625 0.7067307692307693 0.026442307692307692 0.03365384615384615
2 0.18028846153846154 0.2091346153846154 0.008413461538461538 0.021634615384615384
5 0.3798076923076923 0.09134615384615384 0.02283653846153846 0.03485576923076923
2 0.296875 0.14543269230769232 0.10096153846153846 0.14423076923076922
2 0.5408653846153846 0.39663461538461536 0.018028846153846152 0.03485576923076923
2 0.24879807692307693 0.6862980769230769 0.018028846153846152 0.027644230769230768
2 0.36658653846153844 0.037259615384615384 0.014423076923076924 0.03365384615384615
2 0.7668269230769231 0.7668269230769231 0.020432692307692308 0.027644230769230768
2 0.4579326923076923 0.7944711538461539 0.06129807692307692 0.11298076923076923
2 0.02403846153846154 0.4483173076923077 0.007211538461538462 0.018028846153846152
2 0.11778846153846154 0.1971153846153846 0.020432692307692308 0.018028846153846152
5 0.27403846153846156 0.17067307692307693 0.021634615384615384 0.03245192307692308
2 0.359375 0.003605769230769231 0.01201923076923077 0.007211538461538462
2 0.9362980769230769 0.36778846153846156 0.009615384615384616 0.02283653846153846
2 0.8774038461538461 0.7572115384615384 0.040865384615384616 0.05889423076923077
2 0.2860576923076923 0.7824519230769231 0.010817307692307692 0.019230769230769232
2 0.4483173076923077 0.8978365384615384 0.016826923076923076 0.02403846153846154
2 0.08052884615384616 0.203125 0.02283653846153846 0.03125
2 0.7848557692307693 0.054086538461538464 0.027644230769230768 0.040865384615384616
2 0.32211538461538464 0.7680288461538461 0.01201923076923077 0.014423076923076924
2 0.18629807692307693 0.7355769230769231 0.026442307692307692 0.02283653846153846
2 0.7680288461538461 0.21514423076923078 0.01201923076923077 0.01201923076923077
2 0.9747596153846154 0.6911057692307693 0.018028846153846152 0.026442307692307692
2 0.20432692307692307 0.8052884615384616 0.12379807692307693 0.09735576923076923
2 0.9098557692307693 0.625 0.04447115384615385 0.06490384615384616
2 0.9963942307692307 0.7572115384615384 0.007211538461538462 0.018028846153846152
2 0.9903846153846154 0.609375 0.019230769230769232 0.026442307692307692
2 0.9795673076923077 0.5745192307692307 0.028846153846153848 0.027644230769230768
2 0.27884615384615385 0.2127403846153846 0.016826923076923076 0.016826923076923076
2 0.8545673076923077 0.20432692307692307 0.019230769230769232 0.052884615384615384
5 0.125 0.24879807692307693 0.02403846153846154 0.03245192307692308
2 0.20192307692307693 0.18269230769230768 0.020432692307692308 0.01201923076923077
2 0.7992788461538461 0.1935096153846154 0.018028846153846152 0.028846153846153848
2 0.4050480769230769 0.1466346153846154 0.037259615384615384 0.05048076923076923
0 0.7259615384615384 0.7199519230769231 0.04447115384615385 0.04447115384615385
2 0.08052884615384616 0.31009615384615385 0.02403846153846154 0.027644230769230768
5 0.8197115384615384 0.6610576923076923 0.028846153846153848 0.040865384615384616
2 0.07091346153846154 0.671875 0.027644230769230768 0.03245192307692308
2 0.125 0.4987980769230769 0.019230769230769232 0.013221153846153846
2 0.6875 0.4266826923076923 0.0733173076923077 0.06370192307692307
2 0.34975961538461536 0.9615384615384616 0.009615384615384616 0.016826923076923076
2 0.028846153846153848 0.5757211538461539 0.01201923076923077 0.014423076923076924
2 0.12980769230769232 0.15504807692307693 0.010817307692307692 0.019230769230769232
2 0.8413461538461539 0.9783653846153846 0.021634615384615384 0.040865384615384616
2 0.9963942307692307 0.6947115384615384 0.007211538461538462 0.018028846153846152
2 0.6694711538461539 0.90625 0.019230769230769232 0.02403846153846154
2 0.3112980769230769 0.9783653846153846 0.05048076923076923 0.040865384615384616
2 0.14783653846153846 0.40625 0.04567307692307692 0.078125
2 0.8353365384615384 0.8894230769230769 0.014423076923076924 0.019230769230769232
2 0.7367788461538461 0.8100961538461539 0.038461538461538464 0.036057692307692304
2 0.42908653846153844 0.9399038461538461 0.013221153846153846 0.028846153846153848
2 0.06850961538461539 0.16706730769230768 0.009615384615384616 0.015625
2 0.6995192307692307 0.7271634615384616 0.030048076923076924 0.051682692307692304
2 0.47596153846153844 0.6790865384615384 0.014423076923076924 0.01201923076923077
2 0.39783653846153844 0.036057692307692304 0.016826923076923076 0.010817307692307692
2 0.7163461538461539 0.7596153846153846 0.01201923076923077 0.01201923076923077
2 0.08052884615384616 0.23197115384615385 0.042067307692307696 0.026442307692307692
2 0.5913461538461539 0.3798076923076923 0.007211538461538462 0.008413461538461538
2 0.35697115384615385 0.11057692307692307 0.040865384615384616 0.056490384615384616
2 0.34134615384615385 0.7451923076923077 0.037259615384615384 0.027644230769230768
2 0.06850961538461539 0.2692307692307692 0.026442307692307692 0.03485576923076923
2 0.9855769230769231 0.49399038461538464 0.009615384615384616 0.014423076923076924
2 0.020432692307692308 0.21394230769230768 0.016826923076923076 0.021634615384615384
2 0.052884615384615384 0.8846153846153846 0.016826923076923076 0.028846153846153848
2 0.7692307692307693 0.7175480769230769 0.016826923076923076 0.020432692307692308
2 0.6298076923076923 0.44711538461538464 0.010817307692307692 0.025240384615384616
2 0.6706730769230769 0.30288461538461536 0.010817307692307692 0.02283653846153846
2 0.9266826923076923 0.10576923076923077 0.014423076923076924 0.015625
2 0.8641826923076923 0.2692307692307692 0.027644230769230768 0.03125
2 0.9471153846153846 0.421875 0.020432692307692308 0.016826923076923076
2 0.007211538461538462 0.9855769230769231 0.013221153846153846 0.026442307692307692
2 0.9519230769230769 0.6634615384615384 0.03125 0.030048076923076924
5 0.10336538461538461 0.25841346153846156 0.021634615384615384 0.036057692307692304
2 0.5612980769230769 0.9254807692307693 0.01201923076923077 0.014423076923076924
2 0.8064903846153846 0.2932692307692308 0.018028846153846152 0.027644230769230768
2 0.7127403846153846 0.4026442307692308 0.021634615384615384 0.03245192307692308
2 0.7367788461538461 0.9879807692307693 0.014423076923076924 0.020432692307692308
2 0.32211538461538464 0.4098557692307692 0.040865384615384616 0.05048076923076923
2 0.8521634615384616 0.4855769230769231 0.05048076923076923 0.08173076923076923
2 0.8413461538461539 0.921875 0.013221153846153846 0.03125
2 0.7848557692307693 0.9399038461538461 0.009615384615384616 0.018028846153846152
0 0.8942307692307693 0.04807692307692308 0.21153846153846154 0.09615384615384616
2 0.6622596153846154 0.6682692307692307 0.016826923076923076 0.02283653846153846
2 0.38822115384615385 0.8846153846153846 0.03485576923076923 0.02403846153846154
2 0.9903846153846154 0.9206730769230769 0.019230769230769232 0.03365384615384615
2 0.9278846153846154 0.4699519230769231 0.016826923076923076 0.020432692307692308
2 0.006009615384615385 0.9387019230769231 0.010817307692307692 0.042067307692307696
2 0.890625 0.6778846153846154 0.027644230769230768 0.036057692307692304
3 0.34134615384615385 0.4026442307692308 0.11538461538461539 0.3942307692307692
2 0.039663461538461536 0.021634615384615384 0.027644230769230768 0.02403846153846154
2 0.5264423076923077 0.9194711538461539 0.03485576923076923 0.056490384615384616
2 0.34975961538461536 0.9158653846153846 0.04567307692307692 0.036057692307692304
2 0.8149038461538461 0.6430288461538461 0.04807692307692308 0.027644230769230768
2 0.9939903846153846 0.3473557692307692 0.010817307692307692 0.01201923076923077
2 0.8100961538461539 0.6045673076923077 0.021634615384615384 0.019230769230769232
2 0.09495192307692307 0.3485576923076923 0.01201923076923077 0.014423076923076924
5 0.19230769230769232 0.8930288461538461 0.025240384615384616 0.037259615384615384
2 0.22716346153846154 0.8774038461538461 0.030048076923076924 0.03485576923076923
2 0.9338942307692307 0.22596153846153846 0.13221153846153846 0.109375
2 0.8894230769230769 0.9423076923076923 0.019230769230769232 0.03125
2 0.19831730769230768 0.004807692307692308 0.009615384615384616 0.009615384615384616
2 0.010817307692307692 0.7175480769230769 0.021634615384615384 0.07692307692307693
2 0.15985576923076922 0.2548076923076923 0.027644230769230768 0.02283653846153846
2 0.6538461538461539 0.7920673076923077 0.057692307692307696 0.04807692307692308
2 0.6201923076923077 0.6658653846153846 0.013221153846153846 0.014423076923076924
2 0.375 0.19951923076923078 0.013221153846153846 0.03125
2 0.15985576923076922 0.3401442307692308 0.06129807692307692 0.054086538461538464
2 0.8197115384615384 0.203125 0.014423076923076924 0.018028846153846152
2 0.19230769230769232 0.6862980769230769 0.03245192307692308 0.05048076923076923
2 0.8401442307692307 0.16947115384615385 0.01201923076923077 0.014423076923076924
2 0.2548076923076923 0.859375 0.014423076923076924 0.019230769230769232
2 0.8810096153846154 0.5276442307692307 0.02403846153846154 0.04326923076923077
2 0.0889423076923077 0.09014423076923077 0.04567307692307692 0.051682692307692304
2 0.5745192307692307 0.7079326923076923 0.027644230769230768 0.037259615384615384
2 0.28846153846153844 0.9230769230769231 0.09975961538461539 0.05889423076923077
2 0.9459134615384616 0.7247596153846154 0.020432692307692308 0.03125
2 0.7391826923076923 0.7872596153846154 0.010817307692307692 0.016826923076923076
2 0.1622596153846154 0.75 0.02403846153846154 0.04326923076923077
5 0.2644230769230769 0.296875 0.028846153846153848 0.04326923076923077
2 0.04807692307692308 0.19230769230769232 0.03245192307692308 0.0733173076923077
0 0.6069711538461539 0.4050480769230769 0.03245192307692308 0.04447115384615385
2 0.625 0.9543269230769231 0.014423076923076924 0.015625
2 0.6947115384615384 0.5360576923076923 0.06971153846153846 0.1310096153846154
2 0.4098557692307692 0.3786057692307692 0.04447115384615385 0.02403846153846154
2 0.9350961538461539 0.5985576923076923 0.02403846153846154 0.030048076923076924
2 0.6875 0.019230769230769232 0.040865384615384616 0.03485576923076923
2 0.078125 0.5 0.014423076923076924 0.02283653846153846
5 0.6478365384615384 0.8569711538461539 0.030048076923076924 0.04447115384615385
2 0.24759615384615385 0.625 0.03365384615384615 0.036057692307692304
2 0.8425480769230769 0.24759615384615385 0.026442307692307692 0.040865384615384616
13 0.5396634615384616 0.19951923076923078 0.3161057692307692 0.30408653846153844
2 0.22235576923076922 0.6598557692307693 0.018028846153846152 0.019230769230769232
2 0.7163461538461539 0.6646634615384616 0.015625 0.016826923076923076
2 0.18990384615384615 0.0625 0.016826923076923076 0.014423076923076924
2 0.5997596153846154 0.9158653846153846 0.019230769230769232 0.021634615384615384
2 0.6442307692307693 0.5925480769230769 0.04326923076923077 0.078125
2 0.8305288461538461 0.6069711538461539 0.018028846153846152 0.02283653846153846
2 0.15745192307692307 0.671875 0.008413461538461538 0.015625
2 0.7680288461538461 0.31490384615384615 0.01201923076923077 0.02283653846153846
2 0.9927884615384616 0.43990384615384615 0.013221153846153846 0.027644230769230768
2 0.24158653846153846 0.08173076923076923 0.037259615384615384 0.05048076923076923
2 0.07451923076923077 0.9495192307692307 0.07572115384615384 0.09975961538461539
2 0.9723557692307693 0.6442307692307693 0.009615384615384616 0.010817307692307692
2 0.765625 0.6322115384615384 0.01201923076923077 0.010817307692307692
2 0.9675480769230769 0.5180288461538461 0.009615384615384616 0.010817307692307692
0 0.14302884615384615 0.06971153846153846 0.042067307692307696 0.09615384615384616
2 0.109375 0.15625 0.003605769230769231 0.006009615384615385
2 0.9939903846153846 0.36899038461538464 0.01201923076923077 0.018028846153846152
2 0.14423076923076922 0.921875 0.07692307692307693 0.15144230769230768
2 0.734375 0.18389423076923078 0.007211538461538462 0.01201923076923077
2 0.04927884615384615 0.0829326923076923 0.03485576923076923 0.042067307692307696
2 0.5817307692307693 0.7692307692307693 0.03245192307692308 0.04927884615384615
2 0.9795673076923077 0.47475961538461536 0.013221153846153846 0.014423076923076924
2 0.7692307692307693 0.6694711538461539 0.021634615384615384 0.02283653846153846
2 0.4014423076923077 0.9483173076923077 0.007211538461538462 0.006009615384615385
2 0.39903846153846156 0.9939903846153846 0.014423076923076924 0.01201923076923077
2 0.21634615384615385 0.43990384615384615 0.021634615384615384 0.026442307692307692
2 0.08533653846153846 0.007211538461538462 0.008413461538461538 0.014423076923076924
2 0.25240384615384615 0.4170673076923077 0.03125 0.046875
2 0.38341346153846156 0.37740384615384615 0.014423076923076924 0.018028846153846152
2 0.24879807692307693 0.019230769230769232 0.02403846153846154 0.030048076923076924
2 0.7692307692307693 0.9699519230769231 0.021634615384615384 0.019230769230769232
2 0.3786057692307692 0.8233173076923077 0.014423076923076924 0.026442307692307692
3 0.9483173076923077 0.7367788461538461 0.10336538461538461 0.2644230769230769
2 0.21754807692307693 0.04447115384615385 0.009615384615384616 0.021634615384615384
2 0.16947115384615385 0.01201923076923077 0.009615384615384616 0.010817307692307692
2 0.6923076923076923 0.7944711538461539 0.019230769230769232 0.019230769230769232
2 0.3701923076923077 0.7716346153846154 0.01201923076923077 0.040865384615384616
2 0.21394230769230768 0.34975961538461536 0.013221153846153846 0.021634615384615384
2 0.8076923076923077 0.9951923076923077 0.019230769230769232 0.008413461538461538
2 0.03125 0.640625 0.038461538461538464 0.056490384615384616
2 0.04927884615384615 0.5805288461538461 0.02403846153846154 0.019230769230769232
2 0.859375 0.4411057692307692 0.016826923076923076 0.019230769230769232
2 0.03485576923076923 0.32572115384615385 0.06971153846153846 0.11177884615384616
2 0.49399038461538464 0.8810096153846154 0.009615384615384616 0.014423076923076924
2 0.5865384615384616 0.8257211538461539 0.03245192307692308 0.036057692307692304
2 0.8870192307692307 0.4362980769230769 0.009615384615384616 0.01201923076923077
2 0.8305288461538461 0.10096153846153846 0.020432692307692308 0.018028846153846152
2 0.375 0.9867788461538461 0.02403846153846154 0.02403846153846154
2 0.8629807692307693 0.6141826923076923 0.009615384615384616 0.014423076923076924
2 0.9903846153846154 0.41466346153846156 0.010817307692307692 0.009615384615384616
2 0.46033653846153844 0.5817307692307693 0.12259615384615384 0.14182692307692307
2 0.08774038461538461 0.5564903846153846 0.009615384615384616 0.01201923076923077
2 0.19471153846153846 0.3954326923076923 0.016826923076923076 0.028846153846153848
2 0.8353365384615384 0.8064903846153846 0.014423076923076924 0.019230769230769232
2 0.9543269230769231 0.3088942307692308 0.007211538461538462 0.008413461538461538
2 0.8377403846153846 0.8533653846153846 0.040865384615384616 0.027644230769230768
2 0.2956730769230769 0.7067307692307693 0.026442307692307692 0.027644230769230768
2 0.27403846153846156 0.06610576923076923 0.013221153846153846 0.02283653846153846
