2 0.22956730769230768 0.6971153846153846 0.018028846153846152 0.036057692307692304
2 0.5721153846153846 0.5661057692307693 0.0625 0.09134615384615384
2 0.16346153846153846 0.6826923076923077 0.019230769230769232 0.037259615384615384
2 0.07572115384615384 0.4411057692307692 0.07211538461538461 0.08774038461538461
2 0.7680288461538461 0.7103365384615384 0.019230769230769232 0.027644230769230768
2 0.9206730769230769 0.0829326923076923 0.04807692307692308 0.055288461538461536
0 0.16466346153846154 0.8846153846153846 0.24759615384615385 0.2283653846153846
0 0.20673076923076922 0.3942307692307692 0.32572115384615385 0.2692307692307692
3 0.5324519230769231 0.7043269230769231 0.3545673076923077 0.5865384615384616
2 0.4375 0.22115384615384615 0.04447115384615385 0.04447115384615385
2 0.9170673076923077 0.7271634615384616 0.056490384615384616 0.09735576923076923
2 0.6971153846153846 0.6514423076923077 0.019230769230769232 0.03245192307692308
2 0.39663461538461536 0.3918269230769231 0.037259615384615384 0.040865384615384616
2 0.4807692307692308 0.9350961538461539 0.03365384615384615 0.0673076923076923
2 0.53125 0.359375 0.021634615384615384 0.03125
2 0.12139423076923077 0.6778846153846154 0.03485576923076923 0.051682692307692304
4 0.5 0.6177884615384616 1 0.7632211538461539
5 0.8413461538461539 0.3004807692307692 0.13942307692307693 0.18509615384615385
2 0.8509615384615384 0.6706730769230769 0.08413461538461539 0.07451923076923077
2 0.9579326923076923 0.3269230769230769 0.08413461538461539 0.11298076923076923
2 0.06971153846153846 0.6995192307692307 0.03125 0.03485576923076923
2 0.22956730769230768 0.7992788461538461 0.051682692307692304 0.09134615384615384
2 0.03125 0.15264423076923078 0.0625 0.07211538461538461
2 0.3016826923076923 0.9194711538461539 0.027644230769230768 0.10576923076923077
2 0.5 0.2824519230769231 0.0733173076923077 0.10336538461538461
0 0.7367788461538461 0.31009615384615385 0.2980769230769231 0.4579326923076923
2 0.43149038461538464 0.3076923076923077 0.056490384615384616 0.08052884615384616
2 0.7439903846153846 0.65625 0.019230769230769232 0.02403846153846154
2 0.33052884615384615 0.6935096153846154 0.040865384615384616 0.056490384615384616
2 0.12980769230769232 0.1814903846153846 0.0625 0.08173076923076923
2 0.5925480769230769 0.038461538461538464 0.027644230769230768 0.03245192307692308
2 0.6550480769230769 0.625 0.021634615384615384 0.03365384615384615
2 0.7067307692307693 0.7223557692307693 0.04807692307692308 0.03245192307692308
2 0.2920673076923077 0.20072115384615385 0.09495192307692307 0.15745192307692307
0 0.3605769230769231 0.042067307692307696 0.20552884615384615 0.0829326923076923
2 0.021634615384615384 0.49278846153846156 0.042067307692307696 0.10697115384615384
2 0.5048076923076923 0.10216346153846154 0.06490384615384616 0.0673076923076923
2 0.17908653846153846 0.11177884615384616 0.03245192307692308 0.028846153846153848
2 0.4735576923076923 0.15625 0.037259615384615384 0.05048076923076923
2 0.31850961538461536 0.6009615384615384 0.04807692307692308 0.04447115384615385
2 0.08533653846153846 0.6237980769230769 0.037259615384615384 0.056490384615384616
2 0.9278846153846154 0.5793269230769231 0.0733173076923077 0.09375
2 0.8353365384615384 0.796875 0.02403846153846154 0.03365384615384615
2 0.2860576923076923 0.7980769230769231 0.040865384615384616 0.09134615384615384
2 0.3317307692307692 0.09375 0.06971153846153846 0.09134615384615384
