1 0.4879807692307692 0.20793269230769232 0.03125 0.04807692307692308
1 0.14543269230769232 0.2644230769230769 0.037259615384615384 0.09735576923076923
1 0.3389423076923077 0.8509615384615384 0.016826923076923076 0.019230769230769232
1 0.020432692307692308 0.9915865384615384 0.021634615384615384 0.016826923076923076
1 0.8870192307692307 0.7379807692307693 0.025240384615384616 0.03125
1 0.6875 0.5288461538461539 0.25600961538461536 0.3245192307692308
2 0.47716346153846156 0.3545673076923077 0.2536057692307692 0.7091346153846154
1 0.10216346153846154 0.026442307692307692 0.04807692307692308 0.03485576923076923
1 0.3858173076923077 0.75 0.019230769230769232 0.02283653846153846
1 0.8822115384615384 0.5889423076923077 0.025240384615384616 0.03485576923076923
1 0.15865384615384615 0.7536057692307693 0.03125 0.03245192307692308
1 0.5504807692307693 0.19230769230769232 0.02283653846153846 0.027644230769230768
1 0.9050480769230769 0.08533653846153846 0.052884615384615384 0.06971153846153846
1 0.22596153846153846 0.021634615384615384 0.037259615384615384 0.038461538461538464
1 0.25961538461538464 0.7704326923076923 0.015625 0.021634615384615384
1 0.5504807692307693 0.4182692307692308 0.02403846153846154 0.027644230769230768
1 0.765625 0.33533653846153844 0.016826923076923076 0.018028846153846152
1 0.24879807692307693 0.18629807692307693 0.015625 0.016826923076923076
1 0.265625 0.9735576923076923 0.015625 0.025240384615384616
1 0.08533653846153846 0.9723557692307693 0.02403846153846154 0.027644230769230768
1 0.02403846153846154 0.7776442307692307 0.04807692307692308 0.06490384615384616
1 0.052884615384615384 0.8365384615384616 0.02403846153846154 0.06850961538461539
1 0.8701923076923077 0.2764423076923077 0.016826923076923076 0.02283653846153846
1 0.027644230769230768 0.08173076923076923 0.040865384615384616 0.08653846153846154
1 0.4182692307692308 0.9555288461538461 0.051682692307692304 0.06971153846153846
1 0.9807692307692307 0.9326923076923077 0.020432692307692308 0.026442307692307692
1 0.7992788461538461 0.12379807692307693 0.014423076923076924 0.027644230769230768
1 0.16947115384615385 0.3798076923076923 0.013221153846153846 0.019230769230769232
1 0.5516826923076923 0.11899038461538461 0.020432692307692308 0.03365384615384615
1 0.37740384615384615 0.28725961538461536 0.037259615384615384 0.04447115384615385
1 0.17548076923076922 0.14182692307692307 0.06129807692307692 0.09134615384615384
1 0.13701923076923078 0.1502403846153846 0.025240384615384616 0.027644230769230768
1 0.10096153846153846 0.7536057692307693 0.056490384615384616 0.04447115384615385
1 0.9903846153846154 0.5901442307692307 0.019230769230769232 0.030048076923076924
1 0.8076923076923077 0.18509615384615385 0.01201923076923077 0.036057692307692304
1 0.18870192307692307 0.009615384615384616 0.019230769230769232 0.019230769230769232
1 0.0829326923076923 0.5865384615384616 0.027644230769230768 0.027644230769230768
1 0.8942307692307693 0.5576923076923077 0.014423076923076924 0.026442307692307692
1 0.35697115384615385 0.8822115384615384 0.016826923076923076 0.020432692307692308
1 0.7079326923076923 0.96875 0.10817307692307693 0.057692307692307696
1 0.15865384615384615 0.859375 0.03485576923076923 0.021634615384615384
1 0.12379807692307693 0.06610576923076923 0.016826923076923076 0.040865384615384616
1 0.24879807692307693 0.43149038461538464 0.019230769230769232 0.020432692307692308
1 0.3125 0.8161057692307693 0.018028846153846152 0.02283653846153846
1 0.47596153846153844 0.9903846153846154 0.025240384615384616 0.019230769230769232
1 0.08413461538461539 0.19230769230769232 0.055288461538461536 0.05048076923076923
1 0.8425480769230769 0.7175480769230769 0.016826923076923076 0.03125
1 0.17668269230769232 0.8004807692307693 0.04807692307692308 0.08413461538461539
1 0.18269230769230768 0.9915865384615384 0.02403846153846154 0.016826923076923076
1 0.8245192307692307 0.24158653846153846 0.020432692307692308 0.02283653846153846
1 0.5432692307692307 0.3125 0.08774038461538461 0.054086538461538464
1 0.5060096153846154 0.15144230769230768 0.03245192307692308 0.03485576923076923
1 0.31971153846153844 0.7956730769230769 0.013221153846153846 0.02283653846153846
1 0.28125 0.8665865384615384 0.052884615384615384 0.07692307692307693
1 0.7379807692307693 0.7920673076923077 0.02403846153846154 0.036057692307692304
1 0.9435096153846154 0.3545673076923077 0.019230769230769232 0.019230769230769232
1 0.27403846153846156 0.2824519230769231 0.019230769230769232 0.020432692307692308
1 0.009615384615384616 0.9423076923076923 0.019230769230769232 0.042067307692307696
1 0.16466346153846154 0.6622596153846154 0.16947115384615385 0.10697115384615384
1 0.5444711538461539 0.038461538461538464 0.13822115384615385 0.04927884615384615
1 0.2536057692307692 0.38100961538461536 0.04807692307692308 0.02403846153846154
1 0.4338942307692308 0.15625 0.019230769230769232 0.020432692307692308
1 0.90625 0.23197115384615385 0.014423076923076924 0.03365384615384615
1 0.057692307692307696 0.7331730769230769 0.028846153846153848 0.03245192307692308
1 0.13701923076923078 0.9326923076923077 0.013221153846153846 0.021634615384615384
1 0.375 0.8052884615384616 0.016826923076923076 0.026442307692307692
1 0.3701923076923077 0.21394230769230768 0.027644230769230768 0.054086538461538464
1 0.08052884615384616 0.8269230769230769 0.03485576923076923 0.03485576923076923
1 0.5228365384615384 0.10817307692307693 0.02403846153846154 0.02403846153846154
1 0.8197115384615384 0.5348557692307693 0.07692307692307693 0.296875
1 0.6850961538461539 0.06971153846153846 0.03245192307692308 0.056490384615384616
1 0.3713942307692308 0.9651442307692307 0.03125 0.055288461538461536
1 0.15985576923076922 0.5252403846153846 0.019230769230769232 0.030048076923076924
1 0.796875 0.3016826923076923 0.015625 0.03245192307692308
1 0.38461538461538464 0.8990384615384616 0.027644230769230768 0.03245192307692308
1 0.3485576923076923 0.109375 0.08173076923076923 0.10576923076923077
1 0.2776442307692308 0.7512019230769231 0.014423076923076924 0.01201923076923077
1 0.8617788461538461 0.009615384615384616 0.02403846153846154 0.019230769230769232
1 0.2620192307692308 0.13341346153846154 0.016826923076923076 0.026442307692307692
1 0.2860576923076923 0.5504807692307693 0.016826923076923076 0.02283653846153846
1 0.9759615384615384 0.8509615384615384 0.04807692307692308 0.09615384615384616
