2 0.8149038461538461 0.36538461538461536 0.08052884615384616 0.09975961538461539
2 0.08533653846153846 0.765625 0.0625 0.0889423076923077
2 0.7704326923076923 0.7692307692307693 0.21634615384615385 0.21634615384615385
2 0.9230769230769231 0.2548076923076923 0.04807692307692308 0.06129807692307692
2 0.23197115384615385 0.34975961538461536 0.06370192307692307 0.06610576923076923
2 0.15504807692307693 0.10697115384615384 0.06129807692307692 0.06370192307692307
4 0.5 0.5108173076923077 1 0.2091346153846154
2 0.7415865384615384 0.953125 0.04567307692307692 0.056490384615384616
2 0.6009615384615384 0.2512019230769231 0.38461538461538464 0.5024038461538461
2 0.5492788461538461 0.8858173076923077 0.03245192307692308 0.06129807692307692
2 0.2980769230769231 0.2548076923076923 0.04447115384615385 0.09735576923076923
2 0.021634615384615384 0.24879807692307693 0.04326923076923077 0.07451923076923077
2 0.33533653846153844 0.7848557692307693 0.3473557692307692 0.4206730769230769
