2 0.7776442307692307 0.3125 0.030048076923076924 0.027644230769230768
2 0.359375 0.7415865384615384 0.07572115384615384 0.0733173076923077
9 0.28725961538461536 0.41225961538461536 0.5745192307692307 0.21394230769230768
2 0.008413461538461538 0.27163461538461536 0.016826923076923076 0.05048076923076923
2 0.8942307692307693 0.03365384615384615 0.0673076923076923 0.06490384615384616
9 0.8185096153846154 0.5300480769230769 0.3629807692307692 0.0985576923076923
9 0.7055288461538461 0.17427884615384615 0.06850961538461539 0.3485576923076923
2 0.07572115384615384 0.24639423076923078 0.038461538461538464 0.05048076923076923
2 0.13341346153846154 0.019230769230769232 0.04447115384615385 0.037259615384615384
2 0.5084134615384616 0.6009615384615384 0.02403846153846154 0.026442307692307692
2 0.9699519230769231 0.2536057692307692 0.06009615384615385 0.19471153846153846
2 0.3088942307692308 0.8810096153846154 0.038461538461538464 0.05889423076923077
2 0.9290865384615384 0.7391826923076923 0.05889423076923077 0.06490384615384616
0 0.5036057692307693 0.04326923076923077 0.12980769230769232 0.03245192307692308
2 0.23076923076923078 0.8245192307692307 0.030048076923076924 0.04567307692307692
2 0.3076923076923077 0.32091346153846156 0.037259615384615384 0.04927884615384615
9 0.08173076923076923 0.5588942307692307 0.1622596153846154 0.09014423076923077
9 0.16947115384615385 0.9555288461538461 0.22596153846153846 0.027644230769230768
2 0.38221153846153844 0.9362980769230769 0.03365384615384615 0.042067307692307696
2 0.640625 0.43149038461538464 0.027644230769230768 0.03245192307692308
9 0.9699519230769231 0.8521634615384616 0.05889423076923077 0.28725961538461536
2 0.8990384615384616 0.3125 0.02403846153846154 0.03245192307692308
5 0.4014423076923077 0.5817307692307693 0.08413461538461539 0.20673076923076922
4 0.640625 0.5 0.7151442307692307 0.9963942307692307
9 0.15985576923076922 0.8389423076923077 0.03485576923076923 0.2247596153846154
2 0.5492788461538461 0.796875 0.026442307692307692 0.03485576923076923
2 0.2932692307692308 0.2403846153846154 0.06610576923076923 0.09254807692307693
9 0.9711538461538461 0.09014423076923077 0.038461538461538464 0.17908653846153846
9 0.06129807692307692 0.7920673076923077 0.11538461538461539 0.20793269230769232
2 0.3401442307692308 0.5036057692307693 0.051682692307692304 0.08173076923076923
9 0.34975961538461536 0.7403846153846154 0.6995192307692307 0.3233173076923077
2 0.25 0.6742788461538461 0.016826923076923076 0.08052884615384616
2 0.42788461538461536 0.7632211538461539 0.10697115384615384 0.09735576923076923
2 0.17548076923076922 0.6670673076923077 0.03485576923076923 0.051682692307692304
2 0.12139423076923077 0.21875 0.03245192307692308 0.030048076923076924
9 0.21514423076923078 0.6382211538461539 0.027644230769230768 0.1935096153846154
2 0.08413461538461539 0.9591346153846154 0.09495192307692307 0.06490384615384616
9 0.44350961538461536 0.8137019230769231 0.35096153846153844 0.36658653846153844
9 0.8137019230769231 0.2920673076923077 0.27524038461538464 0.5817307692307693
2 0.04447115384615385 0.14302884615384615 0.021634615384615384 0.03125
9 0.19471153846153846 0.16706730769230768 0.04326923076923077 0.038461538461538464
2 0.4879807692307692 0.9098557692307693 0.09975961538461539 0.054086538461538464
9 0.59375 0.1045673076923077 0.040865384615384616 0.17307692307692307
