2 0.9362980769230769 0.49038461538461536 0.07451923076923077 0.10697115384615384
2 0.10096153846153846 0.8052884615384616 0.07932692307692307 0.11057692307692307
2 0.27884615384615385 0.13221153846153846 0.06850961538461539 0.06971153846153846
2 0.43990384615384615 0.8473557692307693 0.07211538461538461 0.0733173076923077
2 0.7223557692307693 0.9447115384615384 0.07692307692307693 0.09014423076923077
2 0.609375 0.8040865384615384 0.07692307692307693 0.10697115384615384
2 0.2512019230769231 0.40024038461538464 0.07692307692307693 0.09615384615384616
2 0.7355769230769231 0.47475961538461536 0.04567307692307692 0.055288461538461536
2 0.6754807692307693 0.7932692307692307 0.051682692307692304 0.0673076923076923
2 0.10216346153846154 0.4891826923076923 0.08173076923076923 0.13701923076923078
2 0.5324519230769231 0.5024038461538461 0.04927884615384615 0.06009615384615385
2 0.9663461538461539 0.13822115384615385 0.0673076923076923 0.1346153846153846
2 0.20192307692307693 0.22716346153846154 0.07211538461538461 0.06490384615384616
2 0.6189903846153846 0.027644230769230768 0.05889423076923077 0.055288461538461536
2 0.3870192307692308 0.8004807692307693 0.055288461538461536 0.055288461538461536
12 0.39903846153846156 0.49759615384615385 0.22115384615384615 0.9951923076923077
2 0.6117788461538461 0.25 0.057692307692307696 0.0673076923076923
2 0.8293269230769231 0.41947115384615385 0.05889423076923077 0.06850961538461539
2 0.13221153846153846 0.1502403846153846 0.04567307692307692 0.06009615384615385
