2 0.5336538461538461 0.055288461538461536 0.038461538461538464 0.04447115384615385
2 0.5949519230769231 0.9867788461538461 0.03485576923076923 0.02403846153846154
2 0.7920673076923077 0.65625 0.021634615384615384 0.03245192307692308
2 0.7151442307692307 0.7764423076923077 0.055288461538461536 0.06610576923076923
2 0.35096153846153844 0.13822115384615385 0.09735576923076923 0.10216346153846154
2 0.47115384615384615 0.03245192307692308 0.03125 0.02283653846153846
2 0.9795673076923077 0.8112980769230769 0.040865384615384616 0.06610576923076923
2 0.20552884615384615 0.3870192307692308 0.02403846153846154 0.03125
12 0.4579326923076923 0.5384615384615384 0.7716346153846154 0.9182692307692307
2 0.8064903846153846 0.8401442307692307 0.02403846153846154 0.019230769230769232
2 0.53125 0.78125 0.02403846153846154 0.03365384615384615
2 0.23798076923076922 0.38461538461538464 0.03125 0.038461538461538464
2 0.6370192307692307 0.8725961538461539 0.08413461538461539 0.06490384615384616
2 0.34975961538461536 0.7403846153846154 0.07932692307692307 0.08173076923076923
2 0.4855769230769231 0.9050480769230769 0.03365384615384615 0.04326923076923077
2 0.9134615384615384 0.3245192307692308 0.07692307692307693 0.07451923076923077
2 0.8665865384615384 0.7824519230769231 0.08413461538461539 0.12980769230769232
2 0.39663461538461536 0.8365384615384616 0.03245192307692308 0.05048076923076923
2 0.9423076923076923 0.21153846153846154 0.11538461538461539 0.11538461538461539
2 0.6658653846153846 0.7680288461538461 0.016826923076923076 0.027644230769230768
2 0.7295673076923077 0.39903846153846156 0.040865384615384616 0.054086538461538464
2 0.7584134615384616 0.5997596153846154 0.06971153846153846 0.05048076923076923
2 0.8918269230769231 0.46274038461538464 0.09735576923076923 0.10096153846153846
2 0.7584134615384616 0.6742788461538461 0.051682692307692304 0.07451923076923077
2 0.6466346153846154 0.42427884615384615 0.028846153846153848 0.05889423076923077
2 0.9302884615384616 0.036057692307692304 0.13942307692307693 0.07211538461538461
2 0.8088942307692307 0.23197115384615385 0.027644230769230768 0.054086538461538464
2 0.5204326923076923 0.6105769230769231 0.0625 0.051682692307692304
2 0.18629807692307693 0.04927884615384615 0.027644230769230768 0.03245192307692308
2 0.49158653846153844 0.14903846153846154 0.11298076923076923 0.13701923076923078
2 0.15384615384615385 0.296875 0.0733173076923077 0.09975961538461539
2 0.7319711538461539 0.038461538461538464 0.10817307692307693 0.07692307692307693
2 0.12379807692307693 0.43509615384615385 0.09975961538461539 0.11538461538461539
2 0.8173076923076923 0.5048076923076923 0.030048076923076924 0.037259615384615384
2 0.4266826923076923 0.9495192307692307 0.014423076923076924 0.019230769230769232
2 0.49399038461538464 0.4831730769230769 0.027644230769230768 0.03365384615384615
2 0.6009615384615384 0.46153846153846156 0.03125 0.0733173076923077
2 0.9651442307692307 0.5757211538461539 0.06850961538461539 0.14903846153846154
