2 0.5949519230769231 0.6610576923076923 0.052884615384615384 0.04567307692307692
12 0.41466346153846156 0.4987980769230769 0.5096153846153846 0.9963942307692307
2 0.6838942307692307 0.7680288461538461 0.06610576923076923 0.18629807692307693
2 0.23197115384615385 0.8040865384615384 0.04326923076923077 0.11538461538461539
0 0.9050480769230769 0.6225961538461539 0.18990384615384615 0.5048076923076923
2 0.1466346153846154 0.3449519230769231 0.04567307692307692 0.039663461538461536
2 0.7463942307692307 0.4855769230769231 0.056490384615384616 0.06971153846153846
2 0.19471153846153846 0.671875 0.09254807692307693 0.15745192307692307
2 0.08533653846153846 0.16346153846153846 0.051682692307692304 0.0829326923076923
2 0.09375 0.6862980769230769 0.11778846153846154 0.15745192307692307
2 0.6274038461538461 0.2848557692307692 0.07692307692307693 0.06610576923076923
2 0.1466346153846154 0.6069711538461539 0.042067307692307696 0.06850961538461539
12 0.5 0.30649038461538464 1 0.5889423076923077
