1 0.18028846153846154 0.03245192307692308 0.013221153846153846 0.019230769230769232
1 0.9795673076923077 0.6033653846153846 0.007211538461538462 0.010817307692307692
1 0.06971153846153846 0.6430288461538461 0.037259615384615384 0.07692307692307693
1 0.028846153846153848 0.046875 0.028846153846153848 0.042067307692307696
1 0.2980769230769231 0.671875 0.02403846153846154 0.02283653846153846
1 0.8209134615384616 0.39783653846153844 0.042067307692307696 0.04567307692307692
0 0.5961538461538461 0.6838942307692307 0.026442307692307692 0.03245192307692308
1 0.9014423076923077 0.5661057692307693 0.020432692307692308 0.019230769230769232
1 0.04927884615384615 0.16947115384615385 0.021634615384615384 0.03485576923076923
2 0.7764423076923077 0.5084134615384616 0.13942307692307693 0.3293269230769231
1 0.06850961538461539 0.8076923076923077 0.09735576923076923 0.18629807692307693
0 0.5817307692307693 0.5288461538461539 0.04326923076923077 0.04447115384615385
1 0.484375 0.3401442307692308 0.016826923076923076 0.02283653846153846
1 0.3161057692307692 0.140625 0.021634615384615384 0.021634615384615384
1 0.013221153846153846 0.3581730769230769 0.026442307692307692 0.026442307692307692
10 0.5120192307692307 0.6045673076923077 0.5420673076923077 0.7836538461538461
1 0.5865384615384616 0.2644230769230769 0.027644230769230768 0.026442307692307692
1 0.8389423076923077 0.7199519230769231 0.040865384615384616 0.04326923076923077
0 0.5985576923076923 0.5721153846153846 0.037259615384615384 0.056490384615384616
1 0.22956730769230768 0.6838942307692307 0.027644230769230768 0.027644230769230768
1 0.35216346153846156 0.5204326923076923 0.02283653846153846 0.015625
1 0.16346153846153846 0.5252403846153846 0.014423076923076924 0.018028846153846152
0 0.6550480769230769 0.6237980769230769 0.06850961538461539 0.11899038461538461
1 0.47596153846153844 0.3112980769230769 0.025240384615384616 0.027644230769230768
1 0.7367788461538461 0.020432692307692308 0.021634615384615384 0.030048076923076924
1 0.7055288461538461 0.3016826923076923 0.06850961538461539 0.09615384615384616
1 0.8713942307692307 0.5504807692307693 0.030048076923076924 0.03125
1 0.9350961538461539 0.7584134615384616 0.057692307692307696 0.09615384615384616
1 0.09735576923076923 0.9146634615384616 0.014423076923076924 0.019230769230769232
1 0.16346153846153846 0.31009615384615385 0.025240384615384616 0.056490384615384616
1 0.007211538461538462 0.06370192307692307 0.013221153846153846 0.04447115384615385
1 0.5132211538461539 0.5600961538461539 0.04447115384615385 0.08653846153846154
1 0.9338942307692307 0.6069711538461539 0.013221153846153846 0.046875
1 0.09254807692307693 0.9735576923076923 0.016826923076923076 0.02283653846153846
1 0.14302884615384615 0.4483173076923077 0.036057692307692304 0.06370192307692307
1 0.1971153846153846 0.7487980769230769 0.06490384615384616 0.0673076923076923
1 0.3870192307692308 0.17427884615384615 0.040865384615384616 0.056490384615384616
1 0.14182692307692307 0.8557692307692307 0.038461538461538464 0.03365384615384615
1 0.75 0.2536057692307692 0.038461538461538464 0.054086538461538464
1 0.9879807692307693 0.03485576923076923 0.020432692307692308 0.03125
1 0.21995192307692307 0.8557692307692307 0.038461538461538464 0.04326923076923077
1 0.4639423076923077 0.6706730769230769 0.02283653846153846 0.027644230769230768
1 0.9567307692307693 0.25240384615384615 0.027644230769230768 0.030048076923076924
1 0.47115384615384615 0.9807692307692307 0.055288461538461536 0.03365384615384615
1 0.3798076923076923 0.07572115384615384 0.05889423076923077 0.08052884615384616
1 0.43149038461538464 0.7475961538461539 0.03245192307692308 0.040865384615384616
1 0.8653846153846154 0.20552884615384615 0.018028846153846152 0.03365384615384615
2 0.5973557692307693 0.03125 0.07451923076923077 0.05889423076923077
1 0.08774038461538461 0.890625 0.030048076923076924 0.03245192307692308
1 0.5096153846153846 0.12259615384615384 0.019230769230769232 0.026442307692307692
1 0.14182692307692307 0.33413461538461536 0.026442307692307692 0.038461538461538464
2 0.5853365384615384 0.15745192307692307 0.29927884615384615 0.27283653846153844
1 0.45072115384615385 0.36658653846153844 0.03245192307692308 0.036057692307692304
1 0.8786057692307693 0.6694711538461539 0.026442307692307692 0.030048076923076924
1 0.109375 0.3786057692307692 0.06129807692307692 0.07451923076923077
1 0.18269230769230768 0.6502403846153846 0.040865384615384616 0.03485576923076923
1 0.7872596153846154 0.019230769230769232 0.026442307692307692 0.019230769230769232
1 0.9242788461538461 0.2764423076923077 0.036057692307692304 0.036057692307692304
0 0.5961538461538461 0.4651442307692308 0.19471153846153846 0.12379807692307693
1 0.8689903846153846 0.15985576923076922 0.013221153846153846 0.018028846153846152
1 0.1778846153846154 0.1201923076923077 0.0889423076923077 0.07451923076923077
1 0.9879807692307693 0.4567307692307692 0.02403846153846154 0.04567307692307692
1 0.25841346153846156 0.4206730769230769 0.04447115384615385 0.027644230769230768
1 0.7463942307692307 0.31971153846153844 0.016826923076923076 0.02283653846153846
1 0.12139423076923077 0.16105769230769232 0.03365384615384615 0.056490384615384616
1 0.06009615384615385 0.30528846153846156 0.04927884615384615 0.057692307692307696
1 0.7740384615384616 0.7680288461538461 0.027644230769230768 0.04326923076923077
1 0.33774038461538464 0.23076923076923078 0.014423076923076924 0.027644230769230768
1 0.9951923076923077 0.7524038461538461 0.009615384615384616 0.021634615384615384
1 0.41466346153846156 0.9723557692307693 0.026442307692307692 0.027644230769230768
1 0.9435096153846154 0.4951923076923077 0.03485576923076923 0.040865384615384616
1 0.015625 0.5276442307692307 0.03125 0.0985576923076923
1 0.014423076923076924 0.013221153846153846 0.028846153846153848 0.026442307692307692
1 0.4170673076923077 0.8894230769230769 0.04447115384615385 0.06850961538461539
0 0.5540865384615384 0.65625 0.026442307692307692 0.057692307692307696
1 0.640625 0.4230769230769231 0.018028846153846152 0.026442307692307692
1 0.17548076923076922 0.6899038461538461 0.030048076923076924 0.03365384615384615
1 0.4795673076923077 0.4543269230769231 0.014423076923076924 0.019230769230769232
1 0.5036057692307693 0.48677884615384615 0.021634615384615384 0.028846153846153848
1 0.9194711538461539 0.04807692307692308 0.11899038461538461 0.09254807692307693
1 0.6129807692307693 0.296875 0.02403846153846154 0.03245192307692308
1 0.29927884615384615 0.9435096153846154 0.04807692307692308 0.03485576923076923
1 0.28725961538461536 0.7740384615384616 0.026442307692307692 0.026442307692307692
1 0.30528846153846156 0.9038461538461539 0.03485576923076923 0.042067307692307696
1 0.26802884615384615 0.8954326923076923 0.04807692307692308 0.03125
1 0.25240384615384615 0.07692307692307693 0.027644230769230768 0.019230769230769232
1 0.3317307692307692 0.6213942307692307 0.03125 0.03365384615384615
1 0.3293269230769231 0.96875 0.026442307692307692 0.057692307692307696
1 0.1201923076923077 0.6694711538461539 0.05889423076923077 0.051682692307692304
1 0.5673076923076923 0.15144230769230768 0.02283653846153846 0.03485576923076923
1 0.21394230769230768 0.8076923076923077 0.016826923076923076 0.021634615384615384
1 0.38822115384615385 0.4879807692307692 0.030048076923076924 0.04447115384615385
1 0.4831730769230769 0.6165865384615384 0.026442307692307692 0.04567307692307692
1 0.016826923076923076 0.23317307692307693 0.02403846153846154 0.036057692307692304
1 0.16466346153846154 0.17427884615384615 0.020432692307692308 0.019230769230769232
1 0.7235576923076923 0.08173076923076923 0.04567307692307692 0.039663461538461536
1 0.9194711538461539 0.14423076923076922 0.028846153846153848 0.03365384615384615
1 0.6045673076923077 0.15504807692307693 0.021634615384615384 0.03245192307692308
1 0.9350961538461539 0.44591346153846156 0.016826923076923076 0.027644230769230768
1 0.23918269230769232 0.2848557692307692 0.018028846153846152 0.09134615384615384
1 0.04326923076923077 0.5985576923076923 0.038461538461538464 0.051682692307692304
1 0.4423076923076923 0.8076923076923077 0.02403846153846154 0.03365384615384615
1 0.8365384615384616 0.29927884615384615 0.04567307692307692 0.08052884615384616
1 0.7043269230769231 0.7704326923076923 0.020432692307692308 0.039663461538461536
1 0.11899038461538461 0.9026442307692307 0.025240384615384616 0.019230769230769232
1 0.3004807692307692 0.8461538461538461 0.05889423076923077 0.055288461538461536
0 0.6742788461538461 0.5372596153846154 0.055288461538461536 0.0673076923076923
1 0.027644230769230768 0.6658653846153846 0.055288461538461536 0.057692307692307696
1 0.28125 0.1875 0.04927884615384615 0.05048076923076923
0 0.6358173076923077 0.7355769230769231 0.04927884615384615 0.06850961538461539
1 0.7524038461538461 0.046875 0.016826923076923076 0.027644230769230768
1 0.23798076923076922 0.4807692307692308 0.016826923076923076 0.021634615384615384
1 0.7884615384615384 0.15745192307692307 0.04567307692307692 0.0733173076923077
1 0.14423076923076922 0.9651442307692307 0.040865384615384616 0.06850961538461539
1 0.3629807692307692 0.6057692307692307 0.027644230769230768 0.042067307692307696
1 0.5853365384615384 0.34375 0.016826923076923076 0.019230769230769232
1 0.4675480769230769 0.41947115384615385 0.04807692307692308 0.037259615384615384
1 0.7175480769230769 0.1502403846153846 0.027644230769230768 0.019230769230769232
1 0.921875 0.23557692307692307 0.030048076923076924 0.026442307692307692
1 0.9927884615384616 0.20673076923076922 0.014423076923076924 0.0733173076923077
1 0.859375 0.3545673076923077 0.016826923076923076 0.03125
1 0.9723557692307693 0.7427884615384616 0.016826923076923076 0.019230769230769232
1 0.04807692307692308 0.2536057692307692 0.03245192307692308 0.03365384615384615
1 0.15985576923076922 0.9086538461538461 0.02403846153846154 0.027644230769230768
1 0.38100961538461536 0.3245192307692308 0.036057692307692304 0.057692307692307696
1 0.1814903846153846 0.39903846153846156 0.014423076923076924 0.021634615384615384
1 0.8774038461538461 0.9146634615384616 0.1346153846153846 0.13822115384615385
0 0.7451923076923077 0.5516826923076923 0.06850961538461539 0.3137019230769231
1 0.007211538461538462 0.2644230769230769 0.014423076923076924 0.019230769230769232
2 0.6947115384615384 0.4639423076923077 0.04807692307692308 0.24759615384615385
1 0.20432692307692307 0.17548076923076922 0.03365384615384615 0.05048076923076923
1 0.18509615384615385 0.9723557692307693 0.038461538461538464 0.05048076923076923
1 0.5036057692307693 0.3401442307692308 0.014423076923076924 0.021634615384615384
2 0.3473557692307692 0.4338942307692308 0.06129807692307692 0.14903846153846154
1 0.6490384615384616 0.15264423076923078 0.014423076923076924 0.02283653846153846
1 0.9050480769230769 0.30408653846153844 0.013221153846153846 0.02403846153846154
1 0.08774038461538461 0.5096153846153846 0.0625 0.054086538461538464
1 0.2127403846153846 0.24278846153846154 0.03485576923076923 0.02283653846153846
1 0.19471153846153846 0.9206730769230769 0.025240384615384616 0.04807692307692308
1 0.09975961538461539 0.4543269230769231 0.02403846153846154 0.040865384615384616
2 0.43990384615384615 0.75 0.19471153846153846 0.21634615384615385
1 0.16466346153846154 0.056490384615384616 0.020432692307692308 0.013221153846153846
1 0.7992788461538461 0.0889423076923077 0.02403846153846154 0.03485576923076923
1 0.014423076923076924 0.4050480769230769 0.028846153846153848 0.054086538461538464
1 0.12980769230769232 0.6021634615384616 0.038461538461538464 0.04567307692307692
1 0.6514423076923077 0.8966346153846154 0.15504807692307693 0.1346153846153846
1 0.22235576923076922 0.9122596153846154 0.026442307692307692 0.04807692307692308
1 0.296875 0.5048076923076923 0.027644230769230768 0.078125
1 0.24278846153846154 0.9747596153846154 0.06610576923076923 0.04326923076923077
1 0.02403846153846154 0.11057692307692307 0.038461538461538464 0.028846153846153848
1 0.1875 0.59375 0.07692307692307693 0.0889423076923077
