5 0.5793269230769231 0.5372596153846154 0.2956730769230769 0.38341346153846156
2 0.8161057692307693 0.8798076923076923 0.04567307692307692 0.10336538461538461
2 0.43028846153846156 0.042067307692307696 0.04927884615384615 0.07211538461538461
2 0.3076923076923077 0.8846153846153846 0.0625 0.22235576923076922
2 0.8353365384615384 0.6322115384615384 0.05048076923076923 0.09375
2 0.5625 0.03245192307692308 0.04326923076923077 0.04447115384615385
2 0.8557692307692307 0.2403846153846154 0.07692307692307693 0.10216346153846154
3 0.37740384615384615 0.5637019230769231 0.7536057692307693 0.5192307692307693
2 0.9627403846153846 0.09014423076923077 0.07211538461538461 0.06971153846153846
2 0.5132211538461539 0.14903846153846154 0.12860576923076922 0.19951923076923078
2 0.14302884615384615 0.8774038461538461 0.04567307692307692 0.042067307692307696
2 0.7620192307692307 0.5036057692307693 0.06370192307692307 0.10216346153846154
2 0.11778846153846154 0.109375 0.025240384615384616 0.037259615384615384
2 0.21514423076923078 0.8629807692307693 0.10817307692307693 0.15264423076923078
2 0.9495192307692307 0.8365384615384616 0.09735576923076923 0.13221153846153846
2 0.21754807692307693 0.46153846153846156 0.24639423076923078 0.23076923076923078
2 0.35216346153846156 0.2848557692307692 0.11778846153846154 0.09375
2 0.7980769230769231 0.6887019230769231 0.056490384615384616 0.055288461538461536
2 0.9302884615384616 0.9627403846153846 0.04807692307692308 0.0673076923076923
2 0.7247596153846154 0.9002403846153846 0.11538461538461539 0.10697115384615384
2 0.9615384615384616 0.6430288461538461 0.07692307692307693 0.15865384615384615
2 0.1814903846153846 0.7355769230769231 0.03125 0.037259615384615384
2 0.5949519230769231 0.9675480769230769 0.125 0.05889423076923077
2 0.125 0.7920673076923077 0.03365384615384615 0.046875
2 0.8197115384615384 0.7908653846153846 0.051682692307692304 0.06370192307692307
2 0.4495192307692308 0.9074519230769231 0.10096153846153846 0.12980769230769232
2 0.054086538461538464 0.8942307692307693 0.056490384615384616 0.04326923076923077
2 0.3870192307692308 0.5216346153846154 0.07211538461538461 0.2548076923076923
2 0.8942307692307693 0.40024038461538464 0.16826923076923078 0.20192307692307693
