1 0.22235576923076922 0.6923076923076923 0.05889423076923077 0.09014423076923077
1 0.07572115384615384 0.9290865384615384 0.10576923076923077 0.13341346153846154
1 0.38341346153846156 0.2824519230769231 0.0829326923076923 0.078125
1 0.17668269230769232 0.8870192307692307 0.03485576923076923 0.06129807692307692
1 0.09254807692307693 0.5564903846153846 0.18389423076923078 0.33653846153846156
1 0.8653846153846154 0.8088942307692307 0.051682692307692304 0.06370192307692307
1 0.8149038461538461 0.7091346153846154 0.1045673076923077 0.1622596153846154
1 0.6574519230769231 0.16466346153846154 0.040865384615384616 0.07932692307692307
1 0.25721153846153844 0.32572115384615385 0.06610576923076923 0.12259615384615384
1 0.4651442307692308 0.4014423076923077 0.038461538461538464 0.04567307692307692
1 0.484375 0.7596153846153846 0.12860576923076922 0.30649038461538464
1 0.9651442307692307 0.25240384615384615 0.06971153846153846 0.078125
1 0.9206730769230769 0.8557692307692307 0.036057692307692304 0.040865384615384616
1 0.2439903846153846 0.5228365384615384 0.09014423076923077 0.13942307692307693
1 0.09134615384615384 0.3425480769230769 0.02283653846153846 0.027644230769230768
1 0.026442307692307692 0.03365384615384615 0.052884615384615384 0.06490384615384616
1 0.02403846153846154 0.7944711538461539 0.04807692307692308 0.09134615384615384
1 0.5384615384615384 0.17668269230769232 0.05889423076923077 0.07211538461538461
1 0.8930288461538461 0.27524038461538464 0.12379807692307693 0.19471153846153846
1 0.33653846153846156 0.7043269230769231 0.1141826923076923 0.15865384615384615
1 0.8088942307692307 0.23677884615384615 0.04326923076923077 0.08413461538461539
1 0.10336538461538461 0.21995192307692307 0.037259615384615384 0.046875
1 0.2620192307692308 0.8197115384615384 0.05889423076923077 0.07692307692307693
10 0.6550480769230769 0.5 0.4963942307692308 0.9963942307692307
1 0.6033653846153846 0.5444711538461539 0.055288461538461536 0.1201923076923077
1 0.9338942307692307 0.734375 0.06129807692307692 0.11177884615384616
1 0.8918269230769231 0.5336538461538461 0.21634615384615385 0.2644230769230769
1 0.5817307692307693 0.6911057692307693 0.04326923076923077 0.07451923076923077
1 0.14903846153846154 0.20072115384615385 0.04567307692307692 0.05048076923076923
1 0.7848557692307693 0.3449519230769231 0.06850961538461539 0.11298076923076923
1 0.7271634615384616 0.6298076923076923 0.06370192307692307 0.054086538461538464
1 0.9711538461538461 0.4050480769230769 0.04807692307692308 0.11899038461538461
1 0.9483173076923077 0.9375 0.10336538461538461 0.11298076923076923
1 0.35096153846153844 0.859375 0.027644230769230768 0.039663461538461536
1 0.13221153846153846 0.7740384615384616 0.10096153846153846 0.13341346153846154
2 0.3449519230769231 0.390625 0.1658653846153846 0.7764423076923077
1 0.014423076923076924 0.28846153846153844 0.027644230769230768 0.04927884615384615
1 0.7115384615384616 0.08653846153846154 0.0673076923076923 0.07451923076923077
1 0.03245192307692308 0.1658653846153846 0.037259615384615384 0.07932692307692307
1 0.7536057692307693 0.47475961538461536 0.02403846153846154 0.04326923076923077
1 0.4807692307692308 0.5384615384615384 0.04326923076923077 0.07451923076923077
1 0.171875 0.3798076923076923 0.06610576923076923 0.05048076923076923
1 0.11298076923076923 0.13701923076923078 0.030048076923076924 0.04567307692307692
1 0.640625 0.8713942307692307 0.10817307692307693 0.14182692307692307
1 0.6081730769230769 0.036057692307692304 0.08653846153846154 0.06971153846153846
1 0.453125 0.1875 0.04567307692307692 0.040865384615384616
1 0.006009615384615385 0.234375 0.01201923076923077 0.04567307692307692
1 0.6442307692307693 0.31971153846153844 0.051682692307692304 0.078125
1 0.9314903846153846 0.028846153846153848 0.05889423076923077 0.057692307692307696
1 0.6502403846153846 0.6586538461538461 0.0673076923076923 0.12620192307692307
1 0.12740384615384615 0.030048076923076924 0.07451923076923077 0.04567307692307692
1 0.21394230769230768 0.13221153846153846 0.02403846153846154 0.039663461538461536
