2 0.984375 0.7379807692307693 0.030048076923076924 0.109375
2 0.9639423076923077 0.9290865384615384 0.07211538461538461 0.06850961538461539
2 0.3954326923076923 0.13942307692307693 0.22235576923076922 0.2776442307692308
2 0.23798076923076922 0.8425480769230769 0.13581730769230768 0.19951923076923078
2 0.08533653846153846 0.3269230769230769 0.16947115384615385 0.2403846153846154
2 0.8389423076923077 0.9182692307692307 0.15985576923076922 0.16105769230769232
2 0.11538461538461539 0.6694711538461539 0.18870192307692307 0.17307692307692307
2 0.9759615384615384 0.04567307692307692 0.04807692307692308 0.09134615384615384
2 0.9254807692307693 0.41947115384615385 0.14903846153846154 0.40384615384615385
2 0.28125 0.6754807692307693 0.1502403846153846 0.23076923076923078
2 0.08653846153846154 0.5144230769230769 0.14182692307692307 0.1346153846153846
5 0.7115384615384616 0.07932692307692307 0.24519230769230768 0.15745192307692307
5 0.546875 0.1935096153846154 0.13221153846153846 0.05048076923076923
2 0.21875 0.4795673076923077 0.12139423076923077 0.16706730769230768
5 0.15745192307692307 0.11057692307692307 0.28725961538461536 0.22115384615384615
2 0.10096153846153846 0.9326923076923077 0.20192307692307693 0.12139423076923077
2 0.06610576923076923 0.8329326923076923 0.1310096153846154 0.15745192307692307
2 0.9855769230769231 0.1935096153846154 0.028846153846153848 0.055288461538461536
2 0.8870192307692307 0.05889423076923077 0.10576923076923077 0.11658653846153846
2 0.9699519230769231 0.12379807692307693 0.06009615384615385 0.06490384615384616
2 0.6346153846153846 0.8377403846153846 0.21995192307692307 0.3161057692307692
2 0.01201923076923077 0.5384615384615384 0.02403846153846154 0.15144230769230768
2 0.6983173076923077 0.49158653846153844 0.43028846153846156 0.6670673076923077
2 0.4230769230769231 0.9026442307692307 0.29927884615384615 0.18389423076923078
