2 0.22355769230769232 0.4879807692307692 0.20432692307692307 0.18269230769230768
2 0.9675480769230769 0.17548076923076922 0.06490384615384616 0.08173076923076923
2 0.7223557692307693 0.27283653846153844 0.040865384615384616 0.038461538461538464
5 0.051682692307692304 0.7055288461538461 0.10336538461538461 0.14903846153846154
2 0.14423076923076922 0.9375 0.12620192307692307 0.12139423076923077
2 0.3545673076923077 0.9194711538461539 0.12139423076923077 0.15865384615384615
2 0.5757211538461539 0.5324519230769231 0.25721153846153844 0.28846153846153844
2 0.328125 0.7620192307692307 0.07692307692307693 0.09134615384615384
2 0.4519230769230769 0.8954326923076923 0.07692307692307693 0.17548076923076922
2 0.359375 0.7007211538461539 0.027644230769230768 0.04326923076923077
2 0.054086538461538464 0.8870192307692307 0.10817307692307693 0.22235576923076922
2 0.8810096153846154 0.41947115384615385 0.23798076923076922 0.3641826923076923
2 0.4182692307692308 0.7463942307692307 0.0829326923076923 0.1201923076923077
2 0.640625 0.8990384615384616 0.13581730769230768 0.171875
2 0.7692307692307693 0.17307692307692307 0.051682692307692304 0.09735576923076923
12 0.46033653846153844 0.4987980769230769 0.4987980769230769 0.9963942307692307
2 0.17307692307692307 0.7872596153846154 0.12860576923076922 0.16947115384615385
2 0.12620192307692307 0.19831730769230768 0.25240384615384615 0.39663461538461536
2 0.9591346153846154 0.039663461538461536 0.08173076923076923 0.07932692307692307
2 0.7271634615384616 0.49038461538461536 0.08653846153846154 0.2127403846153846
2 0.9459134615384616 0.8942307692307693 0.10817307692307693 0.20673076923076922
2 0.4567307692307692 0.4639423076923077 0.027644230769230768 0.037259615384615384
2 0.390625 0.12259615384615384 0.04807692307692308 0.08413461538461539
2 0.06370192307692307 0.5432692307692307 0.12740384615384615 0.18269230769230768
2 0.18389423076923078 0.640625 0.15745192307692307 0.12980769230769232
2 0.5504807692307693 0.9495192307692307 0.11057692307692307 0.09975961538461539
2 0.2956730769230769 0.07451923076923077 0.08653846153846154 0.09375
2 0.8786057692307693 0.7151442307692307 0.24278846153846154 0.2283653846153846
2 0.3942307692307692 0.2403846153846154 0.06850961538461539 0.12379807692307693
2 0.4110576923076923 0.03125 0.06610576923076923 0.06009615384615385
2 0.8341346153846154 0.140625 0.06129807692307692 0.11177884615384616
2 0.9314903846153846 0.11778846153846154 0.03245192307692308 0.039663461538461536
2 0.8245192307692307 0.9375 0.125 0.11538461538461539
2 0.7548076923076923 0.9254807692307693 0.09495192307692307 0.08413461538461539
2 0.7259615384615384 0.7548076923076923 0.06971153846153846 0.08173076923076923
2 0.7608173076923077 0.05889423076923077 0.08653846153846154 0.11177884615384616
2 0.8617788461538461 0.040865384615384616 0.10336538461538461 0.08173076923076923
2 0.7860576923076923 0.2644230769230769 0.038461538461538464 0.08173076923076923
2 0.5132211538461539 0.8161057692307693 0.10817307692307693 0.15985576923076922
2 0.7163461538461539 0.3317307692307692 0.10096153846153846 0.09134615384615384
2 0.625 0.328125 0.08052884615384616 0.10096153846153846
2 0.890625 0.13822115384615385 0.06370192307692307 0.10216346153846154
2 0.6310096153846154 0.7355769230769231 0.11298076923076923 0.15264423076923078
2 0.6814903846153846 0.1971153846153846 0.051682692307692304 0.11658653846153846
2 0.7307692307692307 0.8533653846153846 0.04567307692307692 0.0733173076923077
2 0.4723557692307692 0.1875 0.09495192307692307 0.15625
2 0.2824519230769231 0.2776442307692308 0.20793269230769232 0.2848557692307692
2 0.39783653846153844 0.609375 0.06850961538461539 0.1141826923076923
2 0.15264423076923078 0.41466346153846156 0.02403846153846154 0.036057692307692304
