2 0.078125 0.9807692307692307 0.02283653846153846 0.027644230769230768
2 0.01201923076923077 0.8088942307692307 0.02403846153846154 0.04567307692307692
2 0.9699519230769231 0.22956730769230768 0.037259615384615384 0.037259615384615384
2 0.46033653846153844 0.11177884615384616 0.02403846153846154 0.037259615384615384
2 0.42788461538461536 0.03245192307692308 0.030048076923076924 0.02403846153846154
2 0.6947115384615384 0.16826923076923078 0.040865384615384616 0.040865384615384616
2 0.5288461538461539 0.2932692307692308 0.018028846153846152 0.027644230769230768
2 0.8305288461538461 0.7692307692307693 0.028846153846153848 0.046875
2 0.17427884615384615 0.2536057692307692 0.018028846153846152 0.03125
2 0.025240384615384616 0.3786057692307692 0.018028846153846152 0.02283653846153846
2 0.7932692307692307 0.34975961538461536 0.026442307692307692 0.02403846153846154
2 0.15985576923076922 0.0733173076923077 0.014423076923076924 0.02283653846153846
2 0.5805288461538461 0.13221153846153846 0.056490384615384616 0.039663461538461536
2 0.06850961538461539 0.25961538461538464 0.06129807692307692 0.06009615384615385
2 0.21875 0.037259615384615384 0.02403846153846154 0.040865384615384616
2 0.5276442307692307 0.15384615384615385 0.02403846153846154 0.026442307692307692
2 0.04567307692307692 0.8677884615384616 0.055288461538461536 0.06971153846153846
2 0.20072115384615385 0.055288461538461536 0.01201923076923077 0.03125
2 0.4338942307692308 0.07451923076923077 0.038461538461538464 0.037259615384615384
2 0.6514423076923077 0.1045673076923077 0.014423076923076924 0.019230769230769232
2 0.7620192307692307 0.17307692307692307 0.03245192307692308 0.03245192307692308
2 0.5108173076923077 0.08052884615384616 0.02403846153846154 0.03485576923076923
2 0.6646634615384616 0.6165865384615384 0.018028846153846152 0.038461538461538464
2 0.5588942307692307 0.19471153846153846 0.020432692307692308 0.03125
2 0.5432692307692307 0.0673076923076923 0.03125 0.04567307692307692
2 0.8269230769230769 0.33653846153846156 0.021634615384615384 0.026442307692307692
2 0.4362980769230769 0.7379807692307693 0.025240384615384616 0.03245192307692308
2 0.171875 0.125 0.016826923076923076 0.028846153846153848
2 0.6129807692307693 0.20793269230769232 0.021634615384615384 0.027644230769230768
2 0.9783653846153846 0.6430288461538461 0.021634615384615384 0.028846153846153848
2 0.23076923076923078 0.703125 0.03125 0.04807692307692308
2 0.7524038461538461 0.7427884615384616 0.030048076923076924 0.04567307692307692
2 0.41346153846153844 0.7848557692307693 0.037259615384615384 0.04567307692307692
2 0.5637019230769231 0.9122596153846154 0.09975961538461539 0.08173076923076923
2 0.18990384615384615 0.5913461538461539 0.028846153846153848 0.0673076923076923
2 0.5709134615384616 0.6454326923076923 0.037259615384615384 0.03125
2 0.4026442307692308 0.14302884615384615 0.038461538461538464 0.042067307692307696
2 0.2980769230769231 0.5144230769230769 0.07211538461538461 0.05889423076923077
2 0.13701923076923078 0.17307692307692307 0.021634615384615384 0.027644230769230768
2 0.5240384615384616 0.7560096153846154 0.027644230769230768 0.039663461538461536
2 0.8942307692307693 0.7115384615384616 0.026442307692307692 0.04326923076923077
11 0.5 0.5516826923076923 1 0.41225961538461536
2 0.7127403846153846 0.890625 0.026442307692307692 0.039663461538461536
2 0.8221153846153846 0.6514423076923077 0.040865384615384616 0.054086538461538464
2 0.3076923076923077 0.5709134615384616 0.042067307692307696 0.05048076923076923
2 0.6658653846153846 0.23798076923076922 0.05048076923076923 0.0829326923076923
2 0.2692307692307692 0.6682692307692307 0.04326923076923077 0.04326923076923077
2 0.328125 0.27283653846153844 0.026442307692307692 0.03485576923076923
2 0.7211538461538461 0.609375 0.03485576923076923 0.04927884615384615
2 0.234375 0.9098557692307693 0.055288461538461536 0.06610576923076923
2 0.008413461538461538 0.5625 0.016826923076923076 0.05048076923076923
2 0.5516826923076923 0.25721153846153844 0.014423076923076924 0.02403846153846154
2 0.4963942307692308 0.43028846153846156 0.038461538461538464 0.054086538461538464
2 0.4387019230769231 0.5072115384615384 0.038461538461538464 0.036057692307692304
2 0.6213942307692307 0.7295673076923077 0.06850961538461539 0.07451923076923077
2 0.16105769230769232 0.6947115384615384 0.03245192307692308 0.03245192307692308
2 0.8161057692307693 0.040865384615384616 0.03125 0.036057692307692304
2 0.33653846153846156 0.7548076923076923 0.037259615384615384 0.06370192307692307
2 0.38341346153846156 0.44471153846153844 0.02403846153846154 0.042067307692307696
2 0.46153846153846156 0.7752403846153846 0.01201923076923077 0.021634615384615384
