1 0.9266826923076923 0.25240384615384615 0.038461538461538464 0.0889423076923077
1 0.4495192307692308 0.3137019230769231 0.027644230769230768 0.038461538461538464
1 0.22956730769230768 0.24879807692307693 0.027644230769230768 0.04326923076923077
1 0.6286057692307693 0.22716346153846154 0.32572115384615385 0.4543269230769231
1 0.8197115384615384 0.19951923076923078 0.03485576923076923 0.0673076923076923
1 0.19591346153846154 0.055288461538461536 0.03125 0.036057692307692304
1 0.15384615384615385 0.21033653846153846 0.12259615384615384 0.14783653846153846
1 0.078125 0.3016826923076923 0.051682692307692304 0.109375
1 0.5973557692307693 0.859375 0.06850961538461539 0.09254807692307693
1 0.8834134615384616 0.7451923076923077 0.12860576923076922 0.18990384615384615
1 0.4387019230769231 0.18509615384615385 0.042067307692307696 0.0889423076923077
3 0.6658653846153846 0.5 0.4026442307692308 0.9963942307692307
1 0.020432692307692308 0.27524038461538464 0.040865384615384616 0.08653846153846154
1 0.9110576923076923 0.08533653846153846 0.026442307692307692 0.09014423076923077
1 0.01201923076923077 0.1466346153846154 0.02403846153846154 0.04447115384615385
1 0.9795673076923077 0.7271634615384616 0.02403846153846154 0.027644230769230768
1 0.02403846153846154 0.016826923076923076 0.03125 0.03245192307692308
1 0.07451923076923077 0.15144230769230768 0.04447115384615385 0.036057692307692304
1 0.5721153846153846 0.9519230769230769 0.05048076923076923 0.06850961538461539
1 0.24639423076923078 0.09014423076923077 0.025240384615384616 0.030048076923076924
1 0.3004807692307692 0.5625 0.13221153846153846 0.13221153846153846
1 0.3401442307692308 0.8930288461538461 0.15384615384615385 0.2127403846153846
1 0.9771634615384616 0.8846153846153846 0.037259615384615384 0.042067307692307696
1 0.6286057692307693 0.9471153846153846 0.04567307692307692 0.06009615384615385
1 0.09254807692307693 0.5612980769230769 0.18389423076923078 0.3016826923076923
1 0.17067307692307693 0.4567307692307692 0.03245192307692308 0.05889423076923077
1 0.34375 0.17548076923076922 0.09375 0.10216346153846154
1 0.44471153846153844 0.8569711538461539 0.04326923076923077 0.0733173076923077
1 0.9807692307692307 0.6838942307692307 0.030048076923076924 0.04447115384615385
0 0.3557692307692308 0.06009615384615385 0.19230769230769232 0.1201923076923077
1 0.9819711538461539 0.06971153846153846 0.036057692307692304 0.1201923076923077
1 0.04927884615384615 0.38461538461538464 0.06490384615384616 0.10576923076923077
1 0.4026442307692308 0.6117788461538461 0.06129807692307692 0.11899038461538461
1 0.1310096153846154 0.11177884615384616 0.03125 0.042067307692307696
1 0.7692307692307693 0.5973557692307693 0.15985576923076922 0.24759615384615385
1 0.8713942307692307 0.15504807692307693 0.06490384615384616 0.15625
1 0.2536057692307692 0.6923076923076923 0.07211538461538461 0.11177884615384616
1 0.8786057692307693 0.4519230769230769 0.09254807692307693 0.15865384615384615
0 0.11298076923076923 0.8569711538461539 0.22596153846153846 0.24158653846153846
2 0.18629807692307693 0.6850961538461539 0.1466346153846154 0.6033653846153846
0 0.9747596153846154 0.18269230769230768 0.05048076923076923 0.13942307692307693
1 0.7247596153846154 0.9471153846153846 0.16346153846153846 0.10216346153846154
1 0.7223557692307693 0.8052884615384616 0.1778846153846154 0.2127403846153846
1 0.4411057692307692 0.7536057692307693 0.14903846153846154 0.13581730769230768
1 0.03365384615384615 0.9483173076923077 0.06610576923076923 0.09735576923076923
1 0.40625 0.26322115384615385 0.07451923076923077 0.07451923076923077
1 0.08533653846153846 0.03485576923076923 0.016826923076923076 0.027644230769230768
2 0.45552884615384615 0.5396634615384616 0.7091346153846154 0.5084134615384616
1 0.9170673076923077 0.59375 0.042067307692307696 0.10576923076923077
1 0.9254807692307693 0.9350961538461539 0.06850961538461539 0.12620192307692307
1 0.1466346153846154 0.055288461538461536 0.05889423076923077 0.07932692307692307
1 0.8713942307692307 0.29447115384615385 0.028846153846153848 0.06490384615384616
1 0.9855769230769231 0.5528846153846154 0.028846153846153848 0.1346153846153846
