2 0.27524038461538464 0.109375 0.2548076923076923 0.2091346153846154
2 0.5576923076923077 0.09134615384615384 0.2548076923076923 0.18028846153846154
2 0.49278846153846156 0.22235576923076922 0.1502403846153846 0.29086538461538464
2 0.42427884615384615 0.9350961538461539 0.14903846153846154 0.125
2 0.9158653846153846 0.3161057692307692 0.15264423076923078 0.19591346153846154
2 0.6802884615384616 0.7644230769230769 0.028846153846153848 0.03365384615384615
2 0.6177884615384616 0.8028846153846154 0.03245192307692308 0.039663461538461536
2 0.1658653846153846 0.6862980769230769 0.3317307692307692 0.3870192307692308
2 0.6057692307692307 0.9747596153846154 0.021634615384615384 0.02283653846153846
3 0.3713942307692308 0.4831730769230769 0.28846153846153844 0.18990384615384615
2 0.9543269230769231 0.859375 0.09014423076923077 0.27403846153846156
2 0.8425480769230769 0.14423076923076922 0.31490384615384615 0.2860576923076923
2 0.46153846153846156 0.5829326923076923 0.08052884615384616 0.1622596153846154
2 0.5384615384615384 0.7872596153846154 0.08413461538461539 0.07451923076923077
2 0.051682692307692304 0.06129807692307692 0.10336538461538461 0.12139423076923077
2 0.7788461538461539 0.5576923076923077 0.11778846153846154 0.16706730769230768
2 0.5697115384615384 0.34975961538461536 0.16706730769230768 0.3317307692307692
5 0.13822115384615385 0.28846153846153844 0.2764423076923077 0.40625
2 0.7151442307692307 0.3425480769230769 0.12860576923076922 0.07211538461538461
2 0.8774038461538461 0.6706730769230769 0.03485576923076923 0.06490384615384616
