2 0.13822115384615385 0.5084134615384616 0.07211538461538461 0.08173076923076923
2 0.7920673076923077 0.5 0.41586538461538464 0.5588942307692307
2 0.15264423076923078 0.6826923076923077 0.09254807692307693 0.12259615384615384
2 0.17908653846153846 0.4170673076923077 0.04326923076923077 0.056490384615384616
4 0.5384615384615384 0.5 0.7379807692307693 0.9975961538461539
2 0.1201923076923077 0.057692307692307696 0.22596153846153846 0.11538461538461539
2 0.39783653846153844 0.09495192307692307 0.1346153846153846 0.14783653846153846
2 0.39783653846153844 0.3076923076923077 0.11538461538461539 0.25841346153846156
2 0.4411057692307692 0.9375 0.09735576923076923 0.1201923076923077
2 0.5877403846153846 0.7680288461538461 0.37259615384615385 0.4483173076923077
2 0.5552884615384616 0.12259615384615384 0.14182692307692307 0.1346153846153846
5 0.9134615384615384 0.9507211538461539 0.15985576923076922 0.09254807692307693
2 0.052884615384615384 0.6033653846153846 0.10576923076923077 0.5745192307692307
2 0.13341346153846154 0.3317307692307692 0.04567307692307692 0.06610576923076923
5 0.9699519230769231 0.765625 0.05889423076923077 0.19471153846153846
