1 0.38221153846153844 0.20192307692307693 0.030048076923076924 0.036057692307692304
1 0.8990384615384616 0.5444711538461539 0.04927884615384615 0.07451923076923077
1 0.8822115384615384 0.40024038461538464 0.009615384615384616 0.030048076923076924
1 0.4519230769230769 0.8822115384615384 0.05889423076923077 0.0673076923076923
1 0.4483173076923077 0.3786057692307692 0.15264423076923078 0.22235576923076922
0 0.8317307692307693 0.12980769230769232 0.14543269230769232 0.2548076923076923
1 0.29086538461538464 0.16706730769230768 0.06370192307692307 0.0733173076923077
1 0.5865384615384616 0.5120192307692307 0.055288461538461536 0.08413461538461539
7 0.7367788461538461 0.05889423076923077 0.0625 0.0733173076923077
1 0.7259615384615384 0.703125 0.15144230769230768 0.23197115384615385
7 0.10336538461538461 0.5841346153846154 0.06850961538461539 0.078125
1 0.5564903846153846 0.15384615384615385 0.06490384615384616 0.11177884615384616
10 0.6165865384615384 0.4987980769230769 0.17548076923076922 0.9963942307692307
1 0.24759615384615385 0.43509615384615385 0.15384615384615385 0.18870192307692307
1 0.7223557692307693 0.3786057692307692 0.09735576923076923 0.14783653846153846
1 0.2536057692307692 0.6490384615384616 0.12740384615384615 0.22115384615384615
1 0.06490384615384616 0.7668269230769231 0.12139423076923077 0.2620192307692308
