9 0.33533653846153844 0.33774038461538464 0.36899038461538464 0.5745192307692307
9 0.5721153846153846 0.18509615384615385 0.12860576923076922 0.36658653846153844
2 0.6947115384615384 0.6298076923076923 0.13581730769230768 0.15985576923076922
2 0.8004807692307693 0.4639423076923077 0.2091346153846154 0.3557692307692308
2 0.9050480769230769 0.8545673076923077 0.16346153846153846 0.18990384615384615
2 0.13221153846153846 0.13942307692307693 0.07932692307692307 0.12139423076923077
2 0.6514423076923077 0.49038461538461536 0.04447115384615385 0.054086538461538464
2 0.9579326923076923 0.6706730769230769 0.08413461538461539 0.12860576923076922
2 0.578125 0.6875 0.03485576923076923 0.046875
2 0.9146634615384616 0.11778846153846154 0.16947115384615385 0.23557692307692307
9 0.44591346153846156 0.9651442307692307 0.018028846153846152 0.0673076923076923
9 0.08533653846153846 0.5456730769230769 0.16947115384615385 0.09134615384615384
2 0.9675480769230769 0.4675480769230769 0.06490384615384616 0.15264423076923078
4 0.390625 0.5228365384615384 0.78125 0.9495192307692307
9 0.22596153846153846 0.8545673076923077 0.17067307692307693 0.28125
9 0.2920673076923077 0.25240384615384615 0.03485576923076923 0.5048076923076923
9 0.4182692307692308 0.40625 0.3317307692307692 0.15144230769230768
2 0.6670673076923077 0.23076923076923078 0.4338942307692308 0.375
5 0.08653846153846154 0.9699519230769231 0.1045673076923077 0.055288461538461536
