2 0.30288461538461536 0.19230769230769232 0.08413461538461539 0.1141826923076923
2 0.46153846153846156 0.21754807692307693 0.15504807692307693 0.07451923076923077
2 0.14543269230769232 0.2800480769230769 0.12620192307692307 0.09014423076923077
2 0.36658653846153844 0.8389423076923077 0.038461538461538464 0.04807692307692308
2 0.9423076923076923 0.9495192307692307 0.09254807692307693 0.09014423076923077
2 0.5216346153846154 0.03245192307692308 0.04807692307692308 0.06129807692307692
2 0.6021634615384616 0.1346153846153846 0.06610576923076923 0.07932692307692307
2 0.24278846153846154 0.6923076923076923 0.038461538461538464 0.05889423076923077
2 0.6622596153846154 0.9507211538461539 0.30528846153846156 0.09254807692307693
2 0.3737980769230769 0.640625 0.08653846153846154 0.18269230769230768
2 0.75 0.8245192307692307 0.09975961538461539 0.10576923076923077
2 0.7247596153846154 0.05889423076923077 0.10817307692307693 0.11778846153846154
5 0.5060096153846154 0.7103365384615384 0.14903846153846154 0.17307692307692307
9 0.9771634615384616 0.15745192307692307 0.04567307692307692 0.046875
2 0.8629807692307693 0.9831730769230769 0.040865384615384616 0.03365384615384615
2 0.11899038461538461 0.8329326923076923 0.23798076923076922 0.15865384615384615
2 0.4230769230769231 0.8798076923076923 0.04927884615384615 0.23076923076923078
2 0.9771634615384616 0.6598557692307693 0.04567307692307692 0.06610576923076923
2 0.296875 0.6826923076923077 0.04807692307692308 0.0673076923076923
2 0.042067307692307696 0.46153846153846156 0.08413461538461539 0.3605769230769231
2 0.96875 0.5276442307692307 0.052884615384615384 0.12860576923076922
5 0.13701923076923078 0.3473557692307692 0.040865384615384616 0.06370192307692307
2 0.8413461538461539 0.5889423076923077 0.14182692307692307 0.6574519230769231
2 0.6262019230769231 0.5300480769230769 0.26802884615384615 0.33774038461538464
0 0.25240384615384615 0.09975961538461539 0.5048076923076923 0.19951923076923078
2 0.47115384615384615 0.5228365384615384 0.07692307692307693 0.11658653846153846
2 0.6526442307692307 0.8341346153846154 0.06850961538461539 0.12139423076923077
2 0.08413461538461539 0.9759615384615384 0.0673076923076923 0.042067307692307696
4 0.5 0.3858173076923077 1 0.7692307692307693
