2 0.3894230769230769 0.47716346153846156 0.18870192307692307 0.1346153846153846
2 0.7391826923076923 0.5132211538461539 0.20552884615384615 0.22355769230769232
2 0.10697115384615384 0.40024038461538464 0.19951923076923078 0.19230769230769232
2 0.17908653846153846 0.1875 0.11538461538461539 0.16706730769230768
2 0.05889423076923077 0.14903846153846154 0.11778846153846154 0.2956730769230769
3 0.5709134615384616 0.8629807692307693 0.8569711538461539 0.2620192307692308
2 0.859375 0.171875 0.11538461538461539 0.13701923076923078
4 0.46875 0.6971153846153846 0.9362980769230769 0.5612980769230769
2 0.4026442307692308 0.2692307692307692 0.2439903846153846 0.1310096153846154
3 0.7548076923076923 0.046875 0.49038461538461536 0.09375
2 0.15504807692307693 0.7824519230769231 0.3088942307692308 0.4338942307692308
3 0.7620192307692307 0.40024038461538464 0.47596153846153844 0.7992788461538461
2 0.5973557692307693 0.44350961538461536 0.09975961538461539 0.15865384615384615
2 0.23557692307692307 0.42427884615384615 0.07692307692307693 0.0673076923076923
2 0.23197115384615385 0.06009615384615385 0.15625 0.11658653846153846
