2 0.953125 0.021634615384615384 0.037259615384615384 0.03485576923076923
2 0.45552884615384615 0.984375 0.014423076923076924 0.019230769230769232
2 0.5072115384615384 0.19951923076923078 0.021634615384615384 0.037259615384615384
2 0.6069711538461539 0.40625 0.014423076923076924 0.018028846153846152
2 0.53125 0.4074519230769231 0.02403846153846154 0.05048076923076923
2 0.15985576923076922 0.8221153846153846 0.030048076923076924 0.040865384615384616
2 0.46274038461538464 0.6177884615384616 0.018028846153846152 0.030048076923076924
2 0.5444711538461539 0.2127403846153846 0.02403846153846154 0.03245192307692308
2 0.29086538461538464 0.25721153846153844 0.03365384615384615 0.036057692307692304
2 0.9879807692307693 0.9014423076923077 0.014423076923076924 0.03365384615384615
2 0.9074519230769231 0.2620192307692308 0.016826923076923076 0.03485576923076923
2 0.6598557692307693 0.4074519230769231 0.021634615384615384 0.019230769230769232
2 0.18509615384615385 0.6983173076923077 0.016826923076923076 0.02283653846153846
2 0.6117788461538461 0.9747596153846154 0.02403846153846154 0.021634615384615384
2 0.4495192307692308 0.5144230769230769 0.037259615384615384 0.04807692307692308
2 0.5180288461538461 0.8786057692307693 0.040865384615384616 0.042067307692307696
2 0.4951923076923077 0.8293269230769231 0.03485576923076923 0.021634615384615384
2 0.20673076923076922 0.17668269230769232 0.016826923076923076 0.026442307692307692
2 0.8052884615384616 0.8641826923076923 0.026442307692307692 0.030048076923076924
2 0.8040865384615384 0.96875 0.019230769230769232 0.019230769230769232
2 0.19591346153846154 0.36778846153846156 0.03485576923076923 0.06009615384615385
2 0.6778846153846154 0.052884615384615384 0.12139423076923077 0.10216346153846154
2 0.8846153846153846 0.35096153846153844 0.027644230769230768 0.02283653846153846
2 0.36778846153846156 0.6598557692307693 0.055288461538461536 0.12379807692307693
2 0.3629807692307692 0.15504807692307693 0.021634615384615384 0.02283653846153846
2 0.546875 0.609375 0.01201923076923077 0.016826923076923076
2 0.5721153846153846 0.33653846153846156 0.021634615384615384 0.02403846153846154
2 0.796875 0.8173076923076923 0.019230769230769232 0.05048076923076923
2 0.9050480769230769 0.953125 0.025240384615384616 0.03245192307692308
2 0.9314903846153846 0.31971153846153844 0.021634615384615384 0.03365384615384615
2 0.14543269230769232 0.8665865384615384 0.040865384615384616 0.06370192307692307
2 0.14182692307692307 0.4699519230769231 0.03485576923076923 0.05889423076923077
3 0.06610576923076923 0.8653846153846154 0.12139423076923077 0.03365384615384615
2 0.12860576923076922 0.9459134615384616 0.03245192307692308 0.056490384615384616
2 0.32572115384615385 0.7175480769230769 0.027644230769230768 0.02403846153846154
2 0.24759615384615385 0.7043269230769231 0.020432692307692308 0.027644230769230768
2 0.12980769230769232 0.15625 0.038461538461538464 0.056490384615384616
2 0.09495192307692307 0.09735576923076923 0.020432692307692308 0.036057692307692304
2 0.0733173076923077 0.2283653846153846 0.04807692307692308 0.0673076923076923
2 0.07692307692307693 0.7331730769230769 0.03125 0.03365384615384615
2 0.052884615384615384 0.2776442307692308 0.02403846153846154 0.03125
2 0.9591346153846154 0.6802884615384616 0.021634615384615384 0.021634615384615384
2 0.2692307692307692 0.7620192307692307 0.037259615384615384 0.06009615384615385
2 0.014423076923076924 0.16706730769230768 0.027644230769230768 0.046875
2 0.9591346153846154 0.5685096153846154 0.055288461538461536 0.08653846153846154
2 0.11298076923076923 0.4951923076923077 0.02403846153846154 0.026442307692307692
2 0.8485576923076923 0.8112980769230769 0.016826923076923076 0.019230769230769232
3 0.8990384615384616 0.1141826923076923 0.07211538461538461 0.22596153846153846
12 0.38100961538461536 0.46274038461538464 0.10096153846153846 0.234375
2 0.1971153846153846 0.23557692307692307 0.02403846153846154 0.04807692307692308
2 0.8064903846153846 0.5564903846153846 0.03485576923076923 0.03485576923076923
2 0.9903846153846154 0.8497596153846154 0.014423076923076924 0.02403846153846154
3 0.06009615384615385 0.4639423076923077 0.1201923076923077 0.23557692307692307
2 0.11057692307692307 0.6838942307692307 0.042067307692307696 0.05889423076923077
2 0.5925480769230769 0.1971153846153846 0.016826923076923076 0.027644230769230768
2 0.5853365384615384 0.051682692307692304 0.018028846153846152 0.02283653846153846
2 0.9471153846153846 0.6370192307692307 0.03485576923076923 0.040865384615384616
2 0.49759615384615385 0.5408653846153846 0.014423076923076924 0.014423076923076924
2 0.2127403846153846 0.6514423076923077 0.018028846153846152 0.02283653846153846
2 0.48197115384615385 0.90625 0.020432692307692308 0.027644230769230768
2 0.16947115384615385 0.921875 0.04567307692307692 0.0673076923076923
