2 0.9615384615384616 0.25600961538461536 0.07692307692307693 0.07091346153846154
2 0.7223557692307693 0.04447115384615385 0.14543269230769232 0.0889423076923077
2 0.02283653846153846 0.8846153846153846 0.040865384615384616 0.046875
2 0.65625 0.8365384615384616 0.4795673076923077 0.3245192307692308
2 0.3449519230769231 0.28365384615384615 0.19471153846153846 0.2776442307692308
2 0.21514423076923078 0.8497596153846154 0.12139423076923077 0.29086538461538464
2 0.8497596153846154 0.5504807692307693 0.025240384615384616 0.03365384615384615
2 0.37740384615384615 0.07692307692307693 0.2776442307692308 0.14423076923076922
2 0.4411057692307692 0.22235576923076922 0.11538461538461539 0.14423076923076922
2 0.90625 0.4026442307692308 0.0625 0.15745192307692307
2 0.5793269230769231 0.15625 0.04807692307692308 0.05048076923076923
2 0.11778846153846154 0.765625 0.05889423076923077 0.06490384615384616
2 0.8245192307692307 0.11778846153846154 0.03485576923076923 0.0985576923076923
2 0.12620192307692307 0.21153846153846154 0.25240384615384615 0.421875
2 0.9038461538461539 0.046875 0.03485576923076923 0.06009615384615385
2 0.056490384615384616 0.5913461538461539 0.11298076923076923 0.13942307692307693
2 0.9711538461538461 0.3786057692307692 0.057692307692307696 0.18389423076923078
2 0.17668269230769232 0.44471153846153844 0.025240384615384616 0.026442307692307692
2 0.015625 0.4543269230769231 0.03125 0.0673076923076923
2 0.5817307692307693 0.01201923076923077 0.037259615384615384 0.02283653846153846
2 0.3870192307692308 0.6526442307692307 0.03125 0.028846153846153848
2 0.8004807692307693 0.6225961538461539 0.03485576923076923 0.09134615384615384
2 0.9651442307692307 0.6923076923076923 0.06971153846153846 0.3942307692307692
2 0.8377403846153846 0.3473557692307692 0.0733173076923077 0.0889423076923077
2 0.8341346153846154 0.04927884615384615 0.03245192307692308 0.036057692307692304
2 0.640625 0.5757211538461539 0.21153846153846154 0.20793269230769232
2 0.7127403846153846 0.40384615384615385 0.12139423076923077 0.08413461538461539
2 0.11538461538461539 0.44711538461538464 0.036057692307692304 0.040865384615384616
10 0.5 0.44471153846153844 1 0.7235576923076923
2 0.4495192307692308 0.33774038461538464 0.07932692307692307 0.12139423076923077
2 0.9711538461538461 0.07451923076923077 0.057692307692307696 0.07451923076923077
2 0.47836538461538464 0.6454326923076923 0.09615384615384616 0.23677884615384615
2 0.13701923076923078 0.5384615384615384 0.02403846153846154 0.042067307692307696
2 0.36177884615384615 0.8533653846153846 0.09014423076923077 0.15625
2 0.5853365384615384 0.515625 0.13221153846153846 0.09615384615384616
2 0.8798076923076923 0.703125 0.1141826923076923 0.18389423076923078
2 0.7055288461538461 0.18028846153846154 0.14543269230769232 0.08173076923076923
2 0.036057692307692304 0.9651442307692307 0.07211538461538461 0.0673076923076923
