2 0.359375 0.3076923076923077 0.06610576923076923 0.07932692307692307
2 0.7163461538461539 0.6526442307692307 0.055288461538461536 0.06610576923076923
12 0.5 0.36778846153846156 1 0.5637019230769231
0 0.12860576923076922 0.12980769230769232 0.25600961538461536 0.25841346153846156
0 0.765625 0.8305288461538461 0.46875 0.33413461538461536
2 0.2848557692307692 0.3870192307692308 0.051682692307692304 0.05889423076923077
2 0.24879807692307693 0.3137019230769231 0.055288461538461536 0.08774038461538461
2 0.41346153846153844 0.7199519230769231 0.07692307692307693 0.09615384615384616
12 0.234375 0.8064903846153846 0.4026442307692308 0.38100961538461536
2 0.06129807692307692 0.8822115384615384 0.04807692307692308 0.07451923076923077
12 0.75 0.19230769230769232 0.5 0.38341346153846156
2 0.9567307692307693 0.8040865384615384 0.05889423076923077 0.0829326923076923
