0 0.7367788461538461 0.39663461538461536 0.037259615384615384 0.04326923076923077
12 0.5360576923076923 0.28966346153846156 0.9278846153846154 0.5793269230769231
0 0.33052884615384615 0.7103365384615384 0.3161057692307692 0.2644230769230769
0 0.02403846153846154 0.5540865384615384 0.04807692307692308 0.06129807692307692
0 0.6646634615384616 0.35336538461538464 0.06370192307692307 0.10216346153846154
0 0.9014423076923077 0.421875 0.15264423076923078 0.15745192307692307
0 0.30528846153846156 0.06009615384615385 0.07451923076923077 0.054086538461538464
0 0.13581730769230768 0.953125 0.1346153846153846 0.03365384615384615
0 0.4266826923076923 0.9278846153846154 0.036057692307692304 0.040865384615384616
0 0.6189903846153846 0.43028846153846156 0.06850961538461539 0.09014423076923077
0 0.08413461538461539 0.3088942307692308 0.09014423076923077 0.0829326923076923
0 0.5420673076923077 0.12980769230769232 0.09495192307692307 0.125
0 0.9459134615384616 0.6370192307692307 0.10817307692307693 0.08774038461538461
0 0.9819711538461539 0.9507211538461539 0.036057692307692304 0.0889423076923077
0 0.6237980769230769 0.8076923076923077 0.16346153846153846 0.3786057692307692
0 0.30408653846153844 0.9338942307692307 0.052884615384615384 0.03125
0 0.3245192307692308 0.9879807692307693 0.06129807692307692 0.018028846153846152
12 0.2800480769230769 0.46153846153846156 0.5588942307692307 0.9194711538461539
2 0.8834134615384616 0.7572115384615384 0.15985576923076922 0.2536057692307692
2 0.18389423076923078 0.9927884615384616 0.03485576923076923 0.013221153846153846
