2 0.5276442307692307 0.4675480769230769 0.20552884615384615 0.15144230769230768
2 0.8040865384615384 0.15384615384615385 0.1814903846153846 0.19951923076923078
2 0.6274038461538461 0.20192307692307693 0.06370192307692307 0.05048076923076923
2 0.09375 0.9639423076923077 0.13942307692307693 0.07211538461538461
2 0.3786057692307692 0.34375 0.09735576923076923 0.09975961538461539
2 0.24759615384615385 0.109375 0.02403846153846154 0.03245192307692308
2 0.5168269230769231 0.9074519230769231 0.14423076923076922 0.18509615384615385
2 0.019230769230769232 0.4483173076923077 0.016826923076923076 0.020432692307692308
2 0.4891826923076923 0.11538461538461539 0.21514423076923078 0.23076923076923078
2 0.34375 0.18509615384615385 0.10817307692307693 0.15504807692307693
2 0.7271634615384616 0.25841346153846156 0.12740384615384615 0.13942307692307693
2 0.055288461538461536 0.8786057692307693 0.06370192307692307 0.07692307692307693
2 0.6490384615384616 0.07932692307692307 0.12860576923076922 0.109375
2 0.3701923076923077 0.9314903846153846 0.15504807692307693 0.13701923076923078
2 0.02403846153846154 0.5949519230769231 0.04807692307692308 0.14783653846153846
2 0.29927884615384615 0.01201923076923077 0.04567307692307692 0.02403846153846154
2 0.9447115384615384 0.078125 0.11057692307692307 0.15625
2 0.46875 0.21634615384615385 0.051682692307692304 0.046875
2 0.5709134615384616 0.22596153846153846 0.020432692307692308 0.040865384615384616
2 0.5865384615384616 0.3798076923076923 0.15504807692307693 0.16826923076923078
2 0.22235576923076922 0.9182692307692307 0.09375 0.10576923076923077
2 0.7067307692307693 0.3641826923076923 0.06610576923076923 0.078125
5 0.11298076923076923 0.15384615384615385 0.21153846153846154 0.24639423076923078
2 0.19471153846153846 0.028846153846153848 0.07211538461538461 0.057692307692307696
2 0.609375 0.009615384615384616 0.0625 0.019230769230769232
2 0.27403846153846156 0.24639423076923078 0.11057692307692307 0.16826923076923078
2 0.8004807692307693 0.8521634615384616 0.3894230769230769 0.29447115384615385
2 0.4483173076923077 0.8509615384615384 0.1201923076923077 0.07692307692307693
2 0.13581730769230768 0.7728365384615384 0.09375 0.23197115384615385
5 0.9675480769230769 0.6225961538461539 0.06490384615384616 0.2800480769230769
2 0.7536057692307693 0.036057692307692304 0.09375 0.07211538461538461
2 0.018028846153846152 0.7475961538461539 0.03485576923076923 0.10336538461538461
2 0.17067307692307693 0.9507211538461539 0.07211538461538461 0.05889423076923077
2 0.49278846153846156 0.7319711538461539 0.21875 0.16346153846153846
4 0.5 0.4951923076923077 1 0.6370192307692307
5 0.28725961538461536 0.7632211538461539 0.21995192307692307 0.21394230769230768
5 0.14783653846153846 0.5300480769230769 0.1310096153846154 0.21153846153846154
2 0.8665865384615384 0.025240384615384616 0.08413461538461539 0.05048076923076923
2 0.48197115384615385 0.3737980769230769 0.028846153846153848 0.04807692307692308
2 0.36538461538461536 0.027644230769230768 0.038461538461538464 0.040865384615384616
2 0.11899038461538461 0.9278846153846154 0.02283653846153846 0.04807692307692308
2 0.6322115384615384 0.9639423076923077 0.08774038461538461 0.07211538461538461
5 0.8365384615384616 0.4338942307692308 0.21153846153846154 0.2932692307692308
5 0.9302884615384616 0.234375 0.13822115384615385 0.18389423076923078
2 0.5673076923076923 0.02283653846153846 0.04567307692307692 0.038461538461538464
2 0.44350961538461536 0.28125 0.05048076923076923 0.040865384615384616
2 0.6875 0.5288461538461539 0.12860576923076922 0.13701923076923078
2 0.30288461538461536 0.056490384615384616 0.05048076923076923 0.0625
