2 0.6165865384615384 0.21754807692307693 0.03245192307692308 0.03125
2 0.8798076923076923 0.5625 0.055288461538461536 0.05048076923076923
0 0.9639423076923077 0.6370192307692307 0.02403846153846154 0.027644230769230768
0 0.7427884615384616 0.06490384615384616 0.07451923076923077 0.12860576923076922
2 0.734375 0.203125 0.02283653846153846 0.027644230769230768
2 0.030048076923076924 0.7403846153846154 0.03485576923076923 0.054086538461538464
0 0.22716346153846154 0.6334134615384616 0.020432692307692308 0.026442307692307692
2 0.7067307692307693 0.18990384615384615 0.038461538461538464 0.036057692307692304
2 0.9182692307692307 0.3762019230769231 0.018028846153846152 0.02403846153846154
2 0.6875 0.3701923076923077 0.04326923076923077 0.040865384615384616
0 0.5552884615384616 0.9831730769230769 0.021634615384615384 0.027644230769230768
2 0.22355769230769232 0.27163461538461536 0.027644230769230768 0.054086538461538464
2 0.8016826923076923 0.28365384615384615 0.08653846153846154 0.11057692307692307
0 0.6478365384615384 0.10576923076923077 0.10817307692307693 0.12379807692307693
0 0.6069711538461539 0.6706730769230769 0.09735576923076923 0.078125
2 0.5180288461538461 0.38461538461538464 0.08173076923076923 0.09975961538461539
0 0.15264423076923078 0.9158653846153846 0.04807692307692308 0.16826923076923078
5 0.8629807692307693 0.5396634615384616 0.037259615384615384 0.04927884615384615
2 0.33653846153846156 0.8942307692307693 0.13822115384615385 0.20673076923076922
0 0.7019230769230769 0.8221153846153846 0.019230769230769232 0.030048076923076924
0 0.6670673076923077 0.8076923076923077 0.03365384615384615 0.04567307692307692
0 0.5336538461538461 0.5733173076923077 0.03125 0.046875
2 0.6947115384615384 0.3329326923076923 0.02403846153846154 0.021634615384615384
0 0.4795673076923077 0.3786057692307692 0.12139423076923077 0.14903846153846154
0 0.28125 0.4254807692307692 0.05889423076923077 0.06490384615384616
0 0.8677884615384616 0.2536057692307692 0.2644230769230769 0.12620192307692307
5 0.14182692307692307 0.6598557692307693 0.028846153846153848 0.03365384615384615
2 0.010817307692307692 0.07932692307692307 0.021634615384615384 0.02403846153846154
0 0.6911057692307693 0.8725961538461539 0.036057692307692304 0.05889423076923077
0 0.49038461538461536 0.08413461538461539 0.08653846153846154 0.12379807692307693
2 0.5480769230769231 0.13221153846153846 0.018028846153846152 0.019230769230769232
5 0.3557692307692308 0.17307692307692307 0.03485576923076923 0.04447115384615385
5 0.5240384615384616 0.7127403846153846 0.12139423076923077 0.3137019230769231
3 0.21754807692307693 0.3701923076923077 0.19471153846153846 0.10576923076923077
0 0.9543269230769231 0.4795673076923077 0.09014423076923077 0.10697115384615384
5 0.2644230769230769 0.19230769230769232 0.028846153846153848 0.037259615384615384
2 0.5925480769230769 0.42788461538461536 0.016826923076923076 0.026442307692307692
0 0.3581730769230769 0.28725961538461536 0.14903846153846154 0.35336538461538464
13 0.8882211538461539 0.14903846153846154 0.22355769230769232 0.2980769230769231
2 0.17548076923076922 0.48677884615384615 0.020432692307692308 0.028846153846153848
2 0.4014423076923077 0.49038461538461536 0.14543269230769232 0.125
0 0.10096153846153846 0.9699519230769231 0.030048076923076924 0.04326923076923077
2 0.6514423076923077 0.9206730769230769 0.021634615384615384 0.03245192307692308
2 0.2439903846153846 0.7824519230769231 0.03245192307692308 0.028846153846153848
2 0.8569711538461539 0.42427884615384615 0.016826923076923076 0.02403846153846154
0 0.38221153846153844 0.5252403846153846 0.08774038461538461 0.11177884615384616
2 0.44711538461538464 0.8245192307692307 0.016826923076923076 0.021634615384615384
5 0.6262019230769231 0.4483173076923077 0.021634615384615384 0.03125
0 0.25240384615384615 0.7331730769230769 0.22115384615384615 0.22716346153846154
2 0.5396634615384616 0.2548076923076923 0.04807692307692308 0.05048076923076923
5 0.08653846153846154 0.3786057692307692 0.051682692307692304 0.08653846153846154
2 0.5901442307692307 0.3918269230769231 0.03485576923076923 0.03245192307692308
5 0.9567307692307693 0.5721153846153846 0.03485576923076923 0.040865384615384616
0 0.2247596153846154 0.4495192307692308 0.027644230769230768 0.038461538461538464
0 0.10817307692307693 0.9146634615384616 0.02403846153846154 0.04326923076923077
2 0.010817307692307692 0.6947115384615384 0.018028846153846152 0.03485576923076923
2 0.21033653846153846 0.8774038461538461 0.018028846153846152 0.02403846153846154
2 0.47475961538461536 0.9495192307692307 0.04567307692307692 0.04447115384615385
2 0.5300480769230769 0.8112980769230769 0.03365384615384615 0.026442307692307692
2 0.43990384615384615 0.5504807692307693 0.07932692307692307 0.11057692307692307
2 0.8737980769230769 0.84375 0.038461538461538464 0.06610576923076923
2 0.8028846153846154 0.8377403846153846 0.10697115384615384 0.12139423076923077
2 0.7295673076923077 0.8401442307692307 0.04447115384615385 0.07091346153846154
2 0.2536057692307692 0.9266826923076923 0.040865384615384616 0.04447115384615385
2 0.039663461538461536 0.8100961538461539 0.02283653846153846 0.027644230769230768
2 0.43028846153846156 0.9122596153846154 0.04807692307692308 0.04567307692307692
2 0.4951923076923077 0.9182692307692307 0.028846153846153848 0.042067307692307696
2 0.5384615384615384 0.9122596153846154 0.055288461538461536 0.037259615384615384
2 0.5012019230769231 0.6334134615384616 0.0673076923076923 0.07932692307692307
2 0.36538461538461536 0.4699519230769231 0.04567307692307692 0.03365384615384615
2 0.8353365384615384 0.71875 0.04567307692307692 0.07451923076923077
2 0.18509615384615385 0.9915865384615384 0.027644230769230768 0.014423076923076924
2 0.2776442307692308 0.8822115384615384 0.036057692307692304 0.040865384615384616
2 0.6850961538461539 0.5276442307692307 0.040865384615384616 0.04326923076923077
5 0.33774038461538464 0.2091346153846154 0.03125 0.038461538461538464
5 0.6225961538461539 0.13701923076923078 0.02283653846153846 0.027644230769230768
5 0.16466346153846154 0.3713942307692308 0.030048076923076924 0.019230769230769232
2 0.08653846153846154 0.7860576923076923 0.040865384615384616 0.06490384615384616
2 0.17668269230769232 0.5721153846153846 0.021634615384615384 0.026442307692307692
2 0.7451923076923077 0.3449519230769231 0.014423076923076924 0.019230769230769232
2 0.22596153846153846 0.7355769230769231 0.028846153846153848 0.037259615384615384
2 0.9891826923076923 0.7992788461538461 0.021634615384615384 0.07932692307692307
2 0.4110576923076923 0.671875 0.06490384615384616 0.0889423076923077
2 0.6033653846153846 0.8521634615384616 0.05889423076923077 0.10576923076923077
2 0.6442307692307693 0.9639423076923077 0.09735576923076923 0.06850961538461539
2 0.625 0.5228365384615384 0.027644230769230768 0.054086538461538464
0 0.32091346153846156 0.5817307692307693 0.09254807692307693 0.03245192307692308
2 0.27524038461538464 0.828125 0.036057692307692304 0.04807692307692308
2 0.06009615384615385 0.9519230769230769 0.03125 0.05048076923076923
2 0.08413461538461539 0.4699519230769231 0.026442307692307692 0.042067307692307696
2 0.5649038461538461 0.8798076923076923 0.016826923076923076 0.03125
2 0.9350961538461539 0.6995192307692307 0.03245192307692308 0.040865384615384616
2 0.5324519230769231 0.6754807692307693 0.02403846153846154 0.046875
2 0.7536057692307693 0.9819711538461539 0.09615384615384616 0.03245192307692308
2 0.5889423076923077 0.7103365384615384 0.06490384615384616 0.06850961538461539
0 0.359375 0.5997596153846154 0.04567307692307692 0.02283653846153846
2 0.16105769230769232 0.5588942307692307 0.018028846153846152 0.018028846153846152
2 0.9771634615384616 0.8822115384615384 0.03125 0.04326923076923077
2 0.5048076923076923 0.5745192307692307 0.037259615384615384 0.05048076923076923
2 0.6730769230769231 0.6081730769230769 0.040865384615384616 0.036057692307692304
2 0.13701923076923078 0.47716346153846156 0.03365384615384615 0.046875
2 0.42908653846153844 0.7680288461538461 0.06009615384615385 0.057692307692307696
2 0.40024038461538464 0.9627403846153846 0.037259615384615384 0.05048076923076923
2 0.8461538461538461 0.7932692307692307 0.05048076923076923 0.07451923076923077
2 0.9663461538461539 0.9651442307692307 0.057692307692307696 0.06610576923076923
0 0.6790865384615384 0.7752403846153846 0.04326923076923077 0.03245192307692308
2 0.46634615384615385 0.8870192307692307 0.018028846153846152 0.019230769230769232
2 0.703125 0.6454326923076923 0.02283653846153846 0.04567307692307692
2 0.8461538461538461 0.9567307692307693 0.06370192307692307 0.0829326923076923
5 0.36538461538461536 0.359375 0.027644230769230768 0.036057692307692304
0 0.9399038461538461 0.7992788461538461 0.02403846153846154 0.036057692307692304
0 0.8413461538461539 0.9194711538461539 0.3173076923076923 0.15264423076923078
0 0.8209134615384616 0.5673076923076923 0.2403846153846154 0.15745192307692307
2 0.9771634615384616 0.41346153846153844 0.030048076923076924 0.05889423076923077
2 0.7019230769230769 0.4326923076923077 0.03365384615384615 0.05048076923076923
2 0.7067307692307693 0.296875 0.016826923076923076 0.021634615384615384
2 0.25600961538461536 0.5276442307692307 0.038461538461538464 0.037259615384615384
0 0.9615384615384616 0.7463942307692307 0.02403846153846154 0.037259615384615384
0 0.625 0.4375 0.057692307692307696 0.04927884615384615
5 0.46634615384615385 0.4254807692307692 0.026442307692307692 0.036057692307692304
2 0.8978365384615384 0.40384615384615385 0.020432692307692308 0.05048076923076923
2 0.7223557692307693 0.3076923076923077 0.016826923076923076 0.019230769230769232
2 0.7463942307692307 0.1201923076923077 0.027644230769230768 0.07451923076923077
2 0.6574519230769231 0.35216346153846156 0.016826923076923076 0.019230769230769232
1 0.5084134615384616 0.7475961538461539 0.9831730769230769 0.453125
5 0.2764423076923077 0.4074519230769231 0.10096153846153846 0.05048076923076923
5 0.14423076923076922 0.33052884615384615 0.030048076923076924 0.09134615384615384
0 0.7127403846153846 0.7836538461538461 0.021634615384615384 0.037259615384615384
0 0.25841346153846156 0.6622596153846154 0.02403846153846154 0.03125
0 0.484375 0.007211538461538462 0.025240384615384616 0.014423076923076924
0 0.3641826923076923 0.05889423076923077 0.1310096153846154 0.1141826923076923
0 0.6490384615384616 0.6995192307692307 0.16346153846153846 0.26322115384615385
2 0.28125 0.014423076923076924 0.038461538461538464 0.027644230769230768
2 0.7848557692307693 0.4411057692307692 0.04567307692307692 0.09254807692307693
2 0.5925480769230769 0.25721153846153844 0.016826923076923076 0.028846153846153848
2 0.5384615384615384 0.47596153846153844 0.040865384615384616 0.0673076923076923
2 0.5336538461538461 0.20192307692307693 0.009615384615384616 0.03485576923076923
2 0.2704326923076923 0.3004807692307692 0.021634615384615384 0.03485576923076923
5 0.7896634615384616 0.20793269230769232 0.02403846153846154 0.027644230769230768
5 0.12620192307692307 0.6117788461538461 0.027644230769230768 0.03485576923076923
5 0.4963942307692308 0.12379807692307693 0.027644230769230768 0.040865384615384616
5 0.09615384615384616 0.06610576923076923 0.03365384615384615 0.04567307692307692
0 0.6490384615384616 0.8810096153846154 0.02403846153846154 0.036057692307692304
2 0.671875 0.328125 0.02403846153846154 0.019230769230769232
