0 0.8401442307692307 0.018028846153846152 0.03485576923076923 0.03485576923076923
2 0.8737980769230769 0.078125 0.021634615384615384 0.021634615384615384
2 0.7596153846153846 0.14783653846153846 0.014423076923076924 0.03245192307692308
2 0.7668269230769231 0.016826923076923076 0.03125 0.03365384615384615
0 0.6478365384615384 0.5528846153846154 0.02403846153846154 0.037259615384615384
2 0.9567307692307693 0.6286057692307693 0.025240384615384616 0.055288461538461536
0 0.04447115384615385 0.5949519230769231 0.016826923076923076 0.018028846153846152
0 0.8257211538461539 0.0625 0.02403846153846154 0.027644230769230768
0 0.9603365384615384 0.03245192307692308 0.07932692307692307 0.06370192307692307
0 0.7007211538461539 0.36658653846153844 0.019230769230769232 0.038461538461538464
0 0.5564903846153846 0.6358173076923077 0.24278846153846154 0.7211538461538461
2 0.8677884615384616 0.14903846153846154 0.026442307692307692 0.03365384615384615
0 0.421875 0.7716346153846154 0.019230769230769232 0.021634615384615384
0 0.8100961538461539 0.038461538461538464 0.03365384615384615 0.04447115384615385
0 0.6730769230769231 0.33413461538461536 0.019230769230769232 0.03125
2 0.8509615384615384 0.07451923076923077 0.02403846153846154 0.027644230769230768
2 0.49158653846153844 0.052884615384615384 0.019230769230769232 0.015625
2 0.9819711538461539 0.6274038461538461 0.027644230769230768 0.037259615384615384
2 0.5072115384615384 0.2692307692307692 0.018028846153846152 0.02403846153846154
0 0.3293269230769231 0.07451923076923077 0.014423076923076924 0.021634615384615384
0 0.7860576923076923 0.007211538461538462 0.040865384615384616 0.01201923076923077
2 0.8269230769230769 0.3004807692307692 0.08052884615384616 0.0733173076923077
12 0.5516826923076923 0.5709134615384616 0.8966346153846154 0.6274038461538461
0 0.703125 0.4375 0.036057692307692304 0.04326923076923077
5 0.6959134615384616 0.4254807692307692 0.025240384615384616 0.027644230769230768
2 0.9423076923076923 0.4543269230769231 0.040865384615384616 0.042067307692307696
2 0.96875 0.10096153846153846 0.02403846153846154 0.042067307692307696
2 0.9759615384615384 0.38461538461538464 0.04807692307692308 0.13701923076923078
0 0.5961538461538461 0.03245192307692308 0.09134615384615384 0.06370192307692307
5 0.9711538461538461 0.6682692307692307 0.025240384615384616 0.03125
0 0.24158653846153846 0.11778846153846154 0.01201923076923077 0.014423076923076924
0 0.7307692307692307 0.3401442307692308 0.02403846153846154 0.04326923076923077
2 0.9026442307692307 0.265625 0.06490384615384616 0.05889423076923077
2 0.9879807692307693 0.47716346153846156 0.02403846153846154 0.051682692307692304
2 0.9831730769230769 0.7331730769230769 0.014423076923076924 0.026442307692307692
5 0.9362980769230769 0.11538461538461539 0.03365384615384615 0.03365384615384615
0 0.37740384615384615 0.17548076923076922 0.027644230769230768 0.027644230769230768
2 0.5552884615384616 0.08774038461538461 0.0625 0.08413461538461539
2 0.6394230769230769 0.9783653846153846 0.042067307692307696 0.040865384615384616
2 0.5216346153846154 0.8485576923076923 0.009615384615384616 0.010817307692307692
2 0.5348557692307693 0.7908653846153846 0.04447115384615385 0.05048076923076923
2 0.7632211538461539 0.35096153846153844 0.016826923076923076 0.021634615384615384
2 0.7319711538461539 0.9290865384615384 0.013221153846153846 0.016826923076923076
2 0.3701923076923077 0.9134615384615384 0.015625 0.025240384615384616
2 0.25961538461538464 0.2980769230769231 0.010817307692307692 0.018028846153846152
2 0.2548076923076923 0.16826923076923078 0.007211538461538462 0.01201923076923077
2 0.6274038461538461 0.8629807692307693 0.03245192307692308 0.040865384615384616
2 0.7079326923076923 0.328125 0.05048076923076923 0.05048076923076923
2 0.3581730769230769 0.9435096153846154 0.01201923076923077 0.016826923076923076
2 0.2692307692307692 0.8930288461538461 0.008413461538461538 0.010817307692307692
2 0.34975961538461536 0.11177884615384616 0.038461538461538464 0.046875
2 0.25721153846153844 0.49399038461538464 0.016826923076923076 0.019230769230769232
2 0.9134615384615384 0.515625 0.013221153846153846 0.030048076923076924
2 0.2956730769230769 0.6346153846153846 0.0625 0.11658653846153846
2 0.8858173076923077 0.5204326923076923 0.038461538461538464 0.042067307692307696
2 0.9338942307692307 0.9086538461538461 0.09375 0.09735576923076923
2 0.4206730769230769 0.4326923076923077 0.009615384615384616 0.040865384615384616
2 0.23918269230769232 0.8413461538461539 0.007211538461538462 0.013221153846153846
2 0.021634615384615384 0.07091346153846154 0.014423076923076924 0.021634615384615384
0 0.45072115384615385 0.20192307692307693 0.02403846153846154 0.03365384615384615
0 0.4675480769230769 0.15264423076923078 0.21754807692307693 0.3004807692307692
2 0.9759615384615384 0.8004807692307693 0.016826923076923076 0.028846153846153848
2 0.8954326923076923 0.5673076923076923 0.013221153846153846 0.019230769230769232
2 0.484375 0.5216346153846154 0.010817307692307692 0.01201923076923077
0 0.4026442307692308 0.22596153846153846 0.016826923076923076 0.019230769230769232
2 0.4495192307692308 0.3641826923076923 0.027644230769230768 0.030048076923076924
2 0.8365384615384616 0.7103365384615384 0.04567307692307692 0.0889423076923077
2 0.5600961538461539 0.36778846153846156 0.021634615384615384 0.02403846153846154
2 0.4074519230769231 0.47596153846153844 0.016826923076923076 0.015625
2 0.8581730769230769 0.5588942307692307 0.04326923076923077 0.037259615384615384
0 0.19591346153846154 0.15865384615384615 0.018028846153846152 0.028846153846153848
0 0.5540865384615384 0.49278846153846156 0.020432692307692308 0.030048076923076924
2 0.22956730769230768 0.6490384615384616 0.01201923076923077 0.027644230769230768
0 0.4495192307692308 0.8149038461538461 0.027644230769230768 0.040865384615384616
2 0.375 0.44471153846153844 0.02283653846153846 0.025240384615384616
2 0.12740384615384615 0.4495192307692308 0.027644230769230768 0.028846153846153848
2 0.28365384615384615 0.30288461538461536 0.02403846153846154 0.019230769230769232
2 0.1814903846153846 0.2704326923076923 0.03125 0.03485576923076923
2 0.44591346153846156 0.546875 0.010817307692307692 0.015625
2 0.7055288461538461 0.5420673076923077 0.03365384615384615 0.05048076923076923
2 0.7620192307692307 0.9879807692307693 0.020432692307692308 0.021634615384615384
2 0.0625 0.7860576923076923 0.06610576923076923 0.03245192307692308
2 0.3473557692307692 0.018028846153846152 0.040865384615384616 0.03485576923076923
2 0.5576923076923077 0.9795673076923077 0.016826923076923076 0.03485576923076923
2 0.27163461538461536 0.06129807692307692 0.009615384615384616 0.013221153846153846
0 0.90625 0.006009615384615385 0.02403846153846154 0.01201923076923077
2 0.7932692307692307 0.9338942307692307 0.028846153846153848 0.027644230769230768
2 0.8894230769230769 0.7608173076923077 0.06129807692307692 0.10576923076923077
2 0.4387019230769231 0.9759615384615384 0.016826923076923076 0.016826923076923076
2 0.5300480769230769 0.8894230769230769 0.009615384615384616 0.013221153846153846
2 0.7487980769230769 0.7824519230769231 0.14302884615384615 0.12860576923076922
2 0.9350961538461539 0.9399038461538461 0.016826923076923076 0.06971153846153846
2 0.8221153846153846 0.3918269230769231 0.02403846153846154 0.027644230769230768
2 0.6346153846153846 0.9302884615384616 0.04326923076923077 0.056490384615384616
2 0.3641826923076923 0.4170673076923077 0.008413461538461538 0.01201923076923077
0 0.2932692307692308 0.11658653846153846 0.009615384615384616 0.014423076923076924
2 0.30528846153846156 0.004807692307692308 0.038461538461538464 0.009615384615384616
2 0.3076923076923077 0.9567307692307693 0.010817307692307692 0.014423076923076924
2 0.671875 0.8677884615384616 0.01201923076923077 0.01201923076923077
2 0.9675480769230769 0.25 0.014423076923076924 0.03485576923076923
2 0.9242788461538461 0.21875 0.018028846153846152 0.02283653846153846
2 0.90625 0.546875 0.014423076923076924 0.027644230769230768
2 0.8233173076923077 0.5036057692307693 0.038461538461538464 0.026442307692307692
2 0.8185096153846154 0.9543269230769231 0.02403846153846154 0.02403846153846154
2 0.78125 0.6021634615384616 0.11057692307692307 0.1201923076923077
2 0.5769230769230769 0.8701923076923077 0.04326923076923077 0.06850961538461539
2 0.171875 0.41225961538461536 0.02283653846153846 0.027644230769230768
2 0.46875 0.2764423076923077 0.036057692307692304 0.06009615384615385
2 0.8846153846153846 0.3942307692307692 0.01201923076923077 0.016826923076923076
2 0.6021634615384616 0.421875 0.02283653846153846 0.030048076923076924
2 0.31850961538461536 0.1658653846153846 0.016826923076923076 0.016826923076923076
2 0.03485576923076923 0.04927884615384615 0.009615384615384616 0.013221153846153846
2 0.3425480769230769 0.859375 0.03245192307692308 0.018028846153846152
2 0.7944711538461539 0.8894230769230769 0.037259615384615384 0.042067307692307696
2 0.6706730769230769 0.5384615384615384 0.030048076923076924 0.08653846153846154
2 0.24759615384615385 0.8894230769230769 0.027644230769230768 0.07692307692307693
2 0.09615384615384616 0.8786057692307693 0.018028846153846152 0.019230769230769232
2 0.6165865384615384 0.49759615384615385 0.021634615384615384 0.036057692307692304
2 0.34134615384615385 0.6322115384615384 0.018028846153846152 0.02283653846153846
2 0.27403846153846156 0.35336538461538464 0.010817307692307692 0.013221153846153846
2 0.23677884615384615 0.3245192307692308 0.009615384615384616 0.015625
2 0.3016826923076923 0.8185096153846154 0.009615384615384616 0.010817307692307692
2 0.6670673076923077 0.7463942307692307 0.015625 0.02283653846153846
2 0.7283653846153846 0.6971153846153846 0.05889423076923077 0.05889423076923077
2 0.7908653846153846 0.4206730769230769 0.052884615384615384 0.05889423076923077
2 0.71875 0.28846153846153844 0.036057692307692304 0.03365384615384615
2 0.546875 0.7151442307692307 0.030048076923076924 0.037259615384615384
2 0.6442307692307693 0.5144230769230769 0.025240384615384616 0.027644230769230768
2 0.2776442307692308 0.019230769230769232 0.016826923076923076 0.036057692307692304
