0 0.5048076923076923 0.0673076923076923 0.046875 0.07451923076923077
3 0.05889423076923077 0.6875 0.11778846153846154 0.6177884615384616
12 0.5661057692307693 0.65625 0.6947115384615384 0.6802884615384616
2 0.7776442307692307 0.265625 0.030048076923076924 0.0673076923076923
2 0.04567307692307692 0.42908653846153844 0.03245192307692308 0.03365384615384615
2 0.6634615384615384 0.8365384615384616 0.03245192307692308 0.03245192307692308
2 0.53125 0.7620192307692307 0.057692307692307696 0.038461538461538464
2 0.6802884615384616 0.18870192307692307 0.04807692307692308 0.03365384615384615
2 0.5877403846153846 0.8365384615384616 0.09615384615384616 0.057692307692307696
2 0.5637019230769231 0.9591346153846154 0.03485576923076923 0.055288461538461536
2 0.7283653846153846 0.5360576923076923 0.03245192307692308 0.09254807692307693
2 0.5817307692307693 0.4375 0.06129807692307692 0.0625
2 0.13581730769230768 0.13701923076923078 0.04807692307692308 0.10697115384615384
2 0.9879807692307693 0.171875 0.02403846153846154 0.04567307692307692
