2 0.4362980769230769 0.27403846153846156 0.037259615384615384 0.10697115384615384
2 0.7764423076923077 0.6538461538461539 0.06129807692307692 0.06129807692307692
2 0.5300480769230769 0.9771634615384616 0.02283653846153846 0.04447115384615385
2 0.6298076923076923 0.8305288461538461 0.054086538461538464 0.057692307692307696
2 0.8028846153846154 0.13341346153846154 0.052884615384615384 0.0673076923076923
2 0.7524038461538461 0.5420673076923077 0.09375 0.13221153846153846
2 0.44591346153846156 0.8846153846153846 0.15504807692307693 0.2283653846153846
2 0.4411057692307692 0.05889423076923077 0.06971153846153846 0.09615384615384616
2 0.4807692307692308 0.578125 0.042067307692307696 0.04326923076923077
2 0.7764423076923077 0.027644230769230768 0.04447115384615385 0.04807692307692308
2 0.7199519230769231 0.3449519230769231 0.06610576923076923 0.05889423076923077
2 0.8509615384615384 0.039663461538461536 0.038461538461538464 0.07451923076923077
2 0.6213942307692307 0.9471153846153846 0.020432692307692308 0.020432692307692308
2 0.6634615384615384 0.6742788461538461 0.08653846153846154 0.125
2 0.28966346153846156 0.08173076923076923 0.10697115384615384 0.16346153846153846
2 0.2860576923076923 0.8990384615384616 0.08774038461538461 0.16826923076923078
2 0.47475961538461536 0.7524038461538461 0.04326923076923077 0.08052884615384616
2 0.5733173076923077 0.027644230769230768 0.04567307692307692 0.05048076923076923
2 0.4807692307692308 0.15625 0.03125 0.1045673076923077
2 0.43509615384615385 0.6370192307692307 0.0733173076923077 0.14302884615384615
2 0.3894230769230769 0.578125 0.056490384615384616 0.054086538461538464
2 0.3449519230769231 0.9266826923076923 0.051682692307692304 0.09254807692307693
2 0.0625 0.90625 0.020432692307692308 0.028846153846153848
2 0.8701923076923077 0.051682692307692304 0.09735576923076923 0.10336538461538461
2 0.4074519230769231 0.4254807692307692 0.09254807692307693 0.12740384615384615
2 0.5925480769230769 0.9639423076923077 0.036057692307692304 0.05048076923076923
2 0.6310096153846154 0.2776442307692308 0.03485576923076923 0.042067307692307696
2 0.05048076923076923 0.8810096153846154 0.0625 0.08533653846153846
2 0.23076923076923078 0.9314903846153846 0.030048076923076924 0.046875
2 0.7211538461538461 0.8052884615384616 0.05889423076923077 0.09495192307692307
2 0.6334134615384616 0.9927884615384616 0.01201923076923077 0.014423076923076924
2 0.4423076923076923 0.1935096153846154 0.02403846153846154 0.036057692307692304
2 0.46875 0.3112980769230769 0.030048076923076924 0.03365384615384615
2 0.24278846153846154 0.515625 0.08173076923076923 0.10576923076923077
2 0.35096153846153844 0.7716346153846154 0.057692307692307696 0.08413461538461539
2 0.0733173076923077 0.9927884615384616 0.027644230769230768 0.014423076923076924
2 0.8209134615384616 0.03485576923076923 0.027644230769230768 0.054086538461538464
2 0.5817307692307693 0.09254807692307693 0.016826923076923076 0.02283653846153846
2 0.5396634615384616 0.8894230769230769 0.027644230769230768 0.037259615384615384
2 0.5889423076923077 0.8557692307692307 0.028846153846153848 0.04567307692307692
2 0.6634615384615384 0.054086538461538464 0.10817307692307693 0.10336538461538461
2 0.5108173076923077 0.6706730769230769 0.06129807692307692 0.08533653846153846
2 0.8317307692307693 0.09254807692307693 0.027644230769230768 0.051682692307692304
2 0.6478365384615384 0.171875 0.08173076923076923 0.09134615384615384
2 0.5588942307692307 0.38461538461538464 0.14423076923076922 0.12620192307692307
2 0.7007211538461539 0.7223557692307693 0.04807692307692308 0.06490384615384616
2 0.7680288461538461 0.21394230769230768 0.038461538461538464 0.04807692307692308
2 0.6814903846153846 0.21153846153846154 0.08173076923076923 0.09014423076923077
2 0.5889423076923077 0.1346153846153846 0.021634615384615384 0.02283653846153846
2 0.37259615384615385 0.08173076923076923 0.07692307692307693 0.10096153846153846
2 0.35697115384615385 0.3112980769230769 0.09975961538461539 0.12980769230769232
2 0.21995192307692307 0.3088942307692308 0.0673076923076923 0.14783653846153846
2 0.4074519230769231 0.7439903846153846 0.019230769230769232 0.030048076923076924
2 0.11057692307692307 0.9747596153846154 0.052884615384615384 0.05048076923076923
2 0.0625 0.35697115384615385 0.12379807692307693 0.11899038461538461
2 0.9122596153846154 0.3894230769230769 0.05048076923076923 0.12860576923076922
2 0.9903846153846154 0.3161057692307692 0.019230769230769232 0.051682692307692304
0 0.6057692307692307 0.5925480769230769 0.06129807692307692 0.07692307692307693
2 0.9783653846153846 0.10697115384615384 0.020432692307692308 0.018028846153846152
2 0.9759615384615384 0.20673076923076922 0.04807692307692308 0.08774038461538461
2 0.9651442307692307 0.14423076923076922 0.021634615384615384 0.025240384615384616
2 0.8617788461538461 0.3737980769230769 0.027644230769230768 0.021634615384615384
2 0.9951923076923077 0.6189903846153846 0.008413461538461538 0.038461538461538464
2 0.9278846153846154 0.8689903846153846 0.02403846153846154 0.025240384615384616
2 0.9050480769230769 0.8497596153846154 0.02403846153846154 0.046875
2 0.19471153846153846 0.7355769230769231 0.03245192307692308 0.07692307692307693
2 0.22716346153846154 0.6033653846153846 0.040865384615384616 0.0673076923076923
2 0.013221153846153846 0.5877403846153846 0.026442307692307692 0.055288461538461536
2 0.17067307692307693 0.24639423076923078 0.06850961538461539 0.04447115384615385
0 0.7079326923076923 0.40625 0.04326923076923077 0.06009615384615385
2 0.9603365384615384 0.3954326923076923 0.016826923076923076 0.021634615384615384
2 0.890625 0.5264423076923077 0.1346153846153846 0.1658653846153846
2 0.9735576923076923 0.8629807692307693 0.052884615384615384 0.08173076923076923
2 0.9038461538461539 0.9362980769230769 0.027644230769230768 0.040865384615384616
2 0.8629807692307693 0.9735576923076923 0.030048076923076924 0.038461538461538464
2 0.6790865384615384 0.7764423076923077 0.06610576923076923 0.08173076923076923
2 0.29927884615384615 0.5889423076923077 0.03365384615384615 0.0673076923076923
2 0.9014423076923077 0.14903846153846154 0.036057692307692304 0.03485576923076923
2 0.9146634615384616 0.19831730769230768 0.025240384615384616 0.027644230769230768
2 0.9615384615384616 0.3004807692307692 0.04567307692307692 0.06370192307692307
2 0.8966346153846154 0.6286057692307693 0.1658653846153846 0.078125
2 0.9591346153846154 0.7836538461538461 0.025240384615384616 0.042067307692307696
2 0.8954326923076923 0.7379807692307693 0.026442307692307692 0.05048076923076923
2 0.8076923076923077 0.8040865384615384 0.11538461538461539 0.11778846153846154
2 0.8245192307692307 0.7007211538461539 0.0625 0.07932692307692307
2 0.9423076923076923 0.25600961538461536 0.030048076923076924 0.040865384615384616
2 0.8269230769230769 0.9399038461538461 0.06490384615384616 0.08052884615384616
2 0.078125 0.109375 0.11057692307692307 0.18990384615384615
2 0.9278846153846154 0.8269230769230769 0.025240384615384616 0.038461538461538464
2 0.039663461538461536 0.44591346153846156 0.07932692307692307 0.13701923076923078
2 0.9603365384615384 0.49278846153846156 0.016826923076923076 0.014423076923076924
2 0.984375 0.7764423076923077 0.03125 0.06129807692307692
2 0.8774038461538461 0.27163461538461536 0.021634615384615384 0.020432692307692308
2 0.9014423076923077 0.9735576923076923 0.03365384615384615 0.026442307692307692
2 0.28966346153846156 0.20432692307692307 0.037259615384615384 0.05889423076923077
2 0.15144230769230768 0.15865384615384615 0.05889423076923077 0.09014423076923077
2 0.9471153846153846 0.8942307692307693 0.018028846153846152 0.020432692307692308
2 0.0829326923076923 0.6935096153846154 0.11057692307692307 0.20552884615384615
2 0.8449519230769231 0.33653846153846156 0.037259615384615384 0.027644230769230768
2 0.07091346153846154 0.25841346153846156 0.09014423076923077 0.09375
2 0.8677884615384616 0.6911057692307693 0.03365384615384615 0.06610576923076923
2 0.9963942307692307 0.11057692307692307 0.007211538461538462 0.025240384615384616
2 0.8930288461538461 0.18629807692307693 0.016826923076923076 0.021634615384615384
11 0.3449519230769231 0.4170673076923077 0.4567307692307692 0.2644230769230769
2 0.9615384615384616 0.6730769230769231 0.07692307692307693 0.14543269230769232
2 0.8377403846153846 0.4182692307692308 0.039663461538461536 0.06850961538461539
3 0.25721153846153844 0.20432692307692307 0.15985576923076922 0.40625
2 0.9639423076923077 0.9350961538461539 0.046875 0.056490384615384616
2 0.9194711538461539 0.2824519230769231 0.04807692307692308 0.027644230769230768
2 0.8846153846153846 0.31490384615384615 0.03245192307692308 0.03485576923076923
2 0.7572115384615384 0.71875 0.06009615384615385 0.057692307692307696
2 0.8641826923076923 0.8846153846153846 0.037259615384615384 0.07451923076923077
2 0.9050480769230769 0.23798076923076922 0.05048076923076923 0.04927884615384615
2 0.9663461538461539 0.43990384615384615 0.06610576923076923 0.09134615384615384
2 0.9771634615384616 0.3581730769230769 0.027644230769230768 0.036057692307692304
3 0.7415865384615384 0.4735576923076923 0.5144230769230769 0.9471153846153846
2 0.8846153846153846 0.8173076923076923 0.03485576923076923 0.042067307692307696
2 0.7151442307692307 0.921875 0.15985576923076922 0.15504807692307693
2 0.9411057692307693 0.171875 0.028846153846153848 0.02403846153846154
2 0.9723557692307693 0.5661057692307693 0.055288461538461536 0.0625
2 0.9206730769230769 0.7824519230769231 0.027644230769230768 0.046875
2 0.9771634615384616 0.5192307692307693 0.03125 0.03485576923076923
