1 0.3269230769230769 0.31490384615384615 0.12379807692307693 0.17908653846153846
1 0.6394230769230769 0.8016826923076923 0.04447115384615385 0.06370192307692307
4 0.1622596153846154 0.20192307692307693 0.25721153846153844 0.19110576923076922
1 0.6754807692307693 0.9375 0.11057692307692307 0.11658653846153846
4 0.17548076923076922 0.3557692307692308 0.29086538461538464 0.12860576923076922
0 0.8088942307692307 0.3545673076923077 0.27163461538461536 0.4266826923076923
1 0.9579326923076923 0.8677884615384616 0.08413461538461539 0.21514423076923078
1 0.08052884615384616 0.09014423076923077 0.16105769230769232 0.17548076923076922
0 0.43509615384615385 0.8521634615384616 0.4206730769230769 0.28846153846153844
1 0.5540865384615384 0.6225961538461539 0.24759615384615385 0.2091346153846154
1 0.057692307692307696 0.3245192307692308 0.11538461538461539 0.2776442307692308
0 0.9879807692307693 0.12259615384615384 0.02403846153846154 0.16826923076923078
0 0.9074519230769231 0.5925480769230769 0.18389423076923078 0.40865384615384615
1 0.20192307692307693 0.6802884615384616 0.4026442307692308 0.4879807692307692
4 0.4675480769230769 0.43990384615384615 0.11057692307692307 0.14423076923076922
1 0.5132211538461539 0.11899038461538461 0.24639423076923078 0.23798076923076922
