2 0.5985576923076923 0.24639423076923078 0.03125 0.08413461538461539
2 0.9459134615384616 0.5841346153846154 0.03485576923076923 0.07211538461538461
2 0.953125 0.35336538461538464 0.037259615384615384 0.04567307692307692
2 0.8990384615384616 0.9543269230769231 0.018028846153846152 0.027644230769230768
2 0.7307692307692307 0.47716346153846156 0.019230769230769232 0.021634615384615384
2 0.055288461538461536 0.4014423076923077 0.11057692307692307 0.17307692307692307
2 0.04567307692307692 0.14783653846153846 0.020432692307692308 0.028846153846153848
2 0.7944711538461539 0.5408653846153846 0.03485576923076923 0.04807692307692308
2 0.9783653846153846 0.18870192307692307 0.042067307692307696 0.08413461538461539
2 0.8846153846153846 0.8245192307692307 0.019230769230769232 0.027644230769230768
2 0.34615384615384615 0.3485576923076923 0.04567307692307692 0.039663461538461536
2 0.42427884615384615 0.08413461538461539 0.02403846153846154 0.027644230769230768
2 0.8473557692307693 0.9543269230769231 0.013221153846153846 0.018028846153846152
2 0.8076923076923077 0.6923076923076923 0.018028846153846152 0.021634615384615384
2 0.6670673076923077 0.05889423076923077 0.013221153846153846 0.016826923076923076
2 0.24519230769230768 0.8269230769230769 0.019230769230769232 0.02283653846153846
2 0.10336538461538461 0.7512019230769231 0.016826923076923076 0.019230769230769232
2 0.9050480769230769 0.8870192307692307 0.025240384615384616 0.02403846153846154
2 0.5024038461538461 0.1814903846153846 0.021634615384615384 0.027644230769230768
2 0.1971153846153846 0.23557692307692307 0.18389423076923078 0.4098557692307692
2 0.8209134615384616 0.7644230769230769 0.015625 0.020432692307692308
2 0.625 0.7536057692307693 0.014423076923076924 0.020432692307692308
4 0.3701923076923077 0.4987980769230769 0.2668269230769231 0.9975961538461539
2 0.7560096153846154 0.1141826923076923 0.021634615384615384 0.02283653846153846
2 0.6694711538461539 0.36538461538461536 0.016826923076923076 0.025240384615384616
2 0.8353365384615384 0.31971153846153844 0.019230769230769232 0.025240384615384616
2 0.8605769230769231 0.34134615384615385 0.025240384615384616 0.026442307692307692
2 0.6586538461538461 0.296875 0.027644230769230768 0.03365384615384615
2 0.7247596153846154 0.8329326923076923 0.018028846153846152 0.019230769230769232
2 0.7235576923076923 0.6057692307692307 0.021634615384615384 0.027644230769230768
2 0.8497596153846154 0.06971153846153846 0.02283653846153846 0.027644230769230768
2 0.08774038461538461 0.8016826923076923 0.025240384615384616 0.04447115384615385
2 0.9831730769230769 0.8822115384615384 0.02403846153846154 0.027644230769230768
2 0.8377403846153846 0.47836538461538464 0.025240384615384616 0.026442307692307692
2 0.5432692307692307 0.02283653846153846 0.037259615384615384 0.04447115384615385
2 0.9543269230769231 0.9915865384615384 0.016826923076923076 0.016826923076923076
2 0.2704326923076923 0.7271634615384616 0.040865384615384616 0.04326923076923077
2 0.546875 0.10576923076923077 0.040865384615384616 0.06610576923076923
2 0.78125 0.4855769230769231 0.03245192307692308 0.03485576923076923
2 0.8173076923076923 0.07091346153846154 0.019230769230769232 0.026442307692307692
2 0.5444711538461539 0.25600961538461536 0.036057692307692304 0.03485576923076923
2 0.5192307692307693 0.4855769230769231 0.037259615384615384 0.08774038461538461
2 0.5913461538461539 0.41586538461538464 0.04567307692307692 0.040865384615384616
2 0.6923076923076923 0.24278846153846154 0.038461538461538464 0.046875
2 0.625 0.5865384615384616 0.03245192307692308 0.03245192307692308
2 0.5036057692307693 0.9074519230769231 0.2668269230769231 0.18509615384615385
2 0.8533653846153846 0.9867788461538461 0.028846153846153848 0.026442307692307692
2 0.8317307692307693 0.5168269230769231 0.025240384615384616 0.03245192307692308
2 0.8737980769230769 0.5913461538461539 0.03365384615384615 0.07211538461538461
2 0.9675480769230769 0.44711538461538464 0.021634615384615384 0.027644230769230768
2 0.7920673076923077 0.9591346153846154 0.009615384615384616 0.018028846153846152
2 0.1466346153846154 0.6117788461538461 0.21153846153846154 0.22235576923076922
2 0.037259615384615384 0.7980769230769231 0.020432692307692308 0.027644230769230768
2 0.9194711538461539 0.6622596153846154 0.05048076923076923 0.10697115384615384
2 0.03485576923076923 0.036057692307692304 0.039663461538461536 0.055288461538461536
2 0.9050480769230769 0.1658653846153846 0.04567307692307692 0.05048076923076923
2 0.5528846153846154 0.6177884615384616 0.08533653846153846 0.12740384615384615
2 0.4891826923076923 0.2644230769230769 0.037259615384615384 0.04326923076923077
2 0.7139423076923077 0.18028846153846154 0.052884615384615384 0.07091346153846154
2 0.6262019230769231 0.8040865384615384 0.019230769230769232 0.019230769230769232
2 0.6081730769230769 0.5108173076923077 0.04567307692307692 0.036057692307692304
2 0.7175480769230769 0.11057692307692307 0.03125 0.036057692307692304
2 0.2091346153846154 0.8846153846153846 0.03485576923076923 0.03485576923076923
2 0.9362980769230769 0.24519230769230768 0.038461538461538464 0.05048076923076923
2 0.9927884615384616 0.25 0.014423076923076924 0.030048076923076924
