7 0.9759615384615384 0.11177884615384616 0.040865384615384616 0.14423076923076922
1 0.7103365384615384 0.5192307692307693 0.22596153846153846 0.15745192307692307
1 0.8473557692307693 0.020432692307692308 0.057692307692307696 0.037259615384615384
0 0.15625 0.8365384615384616 0.1346153846153846 0.296875
1 0.11298076923076923 0.4375 0.22596153846153846 0.44471153846153844
1 0.7740384615384616 0.36177884615384615 0.07692307692307693 0.10216346153846154
1 0.8473557692307693 0.2920673076923077 0.07932692307692307 0.06490384615384616
0 0.35096153846153844 0.9350961538461539 0.11057692307692307 0.12860576923076922
0 0.9675480769230769 0.5673076923076923 0.06490384615384616 0.20793269230769232
0 0.75 0.3233173076923077 0.18629807692307693 0.22716346153846154
1 0.8317307692307693 0.5817307692307693 0.03125 0.14182692307692307
4 0.6021634615384616 0.13581730769230768 0.051682692307692304 0.06129807692307692
7 0.06971153846153846 0.7776442307692307 0.038461538461538464 0.2644230769230769
7 0.5889423076923077 0.8665865384615384 0.16826923076923078 0.2644230769230769
7 0.2644230769230769 0.9266826923076923 0.016826923076923076 0.14423076923076922
1 0.7247596153846154 0.08653846153846154 0.042067307692307696 0.17307692307692307
0 0.45913461538461536 0.7860576923076923 0.15745192307692307 0.21514423076923078
0 0.6694711538461539 0.18389423076923078 0.07451923076923077 0.14903846153846154
7 0.21634615384615385 0.5492788461538461 0.09134615384615384 0.484375
1 0.046875 0.9230769230769231 0.09375 0.13942307692307693
1 0.9507211538461539 0.35336538461538464 0.0985576923076923 0.2091346153846154
4 0.5649038461538461 0.09014423076923077 0.04567307692307692 0.05889423076923077
7 0.34375 0.49278846153846156 0.1466346153846154 0.21394230769230768
1 0.8197115384615384 0.78125 0.23557692307692307 0.3004807692307692
1 0.8629807692307693 0.5144230769230769 0.09014423076923077 0.10096153846153846
1 0.9723557692307693 0.2247596153846154 0.055288461538461536 0.08173076923076923
10 0.5685096153846154 0.49759615384615385 0.7644230769230769 0.9951923076923077
1 0.9266826923076923 0.890625 0.1466346153846154 0.21394230769230768
1 0.5949519230769231 0.7091346153846154 0.13221153846153846 0.2512019230769231
1 0.27403846153846156 0.24158653846153846 0.5480769230769231 0.48197115384615385
