12 0.5264423076923077 0.4963942307692308 0.875 0.9927884615384616
2 0.3485576923076923 0.8737980769230769 0.21875 0.19591346153846154
2 0.9290865384615384 0.9639423076923077 0.14182692307692307 0.06129807692307692
2 0.20432692307692307 0.9615384615384616 0.06971153846153846 0.07692307692307693
2 0.8834134615384616 0.7992788461538461 0.1466346153846154 0.08173076923076923
2 0.6201923076923077 0.36538461538461536 0.06971153846153846 0.09615384615384616
2 0.038461538461538464 0.39903846153846156 0.07692307692307693 0.03245192307692308
12 0.046875 0.828125 0.09254807692307693 0.34375
12 0.109375 0.9651442307692307 0.21634615384615385 0.0673076923076923
2 0.12139423076923077 0.10697115384615384 0.20192307692307693 0.1935096153846154
12 0.16466346153846154 0.2644230769230769 0.3293269230769231 0.5288461538461539
2 0.6514423076923077 0.5528846153846154 0.06370192307692307 0.10096153846153846
2 0.296875 0.45072115384615385 0.2824519230769231 0.6021634615384616
2 0.6622596153846154 0.03125 0.055288461538461536 0.054086538461538464
12 0.5048076923076923 0.4987980769230769 0.2608173076923077 0.9963942307692307
