2 0.39783653846153844 0.3798076923076923 0.027644230769230768 0.10576923076923077
2 0.0625 0.140625 0.028846153846153848 0.030048076923076924
2 0.27524038461538464 0.16105769230769232 0.11538461538461539 0.12620192307692307
2 0.3401442307692308 0.04326923076923077 0.08052884615384616 0.0829326923076923
2 0.31971153846153844 0.23197115384615385 0.014423076923076924 0.04326923076923077
2 0.07932692307692307 0.7980769230769231 0.06850961538461539 0.09254807692307693
5 0.765625 0.6947115384615384 0.0889423076923077 0.13341346153846154
2 0.01201923076923077 0.0829326923076923 0.02403846153846154 0.07451923076923077
2 0.057692307692307696 0.4807692307692308 0.04567307692307692 0.042067307692307696
3 0.31009615384615385 0.5889423076923077 0.2668269230769231 0.27283653846153844
5 0.1814903846153846 0.8617788461538461 0.11298076923076923 0.2692307692307692
5 0.9158653846153846 0.3641826923076923 0.12980769230769232 0.16346153846153846
2 0.004807692307692308 0.18389423076923078 0.009615384615384616 0.04567307692307692
2 0.014423076923076924 0.01201923076923077 0.027644230769230768 0.02283653846153846
2 0.06370192307692307 0.9290865384615384 0.12740384615384615 0.14182692307692307
2 0.027644230769230768 0.59375 0.055288461538461536 0.08173076923076923
2 0.5024038461538461 0.3004807692307692 0.0673076923076923 0.18389423076923078
5 0.265625 0.4723557692307692 0.11538461538461539 0.16706730769230768
2 0.0673076923076923 0.010817307692307692 0.055288461538461536 0.019230769230769232
2 0.03245192307692308 0.8365384615384616 0.040865384615384616 0.05048076923076923
2 0.15264423076923078 0.4951923076923077 0.03245192307692308 0.03485576923076923
2 0.16466346153846154 0.09495192307692307 0.1045673076923077 0.10216346153846154
12 0.5012019230769231 0.47716346153846156 0.13942307692307693 0.13581730769230768
2 0.25 0.29447115384615385 0.09014423076923077 0.10216346153846154
2 0.007211538461538462 0.78125 0.014423076923076924 0.03125
2 0.6838942307692307 0.2956730769230769 0.11899038461538461 0.24158653846153846
2 0.8088942307692307 0.5072115384615384 0.09735576923076923 0.15264423076923078
2 0.6033653846153846 0.5877403846153846 0.04807692307692308 0.09134615384615384
2 0.9350961538461539 0.21754807692307693 0.12980769230769232 0.43509615384615385
2 0.9002403846153846 0.546875 0.04807692307692308 0.056490384615384616
2 0.0733173076923077 0.6370192307692307 0.04567307692307692 0.10096153846153846
2 0.6694711538461539 0.7872596153846154 0.22355769230769232 0.2608173076923077
2 0.7271634615384616 0.3449519230769231 0.0889423076923077 0.10697115384615384
2 0.4831730769230769 0.796875 0.02403846153846154 0.03125
2 0.8257211538461539 0.1045673076923077 0.0985576923076923 0.12620192307692307
2 0.8533653846153846 0.7680288461538461 0.03245192307692308 0.0673076923076923
2 0.3858173076923077 0.9411057692307693 0.05889423076923077 0.09134615384615384
2 0.5685096153846154 0.6574519230769231 0.014423076923076924 0.027644230769230768
2 0.734375 0.06490384615384616 0.09495192307692307 0.12860576923076922
2 0.5733173076923077 0.09735576923076923 0.3870192307692308 0.19471153846153846
2 0.4795673076923077 0.25721153846153844 0.04326923076923077 0.06490384615384616
2 0.5901442307692307 0.44471153846153844 0.0985576923076923 0.17067307692307693
2 0.6213942307692307 0.6526442307692307 0.03125 0.038461538461538464
2 0.8521634615384616 0.9543269230769231 0.2127403846153846 0.09134615384615384
2 0.12860576923076922 0.6670673076923077 0.06129807692307692 0.1346153846153846
2 0.703125 0.5432692307692307 0.10336538461538461 0.17908653846153846
2 0.9302884615384616 0.7163461538461539 0.016826923076923076 0.02403846153846154
