2 0.0985576923076923 0.3798076923076923 0.009615384615384616 0.01201923076923077
13 0.8401442307692307 0.47716346153846156 0.31850961538461536 0.5649038461538461
2 0.6033653846153846 0.7512019230769231 0.007211538461538462 0.007211538461538462
2 0.5588942307692307 0.6201923076923077 0.015625 0.019230769230769232
2 0.484375 0.47115384615384615 0.014423076923076924 0.019230769230769232
2 0.10817307692307693 0.27283653846153844 0.01201923076923077 0.016826923076923076
2 0.2668269230769231 0.052884615384615384 0.007211538461538462 0.010817307692307692
12 0.328125 0.5348557692307693 0.5228365384615384 0.2692307692307692
2 0.5060096153846154 0.7848557692307693 0.01201923076923077 0.009615384615384616
2 0.22596153846153846 0.9771634615384616 0.006009615384615385 0.008413461538461538
0 0.3786057692307692 0.5516826923076923 0.025240384615384616 0.037259615384615384
2 0.6478365384615384 0.4879807692307692 0.009615384615384616 0.018028846153846152
2 0.33774038461538464 0.046875 0.016826923076923076 0.019230769230769232
2 0.12620192307692307 0.13701923076923078 0.01201923076923077 0.009615384615384616
2 0.22716346153846154 0.8329326923076923 0.01201923076923077 0.03245192307692308
2 0.6610576923076923 0.23677884615384615 0.019230769230769232 0.02283653846153846
2 0.22716346153846154 0.9903846153846154 0.009615384615384616 0.010817307692307692
2 0.6237980769230769 0.7944711538461539 0.006009615384615385 0.007211538461538462
2 0.6201923076923077 0.359375 0.01201923076923077 0.020432692307692308
2 0.49399038461538464 0.8966346153846154 0.015625 0.026442307692307692
2 0.22716346153846154 0.06490384615384616 0.009615384615384616 0.008413461538461538
2 0.4987980769230769 0.9927884615384616 0.018028846153846152 0.013221153846153846
2 0.4375 0.7043269230769231 0.019230769230769232 0.02283653846153846
2 0.23076923076923078 0.9254807692307693 0.009615384615384616 0.013221153846153846
2 0.4879807692307692 0.4951923076923077 0.007211538461538462 0.01201923076923077
2 0.6778846153846154 0.16105769230769232 0.014423076923076924 0.013221153846153846
2 0.6394230769230769 0.7848557692307693 0.004807692307692308 0.003605769230769231
2 0.36177884615384615 0.9759615384615384 0.007211538461538462 0.008413461538461538
2 0.2848557692307692 0.9591346153846154 0.016826923076923076 0.025240384615384616
0 0.3389423076923077 0.5036057692307693 0.037259615384615384 0.046875
2 0.5 0.8629807692307693 0.010817307692307692 0.01201923076923077
2 0.43990384615384615 0.9387019230769231 0.007211538461538462 0.008413461538461538
2 0.18990384615384615 0.046875 0.007211538461538462 0.01201923076923077
2 0.6129807692307693 0.7079326923076923 0.014423076923076924 0.030048076923076924
2 0.4182692307692308 0.36899038461538464 0.01201923076923077 0.03485576923076923
2 0.32572115384615385 0.7872596153846154 0.009615384615384616 0.009615384615384616
