2 0.7644230769230769 0.12740384615384615 0.2980769230769231 0.2536057692307692
2 0.9026442307692307 0.46634615384615385 0.19471153846153846 0.328125
2 0.7115384615384616 0.703125 0.02403846153846154 0.03125
12 0.5 0.6622596153846154 1 0.3004807692307692
2 0.07692307692307693 0.12620192307692307 0.15384615384615385 0.18509615384615385
2 0.2920673076923077 0.18990384615384615 0.4074519230769231 0.3786057692307692
2 0.15504807692307693 0.8197115384615384 0.31009615384615385 0.35336538461538464
12 0.6778846153846154 0.41466346153846156 0.21754807692307693 0.3329326923076923
2 0.9819711538461539 0.23076923076923078 0.036057692307692304 0.0673076923076923
2 0.0889423076923077 0.43509615384615385 0.1778846153846154 0.13942307692307693
2 0.8641826923076923 0.6706730769230769 0.04326923076923077 0.04567307692307692
2 0.7079326923076923 0.8882211538461539 0.5841346153846154 0.21514423076923078
2 0.6225961538461539 0.3473557692307692 0.03485576923076923 0.046875
2 0.5973557692307693 0.15264423076923078 0.28125 0.30528846153846156
12 0.3088942307692308 0.5901442307692307 0.5120192307692307 0.8173076923076923
