1 0.8197115384615384 0.5300480769230769 0.038461538461538464 0.07091346153846154
1 0.33653846153846156 0.0625 0.10817307692307693 0.12379807692307693
1 0.4495192307692308 0.8341346153846154 0.17067307692307693 0.21634615384615385
1 0.7163461538461539 0.12740384615384615 0.13221153846153846 0.2403846153846154
10 0.6069711538461539 0.5 0.20673076923076922 1
1 0.8930288461538461 0.8677884615384616 0.21394230769230768 0.25
1 0.6334134615384616 0.5060096153846154 0.038461538461538464 0.07451923076923077
1 0.25240384615384615 0.6069711538461539 0.5036057692307693 0.7776442307692307
1 0.09375 0.12980769230769232 0.1875 0.25721153846153844
10 0.5 0.2247596153846154 1 0.2692307692307692
1 0.7475961538461539 0.7367788461538461 0.15985576923076922 0.21394230769230768
1 0.45913461538461536 0.0625 0.1466346153846154 0.125
