12 0.47115384615384615 0.4987980769230769 0.17067307692307693 0.9915865384615384
11 0.15144230769230768 0.49759615384615385 0.30288461538461536 0.9951923076923077
2 0.36538461538461536 0.25961538461538464 0.13942307692307693 0.13942307692307693
2 0.23197115384615385 0.07572115384615384 0.10817307692307693 0.15144230769230768
2 0.45072115384615385 0.8822115384615384 0.09134615384615384 0.16346153846153846
2 0.0889423076923077 0.4519230769230769 0.1778846153846154 0.24879807692307693
2 0.7259615384615384 0.7451923076923077 0.16105769230769232 0.18509615384615385
2 0.7355769230769231 0.16826923076923078 0.5276442307692307 0.3293269230769231
2 0.7692307692307693 0.4795673076923077 0.46153846153846156 0.35697115384615385
2 0.6814903846153846 0.921875 0.11298076923076923 0.15264423076923078
