1 0.15625 0.25961538461538464 0.02403846153846154 0.027644230769230768
1 0.625 0.9903846153846154 0.026442307692307692 0.019230769230769232
1 0.12139423076923077 0.20552884615384615 0.028846153846153848 0.03485576923076923
1 0.9002403846153846 0.8461538461538461 0.030048076923076924 0.037259615384615384
1 0.6887019230769231 0.3701923076923077 0.03245192307692308 0.04927884615384615
1 0.9495192307692307 0.6274038461538461 0.013221153846153846 0.01201923076923077
1 0.8197115384615384 0.8786057692307693 0.03365384615384615 0.03365384615384615
1 0.3641826923076923 0.2776442307692308 0.009615384615384616 0.018028846153846152
1 0.9110576923076923 0.6838942307692307 0.010817307692307692 0.014423076923076924
1 0.4098557692307692 0.78125 0.009615384615384616 0.019230769230769232
1 0.4735576923076923 0.7512019230769231 0.03245192307692308 0.028846153846153848
1 0.09375 0.6862980769230769 0.04326923076923077 0.04567307692307692
1 0.8557692307692307 0.07572115384615384 0.021634615384615384 0.03365384615384615
1 0.7043269230769231 0.6418269230769231 0.027644230769230768 0.036057692307692304
1 0.8605769230769231 0.49759615384615385 0.038461538461538464 0.037259615384615384
1 0.9411057692307693 0.8028846153846154 0.03125 0.03485576923076923
1 0.5252403846153846 0.6237980769230769 0.0625 0.05048076923076923
1 0.421875 0.28725961538461536 0.008413461538461538 0.015625
1 0.5877403846153846 0.5408653846153846 0.015625 0.025240384615384616
1 0.31850961538461536 0.7307692307692307 0.026442307692307692 0.039663461538461536
1 0.34375 0.9435096153846154 0.014423076923076924 0.028846153846153848
1 0.9326923076923077 0.3473557692307692 0.021634615384615384 0.03245192307692308
1 0.734375 0.9879807692307693 0.03125 0.02283653846153846
1 0.41225961538461536 0.34375 0.021634615384615384 0.02403846153846154
1 0.8930288461538461 0.04567307692307692 0.03245192307692308 0.09014423076923077
1 0.90625 0.13822115384615385 0.02283653846153846 0.028846153846153848
1 0.9675480769230769 0.3245192307692308 0.06490384615384616 0.07692307692307693
1 0.5240384615384616 0.055288461538461536 0.026442307692307692 0.03245192307692308
1 0.9399038461538461 0.2512019230769231 0.056490384615384616 0.07451923076923077
1 0.7211538461538461 0.09014423076923077 0.01201923076923077 0.01201923076923077
1 0.6550480769230769 0.13822115384615385 0.013221153846153846 0.019230769230769232
1 0.7740384615384616 0.3449519230769231 0.008413461538461538 0.009615384615384616
1 0.21875 0.734375 0.027644230769230768 0.026442307692307692
1 0.06129807692307692 0.7932692307692307 0.016826923076923076 0.019230769230769232
1 0.8197115384615384 0.8425480769230769 0.04447115384615385 0.03485576923076923
1 0.8389423076923077 0.6634615384615384 0.027644230769230768 0.026442307692307692
1 0.9483173076923077 0.6502403846153846 0.021634615384615384 0.027644230769230768
1 0.9699519230769231 0.6334134615384616 0.018028846153846152 0.025240384615384616
1 0.9278846153846154 0.5456730769230769 0.038461538461538464 0.042067307692307696
1 0.7439903846153846 0.5408653846153846 0.04567307692307692 0.05048076923076923
1 0.8365384615384616 0.5540865384615384 0.018028846153846152 0.026442307692307692
1 0.9615384615384616 0.36778846153846156 0.014423076923076924 0.036057692307692304
1 0.6526442307692307 0.04807692307692308 0.019230769230769232 0.02403846153846154
1 0.2512019230769231 0.41586538461538464 0.036057692307692304 0.03245192307692308
1 0.5877403846153846 0.859375 0.019230769230769232 0.027644230769230768
1 0.4891826923076923 0.859375 0.025240384615384616 0.03485576923076923
1 0.22115384615384615 0.6478365384615384 0.028846153846153848 0.037259615384615384
1 0.16947115384615385 0.7872596153846154 0.014423076923076924 0.027644230769230768
1 0.15504807692307693 0.49278846153846156 0.027644230769230768 0.057692307692307696
1 0.9314903846153846 0.8629807692307693 0.021634615384615384 0.02283653846153846
1 0.6862980769230769 0.6766826923076923 0.021634615384615384 0.03365384615384615
1 0.4951923076923077 0.23557692307692307 0.028846153846153848 0.05048076923076923
1 0.4254807692307692 0.8942307692307693 0.028846153846153848 0.038461538461538464
1 0.39302884615384615 0.8269230769230769 0.03125 0.056490384615384616
1 0.01201923076923077 0.9326923076923077 0.02403846153846154 0.057692307692307696
1 0.13341346153846154 0.2776442307692308 0.02283653846153846 0.040865384615384616
1 0.06850961538461539 0.16826923076923078 0.13701923076923078 0.33653846153846156
1 0.9411057692307693 0.7644230769230769 0.027644230769230768 0.03125
1 0.859375 0.7307692307692307 0.02283653846153846 0.02283653846153846
1 0.15865384615384615 0.40865384615384615 0.013221153846153846 0.027644230769230768
1 0.8677884615384616 0.25600961538461536 0.02403846153846154 0.039663461538461536
1 0.9435096153846154 0.12860576923076922 0.030048076923076924 0.04927884615384615
1 0.8064903846153846 0.5685096153846154 0.021634615384615384 0.028846153846153848
10 0.4735576923076923 0.44711538461538464 0.6346153846153846 0.8942307692307693
1 0.009615384615384616 0.17908653846153846 0.019230769230769232 0.040865384615384616
1 0.28725961538461536 0.1622596153846154 0.009615384615384616 0.018028846153846152
1 0.6141826923076923 0.1045673076923077 0.028846153846153848 0.02283653846153846
1 0.5889423076923077 0.7548076923076923 0.03245192307692308 0.04326923076923077
1 0.057692307692307696 0.48197115384615385 0.03485576923076923 0.05048076923076923
1 0.14302884615384615 0.08052884615384616 0.03245192307692308 0.036057692307692304
1 0.7307692307692307 0.7584134615384616 0.025240384615384616 0.03485576923076923
1 0.7572115384615384 0.6646634615384616 0.018028846153846152 0.02283653846153846
1 0.7163461538461539 0.6045673076923077 0.02283653846153846 0.037259615384615384
1 0.9002403846153846 0.6370192307692307 0.016826923076923076 0.025240384615384616
