2 0.3762019230769231 0.6454326923076923 0.02403846153846154 0.028846153846153848
2 0.7992788461538461 0.40024038461538464 0.016826923076923076 0.028846153846153848
2 0.9110576923076923 0.6911057692307693 0.05889423076923077 0.0829326923076923
2 0.2704326923076923 0.6538461538461539 0.021634615384615384 0.019230769230769232
2 0.02403846153846154 0.2764423076923077 0.02403846153846154 0.04326923076923077
2 0.013221153846153846 0.8894230769230769 0.026442307692307692 0.057692307692307696
2 0.6838942307692307 0.0985576923076923 0.04447115384615385 0.06009615384615385
2 0.29086538461538464 0.546875 0.02283653846153846 0.04326923076923077
2 0.8305288461538461 0.3173076923076923 0.038461538461538464 0.05048076923076923
2 0.9603365384615384 0.17427884615384615 0.07091346153846154 0.0829326923076923
2 0.19110576923076922 0.21875 0.046875 0.0733173076923077
2 0.16826923076923078 0.7451923076923077 0.028846153846153848 0.052884615384615384
2 0.05889423076923077 0.4879807692307692 0.055288461538461536 0.056490384615384616
2 0.1658653846153846 0.5264423076923077 0.040865384615384616 0.054086538461538464
2 0.7043269230769231 0.3798076923076923 0.025240384615384616 0.019230769230769232
2 0.4807692307692308 0.9050480769230769 0.0889423076923077 0.1201923076923077
2 0.453125 0.6754807692307693 0.02283653846153846 0.025240384615384616
2 0.5504807692307693 0.43028846153846156 0.027644230769230768 0.04807692307692308
2 0.3401442307692308 0.6826923076923077 0.06971153846153846 0.15625
2 0.0829326923076923 0.7211538461538461 0.06370192307692307 0.11298076923076923
2 0.25240384615384615 0.5805288461538461 0.03125 0.04326923076923077
2 0.26802884615384615 0.9699519230769231 0.05889423076923077 0.05889423076923077
12 0.5 0.4987980769230769 1 0.9290865384615384
2 0.03125 0.7367788461538461 0.038461538461538464 0.03245192307692308
2 0.32211538461538464 0.4855769230769231 0.026442307692307692 0.028846153846153848
2 0.04567307692307692 0.06490384615384616 0.054086538461538464 0.0625
2 0.10817307692307693 0.03125 0.054086538461538464 0.0625
2 0.4567307692307692 0.2860576923076923 0.057692307692307696 0.08052884615384616
2 0.953125 0.3557692307692308 0.052884615384615384 0.08173076923076923
2 0.890625 0.5709134615384616 0.06129807692307692 0.06610576923076923
2 0.7271634615384616 0.0625 0.052884615384615384 0.03485576923076923
2 0.4074519230769231 0.5637019230769231 0.06129807692307692 0.05889423076923077
2 0.30649038461538464 0.8713942307692307 0.040865384615384616 0.042067307692307696
2 0.18509615384615385 0.5913461538461539 0.07211538461538461 0.09375
2 0.7992788461538461 0.11057692307692307 0.0625 0.054086538461538464
2 0.6454326923076923 0.2620192307692308 0.05048076923076923 0.06009615384615385
2 0.5204326923076923 0.7211538461538461 0.08774038461538461 0.13221153846153846
2 0.7668269230769231 0.15264423076923078 0.02283653846153846 0.027644230769230768
2 0.20793269230769232 0.6947115384615384 0.021634615384615384 0.019230769230769232
2 0.875 0.2776442307692308 0.014423076923076924 0.02283653846153846
2 0.8389423076923077 0.4567307692307692 0.07451923076923077 0.06971153846153846
2 0.6622596153846154 0.6201923076923077 0.140625 0.2536057692307692
