2 0.8016826923076923 0.23076923076923078 0.016826923076923076 0.026442307692307692
2 0.546875 0.9747596153846154 0.07451923076923077 0.05048076923076923
2 0.17067307692307693 0.12379807692307693 0.052884615384615384 0.057692307692307696
2 0.9603365384615384 0.4795673076923077 0.07932692307692307 0.12620192307692307
0 0.46153846153846156 0.6478365384615384 0.4326923076923077 0.5612980769230769
2 0.18269230769230768 0.5480769230769231 0.051682692307692304 0.0625
2 0.15745192307692307 0.36899038461538464 0.054086538461538464 0.08653846153846154
2 0.9855769230769231 0.7211538461538461 0.027644230769230768 0.04447115384615385
2 0.4423076923076923 0.15504807692307693 0.038461538461538464 0.06129807692307692
2 0.5492788461538461 0.49158653846153844 0.05889423076923077 0.0673076923076923
2 0.109375 0.7932692307692307 0.052884615384615384 0.11177884615384616
2 0.7704326923076923 0.8774038461538461 0.025240384615384616 0.026442307692307692
2 0.5432692307692307 0.039663461538461536 0.04567307692307692 0.051682692307692304
2 0.037259615384615384 0.12980769230769232 0.04326923076923077 0.03485576923076923
2 0.1346153846153846 0.6875 0.052884615384615384 0.04807692307692308
2 0.013221153846153846 0.71875 0.026442307692307692 0.07211538461538461
2 0.7475961538461539 0.4831730769230769 0.07451923076923077 0.1141826923076923
2 0.40625 0.9555288461538461 0.038461538461538464 0.06850961538461539
2 0.1045673076923077 0.4338942307692308 0.051682692307692304 0.06610576923076923
2 0.9338942307692307 0.15745192307692307 0.13221153846153846 0.2692307692307692
2 0.09014423076923077 0.9254807692307693 0.054086538461538464 0.05889423076923077
2 0.027644230769230768 0.9603365384615384 0.040865384615384616 0.046875
12 0.6105769230769231 0.5 0.7776442307692307 0.9987980769230769
2 0.8942307692307693 0.21634615384615385 0.03245192307692308 0.06971153846153846
2 0.6057692307692307 0.26322115384615385 0.054086538461538464 0.08533653846153846
2 0.84375 0.1875 0.027644230769230768 0.02403846153846154
2 0.24879807692307693 0.1622596153846154 0.07211538461538461 0.08173076923076923
2 0.04567307692307692 0.32091346153846156 0.06129807692307692 0.08173076923076923
2 0.13701923076923078 0.19951923076923078 0.042067307692307696 0.052884615384615384
