2 0.06129807692307692 0.41466346153846156 0.12259615384615384 0.15144230769230768
2 0.19591346153846154 0.15745192307692307 0.06971153846153846 0.12139423076923077
2 0.27283653846153844 0.03485576923076923 0.08413461538461539 0.06971153846153846
2 0.07091346153846154 0.057692307692307696 0.14182692307692307 0.09134615384615384
2 0.44711538461538464 0.19951923076923078 0.019230769230769232 0.036057692307692304
10 0.5 0.5024038461538461 1 0.7043269230769231
2 0.3605769230769231 0.4807692307692308 0.08052884615384616 0.078125
5 0.3473557692307692 0.9014423076923077 0.030048076923076924 0.055288461538461536
2 0.8064903846153846 0.8365384615384616 0.027644230769230768 0.036057692307692304
2 0.7379807692307693 0.8786057692307693 0.03485576923076923 0.0673076923076923
2 0.3161057692307692 0.18870192307692307 0.05048076923076923 0.056490384615384616
2 0.39903846153846156 0.9350961538461539 0.055288461538461536 0.051682692307692304
2 0.8317307692307693 0.5144230769230769 0.038461538461538464 0.05889423076923077
2 0.328125 0.9723557692307693 0.0733173076923077 0.054086538461538464
2 0.38100961538461536 0.018028846153846152 0.09495192307692307 0.03485576923076923
2 0.8942307692307693 0.6177884615384616 0.03245192307692308 0.04326923076923077
2 0.24639423076923078 0.9278846153846154 0.020432692307692308 0.014423076923076924
2 0.6334134615384616 0.17427884615384615 0.04326923076923077 0.04326923076923077
2 0.19471153846153846 0.5348557692307693 0.028846153846153848 0.036057692307692304
2 0.38341346153846156 0.078125 0.016826923076923076 0.03485576923076923
2 0.15745192307692307 0.9338942307692307 0.018028846153846152 0.018028846153846152
2 0.0625 0.9771634615384616 0.02403846153846154 0.036057692307692304
2 0.19230769230769232 0.3605769230769231 0.040865384615384616 0.056490384615384616
2 0.028846153846153848 0.6382211538461539 0.028846153846153848 0.038461538461538464
2 0.24158653846153846 0.96875 0.03485576923076923 0.027644230769230768
