2 0.7415865384615384 0.7427884615384616 0.013221153846153846 0.021634615384615384
2 0.8641826923076923 0.8545673076923077 0.014423076923076924 0.020432692307692308
2 0.7019230769230769 0.8209134615384616 0.03125 0.05889423076923077
2 0.9615384615384616 0.8353365384615384 0.027644230769230768 0.026442307692307692
2 0.7307692307692307 0.953125 0.016826923076923076 0.020432692307692308
2 0.734375 0.8509615384615384 0.014423076923076924 0.04927884615384615
2 0.7608173076923077 0.8161057692307693 0.025240384615384616 0.039663461538461536
2 0.7067307692307693 0.44350961538461536 0.015625 0.03245192307692308
2 0.7151442307692307 0.3473557692307692 0.019230769230769232 0.021634615384615384
2 0.3004807692307692 0.5240384615384616 0.016826923076923076 0.021634615384615384
2 0.22355769230769232 0.40865384615384615 0.016826923076923076 0.014423076923076924
2 0.32211538461538464 0.8762019230769231 0.014423076923076924 0.018028846153846152
2 0.3894230769230769 0.7764423076923077 0.020432692307692308 0.02403846153846154
2 0.11057692307692307 0.9338942307692307 0.028846153846153848 0.027644230769230768
2 0.02283653846153846 0.7788461538461539 0.016826923076923076 0.02403846153846154
2 0.04567307692307692 0.6286057692307693 0.020432692307692308 0.02403846153846154
2 0.9927884615384616 0.30528846153846156 0.014423076923076924 0.020432692307692308
2 0.6153846153846154 0.48677884615384615 0.02283653846153846 0.027644230769230768
2 0.24278846153846154 0.5576923076923077 0.016826923076923076 0.020432692307692308
2 0.8389423076923077 0.9387019230769231 0.020432692307692308 0.0625
2 0.8617788461538461 0.9939903846153846 0.026442307692307692 0.01201923076923077
2 0.43149038461538464 0.8449519230769231 0.056490384615384616 0.09615384615384616
2 0.5877403846153846 0.5384615384615384 0.007211538461538462 0.014423076923076924
2 0.28365384615384615 0.65625 0.04567307692307692 0.05889423076923077
2 0.234375 0.328125 0.04807692307692308 0.07211538461538461
2 0.19471153846153846 0.8822115384615384 0.036057692307692304 0.05889423076923077
2 0.421875 0.65625 0.03485576923076923 0.08413461538461539
2 0.7115384615384616 0.5889423076923077 0.014423076923076924 0.025240384615384616
2 0.6622596153846154 0.6754807692307693 0.027644230769230768 0.027644230769230768
2 0.13701923076923078 0.5576923076923077 0.03125 0.040865384615384616
2 0.2704326923076923 0.8822115384615384 0.013221153846153846 0.013221153846153846
2 0.18269230769230768 0.36658653846153844 0.055288461538461536 0.057692307692307696
2 0.6646634615384616 0.375 0.016826923076923076 0.019230769230769232
2 0.6694711538461539 0.8918269230769231 0.016826923076923076 0.04807692307692308
2 0.7884615384615384 0.22596153846153846 0.01201923076923077 0.018028846153846152
2 0.234375 0.8076923076923077 0.016826923076923076 0.015625
2 0.17548076923076922 0.578125 0.03365384615384615 0.027644230769230768
2 0.22355769230769232 0.8401442307692307 0.020432692307692308 0.020432692307692308
2 0.22235576923076922 0.5829326923076923 0.015625 0.020432692307692308
2 0.7307692307692307 0.3557692307692308 0.013221153846153846 0.018028846153846152
2 0.037259615384615384 0.5877403846153846 0.04326923076923077 0.054086538461538464
2 0.6899038461538461 0.31009615384615385 0.016826923076923076 0.036057692307692304
2 0.6923076923076923 0.5552884615384616 0.02283653846153846 0.04326923076923077
2 0.2932692307692308 0.46634615384615385 0.019230769230769232 0.030048076923076924
2 0.8605769230769231 0.17067307692307693 0.020432692307692308 0.04927884615384615
2 0.6622596153846154 0.7259615384615384 0.016826923076923076 0.019230769230769232
2 0.08052884615384616 0.1778846153846154 0.013221153846153846 0.015625
2 0.8846153846153846 0.9771634615384616 0.021634615384615384 0.02403846153846154
2 0.14543269230769232 0.640625 0.021634615384615384 0.02403846153846154
2 0.7127403846153846 0.5120192307692307 0.028846153846153848 0.040865384615384616
2 0.3629807692307692 0.984375 0.046875 0.030048076923076924
2 0.07451923076923077 0.6610576923076923 0.02403846153846154 0.019230769230769232
2 0.296875 0.8509615384615384 0.03485576923076923 0.04326923076923077
2 0.6526442307692307 0.796875 0.02283653846153846 0.039663461538461536
2 0.6189903846153846 0.40865384615384615 0.019230769230769232 0.021634615384615384
2 0.16826923076923078 0.7596153846153846 0.027644230769230768 0.02403846153846154
2 0.25240384615384615 0.6502403846153846 0.008413461538461538 0.015625
2 0.3112980769230769 0.7992788461538461 0.020432692307692308 0.021634615384615384
2 0.6959134615384616 0.8954326923076923 0.03245192307692308 0.06610576923076923
2 0.2980769230769231 0.9567307692307693 0.038461538461538464 0.05048076923076923
2 0.8822115384615384 0.8161057692307693 0.07451923076923077 0.1310096153846154
2 0.8064903846153846 0.7235576923076923 0.006009615384615385 0.014423076923076924
2 0.30528846153846156 0.7692307692307693 0.02403846153846154 0.019230769230769232
2 0.5288461538461539 0.43509615384615385 0.02283653846153846 0.025240384615384616
2 0.36658653846153844 0.8557692307692307 0.014423076923076924 0.018028846153846152
2 0.21394230769230768 0.6670673076923077 0.05889423076923077 0.06610576923076923
2 0.16466346153846154 0.7067307692307693 0.0625 0.07451923076923077
2 0.9423076923076923 0.7932692307692307 0.019230769230769232 0.025240384615384616
2 0.8653846153846154 0.5925480769230769 0.01201923076923077 0.019230769230769232
2 0.9242788461538461 0.671875 0.01201923076923077 0.019230769230769232
2 0.18509615384615385 0.6045673076923077 0.018028846153846152 0.016826923076923076
2 0.765625 0.7271634615384616 0.027644230769230768 0.038461538461538464
2 0.046875 0.19471153846153846 0.02283653846153846 0.037259615384615384
2 0.9723557692307693 0.7596153846153846 0.018028846153846152 0.018028846153846152
2 0.8137019230769231 0.6262019230769231 0.021634615384615384 0.028846153846153848
2 0.6838942307692307 0.4375 0.016826923076923076 0.021634615384615384
2 0.0889423076923077 0.6057692307692307 0.020432692307692308 0.026442307692307692
2 0.7572115384615384 0.4338942307692308 0.019230769230769232 0.020432692307692308
2 0.35697115384615385 0.6682692307692307 0.06971153846153846 0.1201923076923077
2 0.9951923076923077 0.44471153846153844 0.009615384615384616 0.019230769230769232
2 0.8064903846153846 0.39783653846153844 0.01201923076923077 0.020432692307692308
2 0.8930288461538461 0.6009615384615384 0.009615384615384616 0.019230769230769232
2 0.05889423076923077 0.359375 0.055288461538461536 0.07451923076923077
2 0.5144230769230769 0.36899038461538464 0.021634615384615384 0.015625
2 0.5564903846153846 0.3581730769230769 0.027644230769230768 0.06610576923076923
2 0.5408653846153846 0.15144230769230768 0.007211538461538462 0.009615384615384616
2 0.5985576923076923 0.04567307692307692 0.016826923076923076 0.02403846153846154
2 0.40024038461538464 0.13341346153846154 0.02283653846153846 0.02403846153846154
2 0.3449519230769231 0.042067307692307696 0.016826923076923076 0.015625
2 0.43990384615384615 0.008413461538461538 0.02403846153846154 0.016826923076923076
2 0.6814903846153846 0.12980769230769232 0.018028846153846152 0.026442307692307692
2 0.6923076923076923 0.10697115384615384 0.014423076923076924 0.014423076923076924
2 0.7103365384615384 0.13581730769230768 0.016826923076923076 0.02283653846153846
2 0.7247596153846154 0.21514423076923078 0.009615384615384616 0.021634615384615384
2 0.9230769230769231 0.18389423076923078 0.05048076923076923 0.09735576923076923
2 0.7920673076923077 0.4230769230769231 0.010817307692307692 0.018028846153846152
2 0.46875 0.890625 0.019230769230769232 0.02403846153846154
2 0.32211538461538464 0.9098557692307693 0.021634615384615384 0.020432692307692308
2 0.4074519230769231 0.7692307692307693 0.013221153846153846 0.01201923076923077
2 0.13341346153846154 0.8822115384615384 0.021634615384615384 0.04447115384615385
2 0.546875 0.05889423076923077 0.013221153846153846 0.016826923076923076
2 0.7608173076923077 0.13942307692307693 0.037259615384615384 0.04567307692307692
2 0.6742788461538461 0.171875 0.038461538461538464 0.03245192307692308
2 0.421875 0.9314903846153846 0.05048076923076923 0.037259615384615384
2 0.34375 0.8161057692307693 0.019230769230769232 0.039663461538461536
2 0.24639423076923078 0.8413461538461539 0.015625 0.015625
2 0.14783653846153846 0.9302884615384616 0.019230769230769232 0.019230769230769232
2 0.04326923076923077 0.7704326923076923 0.030048076923076924 0.02403846153846154
2 0.24519230769230768 0.7271634615384616 0.021634615384615384 0.02403846153846154
2 0.27283653846153844 0.7151442307692307 0.018028846153846152 0.025240384615384616
2 0.26322115384615385 0.75 0.016826923076923076 0.019230769230769232
2 0.11057692307692307 0.7475961538461539 0.019230769230769232 0.019230769230769232
2 0.48197115384615385 0.15264423076923078 0.03365384615384615 0.037259615384615384
2 0.4074519230769231 0.21634615384615385 0.015625 0.020432692307692308
2 0.6490384615384616 0.37740384615384615 0.01201923076923077 0.015625
2 0.5709134615384616 0.12620192307692307 0.007211538461538462 0.010817307692307692
2 0.7728365384615384 0.24158653846153846 0.014423076923076924 0.020432692307692308
2 0.6394230769230769 0.31971153846153844 0.030048076923076924 0.027644230769230768
2 0.5204326923076923 0.2824519230769231 0.013221153846153846 0.013221153846153846
2 0.7884615384615384 0.10697115384615384 0.013221153846153846 0.014423076923076924
2 0.6802884615384616 0.2247596153846154 0.03245192307692308 0.04807692307692308
2 0.6430288461538461 0.27524038461538464 0.037259615384615384 0.03365384615384615
2 0.6454326923076923 0.06129807692307692 0.03125 0.03485576923076923
2 0.6045673076923077 0.08774038461538461 0.014423076923076924 0.01201923076923077
2 0.9819711538461539 0.34375 0.01201923076923077 0.020432692307692308
2 0.7980769230769231 0.35216346153846156 0.019230769230769232 0.027644230769230768
2 0.7884615384615384 0.2980769230769231 0.1045673076923077 0.07091346153846154
2 0.9170673076923077 0.4014423076923077 0.04326923076923077 0.06009615384615385
2 0.2608173076923077 0.9903846153846154 0.026442307692307692 0.019230769230769232
2 0.8774038461538461 0.11057692307692307 0.019230769230769232 0.020432692307692308
2 0.6009615384615384 0.25841346153846156 0.02403846153846154 0.016826923076923076
2 0.5600961538461539 0.109375 0.008413461538461538 0.014423076923076924
2 0.6706730769230769 0.046875 0.010817307692307692 0.016826923076923076
2 0.9266826923076923 0.45913461538461536 0.014423076923076924 0.018028846153846152
2 0.5372596153846154 0.3137019230769231 0.010817307692307692 0.010817307692307692
2 0.5228365384615384 0.22235576923076922 0.030048076923076924 0.03365384615384615
2 0.9411057692307693 0.6802884615384616 0.018028846153846152 0.021634615384615384
2 0.8269230769230769 0.24639423076923078 0.02283653846153846 0.027644230769230768
2 0.5805288461538461 0.19831730769230768 0.016826923076923076 0.018028846153846152
2 0.5420673076923077 0.17427884615384615 0.016826923076923076 0.018028846153846152
2 0.5036057692307693 0.21153846153846154 0.021634615384615384 0.02403846153846154
2 0.5697115384615384 0.21875 0.01201923076923077 0.015625
2 0.8425480769230769 0.025240384615384616 0.015625 0.021634615384615384
2 0.4807692307692308 0.1875 0.020432692307692308 0.02403846153846154
2 0.6526442307692307 0.08653846153846154 0.020432692307692308 0.025240384615384616
2 0.4675480769230769 0.22355769230769232 0.025240384615384616 0.03485576923076923
2 0.5264423076923077 0.2980769230769231 0.013221153846153846 0.01201923076923077
2 0.4963942307692308 0.0985576923076923 0.015625 0.019230769230769232
2 0.6021634615384616 0.33533653846153844 0.02283653846153846 0.028846153846153848
2 0.5 0.14903846153846154 0.01201923076923077 0.02403846153846154
2 0.7115384615384616 0.10336538461538461 0.014423076923076924 0.027644230769230768
2 0.8076923076923077 0.13701923076923078 0.037259615384615384 0.03485576923076923
2 0.46634615384615385 0.05048076923076923 0.04927884615384615 0.06009615384615385
2 0.5300480769230769 0.0889423076923077 0.02283653846153846 0.03245192307692308
2 0.5120192307692307 0.009615384615384616 0.02283653846153846 0.019230769230769232
2 0.4519230769230769 0.15745192307692307 0.014423076923076924 0.018028846153846152
2 0.6442307692307693 0.40024038461538464 0.025240384615384616 0.027644230769230768
2 0.7572115384615384 0.0673076923076923 0.05048076923076923 0.030048076923076924
2 0.3870192307692308 0.07091346153846154 0.01201923076923077 0.015625
2 0.4206730769230769 0.1310096153846154 0.016826923076923076 0.025240384615384616
2 0.0673076923076923 0.5120192307692307 0.056490384615384616 0.05889423076923077
2 0.026442307692307692 0.46875 0.007211538461538462 0.015625
2 0.0985576923076923 0.27283653846153844 0.020432692307692308 0.028846153846153848
2 0.8557692307692307 0.8846153846153846 0.014423076923076924 0.018028846153846152
2 0.6310096153846154 0.5925480769230769 0.06971153846153846 0.037259615384615384
2 0.265625 0.40384615384615385 0.02283653846153846 0.02283653846153846
2 0.03125 0.4879807692307692 0.014423076923076924 0.016826923076923076
2 0.04447115384615385 0.08052884615384616 0.03245192307692308 0.03485576923076923
12 0.3858173076923077 0.5 0.5192307692307693 1
2 0.7463942307692307 0.7764423076923077 0.021634615384615384 0.036057692307692304
2 0.6658653846153846 0.5096153846153846 0.018028846153846152 0.019230769230769232
2 0.7367788461538461 0.5456730769230769 0.009615384615384616 0.019230769230769232
2 0.59375 0.4411057692307692 0.040865384615384616 0.046875
2 0.21394230769230768 0.2932692307692308 0.028846153846153848 0.039663461538461536
2 0.1502403846153846 0.6129807692307693 0.01201923076923077 0.015625
2 0.14783653846153846 0.32211538461538464 0.046875 0.06610576923076923
2 0.6237980769230769 0.12620192307692307 0.03485576923076923 0.04326923076923077
2 0.3425480769230769 0.021634615384615384 0.01201923076923077 0.018028846153846152
2 0.6466346153846154 0.7007211538461539 0.018028846153846152 0.016826923076923076
2 0.9939903846153846 0.9302884615384616 0.01201923076923077 0.028846153846153848
2 0.9975961538461539 0.984375 0.004807692307692308 0.016826923076923076
2 0.8365384615384616 0.8173076923076923 0.014423076923076924 0.020432692307692308
2 0.7259615384615384 0.6911057692307693 0.038461538461538464 0.03485576923076923
2 0.6057692307692307 0.5408653846153846 0.018028846153846152 0.020432692307692308
2 0.10576923076923077 0.4495192307692308 0.09254807692307693 0.055288461538461536
2 0.18028846153846154 0.24519230769230768 0.019230769230769232 0.027644230769230768
2 0.6334134615384616 0.47716346153846156 0.014423076923076924 0.021634615384615384
2 0.9350961538461539 0.2608173076923077 0.010817307692307692 0.015625
2 0.8629807692307693 0.9735576923076923 0.019230769230769232 0.019230769230769232
2 0.8004807692307693 0.010817307692307692 0.010817307692307692 0.019230769230769232
