2 0.5685096153846154 0.5697115384615384 0.04567307692307692 0.0733173076923077
2 0.23557692307692307 0.9651442307692307 0.042067307692307696 0.051682692307692304
2 0.8040865384615384 0.546875 0.038461538461538464 0.05889423076923077
2 0.15745192307692307 0.5889423076923077 0.04326923076923077 0.07451923076923077
2 0.8389423076923077 0.9182692307692307 0.055288461538461536 0.08173076923076923
2 0.18269230769230768 0.7379807692307693 0.04567307692307692 0.051682692307692304
2 0.055288461538461536 0.6490384615384616 0.018028846153846152 0.027644230769230768
2 0.039663461538461536 0.4375 0.03245192307692308 0.03485576923076923
2 0.6935096153846154 0.5949519230769231 0.040865384615384616 0.036057692307692304
2 0.8076923076923077 0.2247596153846154 0.056490384615384616 0.07451923076923077
2 0.078125 0.5072115384615384 0.055288461538461536 0.051682692307692304
2 0.6358173076923077 0.8545673076923077 0.027644230769230768 0.03245192307692308
2 0.05048076923076923 0.037259615384615384 0.10096153846153846 0.07211538461538461
2 0.2512019230769231 0.8677884615384616 0.02403846153846154 0.037259615384615384
2 0.6802884615384616 0.19471153846153846 0.06129807692307692 0.10096153846153846
2 0.25961538461538464 0.078125 0.3088942307692308 0.15625
2 0.23677884615384615 0.6586538461538461 0.07451923076923077 0.09134615384615384
2 0.08533653846153846 0.6899038461538461 0.016826923076923076 0.03245192307692308
2 0.013221153846153846 0.3954326923076923 0.026442307692307692 0.03245192307692308
2 0.8858173076923077 0.47716346153846156 0.06850961538461539 0.05889423076923077
2 0.609375 0.6201923076923077 0.038461538461538464 0.04567307692307692
2 0.5432692307692307 0.7716346153846154 0.08052884615384616 0.0733173076923077
2 0.22235576923076922 0.2920673076923077 0.30288461538461536 0.18509615384615385
2 0.12620192307692307 0.10096153846153846 0.052884615384615384 0.06850961538461539
2 0.7115384615384616 0.875 0.07572115384615384 0.09975961538461539
12 0.43509615384615385 0.5 0.20192307692307693 0.9963942307692307
2 0.8870192307692307 0.8401442307692307 0.08173076923076923 0.06850961538461539
