2 0.9230769230769231 0.2920673076923077 0.15384615384615385 0.31009615384615385
12 0.45072115384615385 0.4987980769230769 0.9014423076923077 0.9975961538461539
12 0.6081730769230769 0.4987980769230769 0.11538461538461539 0.9963942307692307
2 0.7620192307692307 0.5865384615384616 0.2247596153846154 0.18389423076923078
2 0.18269230769230768 0.48197115384615385 0.0673076923076923 0.10336538461538461
2 0.22716346153846154 0.9471153846153846 0.07692307692307693 0.08774038461538461
2 0.4411057692307692 0.765625 0.12139423076923077 0.13581730769230768
2 0.9146634615384616 0.7992788461538461 0.10697115384615384 0.23197115384615385
2 0.03245192307692308 0.2920673076923077 0.06490384615384616 0.11298076923076923
2 0.3269230769230769 0.17908653846153846 0.12139423076923077 0.18990384615384615
0 0.8233173076923077 0.3942307692307692 0.35336538461538464 0.2860576923076923
2 0.03245192307692308 0.4567307692307692 0.06490384615384616 0.08173076923076923
