12 0.53125 0.5 0.4951923076923077 0.9987980769230769
2 0.38221153846153844 0.4699519230769231 0.06971153846153846 0.07692307692307693
2 0.25 0.0733173076923077 0.040865384615384616 0.038461538461538464
2 0.921875 0.4375 0.06009615384615385 0.078125
2 0.8257211538461539 0.7884615384615384 0.19230769230769232 0.4170673076923077
2 0.31009615384615385 0.42427884615384615 0.07572115384615384 0.06850961538461539
2 0.30408653846153844 0.20192307692307693 0.06850961538461539 0.08413461538461539
2 0.9110576923076923 0.3173076923076923 0.055288461538461536 0.06971153846153846
2 0.3004807692307692 0.8100961538461539 0.08653846153846154 0.12139423076923077
2 0.8557692307692307 0.19230769230769232 0.1502403846153846 0.17908653846153846
2 0.6153846153846154 0.7596153846153846 0.06129807692307692 0.0673076923076923
2 0.6153846153846154 0.5757211538461539 0.036057692307692304 0.04447115384615385
2 0.7536057692307693 0.48677884615384615 0.12860576923076922 0.27283653846153844
2 0.15865384615384615 0.038461538461538464 0.06610576923076923 0.07451923076923077
2 0.12139423076923077 0.39663461538461536 0.040865384615384616 0.04326923076923077
2 0.09615384615384616 0.6478365384615384 0.040865384615384616 0.05048076923076923
2 0.7620192307692307 0.2247596153846154 0.040865384615384616 0.05048076923076923
2 0.9302884615384616 0.6322115384615384 0.042067307692307696 0.05889423076923077
2 0.9819711538461539 0.18269230769230768 0.03485576923076923 0.04326923076923077
2 0.09254807692307693 0.4375 0.06971153846153846 0.0829326923076923
2 0.59375 0.9375 0.038461538461538464 0.056490384615384616
2 0.2668269230769231 0.5697115384615384 0.04927884615384615 0.057692307692307696
2 0.7067307692307693 0.7295673076923077 0.038461538461538464 0.051682692307692304
2 0.4206730769230769 0.052884615384615384 0.1141826923076923 0.09375
2 0.09735576923076923 0.75 0.08774038461538461 0.12620192307692307
2 0.5480769230769231 0.056490384615384616 0.08052884615384616 0.09134615384615384
2 0.125 0.9254807692307693 0.0985576923076923 0.12980769230769232
2 0.05889423076923077 0.6165865384615384 0.06850961538461539 0.09254807692307693
2 0.08653846153846154 0.22235576923076922 0.05889423076923077 0.11538461538461539
