12 0.5 0.44471153846153844 1 0.2764423076923077
12 0.7235576923076923 0.6670673076923077 0.5528846153846154 0.6622596153846154
2 0.7716346153846154 0.15985576923076922 0.04567307692307692 0.06009615384615385
2 0.2704326923076923 0.7644230769230769 0.056490384615384616 0.14302884615384615
2 0.7848557692307693 0.23798076923076922 0.03485576923076923 0.054086538461538464
2 0.6875 0.027644230769230768 0.07211538461538461 0.054086538461538464
2 0.5324519230769231 0.052884615384615384 0.05048076923076923 0.06850961538461539
2 0.9026442307692307 0.14182692307692307 0.06850961538461539 0.07692307692307693
12 0.6141826923076923 0.28966346153846156 0.37259615384615385 0.5793269230769231
2 0.6706730769230769 0.33774038461538464 0.036057692307692304 0.04807692307692308
