2 0.8341346153846154 0.5492788461538461 0.10096153846153846 0.14423076923076922
2 0.4519230769230769 0.4050480769230769 0.052884615384615384 0.04567307692307692
2 0.8774038461538461 0.3954326923076923 0.07692307692307693 0.11057692307692307
2 0.7115384615384616 0.5841346153846154 0.13942307692307693 0.2764423076923077
2 0.9627403846153846 0.375 0.07451923076923077 0.171875
2 0.59375 0.15985576923076922 0.026442307692307692 0.027644230769230768
2 0.7223557692307693 0.09975961538461539 0.06490384615384616 0.11057692307692307
2 0.46274038461538464 0.8930288461538461 0.06490384615384616 0.06009615384615385
0 0.3557692307692308 0.11658653846153846 0.038461538461538464 0.046875
0 0.35336538461538464 0.1502403846153846 0.03485576923076923 0.02403846153846154
12 0.5216346153846154 0.5 0.8197115384615384 0.9915865384615384
4 0.7055288461538461 0.30528846153846156 0.17668269230769232 0.5973557692307693
2 0.5036057692307693 0.15504807692307693 0.02403846153846154 0.04927884615384615
0 0.640625 0.12860576923076922 0.026442307692307692 0.03365384615384615
0 0.6574519230769231 0.025240384615384616 0.037259615384615384 0.05048076923076923
0 0.15985576923076922 0.11177884615384616 0.04807692307692308 0.05048076923076923
0 0.6334134615384616 0.08413461538461539 0.03125 0.04927884615384615
0 0.5576923076923077 0.5612980769230769 0.19471153846153846 0.22355769230769232
0 0.421875 0.33533653846153844 0.1466346153846154 0.19831730769230768
12 0.21634615384615385 0.2920673076923077 0.4326923076923077 0.578125
2 0.8112980769230769 0.9122596153846154 0.2692307692307692 0.15625
0 0.33774038461538464 0.18269230769230768 0.037259615384615384 0.036057692307692304
0 0.7620192307692307 0.4699519230769231 0.02403846153846154 0.039663461538461536
0 0.38100961538461536 0.06610576923076923 0.021634615384615384 0.03125
2 0.5841346153846154 0.04326923076923077 0.09134615384615384 0.08653846153846154
2 0.25841346153846156 0.18509615384615385 0.0673076923076923 0.15625
2 0.010817307692307692 0.3545673076923077 0.021634615384615384 0.037259615384615384
0 0.6358173076923077 0.2620192307692308 0.021634615384615384 0.027644230769230768
0 0.6153846153846154 0.2800480769230769 0.021634615384615384 0.02283653846153846
0 0.10336538461538461 0.04447115384615385 0.04807692307692308 0.07451923076923077
2 0.030048076923076924 0.09375 0.06009615384615385 0.06850961538461539
2 0.3161057692307692 0.5528846153846154 0.1658653846153846 0.26802884615384615
2 0.078125 0.8473557692307693 0.13701923076923078 0.21153846153846154
0 0.5661057692307693 0.30288461538461536 0.04807692307692308 0.0733173076923077
0 0.4050480769230769 0.12620192307692307 0.038461538461538464 0.078125
2 0.6454326923076923 0.3762019230769231 0.06129807692307692 0.06490384615384616
0 0.8016826923076923 0.296875 0.05048076923076923 0.0733173076923077
0 0.7764423076923077 0.546875 0.030048076923076924 0.042067307692307696
2 0.96875 0.09254807692307693 0.06129807692307692 0.171875
2 0.7848557692307693 0.7896634615384616 0.055288461538461536 0.06009615384615385
12 0.08533653846153846 0.3870192307692308 0.17067307692307693 0.7692307692307693
2 0.42788461538461536 0.7463942307692307 0.04807692307692308 0.04807692307692308
0 0.4326923076923077 0.06610576923076923 0.051682692307692304 0.051682692307692304
2 0.17908653846153846 0.703125 0.06009615384615385 0.05048076923076923
0 0.140625 0.16466346153846154 0.03485576923076923 0.05889423076923077
0 0.65625 0.18990384615384615 0.02403846153846154 0.03365384615384615
2 0.46875 0.9699519230769231 0.040865384615384616 0.05048076923076923
2 0.29086538461538464 0.49158653846153844 0.04807692307692308 0.057692307692307696
2 0.07451923076923077 0.2283653846153846 0.04326923076923077 0.04326923076923077
2 0.8954326923076923 0.7175480769230769 0.17307692307692307 0.17427884615384615
2 0.8978365384615384 0.78125 0.02403846153846154 0.036057692307692304
0 0.17908653846153846 0.31971153846153844 0.1346153846153846 0.10697115384615384
0 0.171875 0.055288461538461536 0.04567307692307692 0.04326923076923077
