2 0.9326923076923077 0.6887019230769231 0.030048076923076924 0.052884615384615384
2 0.8317307692307693 0.24759615384615385 0.03365384615384615 0.027644230769230768
2 0.8305288461538461 0.13701923076923078 0.018028846153846152 0.027644230769230768
2 0.6033653846153846 0.11658653846153846 0.02403846153846154 0.027644230769230768
2 0.4182692307692308 0.08173076923076923 0.019230769230769232 0.027644230769230768
2 0.4014423076923077 0.04567307692307692 0.025240384615384616 0.038461538461538464
2 0.48677884615384615 0.1502403846153846 0.016826923076923076 0.03245192307692308
2 0.2247596153846154 0.9194711538461539 0.08653846153846154 0.0829326923076923
2 0.3137019230769231 0.46634615384615385 0.04567307692307692 0.054086538461538464
2 0.078125 0.20673076923076922 0.040865384615384616 0.05889423076923077
2 0.6935096153846154 0.13822115384615385 0.03245192307692308 0.06610576923076923
2 0.9591346153846154 0.08653846153846154 0.028846153846153848 0.040865384615384616
3 0.5697115384615384 0.3076923076923077 0.10817307692307693 0.6129807692307693
2 0.7704326923076923 0.6995192307692307 0.04567307692307692 0.04927884615384615
2 0.7920673076923077 0.8064903846153846 0.030048076923076924 0.04807692307692308
2 0.5625 0.9603365384615384 0.020432692307692308 0.046875
2 0.44350961538461536 0.03125 0.037259615384615384 0.054086538461538464
2 0.11538461538461539 0.8004807692307693 0.021634615384615384 0.018028846153846152
2 0.8834134615384616 0.9855769230769231 0.03365384615384615 0.02283653846153846
2 0.4387019230769231 0.9747596153846154 0.014423076923076924 0.014423076923076924
2 0.7355769230769231 0.2536057692307692 0.025240384615384616 0.03485576923076923
2 0.9266826923076923 0.1622596153846154 0.036057692307692304 0.030048076923076924
2 0.6358173076923077 0.46153846153846156 0.021634615384615384 0.026442307692307692
2 0.41346153846153844 0.25841346153846156 0.020432692307692308 0.04567307692307692
2 0.49759615384615385 0.4375 0.03485576923076923 0.051682692307692304
2 0.4254807692307692 0.9915865384615384 0.021634615384615384 0.016826923076923076
2 0.7704326923076923 0.07572115384615384 0.016826923076923076 0.028846153846153848
2 0.2644230769230769 0.6682692307692307 0.08533653846153846 0.08052884615384616
2 0.3161057692307692 0.5564903846153846 0.09014423076923077 0.12860576923076922
2 0.109375 0.8701923076923077 0.019230769230769232 0.037259615384615384
2 0.0829326923076923 0.9723557692307693 0.01201923076923077 0.02283653846153846
2 0.20072115384615385 0.4206730769230769 0.014423076923076924 0.03125
2 0.21394230769230768 0.27163461538461536 0.06370192307692307 0.09735576923076923
2 0.4651442307692308 0.2644230769230769 0.056490384615384616 0.10336538461538461
2 0.19591346153846154 0.8245192307692307 0.015625 0.020432692307692308
2 0.25 0.7680288461538461 0.019230769230769232 0.026442307692307692
2 0.3713942307692308 0.25 0.03245192307692308 0.0829326923076923
2 0.1346153846153846 0.8064903846153846 0.014423076923076924 0.02283653846153846
0 0.8858173076923077 0.6838942307692307 0.038461538461538464 0.08413461538461539
2 0.49038461538461536 0.35216346153846156 0.03245192307692308 0.042067307692307696
2 0.9543269230769231 0.18269230769230768 0.03125 0.04326923076923077
2 0.43509615384615385 0.3786057692307692 0.05048076923076923 0.13581730769230768
2 0.7848557692307693 0.9170673076923077 0.028846153846153848 0.036057692307692304
2 0.75 0.3125 0.06370192307692307 0.06490384615384616
2 0.4411057692307692 0.8846153846153846 0.020432692307692308 0.019230769230769232
2 0.515625 0.2247596153846154 0.019230769230769232 0.04447115384615385
2 0.08173076923076923 0.8473557692307693 0.037259615384615384 0.07451923076923077
2 0.2127403846153846 0.19230769230769232 0.026442307692307692 0.027644230769230768
2 0.14543269230769232 0.9447115384615384 0.020432692307692308 0.025240384615384616
2 0.3293269230769231 0.6706730769230769 0.018028846153846152 0.019230769230769232
2 0.29086538461538464 0.2692307692307692 0.01201923076923077 0.02403846153846154
2 0.26802884615384615 0.8040865384615384 0.016826923076923076 0.027644230769230768
2 0.013221153846153846 0.07692307692307693 0.025240384615384616 0.04927884615384615
2 0.9567307692307693 0.02283653846153846 0.020432692307692308 0.042067307692307696
2 0.039663461538461536 0.46153846153846156 0.025240384615384616 0.027644230769230768
2 0.3233173076923077 0.06490384615384616 0.021634615384615384 0.039663461538461536
2 0.3713942307692308 0.5480769230769231 0.015625 0.036057692307692304
2 0.1045673076923077 0.5180288461538461 0.030048076923076924 0.07451923076923077
2 0.6838942307692307 0.7139423076923077 0.04927884615384615 0.08173076923076923
2 0.42788461538461536 0.15504807692307693 0.025240384615384616 0.040865384615384616
2 0.4074519230769231 0.6177884615384616 0.015625 0.02283653846153846
2 0.8497596153846154 0.05048076923076923 0.04567307692307692 0.10096153846153846
2 0.23076923076923078 0.3605769230769231 0.052884615384615384 0.05048076923076923
2 0.23798076923076922 0.8569711538461539 0.04567307692307692 0.04927884615384615
2 0.03245192307692308 0.18389423076923078 0.02403846153846154 0.036057692307692304
2 0.040865384615384616 0.2776442307692308 0.018028846153846152 0.027644230769230768
2 0.12740384615384615 0.08413461538461539 0.027644230769230768 0.03125
2 0.09134615384615384 0.7824519230769231 0.01201923076923077 0.020432692307692308
2 0.40625 0.7175480769230769 0.018028846153846152 0.020432692307692308
2 0.359375 0.6706730769230769 0.01201923076923077 0.020432692307692308
2 0.078125 0.5889423076923077 0.037259615384615384 0.030048076923076924
2 0.265625 0.010817307692307692 0.016826923076923076 0.015625
2 0.29086538461538464 0.9903846153846154 0.018028846153846152 0.019230769230769232
2 0.3557692307692308 0.625 0.015625 0.027644230769230768
2 0.08052884615384616 0.6971153846153846 0.03245192307692308 0.07451923076923077
2 0.3112980769230769 0.1658653846153846 0.021634615384615384 0.03365384615384615
2 0.13942307692307693 0.6286057692307693 0.042067307692307696 0.055288461538461536
2 0.36538461538461536 0.10336538461538461 0.02403846153846154 0.027644230769230768
2 0.1346153846153846 0.037259615384615384 0.03125 0.04927884615384615
2 0.25961538461538464 0.4543269230769231 0.02403846153846154 0.04326923076923077
2 0.052884615384615384 0.9122596153846154 0.019230769230769232 0.02403846153846154
2 0.23076923076923078 0.4495192307692308 0.027644230769230768 0.05048076923076923
2 0.6682692307692307 0.41225961538461536 0.027644230769230768 0.028846153846153848
2 0.24278846153846154 0.1045673076923077 0.021634615384615384 0.026442307692307692
2 0.13942307692307693 0.9206730769230769 0.009615384615384616 0.02283653846153846
2 0.2439903846153846 0.02403846153846154 0.025240384615384616 0.02283653846153846
2 0.34975961538461536 0.5949519230769231 0.054086538461538464 0.02403846153846154
2 0.0673076923076923 0.47716346153846156 0.036057692307692304 0.03365384615384615
2 0.1201923076923077 0.4495192307692308 0.025240384615384616 0.04567307692307692
2 0.015625 0.15745192307692307 0.02403846153846154 0.03365384615384615
2 0.13341346153846154 0.6838942307692307 0.025240384615384616 0.026442307692307692
2 0.3425480769230769 0.17668269230769232 0.030048076923076924 0.042067307692307696
2 0.38221153846153844 0.15144230769230768 0.03245192307692308 0.054086538461538464
2 0.49158653846153844 0.7536057692307693 0.021634615384615384 0.042067307692307696
2 0.39783653846153844 0.47836538461538464 0.02403846153846154 0.026442307692307692
0 0.01201923076923077 0.9158653846153846 0.02403846153846154 0.06370192307692307
0 0.7932692307692307 0.8473557692307693 0.03125 0.03485576923076923
0 0.8353365384615384 0.7836538461538461 0.04807692307692308 0.06971153846153846
2 0.22115384615384615 0.5877403846153846 0.052884615384615384 0.06370192307692307
2 0.18629807692307693 0.31490384615384615 0.03485576923076923 0.046875
2 0.22235576923076922 0.13221153846153846 0.025240384615384616 0.054086538461538464
2 0.9723557692307693 0.8377403846153846 0.015625 0.02283653846153846
2 0.5 0.9002403846153846 0.025240384615384616 0.054086538461538464
2 0.6009615384615384 0.5480769230769231 0.027644230769230768 0.03485576923076923
2 0.921875 0.11298076923076923 0.05048076923076923 0.06850961538461539
2 0.9735576923076923 0.11057692307692307 0.02283653846153846 0.03125
2 0.8545673076923077 0.15625 0.019230769230769232 0.021634615384615384
2 0.5973557692307693 0.04927884615384615 0.038461538461538464 0.06370192307692307
0 0.04807692307692308 0.78125 0.026442307692307692 0.04326923076923077
2 0.125 0.5540865384615384 0.037259615384615384 0.08052884615384616
2 0.6165865384615384 0.7115384615384616 0.025240384615384616 0.051682692307692304
2 0.16466346153846154 0.25 0.030048076923076924 0.056490384615384616
2 0.734375 0.1814903846153846 0.042067307692307696 0.06971153846153846
2 0.5649038461538461 0.5384615384615384 0.015625 0.02283653846153846
2 0.8954326923076923 0.24158653846153846 0.021634615384615384 0.03365384615384615
2 0.9735576923076923 0.28125 0.03485576923076923 0.027644230769230768
2 0.390625 0.19110576923076922 0.026442307692307692 0.036057692307692304
2 0.8329326923076923 0.9375 0.015625 0.027644230769230768
2 0.5252403846153846 0.8353365384615384 0.05048076923076923 0.05889423076923077
2 0.6610576923076923 0.026442307692307692 0.055288461538461536 0.05048076923076923
2 0.6358173076923077 0.35096153846153844 0.016826923076923076 0.03245192307692308
2 0.7560096153846154 0.8413461538461539 0.03485576923076923 0.021634615384615384
2 0.8305288461538461 0.18028846153846154 0.030048076923076924 0.03485576923076923
2 0.6418269230769231 0.20192307692307693 0.014423076923076924 0.016826923076923076
2 0.27163461538461536 0.18990384615384615 0.06129807692307692 0.056490384615384616
2 0.8245192307692307 0.5853365384615384 0.030048076923076924 0.039663461538461536
2 0.6165865384615384 0.09014423076923077 0.02403846153846154 0.021634615384615384
0 0.09735576923076923 0.6298076923076923 0.021634615384615384 0.019230769230769232
2 0.20432692307692307 0.6838942307692307 0.03485576923076923 0.08173076923076923
2 0.65625 0.14182692307692307 0.030048076923076924 0.05048076923076923
2 0.7872596153846154 0.1971153846153846 0.030048076923076924 0.03485576923076923
2 0.65625 0.27524038461538464 0.040865384615384616 0.04447115384615385
2 0.5685096153846154 0.7596153846153846 0.014423076923076924 0.036057692307692304
4 0.5 0.4098557692307692 1 0.22716346153846154
2 0.5853365384615384 0.2247596153846154 0.05889423076923077 0.10216346153846154
2 0.11658653846153846 0.26802884615384615 0.03365384615384615 0.037259615384615384
2 0.6658653846153846 0.8485576923076923 0.03245192307692308 0.03365384615384615
2 0.0985576923076923 0.02283653846153846 0.03365384615384615 0.04326923076923077
2 0.7560096153846154 0.9795673076923077 0.02403846153846154 0.028846153846153848
2 0.7536057692307693 0.9050480769230769 0.019230769230769232 0.02403846153846154
2 0.6538461538461539 0.5576923076923077 0.02403846153846154 0.021634615384615384
0 0.2848557692307692 0.025240384615384616 0.026442307692307692 0.042067307692307696
2 0.19471153846153846 0.07692307692307693 0.038461538461538464 0.06129807692307692
2 0.5757211538461539 0.6189903846153846 0.02283653846153846 0.027644230769230768
2 0.3137019230769231 0.7920673076923077 0.04447115384615385 0.06490384615384616
2 0.7944711538461539 0.9795673076923077 0.05048076923076923 0.040865384615384616
2 0.49759615384615385 0.10576923076923077 0.052884615384615384 0.09735576923076923
2 0.6129807692307693 0.3329326923076923 0.030048076923076924 0.07692307692307693
2 0.030048076923076924 0.03125 0.05889423076923077 0.055288461538461536
2 0.6778846153846154 0.08653846153846154 0.028846153846153848 0.030048076923076924
2 0.22115384615384615 0.7596153846153846 0.037259615384615384 0.04567307692307692
2 0.6394230769230769 0.9302884615384616 0.030048076923076924 0.06009615384615385
