2 0.5973557692307693 0.5504807692307693 0.036057692307692304 0.05048076923076923
2 0.29086538461538464 0.8689903846153846 0.042067307692307696 0.039663461538461536
2 0.7824519230769231 0.43028846153846156 0.021634615384615384 0.042067307692307696
2 0.14302884615384615 0.04807692307692308 0.06490384615384616 0.09615384615384616
0 0.7716346153846154 0.05048076923076923 0.27403846153846156 0.09975961538461539
2 0.7800480769230769 0.21514423076923078 0.09615384615384616 0.24639423076923078
2 0.40024038461538464 0.7307692307692307 0.06971153846153846 0.09375
2 0.21875 0.9375 0.05048076923076923 0.04326923076923077
2 0.19951923076923078 0.46274038461538464 0.037259615384615384 0.06971153846153846
2 0.04567307692307692 0.11778846153846154 0.019230769230769232 0.03485576923076923
2 0.20673076923076922 0.3942307692307692 0.01201923076923077 0.018028846153846152
2 0.04807692307692308 0.5144230769230769 0.06129807692307692 0.08173076923076923
2 0.8125 0.5120192307692307 0.028846153846153848 0.055288461538461536
2 0.43028846153846156 0.9723557692307693 0.037259615384615384 0.040865384615384616
12 0.5925480769230769 0.4879807692307692 0.8149038461538461 0.9735576923076923
2 0.9807692307692307 0.09254807692307693 0.030048076923076924 0.04326923076923077
2 0.1045673076923077 0.5745192307692307 0.04807692307692308 0.06490384615384616
2 0.24639423076923078 0.5204326923076923 0.052884615384615384 0.0829326923076923
2 0.4699519230769231 0.7848557692307693 0.06129807692307692 0.07451923076923077
2 0.5709134615384616 0.6971153846153846 0.038461538461538464 0.037259615384615384
2 0.8557692307692307 0.34975961538461536 0.10576923076923077 0.14182692307692307
2 0.6574519230769231 0.921875 0.06370192307692307 0.09375
2 0.13942307692307693 0.8245192307692307 0.08653846153846154 0.09615384615384616
2 0.5396634615384616 0.15865384615384615 0.06490384615384616 0.0829326923076923
2 0.921875 0.16826923076923078 0.06610576923076923 0.09735576923076923
2 0.34975961538461536 0.9567307692307693 0.056490384615384616 0.06610576923076923
2 0.3473557692307692 0.8834134615384616 0.04807692307692308 0.07692307692307693
2 0.703125 0.9819711538461539 0.027644230769230768 0.03365384615384615
2 0.015625 0.14903846153846154 0.03125 0.07211538461538461
2 0.7463942307692307 0.8125 0.03365384615384615 0.042067307692307696
2 0.4362980769230769 0.5 0.08774038461538461 0.10576923076923077
2 0.07091346153846154 0.8305288461538461 0.06009615384615385 0.11057692307692307
2 0.7788461538461539 0.8725961538461539 0.09375 0.07451923076923077
2 0.039663461538461536 0.9447115384615384 0.020432692307692308 0.037259615384615384
2 0.5408653846153846 0.055288461538461536 0.08653846153846154 0.08653846153846154
2 0.4543269230769231 0.5949519230769231 0.051682692307692304 0.08052884615384616
2 0.9651442307692307 0.3233173076923077 0.018028846153846152 0.026442307692307692
2 0.11057692307692307 0.9651442307692307 0.055288461538461536 0.06129807692307692
2 0.9603365384615384 0.15985576923076922 0.04807692307692308 0.06490384615384616
2 0.5480769230769231 0.4795673076923077 0.056490384615384616 0.07451923076923077
2 0.3293269230769231 0.47475961538461536 0.06610576923076923 0.0985576923076923
2 0.984375 0.37740384615384615 0.03125 0.040865384615384616
2 0.2920673076923077 0.31490384615384615 0.02403846153846154 0.027644230769230768
2 0.5192307692307693 0.9675480769230769 0.0673076923076923 0.06490384615384616
2 0.19110576923076922 0.6298076923076923 0.021634615384615384 0.036057692307692304
2 0.140625 0.5 0.02403846153846154 0.03365384615384615
