11 0.5504807692307693 0.9194711538461539 0.36778846153846156 0.15865384615384615
0 0.296875 0.59375 0.037259615384615384 0.055288461538461536
0 0.36177884615384615 0.5120192307692307 0.052884615384615384 0.09134615384615384
1 0.6911057692307693 0.16706730769230768 0.015625 0.016826923076923076
0 0.20072115384615385 0.3088942307692308 0.021634615384615384 0.026442307692307692
0 0.4723557692307692 0.7163461538461539 0.021634615384615384 0.03245192307692308
1 0.27403846153846156 0.34615384615384615 0.014423076923076924 0.02283653846153846
1 0.19110576923076922 0.22596153846153846 0.013221153846153846 0.019230769230769232
1 0.9338942307692307 0.8245192307692307 0.026442307692307692 0.03245192307692308
0 0.5697115384615384 0.45072115384615385 0.018028846153846152 0.027644230769230768
1 0.7512019230769231 0.2247596153846154 0.013221153846153846 0.019230769230769232
1 0.6490384615384616 0.7752403846153846 0.02403846153846154 0.04326923076923077
0 0.5360576923076923 0.5528846153846154 0.030048076923076924 0.03485576923076923
1 0.7079326923076923 0.28365384615384615 0.021634615384615384 0.028846153846153848
1 0.9567307692307693 0.4519230769230769 0.009615384615384616 0.01201923076923077
0 0.796875 0.6634615384615384 0.020432692307692308 0.02283653846153846
1 0.9855769230769231 0.5793269230769231 0.027644230769230768 0.04807692307692308
1 0.9819711538461539 0.7151442307692307 0.036057692307692304 0.06490384615384616
1 0.5264423076923077 0.15384615384615385 0.052884615384615384 0.038461538461538464
1 0.9711538461538461 0.32211538461538464 0.03485576923076923 0.039663461538461536
1 0.8798076923076923 0.48197115384615385 0.019230769230769232 0.042067307692307696
1 0.04326923076923077 0.49278846153846156 0.03485576923076923 0.027644230769230768
1 0.8004807692307693 0.4182692307692308 0.015625 0.02403846153846154
0 0.7139423076923077 0.4387019230769231 0.04807692307692308 0.042067307692307696
0 0.7067307692307693 0.5492788461538461 0.10697115384615384 0.09375
0 0.5144230769230769 0.49759615384615385 0.037259615384615384 0.05048076923076923
1 0.5084134615384616 0.6911057692307693 0.018028846153846152 0.028846153846153848
0 0.3076923076923077 0.4074519230769231 0.04927884615384615 0.08173076923076923
0 0.4266826923076923 0.6237980769230769 0.038461538461538464 0.04567307692307692
0 0.59375 0.6995192307692307 0.028846153846153848 0.040865384615384616
0 0.6742788461538461 0.7151442307692307 0.03125 0.04447115384615385
1 0.6826923076923077 0.19951923076923078 0.019230769230769232 0.027644230769230768
1 0.25721153846153844 0.4098557692307692 0.04567307692307692 0.042067307692307696
2 0.5024038461538461 0.4074519230769231 0.10096153846153846 0.10576923076923077
1 0.359375 0.4326923076923077 0.016826923076923076 0.021634615384615384
1 0.8894230769230769 0.453125 0.009615384615384616 0.015625
1 0.7067307692307693 0.75 0.014423076923076924 0.028846153846153848
0 0.7548076923076923 0.6875 0.027644230769230768 0.036057692307692304
1 0.9290865384615384 0.7007211538461539 0.027644230769230768 0.05048076923076923
1 0.9459134615384616 0.39783653846153844 0.030048076923076924 0.03485576923076923
1 0.5060096153846154 0.09735576923076923 0.01201923076923077 0.013221153846153846
0 0.6069711538461539 0.49759615384615385 0.019230769230769232 0.026442307692307692
0 0.7884615384615384 0.71875 0.04326923076923077 0.040865384615384616
2 0.6165865384615384 0.625 0.15865384615384615 0.1346153846153846
1 0.8942307692307693 0.4963942307692308 0.014423076923076924 0.018028846153846152
1 0.84375 0.15144230769230768 0.028846153846153848 0.054086538461538464
0 0.15264423076923078 0.5480769230769231 0.019230769230769232 0.027644230769230768
0 0.7259615384615384 0.6454326923076923 0.07932692307692307 0.07692307692307693
0 0.25841346153846156 0.6658653846153846 0.09375 0.14423076923076922
0 0.31971153846153844 0.6706730769230769 0.025240384615384616 0.02403846153846154
0 0.7584134615384616 0.3269230769230769 0.02403846153846154 0.026442307692307692
0 0.5060096153846154 0.7848557692307693 0.019230769230769232 0.02283653846153846
0 0.3016826923076923 0.5036057692307693 0.038461538461538464 0.0829326923076923
0 0.4519230769230769 0.5600961538461539 0.03365384615384615 0.04807692307692308
0 0.2704326923076923 0.5228365384615384 0.030048076923076924 0.03365384615384615
3 0.5336538461538461 0.3245192307692308 0.3269230769230769 0.1935096153846154
1 0.7644230769230769 0.45552884615384615 0.016826923076923076 0.02403846153846154
1 0.9026442307692307 0.24278846153846154 0.016826923076923076 0.02403846153846154
0 0.7800480769230769 0.6021634615384616 0.027644230769230768 0.038461538461538464
1 0.3858173076923077 0.5829326923076923 0.037259615384615384 0.046875
1 0.7668269230769231 0.7692307692307693 0.030048076923076924 0.06009615384615385
1 0.8617788461538461 0.7584134615384616 0.036057692307692304 0.036057692307692304
1 0.9879807692307693 0.3870192307692308 0.015625 0.02283653846153846
