4 0.15144230769230768 0.6177884615384616 0.027644230769230768 0.039663461538461536
4 0.6742788461538461 0.9759615384615384 0.03125 0.038461538461538464
4 0.4326923076923077 0.0625 0.025240384615384616 0.03125
4 0.5132211538461539 0.953125 0.028846153846153848 0.03125
0 0.7427884615384616 0.41466346153846156 0.05889423076923077 0.03245192307692308
1 0.7860576923076923 0.9002403846153846 0.020432692307692308 0.027644230769230768
4 0.6850961538461539 0.9302884615384616 0.02403846153846154 0.028846153846153848
1 0.38221153846153844 0.9086538461538461 0.026442307692307692 0.03485576923076923
1 0.1778846153846154 0.8990384615384616 0.03125 0.03125
1 0.05889423076923077 0.5252403846153846 0.08052884615384616 0.08052884615384616
1 0.08533653846153846 0.8774038461538461 0.03485576923076923 0.046875
1 0.5829326923076923 0.7199519230769231 0.051682692307692304 0.17668269230769232
1 0.2956730769230769 0.5408653846153846 0.11778846153846154 0.13341346153846154
4 0.5961538461538461 0.2764423076923077 0.019230769230769232 0.027644230769230768
1 0.44711538461538464 0.32572115384615385 0.05889423076923077 0.07451923076923077
1 0.6382211538461539 0.33413461538461536 0.1935096153846154 0.20552884615384615
1 0.8822115384615384 0.18269230769230768 0.07572115384615384 0.09375
4 0.19110576923076922 0.17668269230769232 0.026442307692307692 0.036057692307692304
4 0.7632211538461539 0.25961538461538464 0.018028846153846152 0.021634615384615384
4 0.828125 0.3894230769230769 0.02403846153846154 0.02283653846153846
4 0.19110576923076922 0.265625 0.027644230769230768 0.037259615384615384
1 0.0733173076923077 0.9302884615384616 0.030048076923076924 0.05048076923076923
1 0.25 0.3293269230769231 0.056490384615384616 0.056490384615384616
1 0.5961538461538461 0.46153846153846156 0.03485576923076923 0.06009615384615385
1 0.265625 0.6033653846153846 0.018028846153846152 0.03125
1 0.4387019230769231 0.6574519230769231 0.019230769230769232 0.025240384615384616
1 0.2247596153846154 0.7427884615384616 0.13822115384615385 0.17668269230769232
4 0.12379807692307693 0.8713942307692307 0.027644230769230768 0.03125
4 0.6610576923076923 0.5024038461538461 0.02403846153846154 0.03485576923076923
4 0.9423076923076923 0.5492788461538461 0.019230769230769232 0.027644230769230768
1 0.9735576923076923 0.8665865384615384 0.037259615384615384 0.04447115384615385
1 0.4026442307692308 0.9699519230769231 0.040865384615384616 0.05048076923076923
1 0.390625 0.7704326923076923 0.10576923076923077 0.1935096153846154
1 0.41346153846153844 0.6454326923076923 0.038461538461538464 0.05048076923076923
1 0.3425480769230769 0.24278846153846154 0.06610576923076923 0.05889423076923077
1 0.8834134615384616 0.051682692307692304 0.07211538461538461 0.07091346153846154
1 0.21514423076923078 0.21995192307692307 0.056490384615384616 0.042067307692307696
1 0.3401442307692308 0.18389423076923078 0.06129807692307692 0.08413461538461539
1 0.7728365384615384 0.04326923076923077 0.0625 0.08052884615384616
1 0.07932692307692307 0.44350961538461536 0.08653846153846154 0.09375
1 0.5396634615384616 0.4326923076923077 0.0889423076923077 0.16947115384615385
1 0.0829326923076923 0.23798076923076922 0.1658653846153846 0.25841346153846156
1 0.7355769230769231 0.2620192307692308 0.03365384615384615 0.042067307692307696
1 0.6346153846153846 0.04807692307692308 0.1971153846153846 0.09134615384615384
1 0.6153846153846154 0.6502403846153846 0.010817307692307692 0.019230769230769232
1 0.3918269230769231 0.5300480769230769 0.04326923076923077 0.08413461538461539
1 0.5072115384615384 0.6814903846153846 0.025240384615384616 0.038461538461538464
1 0.9002403846153846 0.11538461538461539 0.021634615384615384 0.055288461538461536
1 0.9110576923076923 0.44711538461538464 0.1778846153846154 0.13822115384615385
1 0.7560096153846154 0.15985576923076922 0.08413461538461539 0.07692307692307693
1 0.014423076923076924 0.037259615384615384 0.027644230769230768 0.046875
1 0.9507211538461539 0.1971153846153846 0.0985576923076923 0.10096153846153846
1 0.265625 0.42788461538461536 0.08653846153846154 0.10576923076923077
1 0.36658653846153844 0.3076923076923077 0.04927884615384615 0.0733173076923077
1 0.3004807692307692 0.6778846153846154 0.01201923076923077 0.02403846153846154
1 0.23918269230769232 0.28365384615384615 0.03125 0.054086538461538464
1 0.25240384615384615 0.5745192307692307 0.018028846153846152 0.025240384615384616
1 0.15264423076923078 0.41466346153846156 0.057692307692307696 0.057692307692307696
1 0.140625 0.4963942307692308 0.007211538461538462 0.014423076923076924
1 0.009615384615384616 0.007211538461538462 0.014423076923076924 0.014423076923076924
1 0.296875 0.171875 0.009615384615384616 0.01201923076923077
1 0.3762019230769231 0.18389423076923078 0.009615384615384616 0.009615384615384616
1 0.4254807692307692 0.17307692307692307 0.015625 0.019230769230769232
1 0.19831730769230768 0.3629807692307692 0.007211538461538462 0.013221153846153846
1 0.038461538461538464 0.04447115384615385 0.02403846153846154 0.016826923076923076
1 0.18629807692307693 0.1045673076923077 0.018028846153846152 0.021634615384615384
4 0.8774038461538461 0.27403846153846156 0.020432692307692308 0.028846153846153848
4 0.328125 0.8497596153846154 0.037259615384615384 0.040865384615384616
0 0.8449519230769231 0.34975961538461536 0.08413461538461539 0.078125
1 0.7463942307692307 0.8894230769230769 0.026442307692307692 0.028846153846153848
1 0.7211538461538461 0.9927884615384616 0.025240384615384616 0.010817307692307692
1 0.018028846153846152 0.9314903846153846 0.03485576923076923 0.12860576923076922
1 0.140625 0.45072115384615385 0.018028846153846152 0.013221153846153846
1 0.010817307692307692 0.4567307692307692 0.008413461538461538 0.009615384615384616
1 0.054086538461538464 0.38221153846153844 0.054086538461538464 0.028846153846153848
1 0.07572115384615384 0.008413461538461538 0.007211538461538462 0.010817307692307692
1 0.31971153846153844 0.08173076923076923 0.03485576923076923 0.04447115384615385
1 0.3449519230769231 0.055288461538461536 0.04326923076923077 0.04567307692307692
1 0.5024038461538461 0.21153846153846154 0.027644230769230768 0.027644230769230768
4 0.5757211538461539 0.6105769230769231 0.016826923076923076 0.018028846153846152
1 0.9879807692307693 0.8894230769230769 0.02403846153846154 0.027644230769230768
1 0.46875 0.9639423076923077 0.0829326923076923 0.06490384615384616
1 0.75 0.9699519230769231 0.03125 0.019230769230769232
1 0.3473557692307692 0.9278846153846154 0.04447115384615385 0.046875
1 0.03245192307692308 0.6899038461538461 0.05889423076923077 0.051682692307692304
1 0.11298076923076923 0.7920673076923077 0.037259615384615384 0.021634615384615384
1 0.08533653846153846 0.4050480769230769 0.037259615384615384 0.028846153846153848
1 0.007211538461538462 0.5949519230769231 0.013221153846153846 0.01201923076923077
1 0.2247596153846154 0.10576923076923077 0.04567307692307692 0.0889423076923077
1 0.375 0.057692307692307696 0.015625 0.019230769230769232
1 0.10576923076923077 0.019230769230769232 0.01201923076923077 0.010817307692307692
1 0.17067307692307693 0.24519230769230768 0.020432692307692308 0.038461538461538464
1 0.5769230769230769 0.9014423076923077 0.14423076923076922 0.12379807692307693
1 0.3173076923076923 0.7644230769230769 0.05889423076923077 0.078125
4 0.008413461538461538 0.8149038461538461 0.016826923076923076 0.038461538461538464
4 0.9783653846153846 0.11538461538461539 0.027644230769230768 0.042067307692307696
1 0.13942307692307693 0.9182692307692307 0.03485576923076923 0.06129807692307692
1 0.109375 0.6129807692307693 0.056490384615384616 0.0829326923076923
4 0.125 0.8161057692307693 0.021634615384615384 0.027644230769230768
1 0.421875 0.9471153846153846 0.03485576923076923 0.04447115384615385
1 0.042067307692307696 0.7800480769230769 0.08413461538461539 0.10697115384615384
1 0.1045673076923077 0.7019230769230769 0.09375 0.06490384615384616
1 0.06610576923076923 0.6334134615384616 0.0829326923076923 0.08173076923076923
1 0.030048076923076924 0.14423076923076922 0.01201923076923077 0.028846153846153848
4 0.9290865384615384 0.14302884615384615 0.026442307692307692 0.03125
1 0.16706730769230768 0.15384615384615385 0.04927884615384615 0.04567307692307692
4 0.671875 0.8774038461538461 0.026442307692307692 0.03485576923076923
1 0.3401442307692308 0.1310096153846154 0.015625 0.020432692307692308
4 0.734375 0.3762019230769231 0.018028846153846152 0.028846153846153848
1 0.014423076923076924 0.47475961538461536 0.018028846153846152 0.01201923076923077
0 0.9519230769230769 0.31971153846153844 0.056490384615384616 0.07451923076923077
1 0.13221153846153846 0.013221153846153846 0.018028846153846152 0.026442307692307692
1 0.015625 0.6514423076923077 0.03125 0.03365384615384615
4 0.7560096153846154 0.09495192307692307 0.021634615384615384 0.027644230769230768
1 0.21153846153846154 0.04927884615384615 0.025240384615384616 0.042067307692307696
1 0.29447115384615385 0.22115384615384615 0.006009615384615385 0.019230769230769232
1 0.30408653846153844 0.12139423076923077 0.026442307692307692 0.03485576923076923
1 0.013221153846153846 0.1201923076923077 0.025240384615384616 0.04326923076923077
1 0.4855769230769231 0.7427884615384616 0.036057692307692304 0.03125
1 0.3557692307692308 0.9807692307692307 0.01201923076923077 0.016826923076923076
4 0.49278846153846156 0.5492788461538461 0.028846153846153848 0.03365384615384615
1 0.17908653846153846 0.30408653846153844 0.04807692307692308 0.03245192307692308
1 0.5 0.234375 0.025240384615384616 0.037259615384615384
1 0.6117788461538461 0.21875 0.021634615384615384 0.03125
1 0.7139423076923077 0.203125 0.03245192307692308 0.021634615384615384
1 0.8329326923076923 0.0673076923076923 0.016826923076923076 0.018028846153846152
1 0.7403846153846154 0.013221153846153846 0.010817307692307692 0.01201923076923077
1 0.28966346153846156 0.8894230769230769 0.05048076923076923 0.06850961538461539
1 0.04447115384615385 0.90625 0.007211538461538462 0.014423076923076924
4 0.2548076923076923 0.8737980769230769 0.02283653846153846 0.03485576923076923
4 0.484375 0.5048076923076923 0.02283653846153846 0.027644230769230768
4 0.15264423076923078 0.054086538461538464 0.03125 0.03485576923076923
4 0.5709134615384616 0.5901442307692307 0.016826923076923076 0.018028846153846152
1 0.3076923076923077 0.3449519230769231 0.04326923076923077 0.07451923076923077
1 0.19951923076923078 0.5276442307692307 0.08413461538461539 0.1310096153846154
4 0.4254807692307692 0.40024038461538464 0.021634615384615384 0.03365384615384615
1 0.6586538461538461 0.14783653846153846 0.09975961538461539 0.11658653846153846
1 0.5060096153846154 0.29447115384615385 0.052884615384615384 0.10336538461538461
1 0.515625 0.16947115384615385 0.055288461538461536 0.05048076923076923
1 0.5492788461538461 0.1201923076923077 0.028846153846153848 0.03245192307692308
1 0.20793269230769232 0.013221153846153846 0.03485576923076923 0.02403846153846154
1 0.21153846153846154 0.28966346153846156 0.016826923076923076 0.021634615384615384
1 0.2668269230769231 0.109375 0.054086538461538464 0.109375
1 0.6550480769230769 0.23317307692307693 0.036057692307692304 0.06610576923076923
1 0.9879807692307693 0.34134615384615385 0.02403846153846154 0.04447115384615385
1 0.9807692307692307 0.2692307692307692 0.038461538461538464 0.03485576923076923
1 0.6826923076923077 0.22596153846153846 0.013221153846153846 0.03485576923076923
1 0.5204326923076923 0.8088942307692307 0.019230769230769232 0.018028846153846152
1 0.3713942307692308 0.9579326923076923 0.014423076923076924 0.030048076923076924
1 0.14302884615384615 0.9855769230769231 0.03365384615384615 0.028846153846153848
4 0.14423076923076922 0.7800480769230769 0.026442307692307692 0.030048076923076924
1 0.39783653846153844 0.30408653846153844 0.02403846153846154 0.026442307692307692
1 0.18389423076923078 0.42908653846153844 0.04447115384615385 0.05048076923076923
1 0.1502403846153846 0.11057692307692307 0.042067307692307696 0.0673076923076923
1 0.0889423076923077 0.07091346153846154 0.03485576923076923 0.03245192307692308
11 0.796875 0.7103365384615384 0.31850961538461536 0.3737980769230769
1 0.453125 0.8509615384615384 0.08653846153846154 0.13822115384615385
1 0.35216346153846156 0.40625 0.042067307692307696 0.0673076923076923
1 0.6189903846153846 0.6069711538461539 0.03365384615384615 0.056490384615384616
1 0.3245192307692308 0.6382211538461539 0.052884615384615384 0.05048076923076923
1 0.4074519230769231 0.4567307692307692 0.018028846153846152 0.02283653846153846
1 0.4411057692307692 0.40865384615384615 0.11057692307692307 0.09615384615384616
1 0.140625 0.5432692307692307 0.051682692307692304 0.052884615384615384
1 0.3786057692307692 0.13341346153846154 0.04927884615384615 0.06490384615384616
1 0.9170673076923077 0.007211538461538462 0.016826923076923076 0.013221153846153846
1 0.5360576923076923 0.8329326923076923 0.019230769230769232 0.019230769230769232
1 0.11778846153846154 0.9338942307692307 0.03245192307692308 0.05048076923076923
1 0.07211538461538461 0.8401442307692307 0.007211538461538462 0.013221153846153846
4 0.09615384615384616 0.13701923076923078 0.026442307692307692 0.03485576923076923
1 0.5348557692307693 0.7079326923076923 0.05889423076923077 0.06850961538461539
1 0.21033653846153846 0.625 0.09014423076923077 0.04447115384615385
1 0.8185096153846154 0.109375 0.052884615384615384 0.0733173076923077
1 0.4254807692307692 0.234375 0.11057692307692307 0.0733173076923077
1 0.46153846153846156 0.07572115384615384 0.14903846153846154 0.14423076923076922
1 0.37740384615384615 0.02403846153846154 0.052884615384615384 0.04567307692307692
1 0.1658653846153846 0.007211538461538462 0.04326923076923077 0.014423076923076924
1 0.11057692307692307 0.037259615384615384 0.03485576923076923 0.040865384615384616
1 0.5805288461538461 0.8353365384615384 0.042067307692307696 0.03245192307692308
1 0.04807692307692308 0.08653846153846154 0.010817307692307692 0.026442307692307692
1 0.6454326923076923 0.4699519230769231 0.025240384615384616 0.020432692307692308
1 0.47596153846153844 0.6045673076923077 0.1310096153846154 0.11057692307692307
4 0.1045673076923077 0.7680288461538461 0.025240384615384616 0.03125
1 0.8064903846153846 0.23076923076923078 0.07692307692307693 0.1310096153846154
1 0.9591346153846154 0.06370192307692307 0.08173076923076923 0.125
1 0.5036057692307693 0.828125 0.025240384615384616 0.021634615384615384
1 0.41466346153846156 0.15384615384615385 0.019230769230769232 0.026442307692307692
1 0.4387019230769231 0.5072115384615384 0.04927884615384615 0.078125
1 0.32572115384615385 0.7055288461538461 0.038461538461538464 0.03485576923076923
1 0.2956730769230769 0.6129807692307693 0.05048076923076923 0.03125
4 0.20673076923076922 0.8810096153846154 0.026442307692307692 0.03365384615384615
4 0.03365384615384615 0.10697115384615384 0.02283653846153846 0.028846153846153848
4 0.2512019230769231 0.6826923076923077 0.020432692307692308 0.030048076923076924
1 0.7091346153846154 0.2283653846153846 0.019230769230769232 0.027644230769230768
1 0.8786057692307693 0.109375 0.02403846153846154 0.027644230769230768
1 0.13822115384615385 0.8569711538461539 0.06370192307692307 0.06610576923076923
1 0.10336538461538461 0.8149038461538461 0.026442307692307692 0.03485576923076923
1 0.14903846153846154 0.8125 0.016826923076923076 0.03125
1 0.7596153846153846 0.22115384615384615 0.021634615384615384 0.027644230769230768
1 0.36538461538461536 0.09254807692307693 0.04567307692307692 0.03365384615384615
1 0.28125 0.03245192307692308 0.09735576923076923 0.06129807692307692
1 0.5372596153846154 0.7608173076923077 0.036057692307692304 0.051682692307692304
1 0.2536057692307692 0.9170673076923077 0.02403846153846154 0.042067307692307696
1 0.5300480769230769 0.20552884615384615 0.02403846153846154 0.027644230769230768
1 0.13822115384615385 0.35096153846153844 0.08774038461538461 0.06490384615384616
1 0.9170673076923077 0.9507211538461539 0.1658653846153846 0.09375
1 0.8088942307692307 0.06490384615384616 0.007211538461538462 0.009615384615384616
1 0.4879807692307692 0.7067307692307693 0.014423076923076924 0.028846153846153848
1 0.007211538461538462 0.5216346153846154 0.014423076923076924 0.038461538461538464
1 0.27163461538461536 0.9230769230769231 0.009615384615384616 0.03365384615384615
1 0.09134615384615384 0.9939903846153846 0.01201923076923077 0.01201923076923077
1 0.2127403846153846 0.9158653846153846 0.03245192307692308 0.04326923076923077
1 0.5600961538461539 0.18028846153846154 0.054086538461538464 0.08533653846153846
1 0.23918269230769232 0.17908653846153846 0.0673076923076923 0.057692307692307696
1 0.4519230769230769 0.7463942307692307 0.007211538461538462 0.014423076923076924
1 0.890625 0.008413461538461538 0.019230769230769232 0.015625
1 0.4567307692307692 0.1658653846153846 0.04567307692307692 0.04927884615384615
1 0.17067307692307693 0.9747596153846154 0.02403846153846154 0.05048076923076923
1 0.8137019230769231 0.9603365384615384 0.038461538461538464 0.056490384615384616
1 0.6899038461538461 0.12139423076923077 0.03125 0.02283653846153846
1 0.18870192307692307 0.8112980769230769 0.027644230769230768 0.036057692307692304
0 0.7319711538461539 0.46153846153846156 0.026442307692307692 0.037259615384615384
0 0.9026442307692307 0.37259615384615385 0.03485576923076923 0.042067307692307696
1 0.9675480769230769 0.171875 0.016826923076923076 0.02403846153846154
4 0.36899038461538464 0.46153846153846156 0.02403846153846154 0.026442307692307692
4 0.17908653846153846 0.0673076923076923 0.021634615384615384 0.026442307692307692
1 0.4543269230769231 0.7764423076923077 0.01201923076923077 0.013221153846153846
1 0.33052884615384615 0.10576923076923077 0.016826923076923076 0.019230769230769232
1 0.12860576923076922 0.7475961538461539 0.038461538461538464 0.039663461538461536
4 0.25721153846153844 0.21033653846153846 0.027644230769230768 0.036057692307692304
4 0.13701923076923078 0.6502403846153846 0.019230769230769232 0.026442307692307692
1 0.056490384615384616 0.8473557692307693 0.009615384615384616 0.013221153846153846
1 0.25841346153846156 0.9651442307692307 0.15504807692307693 0.06850961538461539
1 0.7884615384615384 0.3269230769230769 0.03125 0.04567307692307692
4 0.2800480769230769 0.7247596153846154 0.016826923076923076 0.03125
4 0.3629807692307692 0.6454326923076923 0.03365384615384615 0.040865384615384616
1 0.8377403846153846 0.027644230769230768 0.019230769230769232 0.04807692307692308
1 0.23317307692307693 0.8762019230769231 0.019230769230769232 0.05048076923076923
