2 0.19591346153846154 0.9651442307692307 0.05048076923076923 0.06610576923076923
2 0.6153846153846154 0.5576923076923077 0.014423076923076924 0.04447115384615385
2 0.07572115384615384 0.40865384615384615 0.028846153846153848 0.025240384615384616
2 0.19591346153846154 0.7295673076923077 0.020432692307692308 0.026442307692307692
0 0.19591346153846154 0.2800480769230769 0.02403846153846154 0.027644230769230768
2 0.2091346153846154 0.38822115384615385 0.021634615384615384 0.046875
2 0.24519230769230768 0.7451923076923077 0.03365384615384615 0.055288461538461536
2 0.14783653846153846 0.7079326923076923 0.02283653846153846 0.02283653846153846
0 0.2668269230769231 0.4338942307692308 0.06009615384615385 0.05048076923076923
2 0.8389423076923077 0.3329326923076923 0.027644230769230768 0.027644230769230768
0 0.23798076923076922 0.3004807692307692 0.04447115384615385 0.06370192307692307
2 0.23076923076923078 0.9206730769230769 0.014423076923076924 0.013221153846153846
2 0.021634615384615384 0.7776442307692307 0.02283653846153846 0.019230769230769232
2 0.9459134615384616 0.7884615384615384 0.02283653846153846 0.037259615384615384
2 0.7584134615384616 0.7872596153846154 0.026442307692307692 0.04567307692307692
2 0.11538461538461539 0.19951923076923078 0.021634615384615384 0.030048076923076924
2 0.41466346153846156 0.6105769230769231 0.04567307692307692 0.05048076923076923
2 0.375 0.3473557692307692 0.025240384615384616 0.03485576923076923
2 0.47475961538461536 0.7548076923076923 0.025240384615384616 0.04567307692307692
2 0.8040865384615384 0.6875 0.027644230769230768 0.039663461538461536
2 0.7728365384615384 0.5276442307692307 0.027644230769230768 0.09735576923076923
2 0.33774038461538464 0.7319711538461539 0.018028846153846152 0.021634615384615384
2 0.34975961538461536 0.46875 0.02283653846153846 0.019230769230769232
0 0.9350961538461539 0.33774038461538464 0.018028846153846152 0.03245192307692308
2 0.9098557692307693 0.08413461538461539 0.019230769230769232 0.03365384615384615
2 0.953125 0.46274038461538464 0.018028846153846152 0.030048076923076924
2 0.8786057692307693 0.5048076923076923 0.025240384615384616 0.03485576923076923
2 0.8894230769230769 0.9495192307692307 0.02283653846153846 0.020432692307692308
2 0.07451923076923077 0.9122596153846154 0.020432692307692308 0.026442307692307692
2 0.10216346153846154 0.8966346153846154 0.027644230769230768 0.015625
0 0.0889423076923077 0.9819711538461539 0.038461538461538464 0.03125
2 0.6081730769230769 0.7920673076923077 0.02403846153846154 0.019230769230769232
2 0.6442307692307693 0.8221153846153846 0.03245192307692308 0.07451923076923077
2 0.9783653846153846 0.984375 0.016826923076923076 0.02403846153846154
2 0.8942307692307693 0.7572115384615384 0.016826923076923076 0.02283653846153846
2 0.5757211538461539 0.6033653846153846 0.020432692307692308 0.021634615384615384
2 0.5793269230769231 0.5408653846153846 0.025240384615384616 0.019230769230769232
2 0.9651442307692307 0.39302884615384615 0.027644230769230768 0.038461538461538464
2 0.8954326923076923 0.040865384615384616 0.025240384615384616 0.027644230769230768
2 0.7247596153846154 0.23798076923076922 0.014423076923076924 0.013221153846153846
2 0.8040865384615384 0.41346153846153844 0.018028846153846152 0.03485576923076923
2 0.75 0.859375 0.01201923076923077 0.021634615384615384
2 0.6358173076923077 0.9927884615384616 0.019230769230769232 0.013221153846153846
2 0.06850961538461539 0.6875 0.04807692307692308 0.04567307692307692
2 0.010817307692307692 0.7067307692307693 0.021634615384615384 0.028846153846153848
2 0.13341346153846154 0.7872596153846154 0.03125 0.03485576923076923
2 0.09375 0.7728365384615384 0.037259615384615384 0.037259615384615384
0 0.25841346153846156 0.4963942307692308 0.03125 0.03365384615384615
2 0.04807692307692308 0.9411057692307693 0.02403846153846154 0.02403846153846154
2 0.8545673076923077 0.8052884615384616 0.05048076923076923 0.038461538461538464
2 0.8076923076923077 0.8401442307692307 0.019230769230769232 0.02283653846153846
2 0.6418269230769231 0.5793269230769231 0.018028846153846152 0.036057692307692304
0 0.828125 0.1875 0.3389423076923077 0.375
2 0.9939903846153846 0.23197115384615385 0.01201923076923077 0.020432692307692308
2 0.7920673076923077 0.09254807692307693 0.013221153846153846 0.021634615384615384
2 0.9963942307692307 0.6430288461538461 0.007211538461538462 0.018028846153846152
2 0.9050480769230769 0.5288461538461539 0.010817307692307692 0.013221153846153846
2 0.6189903846153846 0.9387019230769231 0.038461538461538464 0.03245192307692308
2 0.6682692307692307 0.5745192307692307 0.02283653846153846 0.028846153846153848
2 0.9879807692307693 0.030048076923076924 0.02403846153846154 0.05889423076923077
12 0.30408653846153844 0.39302884615384615 0.6081730769230769 0.5276442307692307
2 0.6598557692307693 0.006009615384615385 0.020432692307692308 0.01201923076923077
2 0.9543269230769231 0.8569711538461539 0.02403846153846154 0.019230769230769232
2 0.8461538461538461 0.9459134615384616 0.009615384615384616 0.015625
2 0.7776442307692307 0.8197115384615384 0.020432692307692308 0.028846153846153848
2 0.6790865384615384 0.7620192307692307 0.008413461538461538 0.018028846153846152
2 0.890625 0.11298076923076923 0.026442307692307692 0.02283653846153846
2 0.5576923076923077 0.8052884615384616 0.02283653846153846 0.03125
0 0.609375 0.01201923076923077 0.02403846153846154 0.021634615384615384
0 0.30528846153846156 0.46634615384615385 0.027644230769230768 0.027644230769230768
2 0.6526442307692307 0.49278846153846156 0.019230769230769232 0.03125
2 0.9951923076923077 0.49158653846153844 0.009615384615384616 0.014423076923076924
2 0.953125 0.046875 0.04447115384615385 0.056490384615384616
2 0.4651442307692308 0.84375 0.016826923076923076 0.020432692307692308
2 0.09615384615384616 0.8125 0.02403846153846154 0.03245192307692308
2 0.6622596153846154 0.19471153846153846 0.030048076923076924 0.03245192307692308
2 0.039663461538461536 0.859375 0.018028846153846152 0.04567307692307692
2 0.6694711538461539 0.2439903846153846 0.021634615384615384 0.026442307692307692
2 0.018028846153846152 0.9182692307692307 0.020432692307692308 0.026442307692307692
2 0.23798076923076922 0.37740384615384615 0.03485576923076923 0.037259615384615384
2 0.48677884615384615 0.007211538461538462 0.016826923076923076 0.013221153846153846
2 0.3629807692307692 0.6598557692307693 0.016826923076923076 0.014423076923076924
2 0.9771634615384616 0.6105769230769231 0.018028846153846152 0.026442307692307692
0 0.9146634615384616 0.234375 0.04807692307692308 0.0985576923076923
2 0.2692307692307692 0.8425480769230769 0.016826923076923076 0.027644230769230768
2 0.3713942307692308 0.9423076923076923 0.018028846153846152 0.02283653846153846
2 0.984375 0.5721153846153846 0.010817307692307692 0.019230769230769232
2 0.625 0.5240384615384616 0.010817307692307692 0.018028846153846152
2 0.6045673076923077 0.6538461538461539 0.02403846153846154 0.02283653846153846
2 0.3629807692307692 0.5625 0.019230769230769232 0.028846153846153848
2 0.4807692307692308 0.12740384615384615 0.021634615384615384 0.027644230769230768
2 0.6802884615384616 0.5276442307692307 0.02403846153846154 0.03245192307692308
2 0.8341346153846154 0.203125 0.04567307692307692 0.028846153846153848
2 0.08533653846153846 0.9495192307692307 0.019230769230769232 0.02403846153846154
2 0.41466346153846156 0.453125 0.02403846153846154 0.027644230769230768
2 0.2608173076923077 0.3329326923076923 0.016826923076923076 0.028846153846153848
2 0.7091346153846154 0.18028846153846154 0.019230769230769232 0.016826923076923076
2 0.6274038461538461 0.21995192307692307 0.009615384615384616 0.008413461538461538
2 0.21033653846153846 0.9194711538461539 0.018028846153846152 0.02283653846153846
2 0.6634615384615384 0.9819711538461539 0.013221153846153846 0.02403846153846154
2 0.6105769230769231 0.7403846153846154 0.020432692307692308 0.026442307692307692
2 0.30408653846153844 0.9567307692307693 0.020432692307692308 0.026442307692307692
2 0.5 0.6742788461538461 0.016826923076923076 0.019230769230769232
2 0.19591346153846154 0.8509615384615384 0.018028846153846152 0.021634615384615384
2 0.1814903846153846 0.6875 0.019230769230769232 0.027644230769230768
2 0.59375 0.7572115384615384 0.019230769230769232 0.02403846153846154
2 0.9206730769230769 0.7415865384615384 0.021634615384615384 0.019230769230769232
2 0.9639423076923077 0.5504807692307693 0.027644230769230768 0.040865384615384616
2 0.48677884615384615 0.29086538461538464 0.027644230769230768 0.038461538461538464
2 0.46033653846153844 0.29927884615384615 0.028846153846153848 0.03245192307692308
2 0.05889423076923077 0.11658653846153846 0.02403846153846154 0.027644230769230768
2 0.5745192307692307 0.051682692307692304 0.016826923076923076 0.015625
2 0.6802884615384616 0.8016826923076923 0.02403846153846154 0.03125
2 0.2860576923076923 0.32091346153846156 0.01201923076923077 0.021634615384615384
2 0.5216346153846154 0.009615384615384616 0.016826923076923076 0.019230769230769232
2 0.10216346153846154 0.6742788461538461 0.020432692307692308 0.019230769230769232
2 0.25600961538461536 0.671875 0.027644230769230768 0.019230769230769232
2 0.3713942307692308 0.7223557692307693 0.026442307692307692 0.03485576923076923
2 0.34615384615384615 0.6322115384615384 0.014423076923076924 0.02403846153846154
2 0.6959134615384616 0.7536057692307693 0.019230769230769232 0.03485576923076923
2 0.8629807692307693 0.8425480769230769 0.02403846153846154 0.026442307692307692
2 0.8930288461538461 0.5685096153846154 0.016826923076923076 0.037259615384615384
2 0.25240384615384615 0.07692307692307693 0.03245192307692308 0.03365384615384615
2 0.5384615384615384 0.9615384615384616 0.06009615384615385 0.07451923076923077
2 0.5625 0.8822115384615384 0.020432692307692308 0.03245192307692308
2 0.5432692307692307 0.5504807692307693 0.02283653846153846 0.030048076923076924
2 0.010817307692307692 0.1466346153846154 0.021634615384615384 0.02403846153846154
2 0.21514423076923078 0.08653846153846154 0.02403846153846154 0.027644230769230768
2 0.6682692307692307 0.2776442307692308 0.016826923076923076 0.016826923076923076
2 0.2620192307692308 0.8040865384615384 0.016826923076923076 0.015625
2 0.9375 0.5877403846153846 0.027644230769230768 0.04326923076923077
