2 0.7860576923076923 0.9230769230769231 0.040865384615384616 0.026442307692307692
2 0.7415865384615384 0.6634615384615384 0.016826923076923076 0.016826923076923076
2 0.5 0.09975961538461539 0.02403846153846154 0.027644230769230768
2 0.8269230769230769 0.4855769230769231 0.02403846153846154 0.03485576923076923
2 0.9471153846153846 0.6310096153846154 0.05889423076923077 0.1201923076923077
2 0.546875 0.4375 0.02403846153846154 0.03485576923076923
2 0.15264423076923078 0.671875 0.020432692307692308 0.02403846153846154
2 0.7524038461538461 0.7103365384615384 0.009615384615384616 0.013221153846153846
2 0.25721153846153844 0.9627403846153846 0.06129807692307692 0.05048076923076923
2 0.8762019230769231 0.6682692307692307 0.03245192307692308 0.038461538461538464
2 0.4987980769230769 0.859375 0.021634615384615384 0.03245192307692308
2 0.6622596153846154 0.3112980769230769 0.025240384615384616 0.038461538461538464
2 0.5649038461538461 0.8942307692307693 0.056490384615384616 0.06009615384615385
2 0.0673076923076923 0.7632211538461539 0.055288461538461536 0.06009615384615385
2 0.6322115384615384 0.34375 0.025240384615384616 0.03485576923076923
2 0.28365384615384615 0.7367788461538461 0.02283653846153846 0.03365384615384615
2 0.3557692307692308 0.8197115384615384 0.02403846153846154 0.028846153846153848
2 0.7415865384615384 0.3125 0.03125 0.0673076923076923
2 0.6418269230769231 0.38461538461538464 0.02403846153846154 0.036057692307692304
2 0.33052884615384615 0.8305288461538461 0.026442307692307692 0.03245192307692308
2 0.5060096153846154 0.5625 0.04447115384615385 0.05889423076923077
2 0.765625 0.8221153846153846 0.03365384615384615 0.046875
2 0.4495192307692308 0.5709134615384616 0.051682692307692304 0.11778846153846154
2 0.0985576923076923 0.8389423076923077 0.027644230769230768 0.028846153846153848
2 0.19110576923076922 0.8461538461538461 0.030048076923076924 0.03365384615384615
2 0.49759615384615385 0.7548076923076923 0.027644230769230768 0.028846153846153848
2 0.07091346153846154 0.9711538461538461 0.038461538461538464 0.057692307692307696
2 0.03365384615384615 0.49278846153846156 0.026442307692307692 0.038461538461538464
2 0.11298076923076923 0.8894230769230769 0.025240384615384616 0.028846153846153848
2 0.53125 0.17427884615384615 0.027644230769230768 0.028846153846153848
2 0.48197115384615385 0.14783653846153846 0.02403846153846154 0.02403846153846154
2 0.9771634615384616 0.24639423076923078 0.026442307692307692 0.036057692307692304
2 0.23918269230769232 0.5949519230769231 0.020432692307692308 0.02403846153846154
2 0.32572115384615385 0.4423076923076923 0.036057692307692304 0.042067307692307696
2 0.8978365384615384 0.4651442307692308 0.03485576923076923 0.02283653846153846
2 0.18509615384615385 0.9026442307692307 0.028846153846153848 0.028846153846153848
2 0.6634615384615384 0.7584134615384616 0.027644230769230768 0.03365384615384615
2 0.8846153846153846 0.7992788461538461 0.020432692307692308 0.027644230769230768
2 0.6201923076923077 0.42788461538461536 0.021634615384615384 0.026442307692307692
2 0.4495192307692308 0.78125 0.03485576923076923 0.055288461538461536
2 0.05889423076923077 0.8221153846153846 0.038461538461538464 0.04326923076923077
2 0.29447115384615385 0.12620192307692307 0.03365384615384615 0.03485576923076923
2 0.44711538461538464 0.10576923076923077 0.036057692307692304 0.04807692307692308
2 0.9350961538461539 0.20072115384615385 0.042067307692307696 0.04447115384615385
2 0.40625 0.4026442307692308 0.04326923076923077 0.06850961538461539
2 0.33774038461538464 0.23197115384615385 0.03125 0.03245192307692308
2 0.9963942307692307 0.78125 0.006009615384615385 0.019230769230769232
2 0.5709134615384616 0.7692307692307693 0.03365384615384615 0.04447115384615385
2 0.1875 0.515625 0.04807692307692308 0.09254807692307693
2 0.13221153846153846 0.11298076923076923 0.025240384615384616 0.039663461538461536
2 0.38822115384615385 0.20793269230769232 0.028846153846153848 0.038461538461538464
2 0.671875 0.08413461538461539 0.03485576923076923 0.037259615384615384
2 0.9038461538461539 0.08052884615384616 0.02283653846153846 0.030048076923076924
2 0.5733173076923077 0.48197115384615385 0.040865384615384616 0.03485576923076923
2 0.7644230769230769 0.7319711538461539 0.028846153846153848 0.03365384615384615
2 0.27403846153846156 0.38221153846153844 0.06850961538461539 0.07451923076923077
2 0.9375 0.3870192307692308 0.037259615384615384 0.05048076923076923
2 0.8641826923076923 0.109375 0.018028846153846152 0.030048076923076924
2 0.46274038461538464 0.48677884615384615 0.021634615384615384 0.027644230769230768
4 0.5444711538461539 0.17307692307692307 0.7836538461538461 0.34375
2 0.6225961538461539 0.9362980769230769 0.028846153846153848 0.037259615384615384
2 0.4110576923076923 0.8557692307692307 0.014423076923076924 0.018028846153846152
2 0.3016826923076923 0.5300480769230769 0.03365384615384615 0.04807692307692308
2 0.3016826923076923 0.4891826923076923 0.03485576923076923 0.042067307692307696
2 0.7319711538461539 0.4723557692307692 0.036057692307692304 0.025240384615384616
2 0.9423076923076923 0.7920673076923077 0.03125 0.04326923076923077
2 0.32572115384615385 0.8028846153846154 0.02403846153846154 0.03125
2 0.43509615384615385 0.8725961538461539 0.02403846153846154 0.03125
2 0.17307692307692307 0.9314903846153846 0.016826923076923076 0.021634615384615384
2 0.18389423076923078 0.4423076923076923 0.042067307692307696 0.039663461538461536
2 0.05889423076923077 0.4014423076923077 0.016826923076923076 0.02283653846153846
2 0.49278846153846156 0.20072115384615385 0.02403846153846154 0.028846153846153848
2 0.7980769230769231 0.7728365384615384 0.02403846153846154 0.027644230769230768
2 0.9507211538461539 0.4423076923076923 0.04326923076923077 0.04326923076923077
2 0.29447115384615385 0.09134615384615384 0.03125 0.03485576923076923
2 0.13701923076923078 0.31009615384615385 0.056490384615384616 0.07211538461538461
2 0.9302884615384616 0.25961538461538464 0.038461538461538464 0.051682692307692304
2 0.037259615384615384 0.6694711538461539 0.040865384615384616 0.04567307692307692
2 0.14182692307692307 0.5072115384615384 0.04447115384615385 0.06971153846153846
2 0.8677884615384616 0.15985576923076922 0.04326923076923077 0.056490384615384616
2 0.25841346153846156 0.14543269230769232 0.038461538461538464 0.03365384615384615
