1 0.9362980769230769 0.6694711538461539 0.010817307692307692 0.02283653846153846
1 0.9831730769230769 0.2932692307692308 0.010817307692307692 0.020432692307692308
1 0.24278846153846154 0.6826923076923077 0.014423076923076924 0.019230769230769232
2 0.44350961538461536 0.036057692307692304 0.030048076923076924 0.056490384615384616
4 0.013221153846153846 0.4375 0.02403846153846154 0.030048076923076924
1 0.028846153846153848 0.056490384615384616 0.013221153846153846 0.01201923076923077
1 0.8918269230769231 0.9783653846153846 0.016826923076923076 0.014423076923076924
1 0.3557692307692308 0.5552884615384616 0.025240384615384616 0.019230769230769232
1 0.296875 0.9639423076923077 0.019230769230769232 0.03245192307692308
1 0.4110576923076923 0.02403846153846154 0.014423076923076924 0.02403846153846154
1 0.2956730769230769 0.8233173076923077 0.03485576923076923 0.04447115384615385
1 0.18990384615384615 0.7932692307692307 0.016826923076923076 0.026442307692307692
1 0.8617788461538461 0.8569711538461539 0.019230769230769232 0.028846153846153848
1 0.7536057692307693 0.40625 0.014423076923076924 0.027644230769230768
1 0.9879807692307693 0.06850961538461539 0.016826923076923076 0.027644230769230768
1 0.19591346153846154 0.625 0.02283653846153846 0.02283653846153846
1 0.6454326923076923 0.5829326923076923 0.02403846153846154 0.027644230769230768
1 0.3112980769230769 0.296875 0.013221153846153846 0.020432692307692308
1 0.8305288461538461 0.7884615384615384 0.015625 0.018028846153846152
1 0.9747596153846154 0.8521634615384616 0.01201923076923077 0.015625
1 0.9038461538461539 0.6995192307692307 0.013221153846153846 0.01201923076923077
1 0.9399038461538461 0.7139423076923077 0.01201923076923077 0.013221153846153846
1 0.9927884615384616 0.8293269230769231 0.014423076923076924 0.014423076923076924
1 0.6766826923076923 0.02403846153846154 0.004807692307692308 0.014423076923076924
1 0.08173076923076923 0.18990384615384615 0.014423076923076924 0.019230769230769232
1 0.0625 0.1875 0.008413461538461538 0.008413461538461538
1 0.09615384615384616 0.7740384615384616 0.006009615384615385 0.016826923076923076
1 0.5408653846153846 0.6165865384615384 0.008413461538461538 0.015625
1 0.5288461538461539 0.8209134615384616 0.010817307692307692 0.021634615384615384
1 0.055288461538461536 0.7872596153846154 0.007211538461538462 0.006009615384615385
1 0.42908653846153844 0.8112980769230769 0.013221153846153846 0.013221153846153846
1 0.006009615384615385 0.8185096153846154 0.01201923076923077 0.028846153846153848
1 0.01201923076923077 0.6322115384615384 0.02403846153846154 0.04567307692307692
1 0.1622596153846154 0.859375 0.018028846153846152 0.027644230769230768
1 0.2644230769230769 0.9362980769230769 0.01201923076923077 0.018028846153846152
1 0.328125 0.8473557692307693 0.007211538461538462 0.015625
2 0.21033653846153846 0.4338942307692308 0.23197115384615385 0.2127403846153846
1 0.5444711538461539 0.9939903846153846 0.007211538461538462 0.01201923076923077
1 0.3954326923076923 0.06009615384615385 0.016826923076923076 0.018028846153846152
1 0.9927884615384616 0.5576923076923077 0.013221153846153846 0.019230769230769232
1 0.6105769230769231 0.5036057692307693 0.018028846153846152 0.016826923076923076
1 0.7055288461538461 0.390625 0.016826923076923076 0.021634615384615384
1 0.8942307692307693 0.65625 0.014423076923076924 0.02283653846153846
1 0.1814903846153846 0.8341346153846154 0.014423076923076924 0.02283653846153846
1 0.9663461538461539 0.003605769230769231 0.007211538461538462 0.007211538461538462
1 0.14543269230769232 0.6983173076923077 0.019230769230769232 0.027644230769230768
1 0.9375 0.8894230769230769 0.019230769230769232 0.03245192307692308
1 0.96875 0.10096153846153846 0.014423076923076924 0.019230769230769232
1 0.5973557692307693 0.6490384615384616 0.009615384615384616 0.01201923076923077
1 0.46875 0.5637019230769231 0.009615384615384616 0.010817307692307692
1 0.21394230769230768 0.7367788461538461 0.030048076923076924 0.03245192307692308
1 0.90625 0.7367788461538461 0.010817307692307692 0.010817307692307692
1 0.9771634615384616 0.5336538461538461 0.021634615384615384 0.03245192307692308
1 0.9314903846153846 0.4639423076923077 0.018028846153846152 0.020432692307692308
1 0.5540865384615384 0.5192307692307693 0.009615384615384616 0.015625
1 0.2932692307692308 0.515625 0.03125 0.040865384615384616
1 0.8774038461538461 0.6069711538461539 0.019230769230769232 0.018028846153846152
0 0.4411057692307692 0.5372596153846154 0.03245192307692308 0.028846153846153848
1 0.5396634615384616 0.6694711538461539 0.019230769230769232 0.01201923076923077
1 0.27884615384615385 0.25240384615384615 0.014423076923076924 0.013221153846153846
1 0.17668269230769232 0.36177884615384615 0.004807692307692308 0.008413461538461538
1 0.7223557692307693 0.7007211538461539 0.01201923076923077 0.018028846153846152
1 0.7728365384615384 0.46033653846153844 0.009615384615384616 0.020432692307692308
1 0.48677884615384615 0.6682692307692307 0.028846153846153848 0.02403846153846154
2 0.08774038461538461 0.234375 0.17548076923076922 0.17067307692307693
1 0.8112980769230769 0.0829326923076923 0.018028846153846152 0.018028846153846152
4 0.921875 0.47475961538461536 0.020432692307692308 0.02403846153846154
2 0.8521634615384616 0.25600961538461536 0.06129807692307692 0.14182692307692307
0 0.6213942307692307 0.40024038461538464 0.018028846153846152 0.03485576923076923
10 0.44591346153846156 0.6069711538461539 0.25240384615384615 0.6694711538461539
1 0.9567307692307693 0.84375 0.016826923076923076 0.019230769230769232
1 0.9302884615384616 0.036057692307692304 0.013221153846153846 0.019230769230769232
1 0.20072115384615385 0.06610576923076923 0.01201923076923077 0.019230769230769232
1 0.28365384615384615 0.32572115384615385 0.009615384615384616 0.013221153846153846
1 0.04567307692307692 0.1310096153846154 0.006009615384615385 0.010817307692307692
1 0.06009615384615385 0.5372596153846154 0.009615384615384616 0.01201923076923077
1 0.5120192307692307 0.7307692307692307 0.010817307692307692 0.01201923076923077
1 0.4699519230769231 0.7536057692307693 0.01201923076923077 0.021634615384615384
1 0.7427884615384616 0.02403846153846154 0.008413461538461538 0.013221153846153846
1 0.90625 0.2536057692307692 0.014423076923076924 0.021634615384615384
1 0.1814903846153846 0.3137019230769231 0.018028846153846152 0.018028846153846152
1 0.39783653846153844 0.0829326923076923 0.016826923076923076 0.02403846153846154
0 0.6322115384615384 0.46875 0.026442307692307692 0.03245192307692308
1 0.6574519230769231 0.030048076923076924 0.016826923076923076 0.018028846153846152
1 0.3870192307692308 0.96875 0.014423076923076924 0.021634615384615384
2 0.10336538461538461 0.38100961538461536 0.20673076923076922 0.11298076923076923
0 0.3161057692307692 0.6201923076923077 0.016826923076923076 0.02283653846153846
2 0.46274038461538464 0.3894230769230769 0.13581730769230768 0.36658653846153844
0 0.2403846153846154 0.3161057692307692 0.013221153846153846 0.016826923076923076
1 0.40865384615384615 0.5024038461538461 0.021634615384615384 0.014423076923076924
1 0.84375 0.6790865384615384 0.008413461538461538 0.010817307692307692
2 0.8954326923076923 0.0673076923076923 0.07211538461538461 0.12860576923076922
1 0.35216346153846156 0.5228365384615384 0.016826923076923076 0.021634615384615384
1 0.6814903846153846 0.9807692307692307 0.016826923076923076 0.03125
1 0.8257211538461539 0.8798076923076923 0.016826923076923076 0.021634615384615384
1 0.8665865384615384 0.5456730769230769 0.02403846153846154 0.03125
1 0.27403846153846156 0.1466346153846154 0.007211538461538462 0.010817307692307692
1 0.3245192307692308 0.22956730769230768 0.007211538461538462 0.013221153846153846
1 0.06971153846153846 0.003605769230769231 0.009615384615384616 0.007211538461538462
1 0.08774038461538461 0.4170673076923077 0.01201923076923077 0.013221153846153846
1 0.24519230769230768 0.9519230769230769 0.025240384615384616 0.04326923076923077
1 0.24158653846153846 0.8449519230769231 0.01201923076923077 0.02283653846153846
1 0.33052884615384615 0.7836538461538461 0.01201923076923077 0.028846153846153848
1 0.6610576923076923 0.78125 0.016826923076923076 0.02403846153846154
1 0.3798076923076923 0.06971153846153846 0.008413461538461538 0.013221153846153846
1 0.2692307692307692 0.3173076923076923 0.016826923076923076 0.014423076923076924
1 0.19110576923076922 0.9951923076923077 0.007211538461538462 0.009615384615384616
0 0.42908653846153844 0.37259615384615385 0.04447115384615385 0.0985576923076923
1 0.7487980769230769 0.8413461538461539 0.02283653846153846 0.02283653846153846
1 0.8209134615384616 0.984375 0.009615384615384616 0.015625
2 0.13822115384615385 0.53125 0.2127403846153846 0.09134615384615384
1 0.31971153846153844 0.140625 0.015625 0.019230769230769232
1 0.02403846153846154 0.11057692307692307 0.007211538461538462 0.018028846153846152
1 0.036057692307692304 0.5516826923076923 0.01201923076923077 0.025240384615384616
11 0.04807692307692308 0.9435096153846154 0.09615384615384616 0.11298076923076923
4 0.18509615384615385 0.1201923076923077 0.02403846153846154 0.03125
0 0.4050480769230769 0.5769230769230769 0.026442307692307692 0.02403846153846154
1 0.12620192307692307 0.9266826923076923 0.007211538461538462 0.01201923076923077
1 0.8810096153846154 0.6262019230769231 0.014423076923076924 0.014423076923076924
1 0.046875 0.6057692307692307 0.03365384615384615 0.037259615384615384
1 0.7463942307692307 0.10216346153846154 0.03125 0.040865384615384616
1 0.6814903846153846 0.8233173076923077 0.016826923076923076 0.014423076923076924
1 0.3401442307692308 0.15384615384615385 0.003605769230769231 0.006009615384615385
1 0.8581730769230769 0.9110576923076923 0.014423076923076924 0.015625
1 0.34975961538461536 0.25240384615384615 0.007211538461538462 0.006009615384615385
1 0.3713942307692308 0.09975961538461539 0.009615384615384616 0.01201923076923077
1 0.6550480769230769 0.006009615384615385 0.007211538461538462 0.009615384615384616
1 0.1658653846153846 0.7728365384615384 0.004807692307692308 0.01201923076923077
1 0.3737980769230769 0.056490384615384616 0.007211538461538462 0.010817307692307692
2 0.9146634615384616 0.5877403846153846 0.09014423076923077 0.09014423076923077
0 0.375 0.025240384615384616 0.016826923076923076 0.027644230769230768
1 0.02283653846153846 0.8737980769230769 0.037259615384615384 0.027644230769230768
1 0.7175480769230769 0.02283653846153846 0.01201923076923077 0.01201923076923077
1 0.24278846153846154 0.16346153846153846 0.008413461538461538 0.007211538461538462
1 0.8810096153846154 0.734375 0.009615384615384616 0.01201923076923077
2 0.6370192307692307 0.2644230769230769 0.17427884615384615 0.04807692307692308
1 0.4014423076923077 0.6778846153846154 0.016826923076923076 0.018028846153846152
0 0.4567307692307692 0.4951923076923077 0.03365384615384615 0.04807692307692308
1 0.17668269230769232 0.9795673076923077 0.006009615384615385 0.009615384615384616
1 0.09975961538461539 0.7151442307692307 0.006009615384615385 0.010817307692307692
1 0.14302884615384615 0.01201923076923077 0.010817307692307692 0.016826923076923076
2 0.27524038461538464 0.06610576923076923 0.10096153846153846 0.1310096153846154
2 0.5228365384615384 0.037259615384615384 0.09014423076923077 0.055288461538461536
1 0.8846153846153846 0.31009615384615385 0.014423076923076924 0.016826923076923076
1 0.5853365384615384 0.6310096153846154 0.007211538461538462 0.01201923076923077
1 0.7620192307692307 0.12980769230769232 0.02403846153846154 0.027644230769230768
1 0.039663461538461536 0.8557692307692307 0.016826923076923076 0.02283653846153846
1 0.9675480769230769 0.5612980769230769 0.006009615384615385 0.008413461538461538
1 0.8617788461538461 0.6766826923076923 0.008413461538461538 0.015625
0 0.5504807692307693 0.38221153846153844 0.01201923076923077 0.04326923076923077
1 0.8221153846153846 0.9290865384615384 0.007211538461538462 0.01201923076923077
1 0.7860576923076923 0.12139423076923077 0.008413461538461538 0.01201923076923077
1 0.16466346153846154 0.26802884615384615 0.01201923076923077 0.014423076923076924
1 0.90625 0.18028846153846154 0.007211538461538462 0.01201923076923077
0 0.6418269230769231 0.19471153846153846 0.03125 0.05889423076923077
1 0.9603365384615384 0.019230769230769232 0.015625 0.013221153846153846
1 0.9819711538461539 0.609375 0.009615384615384616 0.025240384615384616
1 0.8209134615384616 0.5865384615384616 0.004807692307692308 0.010817307692307692
