3 0.8689903846153846 0.5396634615384616 0.13221153846153846 0.13221153846153846
3 0.6538461538461539 0.328125 0.20432692307692307 0.06129807692307692
2 0.8293269230769231 0.17427884615384615 0.018028846153846152 0.03485576923076923
2 0.15384615384615385 0.3605769230769231 0.008413461538461538 0.015625
2 0.953125 0.6021634615384616 0.036057692307692304 0.036057692307692304
0 0.14783653846153846 0.5552884615384616 0.020432692307692308 0.03365384615384615
2 0.19230769230769232 0.9651442307692307 0.020432692307692308 0.020432692307692308
0 0.04927884615384615 0.6526442307692307 0.055288461538461536 0.07932692307692307
2 0.14783653846153846 0.31009615384615385 0.03125 0.038461538461538464
2 0.006009615384615385 0.9699519230769231 0.01201923076923077 0.027644230769230768
2 0.8425480769230769 0.41346153846153844 0.02403846153846154 0.03485576923076923
2 0.23918269230769232 0.36778846153846156 0.019230769230769232 0.02403846153846154
2 0.15625 0.17427884615384615 0.014423076923076924 0.019230769230769232
2 0.8137019230769231 0.27403846153846156 0.016826923076923076 0.027644230769230768
2 0.11298076923076923 0.3329326923076923 0.014423076923076924 0.016826923076923076
2 0.5697115384615384 0.625 0.02403846153846154 0.04326923076923077
5 0.6838942307692307 0.3581730769230769 0.014423076923076924 0.02283653846153846
2 0.8605769230769231 0.007211538461538462 0.01201923076923077 0.013221153846153846
2 0.9302884615384616 0.203125 0.016826923076923076 0.02403846153846154
2 0.7956730769230769 0.29086538461538464 0.02403846153846154 0.019230769230769232
2 0.3125 0.3329326923076923 0.014423076923076924 0.016826923076923076
2 0.04567307692307692 0.90625 0.014423076923076924 0.02283653846153846
2 0.46033653846153844 0.3942307692307692 0.030048076923076924 0.03245192307692308
2 0.5120192307692307 0.33533653846153844 0.018028846153846152 0.02403846153846154
2 0.75 0.46875 0.016826923076923076 0.04326923076923077
2 0.7824519230769231 0.1045673076923077 0.016826923076923076 0.026442307692307692
2 0.026442307692307692 0.6057692307692307 0.03485576923076923 0.04326923076923077
2 0.4411057692307692 0.009615384615384616 0.030048076923076924 0.019230769230769232
2 0.7752403846153846 0.4807692307692308 0.025240384615384616 0.021634615384615384
0 0.1346153846153846 0.8173076923076923 0.020432692307692308 0.021634615384615384
2 0.8293269230769231 0.38221153846153844 0.027644230769230768 0.02283653846153846
2 0.24639423076923078 0.4098557692307692 0.014423076923076924 0.019230769230769232
2 0.4723557692307692 0.22596153846153846 0.038461538461538464 0.03125
2 0.7752403846153846 0.25 0.02403846153846154 0.02403846153846154
2 0.953125 0.27524038461538464 0.019230769230769232 0.021634615384615384
2 0.30288461538461536 0.3125 0.014423076923076924 0.021634615384615384
2 0.9326923076923077 0.30649038461538464 0.021634615384615384 0.016826923076923076
0 0.10697115384615384 0.8942307692307693 0.025240384615384616 0.03245192307692308
2 0.9915865384615384 0.36658653846153844 0.016826923076923076 0.026442307692307692
3 0.10697115384615384 0.6778846153846154 0.06850961538461539 0.1658653846153846
2 0.8497596153846154 0.12740384615384615 0.02283653846153846 0.02403846153846154
2 0.8389423076923077 0.4411057692307692 0.03125 0.027644230769230768
3 0.09014423076923077 0.09254807692307693 0.07932692307692307 0.04447115384615385
2 0.8197115384615384 0.35216346153846156 0.014423076923076924 0.018028846153846152
3 0.04807692307692308 0.3918269230769231 0.09615384615384616 0.0625
0 0.9447115384615384 0.9555288461538461 0.037259615384615384 0.027644230769230768
2 0.4723557692307692 0.33653846153846156 0.020432692307692308 0.019230769230769232
0 0.21514423076923078 0.06971153846153846 0.013221153846153846 0.018028846153846152
2 0.2920673076923077 0.3581730769230769 0.01201923076923077 0.026442307692307692
2 0.5829326923076923 0.5865384615384616 0.021634615384615384 0.03125
4 0.38341346153846156 0.5853365384615384 0.10817307692307693 0.0889423076923077
0 0.13822115384615385 0.7427884615384616 0.03485576923076923 0.04326923076923077
0 0.2548076923076923 0.015625 0.028846153846153848 0.03125
0 0.30528846153846156 0.016826923076923076 0.02403846153846154 0.03245192307692308
3 0.9326923076923077 0.8004807692307693 0.025240384615384616 0.08653846153846154
2 0.6947115384615384 0.28846153846153844 0.02283653846153846 0.019230769230769232
0 0.0985576923076923 0.5625 0.027644230769230768 0.021634615384615384
0 0.984375 0.9254807692307693 0.021634615384615384 0.03125
0 0.07932692307692307 0.7872596153846154 0.036057692307692304 0.04927884615384615
0 0.20673076923076922 0.6610576923076923 0.04447115384615385 0.040865384615384616
0 0.203125 0.007211538461538462 0.027644230769230768 0.014423076923076924
3 0.90625 0.7331730769230769 0.1346153846153846 0.140625
2 0.7860576923076923 0.4651442307692308 0.014423076923076924 0.013221153846153846
2 0.625 0.4050480769230769 0.021634615384615384 0.01201923076923077
2 0.009615384615384616 0.019230769230769232 0.019230769230769232 0.013221153846153846
2 0.5625 0.20673076923076922 0.027644230769230768 0.03125
0 0.028846153846153848 0.7512019230769231 0.027644230769230768 0.056490384615384616
5 0.37259615384615385 0.07932692307692307 0.020432692307692308 0.027644230769230768
13 0.7151442307692307 0.8605769230769231 0.41586538461538464 0.27884615384615385
0 0.2920673076923077 0.056490384615384616 0.016826923076923076 0.021634615384615384
0 0.17548076923076922 0.7175480769230769 0.04326923076923077 0.09735576923076923
3 0.39903846153846156 0.09134615384615384 0.1971153846153846 0.10216346153846154
2 0.6802884615384616 0.0889423076923077 0.025240384615384616 0.030048076923076924
2 0.2247596153846154 0.8846153846153846 0.014423076923076924 0.015625
3 0.3088942307692308 0.16826923076923078 0.2860576923076923 0.13701923076923078
2 0.5757211538461539 0.4723557692307692 0.02403846153846154 0.036057692307692304
2 0.16105769230769232 0.9242788461538461 0.030048076923076924 0.040865384615384616
2 0.042067307692307696 0.9819711538461539 0.01201923076923077 0.014423076923076924
2 0.6947115384615384 0.265625 0.010817307692307692 0.020432692307692308
2 0.15745192307692307 0.014423076923076924 0.02283653846153846 0.027644230769230768
2 0.7956730769230769 0.6370192307692307 0.03125 0.06370192307692307
2 0.008413461538461538 0.9603365384615384 0.014423076923076924 0.020432692307692308
0 0.171875 0.05889423076923077 0.021634615384615384 0.02403846153846154
