2 0.9651442307692307 0.96875 0.06971153846153846 0.056490384615384616
2 0.984375 0.43990384615384615 0.030048076923076924 0.042067307692307696
2 0.4891826923076923 0.07932692307692307 0.030048076923076924 0.06971153846153846
2 0.671875 0.6694711538461539 0.04807692307692308 0.07091346153846154
2 0.6033653846153846 0.3581730769230769 0.04807692307692308 0.03245192307692308
2 0.8341346153846154 0.9495192307692307 0.052884615384615384 0.04447115384615385
3 0.49759615384615385 0.9302884615384616 0.18629807692307693 0.13822115384615385
0 0.025240384615384616 0.3293269230769231 0.05048076923076923 0.08173076923076923
0 0.375 0.3581730769230769 0.0829326923076923 0.10336538461538461
3 0.734375 0.9543269230769231 0.09014423076923077 0.0733173076923077
2 0.28125 0.5216346153846154 0.037259615384615384 0.06129807692307692
2 0.38100961538461536 0.025240384615384616 0.04567307692307692 0.05048076923076923
2 0.6370192307692307 0.421875 0.037259615384615384 0.057692307692307696
2 0.47475961538461536 0.3245192307692308 0.014423076923076924 0.027644230769230768
2 0.9699519230769231 0.2283653846153846 0.037259615384615384 0.038461538461538464
2 0.5733173076923077 0.6033653846153846 0.038461538461538464 0.056490384615384616
0 0.36899038461538464 0.6947115384615384 0.20793269230769232 0.42908653846153844
2 0.7319711538461539 0.6045673076923077 0.054086538461538464 0.051682692307692304
2 0.5072115384615384 0.8822115384615384 0.040865384615384616 0.05048076923076923
2 0.29447115384615385 0.7319711538461539 0.040865384615384616 0.04326923076923077
2 0.5973557692307693 0.6586538461538461 0.04807692307692308 0.04326923076923077
2 0.9483173076923077 0.8966346153846154 0.027644230769230768 0.06129807692307692
2 0.4807692307692308 0.6382211538461539 0.016826923076923076 0.020432692307692308
2 0.34134615384615385 0.5492788461538461 0.02403846153846154 0.028846153846153848
2 0.24519230769230768 0.8810096153846154 0.03125 0.02283653846153846
2 0.4387019230769231 0.11177884615384616 0.025240384615384616 0.056490384615384616
2 0.5276442307692307 0.016826923076923076 0.055288461538461536 0.03365384615384615
3 0.6189903846153846 0.12379807692307693 0.12379807692307693 0.0733173076923077
3 0.14543269230769232 0.9807692307692307 0.1502403846153846 0.03485576923076923
3 0.5072115384615384 0.828125 0.042067307692307696 0.051682692307692304
2 0.4735576923076923 0.42908653846153844 0.04326923076923077 0.0733173076923077
2 0.8353365384615384 0.609375 0.04567307692307692 0.04447115384615385
2 0.9134615384615384 0.8725961538461539 0.03485576923076923 0.05048076923076923
2 0.25721153846153844 0.984375 0.08774038461538461 0.03125
0 0.06490384615384616 0.7644230769230769 0.12860576923076922 0.41947115384615385
2 0.18629807692307693 0.859375 0.014423076923076924 0.019230769230769232
2 0.8161057692307693 0.35216346153846156 0.02403846153846154 0.027644230769230768
2 0.9098557692307693 0.2776442307692308 0.03365384615384615 0.03125
2 0.7331730769230769 0.8954326923076923 0.019230769230769232 0.030048076923076924
2 0.1141826923076923 0.32091346153846156 0.07932692307692307 0.0889423076923077
2 0.5324519230769231 0.43149038461538464 0.07211538461538461 0.078125
2 0.53125 0.6947115384615384 0.038461538461538464 0.054086538461538464
2 0.6814903846153846 0.84375 0.021634615384615384 0.036057692307692304
2 0.71875 0.29927884615384615 0.040865384615384616 0.06009615384615385
2 0.9290865384615384 0.7247596153846154 0.08173076923076923 0.08052884615384616
2 0.328125 0.0625 0.037259615384615384 0.08052884615384616
2 0.17908653846153846 0.3557692307692308 0.06009615384615385 0.08173076923076923
2 0.33653846153846156 0.9362980769230769 0.040865384615384616 0.04927884615384615
2 0.9194711538461539 0.9182692307692307 0.025240384615384616 0.04447115384615385
2 0.5192307692307693 0.9819711538461539 0.038461538461538464 0.036057692307692304
2 0.19110576923076922 0.4483173076923077 0.039663461538461536 0.03125
2 0.75 0.4110576923076923 0.037259615384615384 0.03125
2 0.8125 0.29086538461538464 0.019230769230769232 0.04447115384615385
2 0.9098557692307693 0.9783653846153846 0.040865384615384616 0.04326923076923077
2 0.49399038461538464 0.6983173076923077 0.02403846153846154 0.042067307692307696
2 0.9663461538461539 0.3161057692307692 0.025240384615384616 0.09615384615384616
2 0.3798076923076923 0.09975961538461539 0.06610576923076923 0.11899038461538461
2 0.8978365384615384 0.6766826923076923 0.040865384615384616 0.06610576923076923
2 0.5588942307692307 0.9194711538461539 0.026442307692307692 0.09254807692307693
2 0.296875 0.2776442307692308 0.01201923076923077 0.026442307692307692
4 0.5600961538461539 0.4483173076923077 0.8786057692307693 0.8966346153846154
2 0.8653846153846154 0.3485576923076923 0.02403846153846154 0.027644230769230768
2 0.4651442307692308 0.10576923076923077 0.02403846153846154 0.030048076923076924
2 0.6935096153846154 0.17067307692307693 0.03125 0.056490384615384616
2 0.3016826923076923 0.921875 0.028846153846153848 0.02283653846153846
2 0.9939903846153846 0.37259615384615385 0.01201923076923077 0.09375
2 0.8545673076923077 0.2956730769230769 0.04326923076923077 0.0673076923076923
3 0.11658653846153846 0.5925480769230769 0.23317307692307693 0.3329326923076923
3 0.14423076923076922 0.3954326923076923 0.28846153846153844 0.6598557692307693
2 0.7704326923076923 0.32211538461538464 0.05048076923076923 0.06490384615384616
2 0.5276442307692307 0.28725961538461536 0.025240384615384616 0.052884615384615384
2 0.35697115384615385 0.45552884615384615 0.06971153846153846 0.1141826923076923
