5 0.6646634615384616 0.40865384615384615 0.030048076923076924 0.03245192307692308
3 0.12259615384615384 0.421875 0.03485576923076923 0.15144230769230768
0 0.10817307692307693 0.5973557692307693 0.02403846153846154 0.05048076923076923
0 0.23798076923076922 0.3713942307692308 0.019230769230769232 0.021634615384615384
0 0.7572115384615384 0.6790865384615384 0.03365384615384615 0.04447115384615385
0 0.5985576923076923 0.3918269230769231 0.02283653846153846 0.026442307692307692
2 0.027644230769230768 0.921875 0.04807692307692308 0.046875
2 0.5168269230769231 0.17067307692307693 0.016826923076923076 0.025240384615384616
2 0.3954326923076923 0.6598557692307693 0.019230769230769232 0.028846153846153848
2 0.6875 0.7836538461538461 0.009615384615384616 0.015625
2 0.6622596153846154 0.6826923076923077 0.016826923076923076 0.05048076923076923
2 0.9519230769230769 0.4206730769230769 0.019230769230769232 0.03245192307692308
0 0.8545673076923077 0.4879807692307692 0.29086538461538464 0.33653846153846156
3 0.4266826923076923 0.0625 0.09735576923076923 0.11057692307692307
2 0.8641826923076923 0.06610576923076923 0.019230769230769232 0.015625
5 0.0673076923076923 0.5372596153846154 0.02403846153846154 0.03125
3 0.4723557692307692 0.3076923076923077 0.09014423076923077 0.08653846153846154
0 0.054086538461538464 0.7956730769230769 0.02283653846153846 0.056490384615384616
0 0.3173076923076923 0.33413461538461536 0.038461538461538464 0.04927884615384615
0 0.7548076923076923 0.33653846153846156 0.021634615384615384 0.027644230769230768
2 0.109375 0.7716346153846154 0.057692307692307696 0.04927884615384615
2 0.9555288461538461 0.828125 0.016826923076923076 0.026442307692307692
2 0.3701923076923077 0.3317307692307692 0.010817307692307692 0.013221153846153846
2 0.3798076923076923 0.265625 0.016826923076923076 0.036057692307692304
2 0.2620192307692308 0.6237980769230769 0.007211538461538462 0.010817307692307692
2 0.265625 0.5661057692307693 0.010817307692307692 0.016826923076923076
3 0.07211538461538461 0.1502403846153846 0.14423076923076922 0.2091346153846154
3 0.3942307692307692 0.6995192307692307 0.20673076923076922 0.26322115384615385
3 0.5853365384615384 0.8209134615384616 0.09495192307692307 0.2283653846153846
2 0.828125 0.140625 0.008413461538461538 0.01201923076923077
2 0.5793269230769231 0.2091346153846154 0.016826923076923076 0.027644230769230768
0 0.34134615384615385 0.28846153846153844 0.027644230769230768 0.040865384615384616
2 0.026442307692307692 0.5084134615384616 0.009615384615384616 0.018028846153846152
2 0.3112980769230769 0.5420673076923077 0.01201923076923077 0.01201923076923077
3 0.5625 0.9663461538461539 0.11057692307692307 0.0673076923076923
0 0.171875 0.7704326923076923 0.02403846153846154 0.028846153846153848
0 0.31009615384615385 0.40384615384615385 0.11177884615384616 0.08173076923076923
2 0.9362980769230769 0.06971153846153846 0.04326923076923077 0.04447115384615385
2 0.8389423076923077 0.027644230769230768 0.037259615384615384 0.03245192307692308
2 0.859375 0.35096153846153844 0.052884615384615384 0.08774038461538461
2 0.9338942307692307 0.25721153846153844 0.014423076923076924 0.016826923076923076
5 0.16346153846153846 0.7367788461538461 0.021634615384615384 0.02403846153846154
2 0.006009615384615385 0.7367788461538461 0.01201923076923077 0.019230769230769232
2 0.08052884615384616 0.21394230769230768 0.027644230769230768 0.04567307692307692
2 0.27884615384615385 0.6153846153846154 0.009615384615384616 0.016826923076923076
2 0.6766826923076923 0.8197115384615384 0.027644230769230768 0.03125
2 0.7487980769230769 0.7307692307692307 0.019230769230769232 0.015625
2 0.5228365384615384 0.49759615384615385 0.02283653846153846 0.026442307692307692
0 0.1935096153846154 0.7992788461538461 0.02403846153846154 0.028846153846153848
0 0.12860576923076922 0.9591346153846154 0.06610576923076923 0.08173076923076923
0 0.12740384615384615 0.7235576923076923 0.051682692307692304 0.08774038461538461
0 0.18870192307692307 0.12980769230769232 0.021634615384615384 0.03245192307692308
0 0.28846153846153844 0.07572115384615384 0.018028846153846152 0.02283653846153846
0 0.33052884615384615 0.0889423076923077 0.018028846153846152 0.027644230769230768
0 0.48677884615384615 0.234375 0.02403846153846154 0.04567307692307692
0 0.7307692307692307 0.34375 0.014423076923076924 0.015625
0 0.890625 0.33052884615384615 0.016826923076923076 0.02403846153846154
0 0.8894230769230769 0.9855769230769231 0.02403846153846154 0.026442307692307692
2 0.009615384615384616 0.3870192307692308 0.019230769230769232 0.04326923076923077
2 0.9122596153846154 0.056490384615384616 0.027644230769230768 0.037259615384615384
2 0.5841346153846154 0.28725961538461536 0.02403846153846154 0.03245192307692308
2 0.014423076923076924 0.5528846153846154 0.021634615384615384 0.027644230769230768
2 0.23677884615384615 0.6165865384615384 0.019230769230769232 0.014423076923076924
2 0.6526442307692307 0.6334134615384616 0.014423076923076924 0.02403846153846154
3 0.055288461538461536 0.8605769230769231 0.11057692307692307 0.125
2 0.31490384615384615 0.5661057692307693 0.015625 0.016826923076923076
2 0.4110576923076923 0.7235576923076923 0.01201923076923077 0.014423076923076924
2 0.3233173076923077 0.15144230769230768 0.014423076923076924 0.03245192307692308
4 0.6274038461538461 0.5264423076923077 0.36177884615384615 0.5733173076923077
3 0.8245192307692307 0.14903846153846154 0.07211538461538461 0.11177884615384616
13 0.18028846153846154 0.04927884615384615 0.2536057692307692 0.09735576923076923
3 0.1971153846153846 0.24278846153846154 0.0673076923076923 0.05048076923076923
2 0.7884615384615384 0.24158653846153846 0.014423076923076924 0.019230769230769232
0 0.140625 0.3125 0.018028846153846152 0.021634615384615384
2 0.7307692307692307 0.43028846153846156 0.06490384615384616 0.027644230769230768
2 0.22956730769230768 0.5288461538461539 0.040865384615384616 0.055288461538461536
0 0.5 0.06490384615384616 0.057692307692307696 0.12379807692307693
2 0.8449519230769231 0.24158653846153846 0.007211538461538462 0.008413461538461538
2 0.8425480769230769 0.21514423076923078 0.014423076923076924 0.028846153846153848
2 0.8846153846153846 0.19831730769230768 0.016826923076923076 0.016826923076923076
2 0.9387019230769231 0.13221153846153846 0.021634615384615384 0.019230769230769232
2 0.9939903846153846 0.04447115384615385 0.01201923076923077 0.018028846153846152
0 0.15144230769230768 0.15625 0.051682692307692304 0.125
2 0.234375 0.4230769230769231 0.03485576923076923 0.04326923076923077
0 0.8004807692307693 0.6706730769230769 0.019230769230769232 0.02403846153846154
2 0.9194711538461539 0.20552884615384615 0.009615384615384616 0.01201923076923077
0 0.09975961538461539 0.8209134615384616 0.03125 0.03485576923076923
3 0.9747596153846154 0.33774038461538464 0.05048076923076923 0.13341346153846154
0 0.9831730769230769 0.2127403846153846 0.03365384615384615 0.08774038461538461
0 0.31490384615384615 0.9651442307692307 0.08774038461538461 0.06850961538461539
2 0.24158653846153846 0.7884615384615384 0.007211538461538462 0.008413461538461538
5 0.625 0.578125 0.020432692307692308 0.028846153846153848
0 0.48677884615384615 0.3605769230769231 0.051682692307692304 0.06009615384615385
2 0.9951923076923077 0.13341346153846154 0.008413461538461538 0.016826923076923076
2 0.9290865384615384 0.10216346153846154 0.014423076923076924 0.015625
2 0.890625 0.484375 0.016826923076923076 0.04326923076923077
0 0.8737980769230769 0.8052884615384616 0.25240384615384615 0.3737980769230769
3 0.5745192307692307 0.09254807692307693 0.17067307692307693 0.17668269230769232
2 0.47596153846153844 0.7716346153846154 0.02403846153846154 0.03125
2 0.3389423076923077 0.13942307692307693 0.22235576923076922 0.2764423076923077
0 0.4567307692307692 0.1814903846153846 0.08413461538461539 0.1201923076923077
0 0.2824519230769231 0.16466346153846154 0.06490384615384616 0.12860576923076922
2 0.9254807692307693 0.1935096153846154 0.008413461538461538 0.015625
3 0.5144230769230769 0.6598557692307693 0.24639423076923078 0.296875
0 0.16706730769230768 0.8786057692307693 0.08653846153846154 0.1201923076923077
0 0.28846153846153844 0.7223557692307693 0.038461538461538464 0.11778846153846154
2 0.9134615384615384 0.12379807692307693 0.021634615384615384 0.03365384615384615
2 0.4387019230769231 0.8064903846153846 0.016826923076923076 0.03245192307692308
2 0.019230769230769232 0.3473557692307692 0.02403846153846154 0.03485576923076923
2 0.07572115384615384 0.7295673076923077 0.015625 0.030048076923076924
3 0.8545673076923077 0.8713942307692307 0.06129807692307692 0.15985576923076922
2 0.9771634615384616 0.7980769230769231 0.04447115384615385 0.026442307692307692
0 0.703125 0.7259615384615384 0.11899038461538461 0.546875
3 0.6009615384615384 0.5324519230769231 0.08413461538461539 0.234375
3 0.25721153846153844 0.29927884615384615 0.06610576923076923 0.12259615384615384
0 0.2127403846153846 0.36899038461538464 0.016826923076923076 0.018028846153846152
3 0.20432692307692307 0.9362980769230769 0.040865384615384616 0.125
2 0.9651442307692307 0.15264423076923078 0.019230769230769232 0.026442307692307692
2 0.4519230769230769 0.6995192307692307 0.016826923076923076 0.02403846153846154
0 0.046875 0.014423076923076924 0.021634615384615384 0.02403846153846154
3 0.3125 0.9134615384615384 0.18990384615384615 0.17067307692307693
0 0.21514423076923078 0.5745192307692307 0.14543269230769232 0.4963942307692308
2 0.2439903846153846 0.6694711538461539 0.027644230769230768 0.03125
2 0.890625 0.15625 0.008413461538461538 0.014423076923076924
0 0.9314903846153846 0.8341346153846154 0.027644230769230768 0.036057692307692304
2 0.40384615384615385 0.8052884615384616 0.014423076923076924 0.01201923076923077
