10 0.6262019230769231 0.7884615384615384 0.7463942307692307 0.41346153846153844
1 0.5120192307692307 0.2620192307692308 0.040865384615384616 0.04927884615384615
1 0.44591346153846156 0.9519230769230769 0.07451923076923077 0.08774038461538461
1 0.15144230769230768 0.5276442307692307 0.09254807692307693 0.15264423076923078
1 0.12620192307692307 0.8653846153846154 0.07451923076923077 0.05889423076923077
1 0.45913461538461536 0.021634615384615384 0.027644230769230768 0.042067307692307696
1 0.06850961538461539 0.037259615384615384 0.11778846153846154 0.07451923076923077
1 0.8161057692307693 0.9627403846153846 0.06971153846153846 0.06610576923076923
1 0.12740384615384615 0.2548076923076923 0.09254807692307693 0.11658653846153846
0 0.5096153846153846 0.5997596153846154 0.14182692307692307 0.21394230769230768
1 0.6814903846153846 0.09134615384615384 0.038461538461538464 0.051682692307692304
1 0.8870192307692307 0.7596153846153846 0.046875 0.07572115384615384
1 0.10817307692307693 0.1201923076923077 0.17548076923076922 0.18028846153846154
1 0.5709134615384616 0.35336538461538464 0.08653846153846154 0.16706730769230768
1 0.12740384615384615 0.796875 0.06129807692307692 0.06370192307692307
1 0.12139423076923077 0.41225961538461536 0.04807692307692308 0.054086538461538464
1 0.22956730769230768 0.40024038461538464 0.09615384615384616 0.14302884615384615
1 0.8737980769230769 0.5432692307692307 0.11778846153846154 0.14783653846153846
1 0.8870192307692307 0.8786057692307693 0.06370192307692307 0.07692307692307693
1 0.5372596153846154 0.052884615384615384 0.09615384615384616 0.08533653846153846
2 0.057692307692307696 0.8954326923076923 0.11538461538461539 0.20673076923076922
1 0.4110576923076923 0.03485576923076923 0.07211538461538461 0.06850961538461539
1 0.23197115384615385 0.8641826923076923 0.1045673076923077 0.10576923076923077
1 0.3798076923076923 0.6370192307692307 0.06129807692307692 0.07451923076923077
0 0.28966346153846156 0.4879807692307692 0.0733173076923077 0.07451923076923077
1 0.3942307692307692 0.5384615384615384 0.021634615384615384 0.05048076923076923
1 0.8076923076923077 0.38461538461538464 0.38461538461538464 0.27884615384615385
1 0.9795673076923077 0.04326923076923077 0.040865384615384616 0.07692307692307693
1 0.6177884615384616 0.7475961538461539 0.07451923076923077 0.0985576923076923
1 0.6875 0.84375 0.35096153846153844 0.18028846153846154
1 0.09014423076923077 0.703125 0.08413461538461539 0.10096153846153846
1 0.34975961538461536 0.5480769230769231 0.020432692307692308 0.042067307692307696
1 0.40625 0.3125 0.21754807692307693 0.2704326923076923
1 0.8137019230769231 0.07692307692307693 0.11538461538461539 0.15264423076923078
1 0.06009615384615385 0.6298076923076923 0.09975961538461539 0.11778846153846154
1 0.29927884615384615 0.25600961538461536 0.15384615384615385 0.19951923076923078
1 0.15745192307692307 0.9519230769230769 0.04447115384615385 0.055288461538461536
1 0.734375 0.18509615384615385 0.04326923076923077 0.057692307692307696
1 0.6875 0.021634615384615384 0.038461538461538464 0.040865384615384616
1 0.9759615384615384 0.5492788461538461 0.04807692307692308 0.08173076923076923
1 0.03485576923076923 0.375 0.06971153846153846 0.2956730769230769
1 0.21754807692307693 0.7944711538461539 0.028846153846153848 0.054086538461538464
1 0.5685096153846154 0.20673076923076922 0.07692307692307693 0.10096153846153846
1 0.9507211538461539 0.2692307692307692 0.09735576923076923 0.09254807692307693
