2 0.30288461538461536 0.46634615384615385 0.016826923076923076 0.013221153846153846
2 0.5913461538461539 0.10096153846153846 0.013221153846153846 0.014423076923076924
2 0.6911057692307693 0.6478365384615384 0.01201923076923077 0.014423076923076924
2 0.9579326923076923 0.8088942307692307 0.013221153846153846 0.015625
2 0.9134615384615384 0.859375 0.01201923076923077 0.015625
2 0.140625 0.3161057692307692 0.014423076923076924 0.019230769230769232
2 0.052884615384615384 0.6310096153846154 0.02403846153846154 0.03125
2 0.9651442307692307 0.8305288461538461 0.009615384615384616 0.019230769230769232
2 0.2127403846153846 0.6418269230769231 0.021634615384615384 0.021634615384615384
2 0.6959134615384616 0.2548076923076923 0.016826923076923076 0.018028846153846152
2 0.6875 0.6971153846153846 0.028846153846153848 0.02403846153846154
2 0.24278846153846154 0.9543269230769231 0.02403846153846154 0.05889423076923077
2 0.12980769230769232 0.27403846153846156 0.02403846153846154 0.02403846153846154
2 0.12139423076923077 0.1310096153846154 0.014423076923076924 0.016826923076923076
2 0.7463942307692307 0.3581730769230769 0.01201923076923077 0.014423076923076924
2 0.8834134615384616 0.6899038461538461 0.009615384615384616 0.027644230769230768
2 0.8233173076923077 0.6418269230769231 0.026442307692307692 0.025240384615384616
2 0.3016826923076923 0.10216346153846154 0.009615384615384616 0.014423076923076924
2 0.15504807692307693 0.9675480769230769 0.013221153846153846 0.016826923076923076
2 0.6346153846153846 0.19471153846153846 0.02403846153846154 0.021634615384615384
2 0.037259615384615384 0.6274038461538461 0.027644230769230768 0.10576923076923077
2 0.234375 0.8305288461538461 0.018028846153846152 0.02403846153846154
2 0.2403846153846154 0.4206730769230769 0.04447115384615385 0.028846153846153848
2 0.9387019230769231 0.8918269230769231 0.020432692307692308 0.03125
2 0.9867788461538461 0.7704326923076923 0.018028846153846152 0.027644230769230768
2 0.28846153846153844 0.7475961538461539 0.006009615384615385 0.006009615384615385
2 0.23076923076923078 0.8040865384615384 0.007211538461538462 0.014423076923076924
2 0.1971153846153846 0.7331730769230769 0.01201923076923077 0.019230769230769232
2 0.171875 0.6394230769230769 0.014423076923076924 0.016826923076923076
2 0.8040865384615384 0.007211538461538462 0.021634615384615384 0.013221153846153846
2 0.9086538461538461 0.4795673076923077 0.014423076923076924 0.021634615384615384
2 0.20072115384615385 0.6670673076923077 0.007211538461538462 0.010817307692307692
2 0.7728365384615384 0.9651442307692307 0.03125 0.05889423076923077
2 0.3125 0.5348557692307693 0.009615384615384616 0.018028846153846152
2 0.9362980769230769 0.6634615384615384 0.006009615384615385 0.009615384615384616
2 0.5829326923076923 0.038461538461538464 0.01201923076923077 0.020432692307692308
2 0.6694711538461539 0.25240384615384615 0.014423076923076924 0.027644230769230768
2 0.9735576923076923 0.21995192307692307 0.03245192307692308 0.039663461538461536
2 0.27884615384615385 0.6502403846153846 0.007211538461538462 0.010817307692307692
2 0.33533653846153844 0.7451923076923077 0.008413461538461538 0.007211538461538462
2 0.23076923076923078 0.7764423076923077 0.01201923076923077 0.018028846153846152
2 0.9495192307692307 0.6442307692307693 0.016826923076923076 0.027644230769230768
2 0.8557692307692307 0.8137019230769231 0.02403846153846154 0.03125
3 0.12980769230769232 0.8028846153846154 0.040865384615384616 0.23677884615384615
0 0.17908653846153846 0.7319711538461539 0.019230769230769232 0.019230769230769232
5 0.8870192307692307 0.18389423076923078 0.02403846153846154 0.027644230769230768
2 0.6117788461538461 0.23076923076923078 0.019230769230769232 0.02283653846153846
2 0.7548076923076923 0.6346153846153846 0.02403846153846154 0.02403846153846154
2 0.7391826923076923 0.45913461538461536 0.021634615384615384 0.04567307692307692
2 0.8052884615384616 0.4795673076923077 0.016826923076923076 0.027644230769230768
2 0.8521634615384616 0.37259615384615385 0.038461538461538464 0.04567307692307692
2 0.2620192307692308 0.8449519230769231 0.02403846153846154 0.03125
2 0.24639423076923078 0.6923076923076923 0.006009615384615385 0.004807692307692308
2 0.004807692307692308 0.5036057692307693 0.009615384615384616 0.026442307692307692
2 0.07091346153846154 0.2644230769230769 0.02283653846153846 0.019230769230769232
2 0.3641826923076923 0.09375 0.04326923076923077 0.04567307692307692
0 0.9002403846153846 0.009615384615384616 0.026442307692307692 0.018028846153846152
2 0.9206730769230769 0.9050480769230769 0.021634615384615384 0.03245192307692308
2 0.2764423076923077 0.7932692307692307 0.020432692307692308 0.026442307692307692
2 0.19951923076923078 0.8461538461538461 0.007211538461538462 0.014423076923076924
2 0.35697115384615385 0.4230769230769231 0.01201923076923077 0.026442307692307692
2 0.6201923076923077 0.06129807692307692 0.03485576923076923 0.036057692307692304
2 0.19110576923076922 0.28125 0.014423076923076924 0.021634615384615384
2 0.32572115384615385 0.84375 0.021634615384615384 0.021634615384615384
2 0.10697115384615384 0.19471153846153846 0.014423076923076924 0.01201923076923077
2 0.7824519230769231 0.4375 0.027644230769230768 0.054086538461538464
2 0.018028846153846152 0.6911057692307693 0.016826923076923076 0.019230769230769232
2 0.14423076923076922 0.028846153846153848 0.014423076923076924 0.020432692307692308
2 0.8605769230769231 0.8485576923076923 0.014423076923076924 0.019230769230769232
2 0.5649038461538461 0.7139423076923077 0.11057692307692307 0.03485576923076923
2 0.8569711538461539 0.0829326923076923 0.014423076923076924 0.02403846153846154
2 0.8762019230769231 0.8581730769230769 0.013221153846153846 0.014423076923076924
2 0.6550480769230769 0.7115384615384616 0.020432692307692308 0.03245192307692308
2 0.9122596153846154 0.4639423076923077 0.016826923076923076 0.019230769230769232
2 0.15865384615384615 0.08173076923076923 0.038461538461538464 0.07451923076923077
2 0.01201923076923077 0.140625 0.02403846153846154 0.03245192307692308
2 0.9519230769230769 0.8545673076923077 0.02283653846153846 0.025240384615384616
0 0.2860576923076923 0.2536057692307692 0.03245192307692308 0.046875
5 0.009615384615384616 0.6322115384615384 0.019230769230769232 0.04326923076923077
3 0.08774038461538461 0.9266826923076923 0.09735576923076923 0.07692307692307693
3 0.8581730769230769 0.9411057692307693 0.04927884615384615 0.11298076923076923
0 0.35216346153846156 0.1466346153846154 0.07211538461538461 0.036057692307692304
0 0.23197115384615385 0.33774038461538464 0.013221153846153846 0.027644230769230768
0 0.38341346153846156 0.32091346153846156 0.052884615384615384 0.0829326923076923
0 0.4338942307692308 0.14903846153846154 0.02403846153846154 0.03125
0 0.9651442307692307 0.06971153846153846 0.04567307692307692 0.04447115384615385
0 0.9723557692307693 0.009615384615384616 0.02403846153846154 0.019230769230769232
3 0.796875 0.16466346153846154 0.23798076923076922 0.2536057692307692
0 0.1875 0.8040865384615384 0.021634615384615384 0.030048076923076924
3 0.359375 0.21995192307692307 0.13221153846153846 0.06370192307692307
0 0.22235576923076922 0.17307692307692307 0.016826923076923076 0.019230769230769232
0 0.25961538461538464 0.08173076923076923 0.016826923076923076 0.019230769230769232
0 0.2800480769230769 0.17548076923076922 0.037259615384615384 0.037259615384615384
0 0.8918269230769231 0.07211538461538461 0.027644230769230768 0.03365384615384615
0 0.9314903846153846 0.03365384615384615 0.02403846153846154 0.06490384615384616
3 0.22355769230769232 0.5637019230769231 0.11298076923076923 0.10336538461538461
13 0.5240384615384616 0.9074519230769231 0.3858173076923077 0.18509615384615385
2 0.7019230769230769 0.23677884615384615 0.018028846153846152 0.02283653846153846
0 0.3425480769230769 0.29447115384615385 0.03245192307692308 0.037259615384615384
3 0.8846153846153846 0.22716346153846154 0.12860576923076922 0.23557692307692307
0 0.296875 0.328125 0.020432692307692308 0.02403846153846154
0 0.4326923076923077 0.32211538461538464 0.026442307692307692 0.06129807692307692
0 0.4675480769230769 0.19951923076923078 0.02403846153846154 0.03485576923076923
4 0.5853365384615384 0.48677884615384615 0.0889423076923077 0.15144230769230768
3 0.8990384615384616 0.6430288461538461 0.12860576923076922 0.18990384615384615
0 0.8629807692307693 0.019230769230769232 0.037259615384615384 0.03485576923076923
0 0.13701923076923078 0.24278846153846154 0.02403846153846154 0.021634615384615384
