2 0.9783653846153846 0.31009615384615385 0.021634615384615384 0.028846153846153848
2 0.6766826923076923 0.5564903846153846 0.016826923076923076 0.02403846153846154
2 0.5576923076923077 0.25841346153846156 0.010817307692307692 0.019230769230769232
2 0.8401442307692307 0.6069711538461539 0.014423076923076924 0.015625
2 0.6911057692307693 0.7596153846153846 0.014423076923076924 0.014423076923076924
2 0.796875 0.7932692307692307 0.006009615384615385 0.008413461538461538
2 0.40625 0.5504807692307693 0.003605769230769231 0.008413461538461538
2 0.01201923076923077 0.0829326923076923 0.014423076923076924 0.019230769230769232
2 0.5180288461538461 0.6526442307692307 0.006009615384615385 0.007211538461538462
2 0.6646634615384616 0.734375 0.015625 0.019230769230769232
2 0.08413461538461539 0.3076923076923077 0.018028846153846152 0.019230769230769232
2 0.5096153846153846 0.6262019230769231 0.007211538461538462 0.009615384615384616
2 0.42427884615384615 0.9471153846153846 0.027644230769230768 0.052884615384615384
2 0.5072115384615384 0.78125 0.009615384615384616 0.008413461538461538
2 0.49278846153846156 0.8088942307692307 0.016826923076923076 0.019230769230769232
2 0.4098557692307692 0.49278846153846156 0.016826923076923076 0.02403846153846154
2 0.1814903846153846 0.042067307692307696 0.016826923076923076 0.027644230769230768
2 0.8028846153846154 0.0829326923076923 0.013221153846153846 0.013221153846153846
2 0.9759615384615384 0.5072115384615384 0.016826923076923076 0.03245192307692308
2 0.09014423076923077 0.6598557692307693 0.016826923076923076 0.027644230769230768
2 0.6081730769230769 0.30528846153846156 0.014423076923076924 0.014423076923076924
2 0.09735576923076923 0.35096153846153844 0.016826923076923076 0.021634615384615384
2 0.1935096153846154 0.47596153846153844 0.014423076923076924 0.014423076923076924
2 0.8774038461538461 0.9134615384615384 0.014423076923076924 0.009615384615384616
2 0.5925480769230769 0.19110576923076922 0.014423076923076924 0.018028846153846152
2 0.5480769230769231 0.9939903846153846 0.019230769230769232 0.01201923076923077
2 0.08173076923076923 0.9495192307692307 0.025240384615384616 0.027644230769230768
2 0.07211538461538461 0.3605769230769231 0.016826923076923076 0.028846153846153848
2 0.5673076923076923 0.34375 0.010817307692307692 0.010817307692307692
2 0.8377403846153846 0.9579326923076923 0.016826923076923076 0.02283653846153846
2 0.8028846153846154 0.7776442307692307 0.008413461538461538 0.010817307692307692
2 0.6947115384615384 0.6899038461538461 0.014423076923076924 0.021634615384615384
2 0.8485576923076923 0.35336538461538464 0.010817307692307692 0.027644230769230768
2 0.49278846153846156 0.006009615384615385 0.016826923076923076 0.01201923076923077
2 0.234375 0.3401442307692308 0.02283653846153846 0.02403846153846154
2 0.03485576923076923 0.7644230769230769 0.018028846153846152 0.018028846153846152
2 0.6850961538461539 0.6117788461538461 0.018028846153846152 0.026442307692307692
2 0.9338942307692307 0.4579326923076923 0.016826923076923076 0.014423076923076924
2 0.5697115384615384 0.9110576923076923 0.007211538461538462 0.008413461538461538
2 0.3954326923076923 0.6790865384615384 0.02403846153846154 0.03125
2 0.7548076923076923 0.2848557692307692 0.008413461538461538 0.009615384615384616
2 0.875 0.7776442307692307 0.016826923076923076 0.019230769230769232
2 0.8329326923076923 0.003605769230769231 0.019230769230769232 0.007211538461538462
2 0.6682692307692307 0.007211538461538462 0.014423076923076924 0.014423076923076924
2 0.8185096153846154 0.2608173076923077 0.009615384615384616 0.008413461538461538
3 0.7644230769230769 0.4375 0.03245192307692308 0.21514423076923078
2 0.006009615384615385 0.6117788461538461 0.01201923076923077 0.02283653846153846
2 0.08774038461538461 0.4074519230769231 0.014423076923076924 0.037259615384615384
2 0.1658653846153846 0.5432692307692307 0.019230769230769232 0.027644230769230768
2 0.421875 0.7632211538461539 0.014423076923076924 0.028846153846153848
2 0.06490384615384616 0.1045673076923077 0.016826923076923076 0.021634615384615384
2 0.2512019230769231 0.17548076923076922 0.027644230769230768 0.02403846153846154
2 0.39903846153846156 0.3858173076923077 0.016826923076923076 0.027644230769230768
2 0.609375 0.9759615384615384 0.027644230769230768 0.028846153846153848
2 0.5504807692307693 0.3004807692307692 0.020432692307692308 0.019230769230769232
2 0.578125 0.5625 0.014423076923076924 0.021634615384615384
2 0.7884615384615384 0.7463942307692307 0.021634615384615384 0.036057692307692304
2 0.9038461538461539 0.8846153846153846 0.018028846153846152 0.028846153846153848
2 0.7415865384615384 0.39302884615384615 0.016826923076923076 0.02283653846153846
2 0.7415865384615384 0.3629807692307692 0.016826923076923076 0.018028846153846152
2 0.7908653846153846 0.14302884615384615 0.020432692307692308 0.018028846153846152
2 0.9951923076923077 0.2776442307692308 0.007211538461538462 0.008413461538461538
2 0.78125 0.5540865384615384 0.020432692307692308 0.027644230769230768
13 0.22596153846153846 0.8822115384615384 0.38461538461538464 0.22596153846153846
2 0.038461538461538464 0.4735576923076923 0.013221153846153846 0.026442307692307692
2 0.020432692307692308 0.4723557692307692 0.01201923076923077 0.027644230769230768
2 0.7872596153846154 0.41346153846153844 0.016826923076923076 0.013221153846153846
2 0.38221153846153844 0.1875 0.014423076923076924 0.01201923076923077
2 0.21394230769230768 0.2620192307692308 0.016826923076923076 0.019230769230769232
2 0.8052884615384616 0.8978365384615384 0.019230769230769232 0.02403846153846154
2 0.9459134615384616 0.5144230769230769 0.01201923076923077 0.02403846153846154
4 0.6370192307692307 0.39783653846153844 0.11298076923076923 0.5276442307692307
2 0.11298076923076923 0.6105769230769231 0.02403846153846154 0.019230769230769232
2 0.008413461538461538 0.39663461538461536 0.016826923076923076 0.027644230769230768
2 0.3629807692307692 0.7980769230769231 0.05048076923076923 0.04447115384615385
2 0.36899038461538464 0.7307692307692307 0.056490384615384616 0.04567307692307692
2 0.703125 0.8040865384615384 0.008413461538461538 0.019230769230769232
2 0.5733173076923077 0.23798076923076922 0.009615384615384616 0.007211538461538462
2 0.5300480769230769 0.9675480769230769 0.01201923076923077 0.010817307692307692
2 0.8677884615384616 0.9495192307692307 0.013221153846153846 0.013221153846153846
2 0.7872596153846154 0.36778846153846156 0.01201923076923077 0.015625
2 0.6935096153846154 0.4831730769230769 0.016826923076923076 0.03365384615384615
2 0.7127403846153846 0.4338942307692308 0.013221153846153846 0.013221153846153846
2 0.7487980769230769 0.22115384615384615 0.014423076923076924 0.015625
2 0.7536057692307693 0.16947115384615385 0.006009615384615385 0.01201923076923077
2 0.7475961538461539 0.13942307692307693 0.006009615384615385 0.010817307692307692
2 0.7247596153846154 0.3112980769230769 0.007211538461538462 0.009615384615384616
2 0.7800480769230769 0.1814903846153846 0.008413461538461538 0.008413461538461538
2 0.10216346153846154 0.6875 0.018028846153846152 0.025240384615384616
2 0.10216346153846154 0.07451923076923077 0.009615384615384616 0.01201923076923077
2 0.5661057692307693 0.75 0.009615384615384616 0.008413461538461538
2 0.5865384615384616 0.7596153846153846 0.010817307692307692 0.010817307692307692
2 0.25 0.4543269230769231 0.019230769230769232 0.018028846153846152
0 0.22235576923076922 0.06971153846153846 0.020432692307692308 0.02283653846153846
2 0.9735576923076923 0.75 0.007211538461538462 0.009615384615384616
2 0.9915865384615384 0.2283653846153846 0.006009615384615385 0.010817307692307692
2 0.15504807692307693 0.31850961538461536 0.013221153846153846 0.010817307692307692
2 0.5697115384615384 0.06370192307692307 0.007211538461538462 0.018028846153846152
2 0.34975961538461536 0.6935096153846154 0.021634615384615384 0.037259615384615384
2 0.3737980769230769 0.015625 0.016826923076923076 0.013221153846153846
13 0.27163461538461536 0.6694711538461539 0.13581730769230768 0.2127403846153846
0 0.49038461538461536 0.38822115384615385 0.021634615384615384 0.027644230769230768
2 0.8317307692307693 0.49038461538461536 0.007211538461538462 0.015625
0 0.025240384615384616 0.7932692307692307 0.021634615384615384 0.03485576923076923
0 0.030048076923076924 0.9675480769230769 0.06009615384615385 0.06129807692307692
0 0.7307692307692307 0.020432692307692308 0.02403846153846154 0.027644230769230768
3 0.28125 0.027644230769230768 0.08774038461538461 0.051682692307692304
3 0.890625 0.7391826923076923 0.0985576923076923 0.12139423076923077
2 0.5745192307692307 0.8485576923076923 0.019230769230769232 0.02283653846153846
2 0.6766826923076923 0.7740384615384616 0.014423076923076924 0.019230769230769232
2 0.6826923076923077 0.8233173076923077 0.013221153846153846 0.019230769230769232
2 0.7596153846153846 0.6045673076923077 0.020432692307692308 0.015625
2 0.7451923076923077 0.2548076923076923 0.019230769230769232 0.03245192307692308
2 0.6658653846153846 0.08653846153846154 0.020432692307692308 0.027644230769230768
2 0.6790865384615384 0.039663461538461536 0.027644230769230768 0.019230769230769232
2 0.7752403846153846 0.11057692307692307 0.016826923076923076 0.019230769230769232
2 0.8317307692307693 0.0625 0.013221153846153846 0.015625
2 0.9795673076923077 0.5528846153846154 0.006009615384615385 0.01201923076923077
2 0.7355769230769231 0.43149038461538464 0.014423076923076924 0.019230769230769232
2 0.8569711538461539 0.36177884615384615 0.013221153846153846 0.015625
2 0.9819711538461539 0.13701923076923078 0.020432692307692308 0.021634615384615384
2 0.5769230769230769 0.11177884615384616 0.009615384615384616 0.025240384615384616
2 0.6430288461538461 0.007211538461538462 0.01201923076923077 0.013221153846153846
2 0.9495192307692307 0.7824519230769231 0.007211538461538462 0.01201923076923077
2 0.39783653846153844 0.6346153846153846 0.02403846153846154 0.016826923076923076
2 0.7115384615384616 0.13341346153846154 0.013221153846153846 0.026442307692307692
2 0.22956730769230768 0.41225961538461536 0.016826923076923076 0.019230769230769232
2 0.078125 0.13822115384615385 0.014423076923076924 0.019230769230769232
2 0.19831730769230768 0.21995192307692307 0.016826923076923076 0.019230769230769232
2 0.2800480769230769 0.34375 0.013221153846153846 0.027644230769230768
2 0.328125 0.3245192307692308 0.018028846153846152 0.021634615384615384
2 0.6694711538461539 0.5841346153846154 0.01201923076923077 0.027644230769230768
2 0.7115384615384616 0.6105769230769231 0.014423076923076924 0.027644230769230768
2 0.890625 0.9254807692307693 0.016826923076923076 0.03125
2 0.8485576923076923 0.5793269230769231 0.02283653846153846 0.027644230769230768
2 0.7175480769230769 0.35216346153846156 0.026442307692307692 0.026442307692307692
2 0.7451923076923077 0.06971153846153846 0.016826923076923076 0.02283653846153846
2 0.13701923076923078 0.31850961538461536 0.007211538461538462 0.010817307692307692
2 0.7608173076923077 0.6971153846153846 0.016826923076923076 0.019230769230769232
2 0.5949519230769231 0.5877403846153846 0.009615384615384616 0.010817307692307692
2 0.03125 0.7427884615384616 0.013221153846153846 0.01201923076923077
2 0.1045673076923077 0.7259615384615384 0.018028846153846152 0.02403846153846154
2 0.5420673076923077 0.4651442307692308 0.008413461538461538 0.01201923076923077
2 0.390625 0.5757211538461539 0.013221153846153846 0.018028846153846152
2 0.6574519230769231 0.004807692307692308 0.007211538461538462 0.009615384615384616
2 0.20072115384615385 0.43509615384615385 0.019230769230769232 0.019230769230769232
2 0.203125 0.41225961538461536 0.018028846153846152 0.021634615384615384
2 0.11899038461538461 0.1502403846153846 0.019230769230769232 0.027644230769230768
2 0.6778846153846154 0.9675480769230769 0.02403846153846154 0.026442307692307692
2 0.7103365384615384 0.8569711538461539 0.02403846153846154 0.07451923076923077
2 0.6838942307692307 0.7932692307692307 0.018028846153846152 0.013221153846153846
2 0.7115384615384616 0.16706730769230768 0.021634615384615384 0.03245192307692308
2 0.7403846153846154 0.10697115384615384 0.01201923076923077 0.02403846153846154
2 0.5757211538461539 0.7776442307692307 0.020432692307692308 0.026442307692307692
2 0.8990384615384616 0.5024038461538461 0.016826923076923076 0.03125
2 0.08052884615384616 0.5492788461538461 0.02403846153846154 0.02283653846153846
2 0.3269230769230769 0.5576923076923077 0.021634615384615384 0.027644230769230768
2 0.016826923076923076 0.9350961538461539 0.02403846153846154 0.046875
2 0.5540865384615384 0.025240384615384616 0.009615384615384616 0.01201923076923077
2 0.19591346153846154 0.38461538461538464 0.018028846153846152 0.019230769230769232
2 0.038461538461538464 0.7259615384615384 0.016826923076923076 0.019230769230769232
2 0.1466346153846154 0.734375 0.027644230769230768 0.037259615384615384
2 0.8076923076923077 0.09975961538461539 0.014423076923076924 0.019230769230769232
2 0.8197115384615384 0.15504807692307693 0.02403846153846154 0.027644230769230768
2 0.421875 0.4326923076923077 0.020432692307692308 0.039663461538461536
2 0.3918269230769231 0.5060096153846154 0.016826923076923076 0.019230769230769232
2 0.4182692307692308 0.40384615384615385 0.014423076923076924 0.019230769230769232
2 0.33052884615384615 0.015625 0.016826923076923076 0.025240384615384616
2 0.040865384615384616 0.6670673076923077 0.016826923076923076 0.020432692307692308
2 0.9362980769230769 0.8317307692307693 0.004807692307692308 0.010817307692307692
2 0.9579326923076923 0.9026442307692307 0.01201923076923077 0.015625
2 0.7632211538461539 0.7824519230769231 0.007211538461538462 0.013221153846153846
2 0.019230769230769232 0.625 0.019230769230769232 0.019230769230769232
2 0.052884615384615384 0.3894230769230769 0.016826923076923076 0.016826923076923076
2 0.2091346153846154 0.28365384615384615 0.016826923076923076 0.027644230769230768
2 0.29927884615384615 0.09735576923076923 0.026442307692307692 0.028846153846153848
2 0.31490384615384615 0.3701923076923077 0.051682692307692304 0.038461538461538464
2 0.5288461538461539 0.7596153846153846 0.014423076923076924 0.019230769230769232
