2 0.051682692307692304 0.7584134615384616 0.019230769230769232 0.019230769230769232
2 0.020432692307692308 0.5949519230769231 0.013221153846153846 0.020432692307692308
2 0.31490384615384615 0.14423076923076922 0.008413461538461538 0.007211538461538462
2 0.4987980769230769 0.4675480769230769 0.01201923076923077 0.01201923076923077
2 0.8509615384615384 0.921875 0.007211538461538462 0.008413461538461538
0 0.21634615384615385 0.6057692307692307 0.04326923076923077 0.10576923076923077
2 0.31490384615384615 0.34134615384615385 0.02403846153846154 0.025240384615384616
2 0.2848557692307692 0.3786057692307692 0.014423076923076924 0.01201923076923077
2 0.90625 0.9483173076923077 0.016826923076923076 0.027644230769230768
2 0.35096153846153844 0.3545673076923077 0.01201923076923077 0.015625
2 0.7980769230769231 0.8125 0.025240384615384616 0.03365384615384615
2 0.8076923076923077 0.859375 0.013221153846153846 0.013221153846153846
2 0.8341346153846154 0.9158653846153846 0.018028846153846152 0.03125
2 0.8497596153846154 0.7992788461538461 0.052884615384615384 0.042067307692307696
2 0.3245192307692308 0.1622596153846154 0.018028846153846152 0.019230769230769232
2 0.6790865384615384 0.2824519230769231 0.025240384615384616 0.027644230769230768
2 0.16826923076923078 0.8834134615384616 0.010817307692307692 0.010817307692307692
2 0.39302884615384615 0.6225961538461539 0.038461538461538464 0.04326923076923077
2 0.30288461538461536 0.3016826923076923 0.01201923076923077 0.016826923076923076
2 0.9723557692307693 0.8545673076923077 0.03125 0.04447115384615385
2 0.41947115384615385 0.7980769230769231 0.018028846153846152 0.020432692307692308
2 0.2956730769230769 0.05889423076923077 0.007211538461538462 0.009615384615384616
2 0.19951923076923078 0.9254807692307693 0.014423076923076924 0.027644230769230768
2 0.6622596153846154 0.8689903846153846 0.039663461538461536 0.03485576923076923
2 0.36538461538461536 0.4855769230769231 0.038461538461538464 0.03485576923076923
2 0.35096153846153844 0.9939903846153846 0.014423076923076924 0.01201923076923077
2 0.3329326923076923 0.26802884615384615 0.019230769230769232 0.036057692307692304
2 0.2980769230769231 0.030048076923076924 0.008413461538461538 0.018028846153846152
2 0.5552884615384616 0.5973557692307693 0.019230769230769232 0.030048076923076924
2 0.2980769230769231 0.23076923076923078 0.019230769230769232 0.028846153846153848
2 0.3389423076923077 0.3401442307692308 0.009615384615384616 0.016826923076923076
2 0.8257211538461539 0.9543269230769231 0.010817307692307692 0.013221153846153846
2 0.03125 0.45552884615384615 0.027644230769230768 0.03245192307692308
2 0.6814903846153846 0.3088942307692308 0.03485576923076923 0.03485576923076923
2 0.8040865384615384 0.9435096153846154 0.013221153846153846 0.021634615384615384
2 0.9819711538461539 0.9447115384615384 0.036057692307692304 0.03365384615384615
2 0.7620192307692307 0.3557692307692308 0.013221153846153846 0.03125
2 0.7163461538461539 0.3701923076923077 0.020432692307692308 0.019230769230769232
2 0.5649038461538461 0.4110576923076923 0.057692307692307696 0.0733173076923077
2 0.4375 0.27163461538461536 0.18028846153846154 0.359375
2 0.06129807692307692 0.5925480769230769 0.052884615384615384 0.07932692307692307
2 0.31009615384615385 0.039663461538461536 0.013221153846153846 0.015625
2 0.5276442307692307 0.484375 0.039663461538461536 0.051682692307692304
2 0.31971153846153844 0.21033653846153846 0.014423076923076924 0.019230769230769232
2 0.16105769230769232 0.04447115384615385 0.016826923076923076 0.019230769230769232
2 0.3173076923076923 0.45552884615384615 0.015625 0.021634615384615384
2 0.6538461538461539 0.30408653846153844 0.009615384615384616 0.019230769230769232
2 0.3762019230769231 0.37259615384615385 0.009615384615384616 0.019230769230769232
2 0.27403846153846156 0.1658653846153846 0.007211538461538462 0.014423076923076924
2 0.41346153846153844 0.10216346153846154 0.016826923076923076 0.02283653846153846
2 0.35697115384615385 0.5829326923076923 0.052884615384615384 0.09375
2 0.17668269230769232 0.9699519230769231 0.04567307692307692 0.051682692307692304
2 0.17908653846153846 0.890625 0.013221153846153846 0.015625
2 0.5612980769230769 0.8894230769230769 0.025240384615384616 0.05048076923076923
2 0.6442307692307693 0.3401442307692308 0.013221153846153846 0.019230769230769232
2 0.8581730769230769 0.9759615384615384 0.051682692307692304 0.046875
2 0.5216346153846154 0.7403846153846154 0.007211538461538462 0.010817307692307692
2 0.9615384615384616 0.5973557692307693 0.020432692307692308 0.042067307692307696
2 0.953125 0.5625 0.019230769230769232 0.03125
2 0.8870192307692307 0.3088942307692308 0.03485576923076923 0.040865384615384616
2 0.8040865384615384 0.8413461538461539 0.010817307692307692 0.015625
2 0.16826923076923078 0.9951923076923077 0.019230769230769232 0.009615384615384616
3 0.5528846153846154 0.7632211538461539 0.10576923076923077 0.4735576923076923
2 0.203125 0.12980769230769232 0.016826923076923076 0.026442307692307692
2 0.15625 0.20072115384615385 0.006009615384615385 0.01201923076923077
2 0.1875 0.140625 0.007211538461538462 0.01201923076923077
2 0.16346153846153846 0.013221153846153846 0.014423076923076924 0.026442307692307692
2 0.026442307692307692 0.7572115384615384 0.027644230769230768 0.03245192307692308
2 0.038461538461538464 0.7151442307692307 0.02403846153846154 0.02403846153846154
2 0.1466346153846154 0.5324519230769231 0.016826923076923076 0.020432692307692308
2 0.0829326923076923 0.84375 0.007211538461538462 0.010817307692307692
2 0.016826923076923076 0.9411057692307693 0.027644230769230768 0.030048076923076924
2 0.009615384615384616 0.9086538461538461 0.019230769230769232 0.04326923076923077
2 0.028846153846153848 0.9050480769230769 0.009615384615384616 0.013221153846153846
2 0.6778846153846154 0.9206730769230769 0.02403846153846154 0.078125
2 0.6069711538461539 0.8713942307692307 0.04807692307692308 0.11298076923076923
2 0.14302884615384615 0.20673076923076922 0.010817307692307692 0.010817307692307692
2 0.20192307692307693 0.9735576923076923 0.016826923076923076 0.025240384615384616
2 0.006009615384615385 0.703125 0.010817307692307692 0.027644230769230768
2 0.9110576923076923 0.890625 0.03245192307692308 0.04326923076923077
2 0.02403846153846154 0.5360576923076923 0.01201923076923077 0.013221153846153846
2 0.037259615384615384 0.8725961538461539 0.006009615384615385 0.007211538461538462
2 0.30649038461538464 0.375 0.015625 0.021634615384615384
2 0.36177884615384615 0.9254807692307693 0.03245192307692308 0.06129807692307692
2 0.9206730769230769 0.7199519230769231 0.006009615384615385 0.009615384615384616
2 0.34134615384615385 0.07692307692307693 0.009615384615384616 0.018028846153846152
2 0.25961538461538464 0.38822115384615385 0.015625 0.014423076923076924
2 0.27283653846153844 0.2932692307692308 0.014423076923076924 0.02403846153846154
2 0.33653846153846156 0.1814903846153846 0.01201923076923077 0.020432692307692308
2 0.42788461538461536 0.021634615384615384 0.016826923076923076 0.03245192307692308
2 0.6009615384615384 0.3317307692307692 0.06009615384615385 0.10216346153846154
2 0.46033653846153844 0.5817307692307693 0.027644230769230768 0.03245192307692308
2 0.09014423076923077 0.5396634615384616 0.030048076923076924 0.03485576923076923
2 0.1658653846153846 0.84375 0.04326923076923077 0.057692307692307696
2 0.23677884615384615 0.921875 0.01201923076923077 0.019230769230769232
2 0.9266826923076923 0.8185096153846154 0.028846153846153848 0.05889423076923077
2 0.8257211538461539 0.8629807692307693 0.010817307692307692 0.01201923076923077
2 0.6706730769230769 0.4639423076923077 0.040865384615384616 0.036057692307692304
2 0.6418269230769231 0.39663461538461536 0.04807692307692308 0.06370192307692307
2 0.7439903846153846 0.38341346153846156 0.01201923076923077 0.018028846153846152
2 0.6490384615384616 0.27163461538461536 0.009615384615384616 0.016826923076923076
2 0.32572115384615385 0.030048076923076924 0.009615384615384616 0.018028846153846152
2 0.3125 0.007211538461538462 0.013221153846153846 0.014423076923076924
2 0.25240384615384615 0.3485576923076923 0.008413461538461538 0.010817307692307692
2 0.35096153846153844 0.3076923076923077 0.009615384615384616 0.010817307692307692
2 0.019230769230769232 0.47596153846153844 0.01201923076923077 0.020432692307692308
2 0.10096153846153846 0.6346153846153846 0.019230769230769232 0.021634615384615384
2 0.19951923076923078 0.8713942307692307 0.007211538461538462 0.019230769230769232
2 0.2127403846153846 0.9074519230769231 0.014423076923076924 0.019230769230769232
2 0.7235576923076923 0.9314903846153846 0.019230769230769232 0.03245192307692308
2 0.78125 0.9915865384615384 0.019230769230769232 0.016826923076923076
2 0.9278846153846154 0.9879807692307693 0.027644230769230768 0.02283653846153846
2 0.9519230769230769 0.9819711538461539 0.006009615384615385 0.018028846153846152
2 0.8677884615384616 0.890625 0.019230769230769232 0.037259615384615384
2 0.9242788461538461 0.9471153846153846 0.010817307692307692 0.01201923076923077
2 0.7956730769230769 0.8798076923076923 0.014423076923076924 0.018028846153846152
2 0.7980769230769231 0.8629807692307693 0.007211538461538462 0.013221153846153846
2 0.765625 0.4423076923076923 0.01201923076923077 0.013221153846153846
2 0.002403846153846154 0.5300480769230769 0.004807692307692308 0.01201923076923077
2 0.06850961538461539 0.8112980769230769 0.009615384615384616 0.01201923076923077
2 0.057692307692307696 0.9086538461538461 0.056490384615384616 0.08173076923076923
2 0.12740384615384615 0.984375 0.03485576923076923 0.030048076923076924
2 0.9927884615384616 0.8701923076923077 0.01201923076923077 0.038461538461538464
2 0.484375 0.8882211538461539 0.109375 0.12139423076923077
2 0.6875 0.359375 0.03125 0.027644230769230768
2 0.8161057692307693 0.8449519230769231 0.01201923076923077 0.016826923076923076
2 0.13341346153846154 0.5661057692307693 0.006009615384615385 0.007211538461538462
0 0.3798076923076923 0.6298076923076923 0.1778846153846154 0.17908653846153846
2 0.5108173076923077 0.6610576923076923 0.02403846153846154 0.02283653846153846
2 0.0673076923076923 0.7932692307692307 0.004807692307692308 0.008413461538461538
2 0.15504807692307693 0.9326923076923077 0.040865384615384616 0.0829326923076923
2 0.6310096153846154 0.9567307692307693 0.07211538461538461 0.05889423076923077
2 0.3425480769230769 0.3918269230769231 0.014423076923076924 0.018028846153846152
2 0.10697115384615384 0.5096153846153846 0.010817307692307692 0.014423076923076924
2 0.2764423076923077 0.32572115384615385 0.01201923076923077 0.010817307692307692
2 0.08413461538461539 0.8653846153846154 0.027644230769230768 0.030048076923076924
2 0.11778846153846154 0.5276442307692307 0.007211538461538462 0.007211538461538462
2 0.02403846153846154 0.6814903846153846 0.016826923076923076 0.014423076923076924
2 0.109375 0.046875 0.028846153846153848 0.03125
2 0.018028846153846152 0.7331730769230769 0.007211538461538462 0.01201923076923077
2 0.15504807692307693 0.0985576923076923 0.009615384615384616 0.01201923076923077
2 0.07451923076923077 0.6959134615384616 0.008413461538461538 0.01201923076923077
2 0.04807692307692308 0.9747596153846154 0.09615384615384616 0.05048076923076923
2 0.037259615384615384 0.8149038461538461 0.04567307692307692 0.07692307692307693
2 0.21875 0.24519230769230768 0.03125 0.030048076923076924
2 0.12860576923076922 0.9519230769230769 0.006009615384615385 0.008413461538461538
2 0.13341346153846154 0.828125 0.007211538461538462 0.009615384615384616
0 0.8858173076923077 0.24519230769230768 0.2283653846153846 0.1466346153846154
2 0.12620192307692307 0.8870192307692307 0.030048076923076924 0.03125
2 0.15384615384615385 0.75 0.055288461538461536 0.09134615384615384
13 0.6346153846153846 0.12980769230769232 0.2920673076923077 0.25961538461538464
2 0.06370192307692307 0.6634615384615384 0.013221153846153846 0.019230769230769232
2 0.026442307692307692 0.5697115384615384 0.007211538461538462 0.01201923076923077
2 0.23798076923076922 0.4170673076923077 0.009615384615384616 0.013221153846153846
2 0.051682692307692304 0.7355769230769231 0.007211538461538462 0.013221153846153846
2 0.06610576923076923 0.03365384615384615 0.021634615384615384 0.019230769230769232
0 0.33653846153846156 0.8713942307692307 0.08774038461538461 0.25600961538461536
2 0.07451923076923077 0.7151442307692307 0.025240384615384616 0.019230769230769232
2 0.12379807692307693 0.5877403846153846 0.008413461538461538 0.009615384615384616
2 0.203125 0.2980769230769231 0.018028846153846152 0.027644230769230768
2 0.1201923076923077 0.6478365384615384 0.007211538461538462 0.01201923076923077
2 0.7367788461538461 0.4639423076923077 0.02283653846153846 0.027644230769230768
2 0.8557692307692307 0.36778846153846156 0.04447115384615385 0.03485576923076923
2 0.7764423076923077 0.8064903846153846 0.01201923076923077 0.013221153846153846
2 0.7367788461538461 0.8461538461538461 0.03125 0.03365384615384615
2 0.8257211538461539 0.7620192307692307 0.016826923076923076 0.02403846153846154
2 0.9507211538461539 0.3401442307692308 0.09375 0.10216346153846154
2 0.004807692307692308 0.5961538461538461 0.009615384615384616 0.036057692307692304
2 0.8497596153846154 0.7548076923076923 0.02283653846153846 0.02283653846153846
2 0.32572115384615385 0.36177884615384615 0.018028846153846152 0.026442307692307692
2 0.7632211538461539 0.47716346153846156 0.014423076923076924 0.02283653846153846
2 0.7560096153846154 0.8197115384615384 0.007211538461538462 0.007211538461538462
2 0.6911057692307693 0.6850961538461539 0.04567307692307692 0.04807692307692308
2 0.20673076923076922 0.7896634615384616 0.009615384615384616 0.018028846153846152
2 0.38822115384615385 0.14903846153846154 0.010817307692307692 0.01201923076923077
2 0.7247596153846154 0.3161057692307692 0.025240384615384616 0.028846153846153848
2 0.23677884615384615 0.828125 0.027644230769230768 0.040865384615384616
2 0.7920673076923077 0.3329326923076923 0.025240384615384616 0.028846153846153848
2 0.6887019230769231 0.5901442307692307 0.037259615384615384 0.055288461538461536
2 0.7127403846153846 0.4170673076923077 0.05048076923076923 0.052884615384615384
2 0.8149038461538461 0.9411057692307693 0.014423076923076924 0.014423076923076924
2 0.7956730769230769 0.9146634615384616 0.020432692307692308 0.027644230769230768
2 0.7776442307692307 0.8870192307692307 0.027644230769230768 0.037259615384615384
2 0.7944711538461539 0.6790865384615384 0.09014423076923077 0.09975961538461539
2 0.59375 0.47596153846153844 0.11057692307692307 0.11899038461538461
2 0.9915865384615384 0.49038461538461536 0.016826923076923076 0.06129807692307692
2 0.8305288461538461 0.5384615384615384 0.021634615384615384 0.027644230769230768
2 0.7776442307692307 0.5372596153846154 0.07692307692307693 0.0889423076923077
2 0.7439903846153846 0.6490384615384616 0.018028846153846152 0.021634615384615384
2 0.7091346153846154 0.6346153846153846 0.03485576923076923 0.042067307692307696
12 0.41586538461538464 0.6875 0.8317307692307693 0.6237980769230769
2 0.09134615384615384 0.21875 0.1814903846153846 0.33653846153846156
2 0.1814903846153846 0.17668269230769232 0.010817307692307692 0.014423076923076924
2 0.16706730769230768 0.07692307692307693 0.020432692307692308 0.025240384615384616
2 0.12740384615384615 0.016826923076923076 0.019230769230769232 0.03365384615384615
2 0.03125 0.5540865384615384 0.007211538461538462 0.008413461538461538
2 0.18028846153846154 0.6478365384615384 0.007211538461538462 0.008413461538461538
2 0.013221153846153846 0.6550480769230769 0.026442307692307692 0.03485576923076923
2 0.15985576923076922 0.5745192307692307 0.007211538461538462 0.018028846153846152
2 0.9951923076923077 0.7055288461538461 0.009615384615384616 0.03365384615384615
2 0.9879807692307693 0.6790865384615384 0.013221153846153846 0.02283653846153846
2 0.9723557692307693 0.6574519230769231 0.007211538461538462 0.01201923076923077
2 0.7728365384615384 0.7427884615384616 0.006009615384615385 0.009615384615384616
2 0.7355769230769231 0.7536057692307693 0.01201923076923077 0.021634615384615384
2 0.8509615384615384 0.4963942307692308 0.019230769230769232 0.030048076923076924
2 0.7932692307692307 0.609375 0.018028846153846152 0.010817307692307692
2 0.8461538461538461 0.4230769230769231 0.021634615384615384 0.027644230769230768
2 0.5997596153846154 0.6225961538461539 0.021634615384615384 0.02403846153846154
0 0.6153846153846154 0.7295673076923077 0.09254807692307693 0.13581730769230768
0 0.30288461538461536 0.28365384615384615 0.23918269230769232 0.5396634615384616
2 0.15865384615384615 0.3713942307692308 0.051682692307692304 0.03125
2 0.20793269230769232 0.7199519230769231 0.015625 0.026442307692307692
2 0.16105769230769232 0.6826923076923077 0.01201923076923077 0.026442307692307692
2 0.1875 0.7055288461538461 0.010817307692307692 0.013221153846153846
2 0.14783653846153846 0.5600961538461539 0.007211538461538462 0.010817307692307692
2 0.0889423076923077 0.5745192307692307 0.004807692307692308 0.006009615384615385
2 0.6418269230769231 0.5480769230769231 0.014423076923076924 0.020432692307692308
2 0.9278846153846154 0.6129807692307693 0.021634615384615384 0.019230769230769232
2 0.6165865384615384 0.5625 0.046875 0.03485576923076923
2 0.7932692307692307 0.4567307692307692 0.016826923076923076 0.03485576923076923
2 0.6622596153846154 0.5925480769230769 0.013221153846153846 0.014423076923076924
2 0.0829326923076923 0.9423076923076923 0.025240384615384616 0.028846153846153848
2 0.020432692307692308 0.5540865384615384 0.009615384615384616 0.018028846153846152
2 0.15865384615384615 0.12379807692307693 0.013221153846153846 0.018028846153846152
2 0.17307692307692307 0.11778846153846154 0.013221153846153846 0.03485576923076923
3 0.26802884615384615 0.7884615384615384 0.10096153846153846 0.4206730769230769
2 0.02403846153846154 0.5829326923076923 0.007211538461538462 0.009615384615384616
2 0.1141826923076923 0.7079326923076923 0.05889423076923077 0.054086538461538464
2 0.09254807692307693 0.6838942307692307 0.007211538461538462 0.010817307692307692
2 0.08774038461538461 0.7932692307692307 0.025240384615384616 0.046875
2 0.9050480769230769 0.48677884615384615 0.006009615384615385 0.009615384615384616
2 0.9495192307692307 0.6947115384615384 0.06009615384615385 0.06850961538461539
2 0.8317307692307693 0.4567307692307692 0.028846153846153848 0.038461538461538464
2 0.8557692307692307 0.8473557692307693 0.010817307692307692 0.015625
2 0.8064903846153846 0.7548076923076923 0.009615384615384616 0.019230769230769232
2 0.6502403846153846 0.6334134615384616 0.014423076923076924 0.013221153846153846
2 0.8569711538461539 0.5901442307692307 0.125 0.09254807692307693
2 0.7355769230769231 0.7908653846153846 0.025240384615384616 0.030048076923076924
2 0.27403846153846156 0.014423076923076924 0.027644230769230768 0.027644230769230768
2 0.36538461538461536 0.08413461538461539 0.008413461538461538 0.009615384615384616
2 0.6550480769230769 0.5697115384615384 0.030048076923076924 0.028846153846153848
2 0.7223557692307693 0.984375 0.037259615384615384 0.03125
2 0.9194711538461539 0.4050480769230769 0.02403846153846154 0.028846153846153848
2 0.9723557692307693 0.5252403846153846 0.055288461538461536 0.06129807692307692
2 0.7259615384615384 0.8125 0.008413461538461538 0.01201923076923077
2 0.1622596153846154 0.46634615384615385 0.021634615384615384 0.02283653846153846
2 0.8870192307692307 0.7151442307692307 0.01201923076923077 0.008413461538461538
2 0.6971153846153846 0.4699519230769231 0.030048076923076924 0.05889423076923077
2 0.96875 0.7884615384615384 0.06129807692307692 0.09975961538461539
2 0.8713942307692307 0.43990384615384615 0.01201923076923077 0.02403846153846154
2 0.8533653846153846 0.3870192307692308 0.013221153846153846 0.016826923076923076
2 0.29086538461538464 0.359375 0.009615384615384616 0.027644230769230768
2 0.046875 0.5264423076923077 0.03485576923076923 0.037259615384615384
2 0.6826923076923077 0.7596153846153846 0.06850961538461539 0.10216346153846154
2 0.9483173076923077 0.7872596153846154 0.01201923076923077 0.01201923076923077
2 0.27283653846153844 0.03125 0.008413461538461538 0.01201923076923077
2 0.08774038461538461 0.9050480769230769 0.01201923076923077 0.01201923076923077
2 0.4699519230769231 0.9615384615384616 0.19951923076923078 0.07692307692307693
2 0.4110576923076923 0.5721153846153846 0.04567307692307692 0.07091346153846154
2 0.5 0.6887019230769231 0.013221153846153846 0.019230769230769232
2 0.1778846153846154 0.9122596153846154 0.016826923076923076 0.019230769230769232
2 0.9519230769230769 0.4254807692307692 0.030048076923076924 0.046875
