1 0.06850961538461539 0.2764423076923077 0.04567307692307692 0.04447115384615385
1 0.11298076923076923 0.07091346153846154 0.1875 0.14182692307692307
1 0.7259615384615384 0.8846153846153846 0.014423076923076924 0.027644230769230768
1 0.3942307692307692 0.24519230769230768 0.05889423076923077 0.08413461538461539
1 0.33413461538461536 0.3942307692307692 0.0673076923076923 0.11899038461538461
1 0.6466346153846154 0.013221153846153846 0.028846153846153848 0.026442307692307692
4 0.6081730769230769 0.8665865384615384 0.125 0.1622596153846154
4 0.9242788461538461 0.7956730769230769 0.09735576923076923 0.13942307692307693
1 0.921875 0.23677884615384615 0.027644230769230768 0.037259615384615384
1 0.8653846153846154 0.4074519230769231 0.03125 0.039663461538461536
1 0.8822115384615384 0.5024038461538461 0.11057692307692307 0.10336538461538461
1 0.31490384615384615 0.9074519230769231 0.03365384615384615 0.051682692307692304
1 0.2860576923076923 0.7512019230769231 0.04927884615384615 0.07451923076923077
1 0.6754807692307693 0.05048076923076923 0.028846153846153848 0.04326923076923077
1 0.7536057692307693 0.21514423076923078 0.039663461538461536 0.05048076923076923
1 0.5336538461538461 0.49278846153846156 0.07932692307692307 0.08653846153846154
1 0.5745192307692307 0.23557692307692307 0.040865384615384616 0.04447115384615385
4 0.5637019230769231 0.625 0.125 0.15625
4 0.9579326923076923 0.6021634615384616 0.08413461538461539 0.18389423076923078
1 0.7836538461538461 0.30528846153846156 0.06129807692307692 0.09615384615384616
1 0.7704326923076923 0.45072115384615385 0.036057692307692304 0.055288461538461536
1 0.24278846153846154 0.890625 0.1141826923076923 0.17548076923076922
1 0.6538461538461539 0.71875 0.038461538461538464 0.054086538461538464
1 0.5048076923076923 0.22235576923076922 0.02403846153846154 0.037259615384615384
1 0.42427884615384615 0.013221153846153846 0.036057692307692304 0.026442307692307692
1 0.9194711538461539 0.06490384615384616 0.15985576923076922 0.12980769230769232
1 0.96875 0.8894230769230769 0.06129807692307692 0.05048076923076923
1 0.6971153846153846 0.009615384615384616 0.02403846153846154 0.019230769230769232
1 0.5661057692307693 0.3161057692307692 0.018028846153846152 0.03125
1 0.020432692307692308 0.3076923076923077 0.040865384615384616 0.0829326923076923
1 0.25961538461538464 0.06490384615384616 0.1310096153846154 0.12980769230769232
1 0.41947115384615385 0.140625 0.05889423076923077 0.06370192307692307
1 0.5012019230769231 0.125 0.027644230769230768 0.03365384615384615
1 0.8185096153846154 0.015625 0.036057692307692304 0.03125
1 0.6045673076923077 0.0985576923076923 0.057692307692307696 0.1814903846153846
1 0.3894230769230769 0.07211538461538461 0.030048076923076924 0.046875
1 0.9819711538461539 0.9579326923076923 0.03485576923076923 0.08413461538461539
1 0.9831730769230769 0.2800480769230769 0.03365384615384615 0.056490384615384616
1 0.7764423076923077 0.05889423076923077 0.04567307692307692 0.07211538461538461
1 0.40625 0.640625 0.02403846153846154 0.030048076923076924
1 0.4206730769230769 0.35216346153846156 0.03125 0.03485576923076923
1 0.27283653846153844 0.453125 0.052884615384615384 0.055288461538461536
3 0.4831730769230769 0.7331730769230769 0.9663461538461539 0.5336538461538461
1 0.3449519230769231 0.052884615384615384 0.026442307692307692 0.054086538461538464
1 0.5348557692307693 0.28846153846153844 0.040865384615384616 0.054086538461538464
1 0.37259615384615385 0.015625 0.042067307692307696 0.03125
1 0.1935096153846154 0.27163461538461536 0.23076923076923078 0.2692307692307692
1 0.7512019230769231 0.14543269230769232 0.037259615384615384 0.056490384615384616
1 0.171875 0.5817307692307693 0.22956730769230768 0.5288461538461539
