2 0.8846153846153846 0.16105769230769232 0.0673076923076923 0.10576923076923077
2 0.9675480769230769 0.6995192307692307 0.06490384615384616 0.07451923076923077
2 0.8665865384615384 0.8112980769230769 0.2668269230769231 0.1658653846153846
2 0.3125 0.13221153846153846 0.09014423076923077 0.1310096153846154
2 0.7956730769230769 0.7127403846153846 0.027644230769230768 0.05048076923076923
2 0.7848557692307693 0.16105769230769232 0.07692307692307693 0.109375
2 0.6201923076923077 0.0673076923076923 0.02403846153846154 0.03125
2 0.4050480769230769 0.8858173076923077 0.1658653846153846 0.2283653846153846
2 0.8088942307692307 0.9555288461538461 0.06009615384615385 0.0889423076923077
2 0.08653846153846154 0.22596153846153846 0.17307692307692307 0.22596153846153846
2 0.4879807692307692 0.2127403846153846 0.32211538461538464 0.3161057692307692
2 0.3942307692307692 0.4483173076923077 0.07211538461538461 0.1814903846153846
2 0.5276442307692307 0.5637019230769231 0.07211538461538461 0.14903846153846154
2 0.15504807692307693 0.453125 0.13581730769230768 0.23677884615384615
2 0.5288461538461539 0.41346153846153844 0.0625 0.12980769230769232
2 0.1622596153846154 0.7776442307692307 0.3233173076923077 0.44471153846153844
2 0.6466346153846154 0.84375 0.13221153846153846 0.15144230769230768
2 0.5324519230769231 0.026442307692307692 0.11538461538461539 0.051682692307692304
2 0.35096153846153844 0.018028846153846152 0.018028846153846152 0.028846153846153848
2 0.21514423076923078 0.0625 0.040865384615384616 0.06370192307692307
2 0.8918269230769231 0.7151442307692307 0.03125 0.026442307692307692
2 0.47115384615384615 0.6478365384615384 0.10576923076923077 0.17668269230769232
2 0.8786057692307693 0.44471153846153844 0.24278846153846154 0.359375
2 0.09495192307692307 0.09254807692307693 0.18990384615384615 0.18389423076923078
12 0.484375 0.5 0.5204326923076923 1
2 0.9194711538461539 0.6694711538461539 0.020432692307692308 0.05889423076923077
2 0.9927884615384616 0.9375 0.014423076923076924 0.12379807692307693
2 0.5685096153846154 0.9447115384615384 0.15985576923076922 0.109375
2 0.35216346153846156 0.7439903846153846 0.09375 0.09615384615384616
2 0.6021634615384616 0.43509615384615385 0.052884615384615384 0.06610576923076923
2 0.8269230769230769 0.6971153846153846 0.018028846153846152 0.036057692307692304
2 0.25721153846153844 0.49399038461538464 0.04567307692307692 0.06850961538461539
2 0.9651442307692307 0.18028846153846154 0.06850961538461539 0.15144230769230768
2 0.7151442307692307 0.5456730769230769 0.16105769230769232 0.22235576923076922
2 0.6875 0.1502403846153846 0.038461538461538464 0.06009615384615385
