2 0.9314903846153846 0.6057692307692307 0.021634615384615384 0.03125
2 0.6646634615384616 0.734375 0.04326923076923077 0.054086538461538464
2 0.12860576923076922 0.8125 0.04567307692307692 0.042067307692307696
2 0.8137019230769231 0.9903846153846154 0.027644230769230768 0.019230769230769232
2 0.9471153846153846 0.7103365384615384 0.025240384615384616 0.027644230769230768
2 0.8966346153846154 0.3786057692307692 0.038461538461538464 0.055288461538461536
2 0.7295673076923077 0.3762019230769231 0.03245192307692308 0.06009615384615385
2 0.5745192307692307 0.4266826923076923 0.02403846153846154 0.036057692307692304
2 0.5697115384615384 0.5769230769230769 0.02403846153846154 0.03245192307692308
2 0.6430288461538461 0.3401442307692308 0.016826923076923076 0.015625
2 0.5733173076923077 0.19471153846153846 0.04326923076923077 0.04447115384615385
2 0.37259615384615385 0.21153846153846154 0.055288461538461536 0.05889423076923077
2 0.47115384615384615 0.0733173076923077 0.025240384615384616 0.028846153846153848
2 0.7271634615384616 0.8725961538461539 0.03125 0.04326923076923077
2 0.828125 0.6298076923076923 0.025240384615384616 0.04326923076923077
2 0.7632211538461539 0.140625 0.013221153846153846 0.018028846153846152
2 0.34375 0.8425480769230769 0.021634615384615384 0.03485576923076923
2 0.22716346153846154 0.5132211538461539 0.025240384615384616 0.042067307692307696
2 0.9242788461538461 0.6862980769230769 0.021634615384615384 0.030048076923076924
2 0.22235576923076922 0.17427884615384615 0.026442307692307692 0.027644230769230768
2 0.052884615384615384 0.2536057692307692 0.025240384615384616 0.03485576923076923
2 0.5949519230769231 0.4567307692307692 0.025240384615384616 0.039663461538461536
2 0.7211538461538461 0.5072115384615384 0.03125 0.04326923076923077
2 0.7608173076923077 0.4170673076923077 0.06129807692307692 0.15504807692307693
2 0.5408653846153846 0.6682692307692307 0.02403846153846154 0.05889423076923077
2 0.46153846153846156 0.12139423076923077 0.03485576923076923 0.0625
2 0.8786057692307693 0.6598557692307693 0.025240384615384616 0.03245192307692308
12 0.3269230769230769 0.18509615384615385 0.6538461538461539 0.3701923076923077
2 0.5733173076923077 0.037259615384615384 0.04927884615384615 0.07451923076923077
2 0.09495192307692307 0.24519230769230768 0.03485576923076923 0.04326923076923077
2 0.19230769230769232 0.7620192307692307 0.036057692307692304 0.04326923076923077
2 0.9651442307692307 0.8713942307692307 0.027644230769230768 0.03485576923076923
12 0.27524038461538464 0.3701923076923077 0.5504807692307693 0.7403846153846154
2 0.8461538461538461 0.3737980769230769 0.015625 0.02283653846153846
2 0.9615384615384616 0.6394230769230769 0.03125 0.03125
2 0.19230769230769232 0.6189903846153846 0.02403846153846154 0.027644230769230768
2 0.9002403846153846 0.47115384615384615 0.025240384615384616 0.028846153846153848
2 0.09735576923076923 0.02403846153846154 0.05048076923076923 0.04807692307692308
2 0.9170673076923077 0.19471153846153846 0.03365384615384615 0.038461538461538464
2 0.78125 0.8581730769230769 0.03365384615384615 0.07211538461538461
2 0.25 0.8052884615384616 0.025240384615384616 0.03485576923076923
2 0.31971153846153844 0.25841346153846156 0.019230769230769232 0.03125
2 0.19951923076923078 0.5408653846153846 0.03485576923076923 0.05048076923076923
2 0.7331730769230769 0.7644230769230769 0.03245192307692308 0.037259615384615384
2 0.6454326923076923 0.16826923076923078 0.02403846153846154 0.03245192307692308
2 0.09254807692307693 0.8509615384615384 0.014423076923076924 0.021634615384615384
2 0.9387019230769231 0.9495192307692307 0.036057692307692304 0.04567307692307692
2 0.9891826923076923 0.8954326923076923 0.021634615384615384 0.027644230769230768
2 0.014423076923076924 0.5408653846153846 0.028846153846153848 0.056490384615384616
2 0.7836538461538461 0.6298076923076923 0.027644230769230768 0.03485576923076923
2 0.0733173076923077 0.6526442307692307 0.03125 0.040865384615384616
2 0.8569711538461539 0.5276442307692307 0.03125 0.037259615384615384
2 0.9747596153846154 0.9387019230769231 0.025240384615384616 0.028846153846153848
2 0.6430288461538461 0.4879807692307692 0.07692307692307693 0.0889423076923077
9 0.04447115384615385 0.390625 0.08653846153846154 0.06850961538461539
