1 0.9555288461538461 0.5384615384615384 0.016826923076923076 0.03125
1 0.7355769230769231 0.8389423076923077 0.010817307692307692 0.008413461538461538
1 0.6983173076923077 0.9447115384615384 0.04807692307692308 0.051682692307692304
1 0.06610576923076923 0.8221153846153846 0.02403846153846154 0.020432692307692308
1 0.7824519230769231 0.8137019230769231 0.018028846153846152 0.02403846153846154
1 0.7427884615384616 0.9699519230769231 0.004807692307692308 0.003605769230769231
1 0.15625 0.14783653846153846 0.010817307692307692 0.009615384615384616
1 0.7067307692307693 0.9038461538461539 0.019230769230769232 0.02403846153846154
1 0.7512019230769231 0.9423076923076923 0.009615384615384616 0.014423076923076924
1 0.7319711538461539 0.9735576923076923 0.014423076923076924 0.01201923076923077
1 0.9867788461538461 0.6177884615384616 0.01201923076923077 0.02283653846153846
1 0.9579326923076923 0.6033653846153846 0.021634615384615384 0.025240384615384616
1 0.9735576923076923 0.010817307692307692 0.013221153846153846 0.018028846153846152
1 0.18389423076923078 0.9026442307692307 0.009615384615384616 0.010817307692307692
1 0.9411057692307693 0.5817307692307693 0.02283653846153846 0.03125
1 0.2668269230769231 0.9314903846153846 0.020432692307692308 0.018028846153846152
1 0.8641826923076923 0.11538461538461539 0.006009615384615385 0.010817307692307692
1 0.9182692307692307 0.015625 0.0625 0.03125
1 0.15625 0.10216346153846154 0.013221153846153846 0.014423076923076924
7 0.7439903846153846 0.7079326923076923 0.028846153846153848 0.025240384615384616
1 0.7211538461538461 0.8557692307692307 0.007211538461538462 0.01201923076923077
1 0.30649038461538464 0.9050480769230769 0.013221153846153846 0.014423076923076924
1 0.8425480769230769 0.03125 0.016826923076923076 0.021634615384615384
1 0.171875 0.07211538461538461 0.027644230769230768 0.03125
1 0.8533653846153846 0.44591346153846156 0.06850961538461539 0.026442307692307692
1 0.7391826923076923 0.8125 0.019230769230769232 0.030048076923076924
1 0.9747596153846154 0.36177884615384615 0.019230769230769232 0.013221153846153846
1 0.17908653846153846 0.9555288461538461 0.10336538461538461 0.0889423076923077
1 0.016826923076923076 0.010817307692307692 0.03245192307692308 0.020432692307692308
1 0.7788461538461539 0.7848557692307693 0.016826923076923076 0.019230769230769232
1 0.10096153846153846 0.9567307692307693 0.014423076923076924 0.018028846153846152
1 0.9146634615384616 0.9110576923076923 0.007211538461538462 0.009615384615384616
1 0.8858173076923077 0.2620192307692308 0.07211538461538461 0.15384615384615385
1 0.13942307692307693 0.09495192307692307 0.013221153846153846 0.020432692307692308
1 0.34134615384615385 0.15264423076923078 0.009615384615384616 0.016826923076923076
1 0.9651442307692307 0.4963942307692308 0.007211538461538462 0.015625
1 0.9939903846153846 0.015625 0.010817307692307692 0.02283653846153846
1 0.010817307692307692 0.9663461538461539 0.021634615384615384 0.06490384615384616
1 0.9290865384615384 0.1141826923076923 0.008413461538461538 0.016826923076923076
1 0.3137019230769231 0.17067307692307693 0.008413461538461538 0.013221153846153846
1 0.9903846153846154 0.08173076923076923 0.019230769230769232 0.05048076923076923
1 0.11899038461538461 0.8569711538461539 0.019230769230769232 0.02403846153846154
1 0.9074519230769231 0.8918269230769231 0.008413461538461538 0.010817307692307692
1 0.984375 0.5480769230769231 0.009615384615384616 0.010817307692307692
1 0.02283653846153846 0.8966346153846154 0.010817307692307692 0.026442307692307692
1 0.9939903846153846 0.4543269230769231 0.010817307692307692 0.055288461538461536
3 0.6502403846153846 0.5348557692307693 0.4495192307692308 0.4098557692307692
1 0.7836538461538461 0.1310096153846154 0.009615384615384616 0.01201923076923077
1 0.1141826923076923 0.007211538461538462 0.016826923076923076 0.014423076923076924
1 0.12860576923076922 0.1875 0.040865384615384616 0.09975961538461539
1 0.9483173076923077 0.7680288461538461 0.040865384615384616 0.046875
1 0.4495192307692308 0.14543269230769232 0.042067307692307696 0.07091346153846154
1 0.8774038461538461 0.8125 0.014423076923076924 0.025240384615384616
1 0.6550480769230769 0.06971153846153846 0.014423076923076924 0.02283653846153846
1 0.6658653846153846 0.025240384615384616 0.018028846153846152 0.030048076923076924
1 0.7596153846153846 0.5757211538461539 0.007211538461538462 0.010817307692307692
1 0.7091346153846154 0.4338942307692308 0.01201923076923077 0.013221153846153846
1 0.45913461538461536 0.9387019230769231 0.02403846153846154 0.019230769230769232
1 0.5048076923076923 0.8004807692307693 0.019230769230769232 0.03125
1 0.39903846153846156 0.7151442307692307 0.01201923076923077 0.021634615384615384
1 0.2668269230769231 0.5552884615384616 0.03245192307692308 0.019230769230769232
1 0.33052884615384615 0.59375 0.006009615384615385 0.019230769230769232
1 0.43028846153846156 0.5504807692307693 0.021634615384615384 0.027644230769230768
1 0.33653846153846156 0.4651442307692308 0.07211538461538461 0.09014423076923077
1 0.15384615384615385 0.4206730769230769 0.07091346153846154 0.056490384615384616
1 0.4579326923076923 0.4891826923076923 0.015625 0.019230769230769232
1 0.7596153846153846 0.20192307692307693 0.025240384615384616 0.03245192307692308
1 0.6838942307692307 0.6129807692307693 0.009615384615384616 0.018028846153846152
1 0.6322115384615384 0.016826923076923076 0.013221153846153846 0.03245192307692308
1 0.5769230769230769 0.3233173076923077 0.09134615384615384 0.0889423076923077
1 0.7716346153846154 0.5192307692307693 0.03485576923076923 0.03245192307692308
1 0.6057692307692307 0.4795673076923077 0.016826923076923076 0.025240384615384616
1 0.4110576923076923 0.8870192307692307 0.020432692307692308 0.03365384615384615
1 0.24879807692307693 0.296875 0.027644230769230768 0.03245192307692308
1 0.0625 0.42427884615384615 0.015625 0.05048076923076923
1 0.3870192307692308 0.7403846153846154 0.014423076923076924 0.021634615384615384
1 0.22355769230769232 0.5805288461538461 0.018028846153846152 0.025240384615384616
1 0.33413461538461536 0.7692307692307693 0.015625 0.019230769230769232
1 0.2692307692307692 0.6911057692307693 0.008413461538461538 0.010817307692307692
1 0.6009615384615384 0.27283653846153844 0.018028846153846152 0.019230769230769232
1 0.7620192307692307 0.17307692307692307 0.01201923076923077 0.019230769230769232
1 0.5240384615384616 0.28125 0.026442307692307692 0.04927884615384615
1 0.34134615384615385 0.8221153846153846 0.030048076923076924 0.030048076923076924
1 0.4423076923076923 0.7860576923076923 0.03365384615384615 0.027644230769230768
1 0.7524038461538461 0.08653846153846154 0.0673076923076923 0.13822115384615385
1 0.6983173076923077 0.4639423076923077 0.019230769230769232 0.025240384615384616
1 0.6790865384615384 0.010817307692307692 0.014423076923076924 0.021634615384615384
1 0.375 0.7980769230769231 0.027644230769230768 0.02403846153846154
1 0.6033653846153846 0.17307692307692307 0.1622596153846154 0.14783653846153846
1 0.40865384615384615 0.6526442307692307 0.057692307692307696 0.056490384615384616
1 0.21754807692307693 0.3245192307692308 0.030048076923076924 0.038461538461538464
1 0.890625 0.8473557692307693 0.016826923076923076 0.03485576923076923
1 0.5408653846153846 0.20192307692307693 0.04326923076923077 0.04326923076923077
1 0.5432692307692307 0.828125 0.04927884615384615 0.21033653846153846
0 0.6490384615384616 0.9711538461538461 0.054086538461538464 0.057692307692307696
1 0.5697115384615384 0.018028846153846152 0.009615384615384616 0.020432692307692308
1 0.9927884615384616 0.9206730769230769 0.014423076923076924 0.019230769230769232
1 0.5757211538461539 0.6430288461538461 0.026442307692307692 0.03485576923076923
1 0.7692307692307693 0.46153846153846156 0.030048076923076924 0.040865384615384616
1 0.7367788461538461 0.4411057692307692 0.014423076923076924 0.010817307692307692
1 0.18028846153846154 0.3245192307692308 0.021634615384615384 0.03485576923076923
1 0.11538461538461539 0.6574519230769231 0.02283653846153846 0.03485576923076923
1 0.8930288461538461 0.9050480769230769 0.01201923076923077 0.02283653846153846
1 0.057692307692307696 0.11177884615384616 0.025240384615384616 0.026442307692307692
1 0.4963942307692308 0.1658653846153846 0.014423076923076924 0.02403846153846154
1 0.8197115384615384 0.08653846153846154 0.016826923076923076 0.016826923076923076
1 0.796875 0.12379807692307693 0.018028846153846152 0.027644230769230768
1 0.9699519230769231 0.23918269230769232 0.008413461538461538 0.018028846153846152
1 0.9939903846153846 0.640625 0.01201923076923077 0.015625
1 0.056490384615384616 0.47836538461538464 0.018028846153846152 0.021634615384615384
1 0.8665865384615384 0.07692307692307693 0.027644230769230768 0.042067307692307696
0 0.328125 0.9615384615384616 0.0625 0.07692307692307693
3 0.9459134615384616 0.39663461538461536 0.0625 0.17548076923076922
1 0.06610576923076923 0.3173076923076923 0.0673076923076923 0.11298076923076923
1 0.5841346153846154 0.027644230769230768 0.009615384615384616 0.018028846153846152
1 0.7439903846153846 0.9879807692307693 0.018028846153846152 0.02403846153846154
1 0.9831730769230769 0.43990384615384615 0.021634615384615384 0.07572115384615384
1 0.9146634615384616 0.45552884615384615 0.03245192307692308 0.04567307692307692
1 0.9086538461538461 0.4074519230769231 0.038461538461538464 0.03365384615384615
1 0.8822115384615384 0.5012019230769231 0.008413461538461538 0.009615384615384616
1 0.9134615384615384 0.31490384615384615 0.014423076923076924 0.019230769230769232
1 0.8990384615384616 0.04807692307692308 0.02403846153846154 0.026442307692307692
1 0.796875 0.07692307692307693 0.018028846153846152 0.037259615384615384
1 0.12620192307692307 0.38221153846153844 0.016826923076923076 0.025240384615384616
1 0.056490384615384616 0.5336538461538461 0.018028846153846152 0.03245192307692308
1 0.1778846153846154 0.7451923076923077 0.0733173076923077 0.07211538461538461
1 0.45072115384615385 0.08173076923076923 0.014423076923076924 0.030048076923076924
1 0.6875 0.49399038461538464 0.020432692307692308 0.027644230769230768
1 0.4831730769230769 0.7788461538461539 0.015625 0.026442307692307692
1 0.3701923076923077 0.6322115384615384 0.018028846153846152 0.028846153846153848
1 0.21754807692307693 0.39903846153846156 0.030048076923076924 0.03485576923076923
0 0.2247596153846154 0.7175480769230769 0.19110576923076922 0.3401442307692308
0 0.390625 0.21514423076923078 0.21754807692307693 0.43028846153846156
1 0.7800480769230769 0.9891826923076923 0.020432692307692308 0.020432692307692308
1 0.9951923076923077 0.5504807692307693 0.009615384615384616 0.013221153846153846
1 0.9819711538461539 0.5096153846153846 0.036057692307692304 0.04326923076923077
1 0.8677884615384616 0.16826923076923078 0.030048076923076924 0.03485576923076923
1 0.9302884615384616 0.13581730769230768 0.019230769230769232 0.027644230769230768
1 0.9615384615384616 0.1310096153846154 0.021634615384615384 0.019230769230769232
1 0.953125 0.0829326923076923 0.019230769230769232 0.03245192307692308
1 0.8245192307692307 0.18509615384615385 0.025240384615384616 0.04326923076923077
1 0.23677884615384615 0.05889423076923077 0.05889423076923077 0.057692307692307696
1 0.010817307692307692 0.13221153846153846 0.020432692307692308 0.027644230769230768
1 0.1622596153846154 0.013221153846153846 0.036057692307692304 0.026442307692307692
1 0.17548076923076922 0.1502403846153846 0.02403846153846154 0.027644230769230768
1 0.09615384615384616 0.7548076923076923 0.042067307692307696 0.13701923076923078
1 0.2247596153846154 0.8978365384615384 0.008413461538461538 0.014423076923076924
0 0.29447115384615385 0.24639423076923078 0.07211538461538461 0.14423076923076922
7 0.8581730769230769 0.9435096153846154 0.036057692307692304 0.11298076923076923
1 0.9579326923076923 0.8016826923076923 0.014423076923076924 0.019230769230769232
1 0.9723557692307693 0.6754807692307693 0.014423076923076924 0.03485576923076923
1 0.9651442307692307 0.5733173076923077 0.02403846153846154 0.025240384615384616
1 0.9122596153846154 0.17668269230769232 0.010817307692307692 0.019230769230769232
1 0.9026442307692307 0.1045673076923077 0.037259615384615384 0.08173076923076923
1 0.8353365384615384 0.140625 0.016826923076923076 0.051682692307692304
1 0.030048076923076924 0.1778846153846154 0.018028846153846152 0.05048076923076923
1 0.052884615384615384 0.056490384615384616 0.018028846153846152 0.019230769230769232
1 0.10336538461538461 0.5540865384615384 0.19591346153846154 0.09735576923076923
7 0.8353365384615384 0.7091346153846154 0.04807692307692308 0.171875
1 0.9675480769230769 0.7331730769230769 0.014423076923076924 0.020432692307692308
1 0.5108173076923077 0.9507211538461539 0.040865384615384616 0.0985576923076923
1 0.4423076923076923 0.8269230769230769 0.014423076923076924 0.02283653846153846
