2 0.9699519230769231 0.028846153846153848 0.06009615384615385 0.057692307692307696
2 0.9555288461538461 0.7680288461538461 0.010817307692307692 0.015625
2 0.7103365384615384 0.6358173076923077 0.040865384615384616 0.05048076923076923
2 0.6875 0.05048076923076923 0.038461538461538464 0.05889423076923077
2 0.9483173076923077 0.7379807692307693 0.015625 0.020432692307692308
2 0.6334134615384616 0.26322115384615385 0.037259615384615384 0.057692307692307696
2 0.7331730769230769 0.734375 0.05889423076923077 0.0625
2 0.4338942307692308 0.8545673076923077 0.038461538461538464 0.052884615384615384
2 0.4254807692307692 0.5649038461538461 0.02403846153846154 0.03365384615384615
2 0.43028846153846156 0.1875 0.052884615384615384 0.06129807692307692
2 0.7608173076923077 0.4891826923076923 0.04326923076923077 0.0673076923076923
2 0.6622596153846154 0.8173076923076923 0.042067307692307696 0.05889423076923077
2 0.27884615384615385 0.09014423076923077 0.021634615384615384 0.03485576923076923
2 0.5372596153846154 0.6081730769230769 0.09495192307692307 0.11658653846153846
2 0.6778846153846154 0.3161057692307692 0.04326923076923077 0.038461538461538464
2 0.265625 0.421875 0.025240384615384616 0.020432692307692308
2 0.18629807692307693 0.31971153846153844 0.036057692307692304 0.030048076923076924
2 0.8149038461538461 0.6646634615384616 0.037259615384615384 0.04567307692307692
2 0.036057692307692304 0.1141826923076923 0.014423076923076924 0.018028846153846152
2 0.49399038461538464 0.34375 0.07211538461538461 0.09735576923076923
2 0.43149038461538464 0.7463942307692307 0.027644230769230768 0.037259615384615384
2 0.26802884615384615 0.29447115384615385 0.015625 0.028846153846153848
2 0.33774038461538464 0.5901442307692307 0.10336538461538461 0.06850961538461539
2 0.39302884615384615 0.7752403846153846 0.025240384615384616 0.037259615384615384
2 0.2776442307692308 0.9254807692307693 0.007211538461538462 0.009615384615384616
2 0.6310096153846154 0.046875 0.07932692307692307 0.09254807692307693
2 0.6706730769230769 0.2848557692307692 0.016826923076923076 0.02283653846153846
2 0.19591346153846154 0.02283653846153846 0.01201923076923077 0.015625
2 0.7728365384615384 0.671875 0.036057692307692304 0.042067307692307696
2 0.7980769230769231 0.5769230769230769 0.014423076923076924 0.027644230769230768
2 0.04927884615384615 0.19110576923076922 0.052884615384615384 0.06610576923076923
2 0.6454326923076923 0.4110576923076923 0.052884615384615384 0.06971153846153846
2 0.7692307692307693 0.4110576923076923 0.09134615384615384 0.09735576923076923
2 0.7584134615384616 0.20432692307692307 0.019230769230769232 0.03365384615384615
2 0.8509615384615384 0.04927884615384615 0.04927884615384615 0.04927884615384615
2 0.27403846153846156 0.171875 0.025240384615384616 0.036057692307692304
2 0.6959134615384616 0.6947115384615384 0.016826923076923076 0.015625
2 0.5276442307692307 0.44711538461538464 0.046875 0.06009615384615385
2 0.7259615384615384 0.5420673076923077 0.03485576923076923 0.03365384615384615
2 0.9278846153846154 0.26802884615384615 0.042067307692307696 0.036057692307692304
2 0.7632211538461539 0.30288461538461536 0.014423076923076924 0.027644230769230768
2 0.7247596153846154 0.30528846153846156 0.03485576923076923 0.040865384615384616
2 0.7439903846153846 0.015625 0.0889423076923077 0.03125
2 0.7992788461538461 0.051682692307692304 0.04927884615384615 0.052884615384615384
2 0.5649038461538461 0.26802884615384615 0.02403846153846154 0.03365384615384615
2 0.4411057692307692 0.2776442307692308 0.0733173076923077 0.06610576923076923
2 0.46153846153846156 0.796875 0.027644230769230768 0.04447115384615385
2 0.30528846153846156 0.46274038461538464 0.030048076923076924 0.042067307692307696
2 0.2824519230769231 0.9495192307692307 0.014423076923076924 0.021634615384615384
2 0.6129807692307693 0.7103365384615384 0.09495192307692307 0.0985576923076923
2 0.20673076923076922 0.2692307692307692 0.038461538461538464 0.03245192307692308
2 0.09134615384615384 0.9362980769230769 0.014423076923076924 0.018028846153846152
2 0.010817307692307692 0.7355769230769231 0.021634615384615384 0.04326923076923077
2 0.6021634615384616 0.390625 0.03245192307692308 0.04927884615384615
2 0.9350961538461539 0.3161057692307692 0.042067307692307696 0.04326923076923077
2 0.9699519230769231 0.2536057692307692 0.013221153846153846 0.02283653846153846
2 0.9362980769230769 0.15745192307692307 0.046875 0.05889423076923077
2 0.7175480769230769 0.08774038461538461 0.02403846153846154 0.027644230769230768
2 0.44471153846153844 0.09615384615384616 0.06129807692307692 0.05889423076923077
2 0.43509615384615385 0.49399038461538464 0.09615384615384616 0.10576923076923077
2 0.24639423076923078 0.11057692307692307 0.040865384615384616 0.04326923076923077
2 0.36177884615384615 0.05048076923076923 0.05048076923076923 0.055288461538461536
2 0.20552884615384615 0.3629807692307692 0.03485576923076923 0.055288461538461536
2 0.3329326923076923 0.9375 0.009615384615384616 0.014423076923076924
2 0.5072115384615384 0.8882211538461539 0.03245192307692308 0.046875
2 0.5120192307692307 0.7403846153846154 0.03485576923076923 0.05048076923076923
2 0.6598557692307693 0.4879807692307692 0.03365384615384615 0.04927884615384615
2 0.030048076923076924 0.9795673076923077 0.03245192307692308 0.036057692307692304
2 0.01201923076923077 0.6322115384615384 0.01201923076923077 0.013221153846153846
2 0.015625 0.5504807692307693 0.03125 0.0733173076923077
2 0.1045673076923077 0.421875 0.025240384615384616 0.03485576923076923
2 0.013221153846153846 0.24879807692307693 0.025240384615384616 0.039663461538461536
2 0.008413461538461538 0.1935096153846154 0.016826923076923076 0.021634615384615384
2 0.32572115384615385 0.7211538461538461 0.0829326923076923 0.1201923076923077
2 0.40384615384615385 0.7295673076923077 0.03245192307692308 0.039663461538461536
2 0.8317307692307693 0.5721153846153846 0.03245192307692308 0.03485576923076923
2 0.6766826923076923 0.5540865384615384 0.038461538461538464 0.05048076923076923
2 0.05048076923076923 0.8677884615384616 0.042067307692307696 0.07091346153846154
2 0.09735576923076923 0.8149038461538461 0.04326923076923077 0.051682692307692304
2 0.046875 0.4375 0.015625 0.019230769230769232
2 0.007211538461538462 0.2848557692307692 0.014423076923076924 0.018028846153846152
2 0.24278846153846154 0.6201923076923077 0.03365384615384615 0.04807692307692308
2 0.2644230769230769 0.7860576923076923 0.036057692307692304 0.05048076923076923
2 0.22235576923076922 0.8689903846153846 0.027644230769230768 0.042067307692307696
2 0.24879807692307693 0.8954326923076923 0.025240384615384616 0.037259615384615384
2 0.2764423076923077 0.90625 0.01201923076923077 0.013221153846153846
2 0.5588942307692307 0.7980769230769231 0.04807692307692308 0.06850961538461539
2 0.609375 0.8581730769230769 0.016826923076923076 0.02283653846153846
2 0.84375 0.5336538461538461 0.03125 0.03125
2 0.015625 0.43149038461538464 0.03125 0.04567307692307692
12 0.14543269230769232 0.5 0.15144230769230768 1
2 0.09254807692307693 0.625 0.014423076923076924 0.019230769230769232
12 0.6069711538461539 0.8834134615384616 0.7860576923076923 0.23317307692307693
2 0.026442307692307692 0.3798076923076923 0.019230769230769232 0.025240384615384616
2 0.6670673076923077 0.13221153846153846 0.06610576923076923 0.09735576923076923
2 0.8870192307692307 0.21153846153846154 0.05048076923076923 0.09615384615384616
2 0.9891826923076923 0.1658653846153846 0.021634615384615384 0.04447115384615385
2 0.30408653846153844 0.22716346153846154 0.04567307692307692 0.052884615384615384
2 0.30528846153846156 0.875 0.013221153846153846 0.018028846153846152
2 0.40384615384615385 0.9230769230769231 0.018028846153846152 0.019230769230769232
2 0.21995192307692307 0.5697115384615384 0.052884615384615384 0.06610576923076923
2 0.125 0.6754807692307693 0.015625 0.018028846153846152
2 0.06610576923076923 0.7728365384615384 0.014423076923076924 0.019230769230769232
2 0.8581730769230769 0.4879807692307692 0.028846153846153848 0.057692307692307696
2 0.5793269230769231 0.4230769230769231 0.028846153846153848 0.040865384615384616
2 0.7824519230769231 0.18389423076923078 0.040865384615384616 0.06490384615384616
2 0.5901442307692307 0.22716346153846154 0.06129807692307692 0.078125
2 0.38221153846153844 0.21153846153846154 0.055288461538461536 0.0673076923076923
2 0.0829326923076923 0.7103365384615384 0.009615384615384616 0.018028846153846152
2 0.09254807692307693 0.2824519230769231 0.03485576923076923 0.042067307692307696
2 0.042067307692307696 0.4098557692307692 0.016826923076923076 0.02283653846153846
2 0.9362980769230769 0.21153846153846154 0.03485576923076923 0.042067307692307696
2 0.5661057692307693 0.3269230769230769 0.03245192307692308 0.04927884615384615
2 0.6274038461538461 0.5384615384615384 0.027644230769230768 0.046875
2 0.054086538461538464 0.5288461538461539 0.051682692307692304 0.05889423076923077
2 0.8401442307692307 0.6189903846153846 0.019230769230769232 0.03365384615384615
2 0.10817307692307693 0.3918269230769231 0.019230769230769232 0.018028846153846152
2 0.32091346153846156 0.3701923076923077 0.056490384615384616 0.06370192307692307
2 0.5036057692307693 0.19471153846153846 0.026442307692307692 0.08533653846153846
2 0.5516826923076923 0.5276442307692307 0.018028846153846152 0.019230769230769232
12 0.8401442307692307 0.6526442307692307 0.31971153846153844 0.6947115384615384
2 0.22355769230769232 0.6838942307692307 0.038461538461538464 0.06610576923076923
2 0.6899038461538461 0.21394230769230768 0.06490384615384616 0.07091346153846154
2 0.8653846153846154 0.14543269230769232 0.09014423076923077 0.09134615384615384
2 0.20192307692307693 0.006009615384615385 0.010817307692307692 0.008413461538461538
2 0.44711538461538464 0.042067307692307696 0.06490384615384616 0.06370192307692307
2 0.057692307692307696 0.9302884615384616 0.01201923076923077 0.014423076923076924
