2 0.6622596153846154 0.036057692307692304 0.02283653846153846 0.04326923076923077
2 0.7992788461538461 0.1622596153846154 0.025240384615384616 0.027644230769230768
2 0.41586538461538464 0.7680288461538461 0.03245192307692308 0.04927884615384615
2 0.23677884615384615 0.7283653846153846 0.09254807692307693 0.10336538461538461
2 0.4254807692307692 0.8161057692307693 0.04326923076923077 0.054086538461538464
2 0.8185096153846154 0.16346153846153846 0.018028846153846152 0.018028846153846152
2 0.3713942307692308 0.9711538461538461 0.06129807692307692 0.057692307692307696
2 0.9002403846153846 0.03485576923076923 0.013221153846153846 0.016826923076923076
2 0.8725961538461539 0.12139423076923077 0.021634615384615384 0.028846153846153848
2 0.7752403846153846 0.22956730769230768 0.040865384615384616 0.04447115384615385
2 0.7451923076923077 0.19110576923076922 0.04927884615384615 0.1045673076923077
2 0.15985576923076922 0.2439903846153846 0.06971153846153846 0.04326923076923077
2 0.4723557692307692 0.9350961538461539 0.15985576923076922 0.12980769230769232
2 0.41586538461538464 0.6706730769230769 0.030048076923076924 0.028846153846153848
2 0.028846153846153848 0.03365384615384615 0.057692307692307696 0.06610576923076923
2 0.07451923076923077 0.07091346153846154 0.040865384615384616 0.04567307692307692
2 0.13221153846153846 0.8605769230769231 0.08173076923076923 0.05889423076923077
2 0.10817307692307693 0.5949519230769231 0.1310096153846154 0.0733173076923077
2 0.11658653846153846 0.7007211538461539 0.06370192307692307 0.07451923076923077
2 0.22596153846153846 0.05048076923076923 0.1045673076923077 0.09975961538461539
2 0.8894230769230769 0.009615384615384616 0.025240384615384616 0.019230769230769232
2 0.10096153846153846 0.24519230769230768 0.025240384615384616 0.0625
2 0.08774038461538461 0.4026442307692308 0.17548076923076922 0.25721153846153844
2 0.1814903846153846 0.4639423076923077 0.037259615384615384 0.057692307692307696
2 0.016826923076923076 0.6141826923076923 0.03245192307692308 0.039663461538461536
2 0.026442307692307692 0.578125 0.026442307692307692 0.03125
2 0.06009615384615385 0.6826923076923077 0.013221153846153846 0.016826923076923076
2 0.5829326923076923 0.7367788461538461 0.03125 0.030048076923076924
2 0.5060096153846154 0.6730769230769231 0.051682692307692304 0.09254807692307693
2 0.44350961538461536 0.6838942307692307 0.06490384615384616 0.15985576923076922
2 0.3786057692307692 0.6370192307692307 0.040865384615384616 0.055288461538461536
2 0.9879807692307693 0.02403846153846154 0.02403846153846154 0.04807692307692308
2 0.06009615384615385 0.03245192307692308 0.01201923076923077 0.019230769230769232
2 0.14903846153846154 0.515625 0.02403846153846154 0.038461538461538464
2 0.03245192307692308 0.7151442307692307 0.03245192307692308 0.04326923076923077
2 0.04807692307692308 0.96875 0.06490384615384616 0.0625
3 0.9206730769230769 0.37259615384615385 0.06850961538461539 0.125
2 0.8990384615384616 0.15745192307692307 0.030048076923076924 0.03125
2 0.8581730769230769 0.203125 0.057692307692307696 0.07692307692307693
2 0.6286057692307693 0.11298076923076923 0.052884615384615384 0.09014423076923077
2 0.24158653846153846 0.3137019230769231 0.09134615384615384 0.15985576923076922
2 0.16346153846153846 0.15625 0.07211538461538461 0.09134615384615384
2 0.13341346153846154 0.056490384615384616 0.07932692307692307 0.08774038461538461
2 0.020432692307692308 0.13581730769230768 0.040865384615384616 0.056490384615384616
2 0.037259615384615384 0.2247596153846154 0.0733173076923077 0.14302884615384615
2 0.0733173076923077 0.7764423076923077 0.018028846153846152 0.019230769230769232
2 0.2848557692307692 0.8509615384615384 0.1310096153846154 0.2764423076923077
2 0.3870192307692308 0.8149038461538461 0.030048076923076924 0.03125
2 0.5240384615384616 0.7992788461538461 0.12740384615384615 0.0673076923076923
2 0.33052884615384615 0.6610576923076923 0.03245192307692308 0.027644230769230768
2 0.057692307692307696 0.8978365384615384 0.0673076923076923 0.054086538461538464
2 0.1778846153846154 0.8786057692307693 0.021634615384615384 0.03485576923076923
2 0.45913461538461536 0.8677884615384616 0.019230769230769232 0.019230769230769232
2 0.9627403846153846 0.057692307692307696 0.028846153846153848 0.042067307692307696
2 0.29447115384615385 0.5673076923076923 0.037259615384615384 0.11658653846153846
2 0.8197115384615384 0.24879807692307693 0.016826923076923076 0.026442307692307692
2 0.8401442307692307 0.12740384615384615 0.028846153846153848 0.03485576923076923
2 0.2247596153846154 0.17427884615384615 0.08173076923076923 0.11177884615384616
2 0.8197115384615384 0.19591346153846154 0.02403846153846154 0.042067307692307696
2 0.421875 0.8569711538461539 0.016826923076923076 0.02283653846153846
2 0.8257211538461539 0.014423076923076924 0.040865384615384616 0.028846153846153848
2 0.0829326923076923 0.6514423076923077 0.030048076923076924 0.030048076923076924
2 0.6814903846153846 0.8930288461538461 0.028846153846153848 0.051682692307692304
2 0.24639423076923078 0.6382211538461539 0.1045673076923077 0.08533653846153846
2 0.9447115384615384 0.0985576923076923 0.04567307692307692 0.07091346153846154
2 0.7463942307692307 0.3641826923076923 0.08653846153846154 0.13822115384615385
2 0.9507211538461539 0.23557692307692307 0.08533653846153846 0.09014423076923077
2 0.9903846153846154 0.5625 0.019230769230769232 0.036057692307692304
2 0.9110576923076923 0.9326923076923077 0.09495192307692307 0.13341346153846154
2 0.9158653846153846 0.8052884615384616 0.07211538461538461 0.12379807692307693
2 0.6971153846153846 0.9387019230769231 0.016826923076923076 0.027644230769230768
2 0.8605769230769231 0.6057692307692307 0.08413461538461539 0.10096153846153846
2 0.7728365384615384 0.9350961538461539 0.06129807692307692 0.09014423076923077
2 0.9783653846153846 0.8137019230769231 0.01201923076923077 0.026442307692307692
2 0.8209134615384616 0.7692307692307693 0.030048076923076924 0.039663461538461536
2 0.07692307692307693 0.025240384615384616 0.019230769230769232 0.013221153846153846
2 0.013221153846153846 0.7548076923076923 0.025240384615384616 0.04447115384615385
2 0.7475961538461539 0.26322115384615385 0.021634615384615384 0.021634615384615384
2 0.8846153846153846 0.42427884615384615 0.019230769230769232 0.025240384615384616
2 0.22956730769230768 0.5420673076923077 0.0889423076923077 0.10817307692307693
2 0.7560096153846154 0.07211538461538461 0.15865384615384615 0.14423076923076922
2 0.8737980769230769 0.3161057692307692 0.039663461538461536 0.042067307692307696
2 0.8954326923076923 0.4014423076923077 0.02283653846153846 0.02283653846153846
2 0.7980769230769231 0.44471153846153844 0.03485576923076923 0.054086538461538464
2 0.30408653846153844 0.05048076923076923 0.013221153846153846 0.01201923076923077
2 0.3112980769230769 0.4807692307692308 0.04326923076923077 0.057692307692307696
2 0.14182692307692307 0.9447115384615384 0.1045673076923077 0.109375
2 0.6033653846153846 0.9435096153846154 0.006009615384615385 0.007211538461538462
2 0.7163461538461539 0.5793269230769231 0.015625 0.04326923076923077
2 0.453125 0.1935096153846154 0.04807692307692308 0.06129807692307692
2 0.5997596153846154 0.9807692307692307 0.016826923076923076 0.02403846153846154
4 0.5204326923076923 0.5120192307692307 0.27163461538461536 0.4699519230769231
2 0.6057692307692307 0.003605769230769231 0.009615384615384616 0.006009615384615385
2 0.6766826923076923 0.3004807692307692 0.12139423076923077 0.12860576923076922
2 0.6790865384615384 0.9867788461538461 0.007211538461538462 0.01201923076923077
2 0.5072115384615384 0.48197115384615385 0.036057692307692304 0.056490384615384616
2 0.38461538461538464 0.5456730769230769 0.08173076923076923 0.11298076923076923
2 0.43509615384615385 0.02283653846153846 0.03125 0.038461538461538464
2 0.33774038461538464 0.008413461538461538 0.026442307692307692 0.016826923076923076
2 0.6947115384615384 0.9855769230769231 0.014423076923076924 0.01201923076923077
2 0.6310096153846154 0.8701923076923077 0.06129807692307692 0.13942307692307693
2 0.5973557692307693 0.41466346153846156 0.08413461538461539 0.10817307692307693
2 0.4579326923076923 0.13581730769230768 0.037259615384615384 0.06610576923076923
2 0.4338942307692308 0.07091346153846154 0.01201923076923077 0.021634615384615384
2 0.5805288461538461 0.009615384615384616 0.016826923076923076 0.019230769230769232
2 0.5036057692307693 0.19831730769230768 0.05889423076923077 0.09975961538461539
2 0.5877403846153846 0.046875 0.018028846153846152 0.02403846153846154
2 0.765625 0.9903846153846154 0.014423076923076924 0.019230769230769232
2 0.8125 0.703125 0.025240384615384616 0.027644230769230768
2 0.7632211538461539 0.7548076923076923 0.06971153846153846 0.08173076923076923
2 0.3870192307692308 0.008413461538461538 0.016826923076923076 0.016826923076923076
2 0.6310096153846154 0.1971153846153846 0.19591346153846154 0.19951923076923078
2 0.5961538461538461 0.5997596153846154 0.05889423076923077 0.10697115384615384
2 0.6514423076923077 0.3737980769230769 0.007211538461538462 0.013221153846153846
2 0.578125 0.3269230769230769 0.04567307692307692 0.057692307692307696
2 0.18509615384615385 0.8125 0.07211538461538461 0.1658653846153846
2 0.34375 0.84375 0.014423076923076924 0.015625
2 0.734375 0.7836538461538461 0.027644230769230768 0.03125
2 0.5925480769230769 0.9146634615384616 0.009615384615384616 0.008413461538461538
2 0.5192307692307693 0.4230769230769231 0.08173076923076923 0.0985576923076923
2 0.41466346153846156 0.12980769230769232 0.04447115384615385 0.054086538461538464
2 0.4891826923076923 0.040865384615384616 0.03365384615384615 0.03485576923076923
2 0.4699519230769231 0.01201923076923077 0.03125 0.02403846153846154
2 0.36177884615384615 0.3004807692307692 0.19951923076923078 0.3786057692307692
2 0.18028846153846154 0.7103365384615384 0.030048076923076924 0.015625
2 0.859375 0.27524038461538464 0.04326923076923077 0.05048076923076923
2 0.7620192307692307 0.8305288461538461 0.014423076923076924 0.051682692307692304
2 0.6213942307692307 0.3629807692307692 0.021634615384615384 0.03125
2 0.7199519230769231 0.8930288461538461 0.021634615384615384 0.06610576923076923
2 0.546875 0.8545673076923077 0.014423076923076924 0.01201923076923077
2 0.5144230769230769 0.2980769230769231 0.03125 0.038461538461538464
2 0.8137019230769231 0.3713942307692308 0.02403846153846154 0.027644230769230768
2 0.8942307692307693 0.25721153846153844 0.019230769230769232 0.019230769230769232
2 0.8329326923076923 0.32091346153846156 0.013221153846153846 0.020432692307692308
2 0.9963942307692307 0.6454326923076923 0.007211538461538462 0.03245192307692308
2 0.9939903846153846 0.7103365384615384 0.01201923076923077 0.036057692307692304
2 0.7536057692307693 0.4567307692307692 0.02283653846153846 0.015625
2 0.7199519230769231 0.44591346153846156 0.02403846153846154 0.03245192307692308
2 0.8521634615384616 0.9879807692307693 0.018028846153846152 0.02283653846153846
2 0.5805288461538461 0.8762019230769231 0.015625 0.019230769230769232
2 0.6634615384615384 0.8401442307692307 0.009615384615384616 0.01201923076923077
2 0.7211538461538461 0.6141826923076923 0.016826923076923076 0.027644230769230768
2 0.6141826923076923 0.4699519230769231 0.04447115384615385 0.08173076923076923
2 0.5336538461538461 0.3125 0.016826923076923076 0.026442307692307692
2 0.47115384615384615 0.30649038461538464 0.056490384615384616 0.11538461538461539
2 0.5144230769230769 0.09975961538461539 0.10096153846153846 0.10576923076923077
2 0.5360576923076923 0.027644230769230768 0.06971153846153846 0.042067307692307696
2 0.42427884615384615 0.003605769230769231 0.007211538461538462 0.007211538461538462
2 0.9098557692307693 0.5072115384615384 0.04567307692307692 0.03245192307692308
2 0.9362980769230769 0.6310096153846154 0.015625 0.018028846153846152
2 0.8269230769230769 0.48197115384615385 0.054086538461538464 0.11538461538461539
2 0.7920673076923077 0.5036057692307693 0.025240384615384616 0.040865384615384616
2 0.9927884615384616 0.8954326923076923 0.014423076923076924 0.0985576923076923
2 0.31971153846153844 0.08533653846153846 0.07451923076923077 0.06370192307692307
2 0.921875 0.6826923076923077 0.11177884615384616 0.11899038461538461
2 0.7884615384615384 0.390625 0.025240384615384616 0.027644230769230768
2 0.8233173076923077 0.9110576923076923 0.014423076923076924 0.03245192307692308
2 0.6622596153846154 0.4362980769230769 0.020432692307692308 0.027644230769230768
2 0.75 0.5204326923076923 0.056490384615384616 0.07451923076923077
2 0.8737980769230769 0.4723557692307692 0.027644230769230768 0.046875
2 0.9783653846153846 0.3605769230769231 0.042067307692307696 0.04807692307692308
2 0.7560096153846154 0.4807692307692308 0.008413461538461538 0.013221153846153846
2 0.8389423076923077 0.5264423076923077 0.03485576923076923 0.056490384615384616
2 0.5552884615384616 0.8653846153846154 0.009615384615384616 0.008413461538461538
2 0.9663461538461539 0.4254807692307692 0.04326923076923077 0.054086538461538464
2 0.96875 0.5384615384615384 0.016826923076923076 0.025240384615384616
2 0.9326923076923077 0.47596153846153844 0.009615384615384616 0.015625
2 0.8088942307692307 0.9639423076923077 0.03245192307692308 0.036057692307692304
2 0.9963942307692307 0.3173076923076923 0.006009615384615385 0.018028846153846152
2 0.8629807692307693 0.36778846153846156 0.07211538461538461 0.06610576923076923
2 0.671875 0.5048076923076923 0.08413461538461539 0.1045673076923077
2 0.8149038461538461 0.8185096153846154 0.03245192307692308 0.036057692307692304
2 0.9675480769230769 0.7668269230769231 0.016826923076923076 0.026442307692307692
2 0.7115384615384616 0.8377403846153846 0.014423076923076924 0.01201923076923077
2 0.5949519230769231 0.8942307692307693 0.010817307692307692 0.01201923076923077
2 0.7475961538461539 0.6442307692307693 0.015625 0.051682692307692304
2 0.9615384615384616 0.8040865384615384 0.016826923076923076 0.028846153846153848
2 0.6682692307692307 0.6983173076923077 0.1045673076923077 0.17427884615384615
2 0.6694711538461539 0.4098557692307692 0.009615384615384616 0.019230769230769232
2 0.9819711538461539 0.30649038461538464 0.013221153846153846 0.016826923076923076
