2 0.9699519230769231 0.8509615384615384 0.028846153846153848 0.042067307692307696
2 0.14182692307692307 0.15745192307692307 0.057692307692307696 0.04326923076923077
2 0.4182692307692308 0.7572115384615384 0.09495192307692307 0.0889423076923077
2 0.9074519230769231 0.45072115384615385 0.03245192307692308 0.10216346153846154
2 0.109375 0.71875 0.0625 0.0829326923076923
2 0.24639423076923078 0.7800480769230769 0.06610576923076923 0.06971153846153846
2 0.6971153846153846 0.03245192307692308 0.03485576923076923 0.027644230769230768
2 0.38221153846153844 0.21875 0.08653846153846154 0.1201923076923077
0 0.8245192307692307 0.7836538461538461 0.35096153846153844 0.4326923076923077
2 0.6370192307692307 0.12740384615384615 0.11538461538461539 0.12379807692307693
2 0.6766826923076923 0.008413461538461538 0.03125 0.016826923076923076
2 0.8834134615384616 0.9074519230769231 0.014423076923076924 0.04447115384615385
2 0.028846153846153848 0.25721153846153844 0.057692307692307696 0.16105769230769232
2 0.5096153846153846 0.5925480769230769 0.018028846153846152 0.03125
2 0.07932692307692307 0.15985576923076922 0.028846153846153848 0.02403846153846154
10 0.5 0.3473557692307692 1 0.6947115384615384
2 0.5685096153846154 0.9507211538461539 0.15264423076923078 0.09735576923076923
2 0.7644230769230769 0.484375 0.14903846153846154 0.18509615384615385
2 0.31971153846153844 0.8401442307692307 0.0733173076923077 0.0985576923076923
2 0.8365384615384616 0.35336538461538464 0.05048076923076923 0.08173076923076923
2 0.6622596153846154 0.8545673076923077 0.10336538461538461 0.10576923076923077
2 0.19951923076923078 0.375 0.10096153846153846 0.11658653846153846
2 0.03485576923076923 0.07932692307692307 0.06971153846153846 0.078125
2 0.09254807692307693 0.8125 0.07211538461538461 0.07692307692307693
2 0.10576923076923077 0.43509615384615385 0.1045673076923077 0.20793269230769232
