1 0.22355769230769232 0.828125 0.09735576923076923 0.12379807692307693
1 0.17668269230769232 0.6899038461538461 0.14302884615384615 0.12139423076923077
1 0.6466346153846154 0.7295673076923077 0.11778846153846154 0.19591346153846154
1 0.7524038461538461 0.36899038461538464 0.09014423076923077 0.17067307692307693
1 0.08052884615384616 0.09615384615384616 0.09254807692307693 0.11538461538461539
1 0.5144230769230769 0.23557692307692307 0.2932692307692308 0.47115384615384615
1 0.04447115384615385 0.9567307692307693 0.040865384615384616 0.08653846153846154
1 0.24519230769230768 0.9543269230769231 0.09134615384615384 0.09134615384615384
1 0.25600961538461536 0.08173076923076923 0.12139423076923077 0.16346153846153846
4 0.9771634615384616 0.8269230769230769 0.04567307692307692 0.21394230769230768
4 0.8389423076923077 0.8257211538461539 0.08774038461538461 0.1141826923076923
4 0.8377403846153846 0.14423076923076922 0.3233173076923077 0.28725961538461536
1 0.039663461538461536 0.7199519230769231 0.07932692307692307 0.15865384615384615
1 0.7211538461538461 0.36778846153846156 0.016826923076923076 0.028846153846153848
1 0.5925480769230769 0.3629807692307692 0.19230769230769232 0.16706730769230768
1 0.7584134615384616 0.7908653846153846 0.11538461538461539 0.22235576923076922
1 0.6814903846153846 0.23197115384615385 0.1310096153846154 0.14783653846153846
1 0.8076923076923077 0.6514423076923077 0.052884615384615384 0.07451923076923077
1 0.5024038461538461 0.8641826923076923 0.10576923076923077 0.25961538461538464
1 0.03365384615384615 0.11899038461538461 0.06610576923076923 0.23798076923076922
1 0.7740384615384616 0.9170673076923077 0.21153846153846154 0.1658653846153846
4 0.8233173076923077 0.41225961538461536 0.09014423076923077 0.09134615384615384
1 0.8509615384615384 0.5673076923076923 0.019230769230769232 0.05048076923076923
1 0.8822115384615384 0.49399038461538464 0.07211538461538461 0.07091346153846154
1 0.03125 0.8545673076923077 0.0625 0.12259615384615384
1 0.25961538461538464 0.6430288461538461 0.021634615384615384 0.036057692307692304
1 0.9302884615384616 0.8810096153846154 0.12379807692307693 0.23798076923076922
1 0.2860576923076923 0.7199519230769231 0.02403846153846154 0.02283653846153846
1 0.8088942307692307 0.515625 0.08413461538461539 0.10096153846153846
1 0.6935096153846154 0.4699519230769231 0.078125 0.13822115384615385
1 0.14543269230769232 0.921875 0.08774038461538461 0.15625
1 0.9026442307692307 0.3942307692307692 0.1935096153846154 0.26802884615384615
1 0.3245192307692308 0.7512019230769231 0.0733173076923077 0.08533653846153846
1 0.39302884615384615 0.7848557692307693 0.01201923076923077 0.02283653846153846
1 0.15745192307692307 0.4675480769230769 0.2824519230769231 0.39302884615384615
4 0.9399038461538461 0.6935096153846154 0.1201923076923077 0.16105769230769232
4 0.5588942307692307 0.9471153846153846 0.06610576923076923 0.10576923076923077
4 0.3293269230769231 0.5048076923076923 0.12139423076923077 0.17427884615384615
1 0.08774038461538461 0.9747596153846154 0.036057692307692304 0.05048076923076923
3 0.3918269230769231 0.5 0.6310096153846154 1
1 0.04567307692307692 0.3173076923076923 0.09134615384615384 0.19230769230769232
1 0.3629807692307692 0.1045673076923077 0.13822115384615385 0.20793269230769232
4 0.5817307692307693 0.5384615384615384 0.24519230769230768 0.30408653846153844
1 0.9483173076923077 0.5721153846153846 0.10336538461538461 0.09735576923076923
4 0.027644230769230768 0.4987980769230769 0.055288461538461536 0.15625
1 0.7295673076923077 0.6009615384615384 0.055288461538461536 0.12259615384615384
1 0.010817307692307692 0.921875 0.021634615384615384 0.11177884615384616
1 0.36899038461538464 0.8870192307692307 0.18990384615384615 0.2247596153846154
4 0.12139423076923077 0.21514423076923078 0.12139423076923077 0.1622596153846154
