1 0.25 0.27403846153846156 0.18389423076923078 0.2848557692307692
1 0.5925480769230769 0.5192307692307693 0.04447115384615385 0.05889423076923077
1 0.9495192307692307 0.8954326923076923 0.05048076923076923 0.05889423076923077
1 0.8834134615384616 0.5817307692307693 0.03365384615384615 0.04927884615384615
1 0.2980769230769231 0.5072115384615384 0.009615384615384616 0.01201923076923077
1 0.40024038461538464 0.5012019230769231 0.03485576923076923 0.03125
1 0.0889423076923077 0.48197115384615385 0.1045673076923077 0.15264423076923078
1 0.0985576923076923 0.2620192307692308 0.040865384615384616 0.040865384615384616
1 0.15865384615384615 0.5444711538461539 0.015625 0.018028846153846152
1 0.046875 0.12980769230769232 0.06971153846153846 0.06971153846153846
1 0.32091346153846156 0.5096153846153846 0.021634615384615384 0.03245192307692308
1 0.12379807692307693 0.6862980769230769 0.11899038461538461 0.1045673076923077
1 0.3269230769230769 0.609375 0.038461538461538464 0.06490384615384616
1 0.5805288461538461 0.9435096153846154 0.125 0.11298076923076923
1 0.19230769230769232 0.4230769230769231 0.013221153846153846 0.013221153846153846
1 0.6899038461538461 0.10697115384615384 0.10336538461538461 0.13942307692307693
1 0.24278846153846154 0.3918269230769231 0.027644230769230768 0.02283653846153846
1 0.8257211538461539 0.9507211538461539 0.08774038461538461 0.09735576923076923
1 0.2932692307692308 0.6646634615384616 0.037259615384615384 0.021634615384615384
1 0.6694711538461539 0.5024038461538461 0.04927884615384615 0.054086538461538464
1 0.1141826923076923 0.859375 0.18870192307692307 0.18028846153846154
1 0.5120192307692307 0.040865384615384616 0.14423076923076922 0.08173076923076923
1 0.20192307692307693 0.515625 0.019230769230769232 0.036057692307692304
1 0.18389423076923078 0.6550480769230769 0.026442307692307692 0.03125
1 0.38221153846153844 0.45552884615384615 0.021634615384615384 0.02283653846153846
1 0.12379807692307693 0.2127403846153846 0.026442307692307692 0.03485576923076923
1 0.9903846153846154 0.5588942307692307 0.019230769230769232 0.05889423076923077
1 0.36778846153846156 0.4963942307692308 0.016826923076923076 0.025240384615384616
1 0.2704326923076923 0.5420673076923077 0.027644230769230768 0.027644230769230768
1 0.36778846153846156 0.40865384615384615 0.02403846153846154 0.038461538461538464
1 0.3545673076923077 0.6454326923076923 0.1658653846153846 0.20552884615384615
1 0.25240384615384615 0.7632211538461539 0.13822115384615385 0.17067307692307693
1 0.016826923076923076 0.6189903846153846 0.010817307692307692 0.019230769230769232
1 0.9855769230769231 0.9555288461538461 0.016826923076923076 0.021634615384615384
1 0.6959134615384616 0.35096153846153844 0.013221153846153846 0.021634615384615384
1 0.09375 0.35697115384615385 0.016826923076923076 0.016826923076923076
1 0.5024038461538461 0.7439903846153846 0.31490384615384615 0.3137019230769231
1 0.36658653846153844 0.9387019230769231 0.3245192307692308 0.12259615384615384
1 0.1971153846153846 0.5588942307692307 0.036057692307692304 0.027644230769230768
1 0.020432692307692308 0.3245192307692308 0.040865384615384616 0.05889423076923077
1 0.8245192307692307 0.75 0.014423076923076924 0.02283653846153846
3 0.7908653846153846 0.5 0.21754807692307693 1
3 0.5889423076923077 0.45913461538461536 0.8221153846153846 0.9182692307692307
