2 0.9302884615384616 0.9915865384615384 0.014423076923076924 0.016826923076923076
2 0.8894230769230769 0.4891826923076923 0.10096153846153846 0.16947115384615385
2 0.2439903846153846 0.7584134615384616 0.02403846153846154 0.04447115384615385
2 0.7944711538461539 0.5588942307692307 0.052884615384615384 0.05048076923076923
2 0.4026442307692308 0.8257211538461539 0.014423076923076924 0.020432692307692308
9 0.7848557692307693 0.7872596153846154 0.1875 0.24519230769230768
5 0.5600961538461539 0.17427884615384615 0.026442307692307692 0.06610576923076923
2 0.6947115384615384 0.6310096153846154 0.014423076923076924 0.03125
2 0.33413461538461536 0.16105769230769232 0.19110576923076922 0.21514423076923078
5 0.4110576923076923 0.13581730769230768 0.027644230769230768 0.04326923076923077
5 0.16105769230769232 0.8197115384615384 0.009615384615384616 0.040865384615384616
5 0.9723557692307693 0.8509615384615384 0.027644230769230768 0.04326923076923077
2 0.9891826923076923 0.7319711538461539 0.021634615384615384 0.03125
2 0.9795673076923077 0.8088942307692307 0.040865384615384616 0.046875
2 0.9050480769230769 0.921875 0.036057692307692304 0.03485576923076923
2 0.24759615384615385 0.5649038461538461 0.057692307692307696 0.09134615384615384
2 0.4411057692307692 0.28966346153846156 0.12860576923076922 0.078125
2 0.6959134615384616 0.038461538461538464 0.040865384615384616 0.036057692307692304
2 0.5144230769230769 0.7211538461538461 0.052884615384615384 0.04326923076923077
2 0.4723557692307692 0.7752403846153846 0.014423076923076924 0.015625
2 0.11778846153846154 0.6466346153846154 0.02403846153846154 0.028846153846153848
2 0.3581730769230769 0.640625 0.007211538461538462 0.020432692307692308
2 0.7415865384615384 0.6045673076923077 0.016826923076923076 0.03245192307692308
2 0.5925480769230769 0.4639423076923077 0.06370192307692307 0.15865384615384615
2 0.5408653846153846 0.43149038461538464 0.020432692307692308 0.028846153846153848
2 0.6754807692307693 0.6838942307692307 0.021634615384615384 0.038461538461538464
2 0.5324519230769231 0.3701923076923077 0.04807692307692308 0.051682692307692304
2 0.27403846153846156 0.6646634615384616 0.027644230769230768 0.03125
2 0.5180288461538461 0.16826923076923078 0.07211538461538461 0.1141826923076923
2 0.33653846153846156 0.90625 0.03365384615384615 0.046875
2 0.9326923076923077 0.34615384615384615 0.12740384615384615 0.18629807692307693
2 0.30408653846153844 0.7391826923076923 0.04807692307692308 0.054086538461538464
5 0.6370192307692307 0.4879807692307692 0.025240384615384616 0.04326923076923077
2 0.6454326923076923 0.16947115384615385 0.17067307692307693 0.16947115384615385
2 0.96875 0.578125 0.06129807692307692 0.054086538461538464
2 0.23677884615384615 0.8125 0.016826923076923076 0.019230769230769232
4 0.6213942307692307 0.5 0.7151442307692307 1
2 0.21153846153846154 0.8161057692307693 0.025240384615384616 0.03245192307692308
9 0.8882211538461539 0.5576923076923077 0.22235576923076922 0.1814903846153846
2 0.08052884615384616 0.6346153846153846 0.15985576923076922 0.4026442307692308
2 0.5576923076923077 0.8209134615384616 0.23918269230769232 0.35697115384615385
2 0.7560096153846154 0.28125 0.19471153846153846 0.22355769230769232
2 0.9362980769230769 0.19951923076923078 0.10817307692307693 0.10216346153846154
2 0.9387019230769231 0.9290865384615384 0.020432692307692308 0.054086538461538464
2 0.07572115384615384 0.4879807692307692 0.018028846153846152 0.018028846153846152
2 0.5264423076923077 0.28725961538461536 0.052884615384615384 0.05048076923076923
2 0.5865384615384616 0.29447115384615385 0.09375 0.09375
2 0.6165865384615384 0.06490384615384616 0.06610576923076923 0.04447115384615385
2 0.9483173076923077 0.7199519230769231 0.040865384615384616 0.04927884615384615
2 0.27403846153846156 0.7223557692307693 0.02403846153846154 0.02283653846153846
4 0.22716346153846154 0.9471153846153846 0.07451923076923077 0.10576923076923077
2 0.5348557692307693 0.5649038461538461 0.052884615384615384 0.08653846153846154
2 0.14783653846153846 0.9254807692307693 0.052884615384615384 0.08653846153846154
2 0.6706730769230769 0.890625 0.01201923076923077 0.019230769230769232
2 0.15384615384615385 0.3173076923076923 0.014423076923076924 0.021634615384615384
2 0.35216346153846156 0.030048076923076924 0.12379807692307693 0.06009615384615385
2 0.3137019230769231 0.2824519230769231 0.0829326923076923 0.04567307692307692
2 0.4519230769230769 0.49759615384615385 0.020432692307692308 0.027644230769230768
2 0.052884615384615384 0.12139423076923077 0.04326923076923077 0.038461538461538464
2 0.6382211538461539 0.7740384615384616 0.025240384615384616 0.03365384615384615
2 0.7512019230769231 0.7379807692307693 0.014423076923076924 0.021634615384615384
2 0.4338942307692308 0.8028846153846154 0.01201923076923077 0.02283653846153846
2 0.4483173076923077 0.4326923076923077 0.02403846153846154 0.015625
2 0.4579326923076923 0.08774038461538461 0.07932692307692307 0.0733173076923077
2 0.4651442307692308 0.5721153846153846 0.03125 0.05889423076923077
2 0.31971153846153844 0.4879807692307692 0.25721153846153844 0.34134615384615385
5 0.5336538461538461 0.7632211538461539 0.027644230769230768 0.03485576923076923
5 0.46153846153846156 0.25600961538461536 0.027644230769230768 0.04927884615384615
2 0.6141826923076923 0.015625 0.027644230769230768 0.03125
2 0.10336538461538461 0.5348557692307693 0.03125 0.05048076923076923
2 0.18269230769230768 0.7632211538461539 0.09254807692307693 0.07091346153846154
2 0.006009615384615385 0.019230769230769232 0.01201923076923077 0.037259615384615384
2 0.15264423076923078 0.5216346153846154 0.026442307692307692 0.01201923076923077
2 0.49158653846153844 0.4375 0.016826923076923076 0.040865384615384616
2 0.44591346153846156 0.34975961538461536 0.020432692307692308 0.04447115384615385
2 0.027644230769230768 0.4182692307692308 0.02403846153846154 0.019230769230769232
2 0.15745192307692307 0.06009615384615385 0.027644230769230768 0.026442307692307692
5 0.3762019230769231 0.18389423076923078 0.02403846153846154 0.036057692307692304
2 0.8653846153846154 0.057692307692307696 0.13942307692307693 0.1141826923076923
2 0.9158653846153846 0.8665865384615384 0.027644230769230768 0.02283653846153846
2 0.8485576923076923 0.9627403846153846 0.037259615384615384 0.07451923076923077
2 0.3701923076923077 0.9855769230769231 0.0625 0.028846153846153848
2 0.06129807692307692 0.9038461538461539 0.12259615384615384 0.19230769230769232
2 0.22235576923076922 0.8473557692307693 0.014423076923076924 0.019230769230769232
2 0.13701923076923078 0.44471153846153844 0.06129807692307692 0.10096153846153846
2 0.109375 0.3317307692307692 0.04807692307692308 0.1622596153846154
2 0.040865384615384616 0.25240384615384615 0.08173076923076923 0.1201923076923077
2 0.5060096153846154 0.039663461538461536 0.04567307692307692 0.07932692307692307
2 0.02283653846153846 0.34615384615384615 0.020432692307692308 0.019230769230769232
2 0.7752403846153846 0.15625 0.018028846153846152 0.021634615384615384
2 0.8353365384615384 0.6754807692307693 0.1141826923076923 0.16947115384615385
2 0.6766826923076923 0.7367788461538461 0.030048076923076924 0.027644230769230768
2 0.18389423076923078 0.9507211538461539 0.025240384615384616 0.06129807692307692
2 0.4338942307692308 0.984375 0.026442307692307692 0.03125
2 0.6778846153846154 0.4423076923076923 0.12379807692307693 0.14423076923076922
2 0.22115384615384615 0.28725961538461536 0.06971153846153846 0.057692307692307696
2 0.27403846153846156 0.8569711538461539 0.06129807692307692 0.054086538461538464
2 0.32211538461538464 0.9747596153846154 0.05048076923076923 0.05048076923076923
2 0.5516826923076923 0.0673076923076923 0.030048076923076924 0.05889423076923077
2 0.015625 0.09375 0.03125 0.052884615384615384
2 0.7259615384615384 0.9915865384615384 0.019230769230769232 0.016826923076923076
2 0.18870192307692307 0.15985576923076922 0.12620192307692307 0.12980769230769232
13 0.14543269230769232 0.021634615384615384 0.16346153846153846 0.04326923076923077
