2 0.9194711538461539 0.9194711538461539 0.006009615384615385 0.007211538461538462
2 0.9627403846153846 0.9903846153846154 0.004807692307692308 0.006009615384615385
2 0.4423076923076923 0.9951923076923077 0.003605769230769231 0.009615384615384616
2 0.3894230769230769 0.9867788461538461 0.008413461538461538 0.015625
2 0.3389423076923077 0.9242788461538461 0.003605769230769231 0.006009615384615385
2 0.28365384615384615 0.7908653846153846 0.006009615384615385 0.010817307692307692
2 0.4098557692307692 0.3125 0.006009615384615385 0.004807692307692308
2 0.375 0.703125 0.006009615384615385 0.006009615384615385
2 0.39783653846153844 0.5817307692307693 0.013221153846153846 0.020432692307692308
2 0.33413461538461536 0.5360576923076923 0.009615384615384616 0.016826923076923076
0 0.9206730769230769 0.359375 0.021634615384615384 0.027644230769230768
2 0.4014423076923077 0.32572115384615385 0.01201923076923077 0.015625
2 0.9026442307692307 0.9855769230769231 0.014423076923076924 0.019230769230769232
2 0.39663461538461536 0.46274038461538464 0.004807692307692308 0.007211538461538462
2 0.9627403846153846 0.8088942307692307 0.003605769230769231 0.004807692307692308
2 0.6899038461538461 0.7716346153846154 0.019230769230769232 0.02403846153846154
5 0.32572115384615385 0.01201923076923077 0.015625 0.020432692307692308
2 0.3389423076923077 0.8173076923076923 0.009615384615384616 0.015625
2 0.7283653846153846 0.8257211538461539 0.009615384615384616 0.008413461538461538
2 0.9987980769230769 0.1466346153846154 0.001201923076923077 0.015625
2 0.8221153846153846 0.41586538461538464 0.036057692307692304 0.036057692307692304
2 0.7439903846153846 0.8088942307692307 0.004807692307692308 0.008413461538461538
2 0.5865384615384616 0.11057692307692307 0.014423076923076924 0.01201923076923077
2 0.8293269230769231 0.7980769230769231 0.006009615384615385 0.008413461538461538
2 0.28966346153846156 0.7211538461538461 0.004807692307692308 0.003605769230769231
2 0.6550480769230769 0.15504807692307693 0.009615384615384616 0.019230769230769232
2 0.24639423076923078 0.7668269230769231 0.014423076923076924 0.016826923076923076
2 0.6850961538461539 0.7932692307692307 0.007211538461538462 0.006009615384615385
2 0.9759615384615384 0.9278846153846154 0.006009615384615385 0.007211538461538462
2 0.2920673076923077 0.6117788461538461 0.016826923076923076 0.013221153846153846
2 0.9735576923076923 0.9555288461538461 0.004807692307692308 0.006009615384615385
2 0.7391826923076923 0.9230769230769231 0.014423076923076924 0.025240384615384616
2 0.44711538461538464 0.9735576923076923 0.007211538461538462 0.010817307692307692
2 0.43149038461538464 0.9975961538461539 0.006009615384615385 0.003605769230769231
2 0.40865384615384615 0.9603365384615384 0.007211538461538462 0.013221153846153846
2 0.3112980769230769 0.8942307692307693 0.008413461538461538 0.013221153846153846
2 0.3737980769230769 0.8521634615384616 0.003605769230769231 0.003605769230769231
2 0.32572115384615385 0.5516826923076923 0.006009615384615385 0.006009615384615385
2 0.3918269230769231 0.2932692307692308 0.006009615384615385 0.008413461538461538
2 0.24759615384615385 0.19951923076923078 0.019230769230769232 0.01201923076923077
2 0.3401442307692308 0.13942307692307693 0.006009615384615385 0.006009615384615385
2 0.9795673076923077 0.08533653846153846 0.016826923076923076 0.009615384615384616
2 0.9891826923076923 0.10697115384615384 0.01201923076923077 0.019230769230769232
2 0.9903846153846154 0.15264423076923078 0.01201923076923077 0.013221153846153846
2 0.7475961538461539 0.390625 0.016826923076923076 0.019230769230769232
2 0.7728365384615384 0.3737980769230769 0.004807692307692308 0.004807692307692308
2 0.7884615384615384 0.38100961538461536 0.003605769230769231 0.006009615384615385
2 0.7415865384615384 0.3161057692307692 0.003605769230769231 0.006009615384615385
2 0.8100961538461539 0.1201923076923077 0.006009615384615385 0.01201923076923077
2 0.8701923076923077 0.10096153846153846 0.004807692307692308 0.006009615384615385
2 0.8762019230769231 0.09134615384615384 0.007211538461538462 0.009615384615384616
2 0.3870192307692308 0.3245192307692308 0.009615384615384616 0.016826923076923076
2 0.9963942307692307 0.96875 0.006009615384615385 0.010817307692307692
2 0.84375 0.7728365384615384 0.007211538461538462 0.006009615384615385
2 0.43990384615384615 0.040865384615384616 0.009615384615384616 0.015625
2 0.9302884615384616 0.8257211538461539 0.010817307692307692 0.014423076923076924
2 0.2644230769230769 0.21153846153846154 0.004807692307692308 0.004807692307692308
2 0.9891826923076923 0.9146634615384616 0.004807692307692308 0.010817307692307692
2 0.2247596153846154 0.14423076923076922 0.007211538461538462 0.009615384615384616
2 0.6574519230769231 0.8377403846153846 0.008413461538461538 0.01201923076923077
2 0.3894230769230769 0.9338942307692307 0.019230769230769232 0.06370192307692307
2 0.6706730769230769 0.8125 0.007211538461538462 0.01201923076923077
2 0.8293269230769231 0.3293269230769231 0.007211538461538462 0.010817307692307692
2 0.35336538461538464 0.4098557692307692 0.010817307692307692 0.01201923076923077
2 0.2824519230769231 0.5949519230769231 0.008413461538461538 0.010817307692307692
2 0.25600961538461536 0.18269230769230768 0.004807692307692308 0.006009615384615385
2 0.7247596153846154 0.7992788461538461 0.004807692307692308 0.010817307692307692
2 0.3449519230769231 0.8293269230769231 0.003605769230769231 0.004807692307692308
2 0.7043269230769231 0.359375 0.006009615384615385 0.010817307692307692
2 0.4110576923076923 0.007211538461538462 0.007211538461538462 0.006009615384615385
2 0.953125 0.9411057692307693 0.026442307692307692 0.025240384615384616
2 0.9951923076923077 0.9302884615384616 0.009615384615384616 0.008413461538461538
2 0.8966346153846154 0.9146634615384616 0.014423076923076924 0.016826923076923076
2 0.8497596153846154 0.9302884615384616 0.004807692307692308 0.004807692307692308
2 0.8846153846153846 0.8209134615384616 0.006009615384615385 0.006009615384615385
2 0.7259615384615384 0.7608173076923077 0.004807692307692308 0.004807692307692308
2 0.41466346153846156 0.9759615384615384 0.01201923076923077 0.014423076923076924
2 0.4110576923076923 0.8990384615384616 0.019230769230769232 0.019230769230769232
2 0.40024038461538464 0.8858173076923077 0.006009615384615385 0.006009615384615385
2 0.3629807692307692 0.6814903846153846 0.006009615384615385 0.007211538461538462
2 0.3076923076923077 0.6322115384615384 0.006009615384615385 0.004807692307692308
2 0.41225961538461536 0.4699519230769231 0.004807692307692308 0.003605769230769231
2 0.3942307692307692 0.4495192307692308 0.007211538461538462 0.004807692307692308
2 0.3894230769230769 0.18509615384615385 0.028846153846153848 0.027644230769230768
0 0.5528846153846154 0.953125 0.019230769230769232 0.036057692307692304
2 0.9026442307692307 0.013221153846153846 0.01201923076923077 0.015625
2 0.9423076923076923 0.14182692307692307 0.021634615384615384 0.02283653846153846
2 0.9723557692307693 0.15865384615384615 0.006009615384615385 0.007211538461538462
2 0.9975961538461539 0.12860576923076922 0.003605769230769231 0.009615384615384616
2 0.3161057692307692 0.040865384615384616 0.003605769230769231 0.003605769230769231
2 0.7572115384615384 0.027644230769230768 0.020432692307692308 0.020432692307692308
2 0.8713942307692307 0.06971153846153846 0.01201923076923077 0.020432692307692308
2 0.8521634615384616 0.08173076923076923 0.007211538461538462 0.007211538461538462
2 0.6322115384615384 0.026442307692307692 0.052884615384615384 0.051682692307692304
2 0.8317307692307693 0.23076923076923078 0.04567307692307692 0.04567307692307692
2 0.4014423076923077 0.09735576923076923 0.009615384615384616 0.008413461538461538
2 0.36658653846153844 0.08052884615384616 0.004807692307692308 0.007211538461538462
2 0.8197115384615384 0.2536057692307692 0.007211538461538462 0.009615384615384616
2 0.3605769230769231 0.014423076923076924 0.004807692307692308 0.004807692307692308
2 0.34975961538461536 0.027644230769230768 0.006009615384615385 0.004807692307692308
2 0.9098557692307693 0.8713942307692307 0.004807692307692308 0.008413461538461538
2 0.3004807692307692 0.5576923076923077 0.007211538461538462 0.007211538461538462
2 0.8269230769230769 0.78125 0.006009615384615385 0.009615384615384616
2 0.5877403846153846 0.2704326923076923 0.01201923076923077 0.019230769230769232
2 0.8461538461538461 0.06971153846153846 0.003605769230769231 0.007211538461538462
2 0.9507211538461539 0.06490384615384616 0.008413461538461538 0.019230769230769232
2 0.7932692307692307 0.07692307692307693 0.006009615384615385 0.007211538461538462
2 0.7956730769230769 0.04447115384615385 0.013221153846153846 0.020432692307692308
2 0.9783653846153846 0.14903846153846154 0.006009615384615385 0.007211538461538462
2 0.8713942307692307 0.31490384615384615 0.006009615384615385 0.009615384615384616
2 0.9266826923076923 0.5072115384615384 0.007211538461538462 0.013221153846153846
2 0.7872596153846154 0.5564903846153846 0.010817307692307692 0.01201923076923077
2 0.8641826923076923 0.6995192307692307 0.007211538461538462 0.009615384615384616
2 0.8930288461538461 0.765625 0.010817307692307692 0.013221153846153846
2 0.8557692307692307 0.7896634615384616 0.02403846153846154 0.020432692307692308
2 0.8701923076923077 0.7788461538461539 0.009615384615384616 0.007211538461538462
2 0.5504807692307693 0.02403846153846154 0.013221153846153846 0.015625
2 0.6298076923076923 0.6225961538461539 0.004807692307692308 0.008413461538461538
2 0.5180288461538461 0.7800480769230769 0.01201923076923077 0.018028846153846152
2 0.5733173076923077 0.9663461538461539 0.013221153846153846 0.025240384615384616
2 0.4675480769230769 0.9951923076923077 0.016826923076923076 0.009615384615384616
2 0.4699519230769231 0.9807692307692307 0.004807692307692308 0.006009615384615385
2 0.13221153846153846 0.36658653846153844 0.013221153846153846 0.009615384615384616
2 0.16706730769230768 0.390625 0.010817307692307692 0.01201923076923077
0 0.8112980769230769 0.34375 0.03245192307692308 0.027644230769230768
0 0.3701923076923077 0.375 0.025240384615384616 0.03365384615384615
2 0.7764423076923077 0.44471153846153844 0.051682692307692304 0.040865384615384616
2 0.6802884615384616 0.41947115384615385 0.02403846153846154 0.013221153846153846
2 0.8173076923076923 0.10096153846153846 0.016826923076923076 0.03485576923076923
2 0.7608173076923077 0.04326923076923077 0.025240384615384616 0.014423076923076924
2 0.7824519230769231 0.042067307692307696 0.008413461538461538 0.009615384615384616
2 0.7403846153846154 0.007211538461538462 0.016826923076923076 0.014423076923076924
2 0.6442307692307693 0.12860576923076922 0.003605769230769231 0.006009615384615385
2 0.0733173076923077 0.8870192307692307 0.003605769230769231 0.008413461538461538
2 0.8377403846153846 0.07211538461538461 0.006009615384615385 0.009615384615384616
2 0.6923076923076923 0.08173076923076923 0.046875 0.051682692307692304
2 0.9495192307692307 0.23798076923076922 0.01201923076923077 0.014423076923076924
2 0.9675480769230769 0.23557692307692307 0.006009615384615385 0.009615384615384616
2 0.9555288461538461 0.6778846153846154 0.003605769230769231 0.006009615384615385
2 0.5516826923076923 0.3161057692307692 0.006009615384615385 0.008413461538461538
0 0.47836538461538464 0.030048076923076924 0.013221153846153846 0.014423076923076924
2 0.9795673076923077 0.7043269230769231 0.013221153846153846 0.02403846153846154
2 0.1502403846153846 0.171875 0.006009615384615385 0.004807692307692308
2 0.4423076923076923 0.3954326923076923 0.006009615384615385 0.008413461538461538
2 0.5132211538461539 0.8112980769230769 0.004807692307692308 0.004807692307692308
2 0.9230769230769231 0.2848557692307692 0.006009615384615385 0.007211538461538462
2 0.18629807692307693 0.7223557692307693 0.007211538461538462 0.009615384615384616
2 0.6454326923076923 0.9651442307692307 0.01201923076923077 0.018028846153846152
2 0.4807692307692308 0.8918269230769231 0.003605769230769231 0.019230769230769232
2 0.4807692307692308 0.7704326923076923 0.010817307692307692 0.007211538461538462
2 0.203125 0.14423076923076922 0.006009615384615385 0.006009615384615385
2 0.22115384615384615 0.6862980769230769 0.006009615384615385 0.01201923076923077
2 0.8149038461538461 0.18509615384615385 0.01201923076923077 0.019230769230769232
2 0.7860576923076923 0.09375 0.006009615384615385 0.007211538461538462
2 0.8317307692307693 0.08052884615384616 0.004807692307692308 0.006009615384615385
2 0.6105769230769231 0.21634615384615385 0.025240384615384616 0.02283653846153846
2 0.65625 0.10697115384615384 0.009615384615384616 0.01201923076923077
2 0.6177884615384616 0.06490384615384616 0.07451923076923077 0.03245192307692308
2 0.2283653846153846 0.5745192307692307 0.007211538461538462 0.01201923076923077
2 0.9110576923076923 0.6286057692307693 0.004807692307692308 0.004807692307692308
2 0.9567307692307693 0.7139423076923077 0.02403846153846154 0.009615384615384616
2 0.8774038461538461 0.8521634615384616 0.006009615384615385 0.009615384615384616
2 0.8293269230769231 0.8305288461538461 0.004807692307692308 0.007211538461538462
2 0.7019230769230769 0.25600961538461536 0.025240384615384616 0.027644230769230768
2 0.8125 0.8629807692307693 0.015625 0.01201923076923077
2 0.34134615384615385 0.3629807692307692 0.006009615384615385 0.006009615384615385
2 0.27884615384615385 0.7247596153846154 0.007211538461538462 0.007211538461538462
2 0.9975961538461539 0.3473557692307692 0.004807692307692308 0.016826923076923076
2 0.6598557692307693 0.8521634615384616 0.007211538461538462 0.01201923076923077
2 0.42788461538461536 0.984375 0.004807692307692308 0.006009615384615385
2 0.40625 0.9891826923076923 0.006009615384615385 0.006009615384615385
2 0.5709134615384616 0.25721153846153844 0.004807692307692308 0.008413461538461538
2 0.6466346153846154 0.23076923076923078 0.006009615384615385 0.008413461538461538
2 0.6622596153846154 0.3641826923076923 0.006009615384615385 0.009615384615384616
2 0.7872596153846154 0.5288461538461539 0.006009615384615385 0.008413461538461538
2 0.9206730769230769 0.6694711538461539 0.007211538461538462 0.008413461538461538
2 0.8016826923076923 0.026442307692307692 0.013221153846153846 0.016826923076923076
2 0.016826923076923076 0.28125 0.016826923076923076 0.02403846153846154
2 0.7115384615384616 0.6911057692307693 0.006009615384615385 0.009615384615384616
2 0.7788461538461539 0.14302884615384615 0.006009615384615385 0.008413461538461538
2 0.6298076923076923 0.09375 0.007211538461538462 0.006009615384615385
2 0.9711538461538461 0.10096153846153846 0.010817307692307692 0.009615384615384616
2 0.7728365384615384 0.31009615384615385 0.004807692307692308 0.006009615384615385
2 0.6742788461538461 0.390625 0.004807692307692308 0.009615384615384616
2 0.8449519230769231 0.15865384615384615 0.004807692307692308 0.007211538461538462
2 0.921875 0.6298076923076923 0.004807692307692308 0.006009615384615385
2 0.84375 0.02403846153846154 0.013221153846153846 0.046875
2 0.7427884615384616 0.09134615384615384 0.006009615384615385 0.008413461538461538
2 0.21634615384615385 0.7007211538461539 0.006009615384615385 0.008413461538461538
2 0.6478365384615384 0.9026442307692307 0.020432692307692308 0.020432692307692308
2 0.9038461538461539 0.6574519230769231 0.004807692307692308 0.009615384615384616
2 0.7055288461538461 0.4254807692307692 0.021634615384615384 0.015625
2 0.9975961538461539 0.24759615384615385 0.003605769230769231 0.019230769230769232
2 0.7403846153846154 0.578125 0.009615384615384616 0.014423076923076924
2 0.7247596153846154 0.9314903846153846 0.01201923076923077 0.021634615384615384
2 0.390625 0.7475961538461539 0.006009615384615385 0.006009615384615385
2 0.7872596153846154 0.007211538461538462 0.01201923076923077 0.014423076923076924
2 0.9170673076923077 0.515625 0.004807692307692308 0.003605769230769231
2 0.8377403846153846 0.17548076923076922 0.009615384615384616 0.010817307692307692
2 0.06610576923076923 0.14302884615384615 0.006009615384615385 0.004807692307692308
2 0.578125 0.18629807692307693 0.006009615384615385 0.006009615384615385
2 0.9711538461538461 0.45072115384615385 0.02403846153846154 0.039663461538461536
2 0.9819711538461539 0.8401442307692307 0.003605769230769231 0.006009615384615385
2 0.3629807692307692 0.7860576923076923 0.008413461538461538 0.01201923076923077
2 0.5961538461538461 0.6802884615384616 0.006009615384615385 0.007211538461538462
2 0.8473557692307693 0.5372596153846154 0.018028846153846152 0.019230769230769232
2 0.3629807692307692 0.48677884615384615 0.01201923076923077 0.021634615384615384
2 0.78125 0.8137019230769231 0.006009615384615385 0.006009615384615385
2 0.9615384615384616 0.25841346153846156 0.006009615384615385 0.006009615384615385
2 0.10697115384615384 0.13341346153846154 0.003605769230769231 0.003605769230769231
9 0.8834134615384616 0.7740384615384616 0.02403846153846154 0.07572115384615384
2 0.828125 0.5745192307692307 0.004807692307692308 0.015625
2 0.48677884615384615 0.38221153846153844 0.004807692307692308 0.007211538461538462
2 0.59375 0.96875 0.007211538461538462 0.008413461538461538
2 0.5144230769230769 0.5733173076923077 0.004807692307692308 0.007211538461538462
2 0.5456730769230769 0.3473557692307692 0.003605769230769231 0.009615384615384616
2 0.20192307692307693 0.8401442307692307 0.009615384615384616 0.01201923076923077
2 0.016826923076923076 0.9927884615384616 0.003605769230769231 0.007211538461538462
2 0.4723557692307692 0.8004807692307693 0.013221153846153846 0.008413461538461538
2 0.6574519230769231 0.8882211538461539 0.007211538461538462 0.008413461538461538
0 0.6634615384615384 0.1875 0.02403846153846154 0.03245192307692308
2 0.9807692307692307 0.22716346153846154 0.01201923076923077 0.019230769230769232
2 0.9471153846153846 0.5108173076923077 0.015625 0.020432692307692308
2 0.875 0.4795673076923077 0.003605769230769231 0.007211538461538462
2 0.8713942307692307 0.7608173076923077 0.009615384615384616 0.019230769230769232
2 0.5516826923076923 0.07211538461538461 0.006009615384615385 0.009615384615384616
2 0.5288461538461539 0.4519230769230769 0.008413461538461538 0.010817307692307692
2 0.5865384615384616 0.45552884615384615 0.003605769230769231 0.007211538461538462
2 0.5685096153846154 0.8137019230769231 0.009615384615384616 0.013221153846153846
2 0.30408653846153844 0.042067307692307696 0.007211538461538462 0.007211538461538462
2 0.11177884615384616 0.9951923076923077 0.01201923076923077 0.009615384615384616
2 0.9134615384615384 0.2512019230769231 0.006009615384615385 0.004807692307692308
2 0.9795673076923077 0.5108173076923077 0.007211538461538462 0.007211538461538462
2 0.7776442307692307 0.5576923076923077 0.007211538461538462 0.008413461538461538
2 0.8858173076923077 0.6057692307692307 0.007211538461538462 0.006009615384615385
2 0.9086538461538461 0.7163461538461539 0.006009615384615385 0.01201923076923077
2 0.5384615384615384 0.025240384615384616 0.009615384615384616 0.021634615384615384
0 0.49399038461538464 0.003605769230769231 0.03125 0.007211538461538462
2 0.5252403846153846 0.14423076923076922 0.003605769230769231 0.007211538461538462
2 0.5552884615384616 0.1045673076923077 0.014423076923076924 0.03245192307692308
2 0.6322115384615384 0.5072115384615384 0.006009615384615385 0.008413461538461538
2 0.6358173076923077 0.6935096153846154 0.004807692307692308 0.006009615384615385
2 0.6442307692307693 0.609375 0.003605769230769231 0.008413461538461538
2 0.5673076923076923 0.8365384615384616 0.03245192307692308 0.03365384615384615
2 0.1658653846153846 0.7956730769230769 0.019230769230769232 0.026442307692307692
2 0.11298076923076923 0.9134615384615384 0.006009615384615385 0.007211538461538462
2 0.5504807692307693 0.8786057692307693 0.014423076923076924 0.019230769230769232
2 0.21394230769230768 0.05889423076923077 0.013221153846153846 0.010817307692307692
2 0.08052884615384616 0.2932692307692308 0.007211538461538462 0.01201923076923077
2 0.59375 0.6670673076923077 0.006009615384615385 0.004807692307692308
2 0.6478365384615384 0.6682692307692307 0.006009615384615385 0.008413461538461538
2 0.9206730769230769 0.26322115384615385 0.004807692307692308 0.003605769230769231
2 0.203125 0.07091346153846154 0.003605769230769231 0.006009615384615385
2 0.15504807692307693 0.04567307692307692 0.016826923076923076 0.026442307692307692
2 0.49158653846153844 0.078125 0.007211538461538462 0.008413461538461538
2 0.7536057692307693 0.5757211538461539 0.006009615384615385 0.007211538461538462
2 0.9074519230769231 0.30288461538461536 0.006009615384615385 0.006009615384615385
2 0.7836538461538461 0.6141826923076923 0.006009615384615385 0.006009615384615385
2 0.4495192307692308 0.04927884615384615 0.006009615384615385 0.006009615384615385
2 0.6334134615384616 0.6730769230769231 0.007211538461538462 0.008413461538461538
2 0.9495192307692307 0.21875 0.025240384615384616 0.025240384615384616
2 0.5204326923076923 0.015625 0.02283653846153846 0.030048076923076924
2 0.49278846153846156 0.3245192307692308 0.003605769230769231 0.007211538461538462
0 0.90625 0.11778846153846154 0.04927884615384615 0.051682692307692304
2 0.44350961538461536 0.3713942307692308 0.009615384615384616 0.008413461538461538
4 0.46033653846153844 0.5372596153846154 0.10817307692307693 0.9254807692307693
2 0.8990384615384616 0.2403846153846154 0.004807692307692308 0.004807692307692308
2 0.9903846153846154 0.1814903846153846 0.009615384615384616 0.010817307692307692
2 0.9302884615384616 0.6430288461538461 0.004807692307692308 0.006009615384615385
0 0.3004807692307692 0.796875 0.021634615384615384 0.03365384615384615
