2 0.59375 0.046875 0.04807692307692308 0.04567307692307692
2 0.7548076923076923 0.4879807692307692 0.13581730769230768 0.2127403846153846
2 0.03125 0.3918269230769231 0.013221153846153846 0.02283653846153846
2 0.9579326923076923 0.28725961538461536 0.030048076923076924 0.08413461538461539
2 0.9927884615384616 0.22235576923076922 0.013221153846153846 0.02403846153846154
2 0.8245192307692307 0.03485576923076923 0.03125 0.06850961538461539
2 0.8353365384615384 0.16947115384615385 0.030048076923076924 0.015625
2 0.5120192307692307 0.6947115384615384 0.025240384615384616 0.06370192307692307
2 0.8521634615384616 0.7944711538461539 0.040865384615384616 0.06129807692307692
2 0.49038461538461536 0.2608173076923077 0.04807692307692308 0.037259615384615384
2 0.5120192307692307 0.1971153846153846 0.025240384615384616 0.05889423076923077
2 0.9086538461538461 0.9663461538461539 0.04447115384615385 0.0673076923076923
2 0.8413461538461539 0.9290865384615384 0.052884615384615384 0.11057692307692307
12 0.5180288461538461 0.5 0.38221153846153844 1
2 0.8725961538461539 0.09134615384615384 0.03245192307692308 0.027644230769230768
2 0.28966346153846156 0.04326923076923077 0.02403846153846154 0.06850961538461539
2 0.7632211538461539 0.7776442307692307 0.13942307692307693 0.22235576923076922
2 0.328125 0.625 0.05048076923076923 0.042067307692307696
2 0.4723557692307692 0.055288461538461536 0.10336538461538461 0.11057692307692307
2 0.7728365384615384 0.29447115384615385 0.0625 0.08413461538461539
2 0.7127403846153846 0.10096153846153846 0.17307692307692307 0.19110576923076922
2 0.9302884615384616 0.20072115384615385 0.09615384615384616 0.05889423076923077
2 0.13341346153846154 0.10817307692307693 0.12259615384615384 0.18990384615384615
2 0.01201923076923077 0.4675480769230769 0.02403846153846154 0.07451923076923077
2 0.8413461538461539 0.23918269230769232 0.020432692307692308 0.03245192307692308
2 0.625 0.28365384615384615 0.03485576923076923 0.040865384615384616
2 0.9471153846153846 0.08052884615384616 0.1045673076923077 0.15985576923076922
2 0.3942307692307692 0.6466346153846154 0.027644230769230768 0.03245192307692308
2 0.7884615384615384 0.21394230769230768 0.0625 0.05889423076923077
2 0.8629807692307693 0.15264423076923078 0.02283653846153846 0.037259615384615384
2 0.24879807692307693 0.5504807692307693 0.01201923076923077 0.019230769230769232
2 0.546875 0.12259615384615384 0.027644230769230768 0.04447115384615385
2 0.05889423076923077 0.8954326923076923 0.11778846153846154 0.20793269230769232
2 0.05048076923076923 0.2403846153846154 0.04807692307692308 0.07451923076923077
2 0.2536057692307692 0.8930288461538461 0.1622596153846154 0.21394230769230768
2 0.2283653846153846 0.22596153846153846 0.07572115384615384 0.15865384615384615
2 0.8317307692307693 0.13701923076923078 0.04807692307692308 0.04927884615384615
2 0.6009615384615384 0.12980769230769232 0.05889423076923077 0.08774038461538461
2 0.5649038461538461 0.9783653846153846 0.04326923076923077 0.04326923076923077
2 0.4098557692307692 0.9603365384615384 0.04447115384615385 0.07091346153846154
2 0.35216346153846156 0.9230769230769231 0.06129807692307692 0.10336538461538461
2 0.03365384615384615 0.7740384615384616 0.02403846153846154 0.018028846153846152
2 0.28846153846153844 0.7091346153846154 0.019230769230769232 0.04447115384615385
2 0.14543269230769232 0.44711538461538464 0.16947115384615385 0.2644230769230769
2 0.6694711538461539 0.2956730769230769 0.027644230769230768 0.04567307692307692
2 0.484375 0.36177884615384615 0.06490384615384616 0.06610576923076923
2 0.40865384615384615 0.5072115384615384 0.03485576923076923 0.040865384615384616
2 0.10216346153846154 0.6923076923076923 0.1141826923076923 0.23677884615384615
2 0.15264423076923078 0.2692307692307692 0.06971153846153846 0.057692307692307696
2 0.8810096153846154 0.014423076923076924 0.055288461538461536 0.028846153846153848
2 0.8377403846153846 0.19471153846153846 0.014423076923076924 0.013221153846153846
2 0.5204326923076923 0.32572115384615385 0.025240384615384616 0.037259615384615384
2 0.5997596153846154 0.6358173076923077 0.019230769230769232 0.03245192307692308
2 0.8377403846153846 0.2824519230769231 0.04447115384615385 0.057692307692307696
2 0.3233173076923077 0.2608173076923077 0.12379807692307693 0.14783653846153846
2 0.43028846153846156 0.18509615384615385 0.037259615384615384 0.04807692307692308
2 0.46153846153846156 0.8377403846153846 0.18629807692307693 0.2403846153846154
2 0.23076923076923078 0.3389423076923077 0.10576923076923077 0.09975961538461539
2 0.9026442307692307 0.5600961538461539 0.1935096153846154 0.3870192307692308
2 0.33052884615384615 0.44471153846153844 0.12139423076923077 0.140625
