1 0.6454326923076923 0.125 0.03245192307692308 0.03245192307692308
1 0.4807692307692308 0.04447115384615385 0.004807692307692308 0.007211538461538462
1 0.06610576923076923 0.13581730769230768 0.008413461538461538 0.01201923076923077
0 0.6754807692307693 0.9807692307692307 0.04567307692307692 0.037259615384615384
2 0.734375 0.7512019230769231 0.04927884615384615 0.2644230769230769
2 0.7319711538461539 0.8209134615384616 0.22235576923076922 0.35697115384615385
1 0.265625 0.18990384615384615 0.016826923076923076 0.026442307692307692
1 0.47596153846153844 0.036057692307692304 0.004807692307692308 0.008413461538461538
1 0.5492788461538461 0.04447115384615385 0.006009615384615385 0.010817307692307692
1 0.5084134615384616 0.9771634615384616 0.04326923076923077 0.03245192307692308
1 0.6141826923076923 0.16947115384615385 0.02403846153846154 0.03125
0 0.625 0.5132211538461539 0.05889423076923077 0.11538461538461539
1 0.6574519230769231 0.7620192307692307 0.018028846153846152 0.02403846153846154
0 0.4483173076923077 0.31490384615384615 0.026442307692307692 0.019230769230769232
1 0.3786057692307692 0.19831730769230768 0.020432692307692308 0.021634615384615384
2 0.07211538461538461 0.8882211538461539 0.14423076923076922 0.1466346153846154
1 0.6382211538461539 0.9158653846153846 0.014423076923076924 0.030048076923076924
0 0.44591346153846156 0.10216346153846154 0.03485576923076923 0.027644230769230768
0 0.5240384615384616 0.13221153846153846 0.016826923076923076 0.030048076923076924
0 0.5060096153846154 0.5372596153846154 0.030048076923076924 0.039663461538461536
1 0.5709134615384616 0.765625 0.016826923076923076 0.019230769230769232
0 0.5540865384615384 0.24278846153846154 0.04447115384615385 0.054086538461538464
1 0.9555288461538461 0.8521634615384616 0.014423076923076924 0.010817307692307692
1 0.9927884615384616 0.49158653846153844 0.014423076923076924 0.030048076923076924
0 0.32211538461538464 0.38100961538461536 0.01201923076923077 0.01201923076923077
0 0.7043269230769231 0.4338942307692308 0.036057692307692304 0.03485576923076923
0 0.45552884615384615 0.39663461538461536 0.11899038461538461 0.13341346153846154
1 0.8725961538461539 0.6634615384615384 0.008413461538461538 0.007211538461538462
1 0.028846153846153848 0.19591346153846154 0.006009615384615385 0.003605769230769231
1 0.6754807692307693 0.8365384615384616 0.026442307692307692 0.02403846153846154
1 0.5673076923076923 0.054086538461538464 0.016826923076923076 0.019230769230769232
1 0.5132211538461539 0.08052884615384616 0.016826923076923076 0.027644230769230768
1 0.2932692307692308 0.22235576923076922 0.016826923076923076 0.018028846153846152
11 0.8353365384615384 0.16346153846153846 0.3245192307692308 0.3269230769230769
0 0.6213942307692307 0.37259615384615385 0.055288461538461536 0.109375
0 0.46153846153846156 0.18389423076923078 0.036057692307692304 0.027644230769230768
0 0.2920673076923077 0.1346153846153846 0.02403846153846154 0.02283653846153846
1 0.6682692307692307 0.014423076923076924 0.006009615384615385 0.009615384615384616
1 0.4411057692307692 0.04447115384615385 0.006009615384615385 0.006009615384615385
1 0.030048076923076924 0.18028846153846154 0.006009615384615385 0.009615384615384616
1 0.7752403846153846 0.6838942307692307 0.030048076923076924 0.05048076923076923
1 0.9158653846153846 0.7079326923076923 0.018028846153846152 0.025240384615384616
1 0.9182692307692307 0.5132211538461539 0.006009615384615385 0.009615384615384616
1 0.8762019230769231 0.6899038461538461 0.010817307692307692 0.01201923076923077
1 0.3173076923076923 0.7115384615384616 0.01201923076923077 0.013221153846153846
1 0.07091346153846154 0.19110576923076922 0.016826923076923076 0.019230769230769232
2 0.16346153846153846 0.5036057692307693 0.10697115384615384 0.04807692307692308
0 0.4110576923076923 0.14903846153846154 0.042067307692307696 0.06971153846153846
1 0.5324519230769231 0.5853365384615384 0.008413461538461538 0.01201923076923077
1 0.4639423076923077 0.057692307692307696 0.008413461538461538 0.008413461538461538
1 0.9254807692307693 0.8713942307692307 0.008413461538461538 0.01201923076923077
1 0.8641826923076923 0.765625 0.03125 0.030048076923076924
1 0.8822115384615384 0.7487980769230769 0.008413461538461538 0.009615384615384616
1 0.9338942307692307 0.4254807692307692 0.03125 0.03485576923076923
2 0.8125 0.47475961538461536 0.018028846153846152 0.1141826923076923
1 0.9302884615384616 0.3125 0.01201923076923077 0.019230769230769232
1 0.921875 0.3557692307692308 0.01201923076923077 0.01201923076923077
1 0.8990384615384616 0.34615384615384615 0.01201923076923077 0.013221153846153846
1 0.13822115384615385 0.18389423076923078 0.021634615384615384 0.020432692307692308
1 0.5576923076923077 0.5637019230769231 0.016826923076923076 0.019230769230769232
1 0.4519230769230769 0.7199519230769231 0.03485576923076923 0.04807692307692308
1 0.515625 0.8798076923076923 0.02403846153846154 0.025240384615384616
1 0.6322115384615384 0.8137019230769231 0.013221153846153846 0.016826923076923076
1 0.9771634615384616 0.33533653846153844 0.02403846153846154 0.03125
1 0.5528846153846154 0.078125 0.008413461538461538 0.009615384615384616
1 0.9471153846153846 0.7788461538461539 0.004807692307692308 0.010817307692307692
1 0.9050480769230769 0.49759615384615385 0.007211538461538462 0.006009615384615385
10 0.4807692307692308 0.39783653846153844 0.24879807692307693 0.2848557692307692
1 0.7115384615384616 0.40384615384615385 0.019230769230769232 0.026442307692307692
1 0.9146634615384616 0.5901442307692307 0.01201923076923077 0.015625
1 0.9038461538461539 0.3317307692307692 0.021634615384615384 0.015625
1 0.9002403846153846 0.9747596153846154 0.01201923076923077 0.018028846153846152
1 0.859375 0.5709134615384616 0.014423076923076924 0.014423076923076924
1 0.8689903846153846 0.7259615384615384 0.007211538461538462 0.01201923076923077
1 0.9074519230769231 0.9194711538461539 0.007211538461538462 0.010817307692307692
