2 0.8269230769230769 0.6382211538461539 0.02403846153846154 0.038461538461538464
2 0.5985576923076923 0.32091346153846156 0.08173076923076923 0.10817307692307693
2 0.9603365384615384 0.6634615384615384 0.07932692307692307 0.09615384615384616
2 0.359375 0.23798076923076922 0.0829326923076923 0.04567307692307692
2 0.3425480769230769 0.43149038461538464 0.016826923076923076 0.02283653846153846
2 0.5096153846153846 0.19831730769230768 0.014423076923076924 0.019230769230769232
2 0.2668269230769231 0.16706730769230768 0.057692307692307696 0.0829326923076923
2 0.21394230769230768 0.9591346153846154 0.06129807692307692 0.037259615384615384
2 0.15144230769230768 0.9543269230769231 0.0625 0.09134615384615384
2 0.47596153846153844 0.2247596153846154 0.014423076923076924 0.019230769230769232
2 0.8569711538461539 0.4423076923076923 0.08413461538461539 0.08533653846153846
2 0.140625 0.8004807692307693 0.020432692307692308 0.016826923076923076
2 0.4411057692307692 0.3088942307692308 0.018028846153846152 0.015625
2 0.30408653846153844 0.3762019230769231 0.04927884615384615 0.0733173076923077
2 0.3870192307692308 0.44591346153846156 0.027644230769230768 0.046875
2 0.3161057692307692 0.01201923076923077 0.040865384615384616 0.02403846153846154
2 0.2247596153846154 0.014423076923076924 0.04567307692307692 0.027644230769230768
2 0.13942307692307693 0.4423076923076923 0.03125 0.06610576923076923
2 0.078125 0.5516826923076923 0.027644230769230768 0.04326923076923077
2 0.22355769230769232 0.7980769230769231 0.1622596153846154 0.25841346153846156
2 0.06850961538461539 0.9387019230769231 0.13701923076923078 0.12139423076923077
2 0.4182692307692308 0.9483173076923077 0.09134615384615384 0.10336538461538461
2 0.5252403846153846 0.3245192307692308 0.05048076923076923 0.06009615384615385
2 0.375 0.6153846153846154 0.08413461538461539 0.2692307692307692
2 0.09014423076923077 0.16947115384615385 0.18028846153846154 0.3004807692307692
2 0.12259615384615384 0.8353365384615384 0.03485576923076923 0.036057692307692304
2 0.31971153846153844 0.8064903846153846 0.07932692307692307 0.10216346153846154
2 0.3004807692307692 0.734375 0.039663461538461536 0.055288461538461536
2 0.18269230769230768 0.5841346153846154 0.13581730769230768 0.10096153846153846
2 0.12379807692307693 0.025240384615384616 0.08173076923076923 0.05048076923076923
2 0.4411057692307692 0.10216346153846154 0.19831730769230768 0.20432692307692307
2 0.49399038461538464 0.9747596153846154 0.06610576923076923 0.05048076923076923
2 0.22596153846153846 0.14903846153846154 0.06129807692307692 0.10096153846153846
2 0.057692307692307696 0.5997596153846154 0.020432692307692308 0.036057692307692304
2 0.6213942307692307 0.1622596153846154 0.015625 0.016826923076923076
2 0.27884615384615385 0.4951923076923077 0.08774038461538461 0.12139423076923077
2 0.21754807692307693 0.06610576923076923 0.04807692307692308 0.03365384615384615
2 0.06850961538461539 0.44711538461538464 0.0889423076923077 0.11538461538461539
2 0.01201923076923077 0.5673076923076923 0.02403846153846154 0.03485576923076923
2 0.12139423076923077 0.7379807692307693 0.030048076923076924 0.05048076923076923
2 0.06129807692307692 0.7620192307692307 0.12259615384615384 0.23798076923076922
2 0.4651442307692308 0.2692307692307692 0.015625 0.02283653846153846
2 0.9326923076923077 0.31971153846153844 0.1346153846153846 0.3016826923076923
5 0.8966346153846154 0.7608173076923077 0.11538461538461539 0.16346153846153846
2 0.9242788461538461 0.5528846153846154 0.1502403846153846 0.12620192307692307
2 0.4891826923076923 0.31971153846153844 0.025240384615384616 0.04326923076923077
2 0.8185096153846154 0.046875 0.05889423076923077 0.08533653846153846
2 0.5552884615384616 0.1658653846153846 0.08413461538461539 0.14423076923076922
2 0.23317307692307693 0.390625 0.1466346153846154 0.2536057692307692
2 0.29086538461538464 0.5853365384615384 0.040865384615384616 0.078125
2 0.6262019230769231 0.20552884615384615 0.014423076923076924 0.014423076923076924
2 0.90625 0.8569711538461539 0.013221153846153846 0.018028846153846152
2 0.7788461538461539 0.04447115384615385 0.021634615384615384 0.039663461538461536
5 0.6610576923076923 0.05889423076923077 0.1971153846153846 0.11778846153846154
2 0.9663461538461539 0.96875 0.0673076923076923 0.0625
2 0.9387019230769231 0.8605769230769231 0.04807692307692308 0.04326923076923077
2 0.9759615384615384 0.7728365384615384 0.046875 0.14182692307692307
2 0.5685096153846154 0.9747596153846154 0.08173076923076923 0.05048076923076923
4 0.625 0.5 0.7475961538461539 1
5 0.5120192307692307 0.49278846153846156 0.2127403846153846 0.30649038461538464
5 0.546875 0.7415865384615384 0.09735576923076923 0.13701923076923078
2 0.5228365384615384 0.8665865384615384 0.15144230769230768 0.1141826923076923
2 0.6887019230769231 0.953125 0.06971153846153846 0.09254807692307693
5 0.19471153846153846 0.28966346153846156 0.07692307692307693 0.09735576923076923
2 0.8497596153846154 0.6286057692307693 0.027644230769230768 0.04567307692307692
2 0.6875 0.6165865384615384 0.21514423076923078 0.4230769230769231
2 0.6430288461538461 0.890625 0.09014423076923077 0.15865384615384615
2 0.8076923076923077 0.8533653846153846 0.17548076923076922 0.2932692307692308
2 0.71875 0.21634615384615385 0.15985576923076922 0.21394230769230768
