2 0.7199519230769231 0.5516826923076923 0.03485576923076923 0.04447115384615385
2 0.19591346153846154 0.1045673076923077 0.01201923076923077 0.013221153846153846
2 0.5480769230769231 0.046875 0.056490384615384616 0.037259615384615384
2 0.9711538461538461 0.1466346153846154 0.018028846153846152 0.025240384615384616
2 0.18269230769230768 0.9771634615384616 0.013221153846153846 0.018028846153846152
12 0.5 0.38100961538461536 0.9987980769230769 0.7548076923076923
2 0.13221153846153846 0.40865384615384615 0.019230769230769232 0.027644230769230768
2 0.47475961538461536 0.6262019230769231 0.02403846153846154 0.020432692307692308
2 0.3016826923076923 0.5144230769230769 0.08774038461538461 0.0733173076923077
2 0.25600961538461536 0.8701923076923077 0.028846153846153848 0.027644230769230768
2 0.06971153846153846 0.4050480769230769 0.014423076923076924 0.019230769230769232
2 0.5276442307692307 0.24639423076923078 0.016826923076923076 0.02283653846153846
2 0.038461538461538464 0.3425480769230769 0.008413461538461538 0.015625
2 0.484375 0.20072115384615385 0.019230769230769232 0.019230769230769232
2 0.19591346153846154 0.6983173076923077 0.014423076923076924 0.018028846153846152
2 0.19831730769230768 0.8112980769230769 0.05048076923076923 0.05889423076923077
2 0.056490384615384616 0.9050480769230769 0.009615384615384616 0.009615384615384616
2 0.4170673076923077 0.6454326923076923 0.014423076923076924 0.020432692307692308
2 0.22596153846153846 0.12620192307692307 0.014423076923076924 0.027644230769230768
2 0.7379807692307693 0.13942307692307693 0.018028846153846152 0.025240384615384616
2 0.15745192307692307 0.6430288461538461 0.026442307692307692 0.025240384615384616
2 0.6081730769230769 0.27403846153846156 0.010817307692307692 0.020432692307692308
2 0.3870192307692308 0.2932692307692308 0.013221153846153846 0.018028846153846152
2 0.4795673076923077 0.9747596153846154 0.03485576923076923 0.05048076923076923
2 0.5721153846153846 0.8473557692307693 0.016826923076923076 0.021634615384615384
2 0.49399038461538464 0.9194711538461539 0.016826923076923076 0.021634615384615384
2 0.19110576923076922 0.1658653846153846 0.01201923076923077 0.013221153846153846
2 0.6346153846153846 0.8882211538461539 0.021634615384615384 0.021634615384615384
2 0.11778846153846154 0.125 0.014423076923076924 0.02283653846153846
2 0.1466346153846154 0.8569711538461539 0.014423076923076924 0.015625
2 0.7620192307692307 0.44711538461538464 0.019230769230769232 0.016826923076923076
2 0.49278846153846156 0.6971153846153846 0.019230769230769232 0.030048076923076924
2 0.5877403846153846 0.5504807692307693 0.016826923076923076 0.027644230769230768
2 0.5120192307692307 0.359375 0.013221153846153846 0.015625
0 0.03485576923076923 0.6514423076923077 0.06850961538461539 0.14182692307692307
0 0.7932692307692307 0.9819711538461539 0.0625 0.036057692307692304
2 0.7259615384615384 0.21875 0.020432692307692308 0.018028846153846152
2 0.04447115384615385 0.009615384615384616 0.040865384615384616 0.019230769230769232
2 0.018028846153846152 0.5444711538461539 0.019230769230769232 0.02283653846153846
2 0.008413461538461538 0.9435096153846154 0.016826923076923076 0.02403846153846154
2 0.8353365384615384 0.609375 0.020432692307692308 0.018028846153846152
2 0.6947115384615384 0.2704326923076923 0.042067307692307696 0.0673076923076923
2 0.9375 0.7379807692307693 0.01201923076923077 0.019230769230769232
2 0.5721153846153846 0.11538461538461539 0.010817307692307692 0.016826923076923076
2 0.11778846153846154 0.890625 0.009615384615384616 0.019230769230769232
2 0.27163461538461536 0.6129807692307693 0.010817307692307692 0.019230769230769232
2 0.34134615384615385 0.3125 0.016826923076923076 0.019230769230769232
0 0.7163461538461539 0.8161057692307693 0.11778846153846154 0.12860576923076922
2 0.25721153846153844 0.41225961538461536 0.028846153846153848 0.03245192307692308
2 0.7536057692307693 0.6274038461538461 0.025240384615384616 0.03485576923076923
2 0.8473557692307693 0.6634615384615384 0.013221153846153846 0.021634615384615384
2 0.3112980769230769 0.3701923076923077 0.06850961538461539 0.051682692307692304
2 0.09134615384615384 0.8341346153846154 0.013221153846153846 0.020432692307692308
2 0.21875 0.4963942307692308 0.026442307692307692 0.03125
2 0.43509615384615385 0.22355769230769232 0.010817307692307692 0.016826923076923076
2 0.4266826923076923 0.8221153846153846 0.02403846153846154 0.03245192307692308
2 0.026442307692307692 0.7728365384615384 0.04567307692307692 0.051682692307692304
0 0.2668269230769231 0.9783653846153846 0.09615384615384616 0.04326923076923077
2 0.5132211538461539 0.8185096153846154 0.03485576923076923 0.04326923076923077
2 0.6382211538461539 0.8088942307692307 0.014423076923076924 0.018028846153846152
2 0.9002403846153846 0.4098557692307692 0.016826923076923076 0.02283653846153846
2 0.8569711538461539 0.8317307692307693 0.018028846153846152 0.019230769230769232
2 0.38461538461538464 0.6610576923076923 0.040865384615384616 0.025240384615384616
2 0.4387019230769231 0.3786057692307692 0.016826923076923076 0.014423076923076924
2 0.234375 0.6081730769230769 0.008413461538461538 0.01201923076923077
2 0.2932692307692308 0.7584134615384616 0.02403846153846154 0.027644230769230768
2 0.4483173076923077 0.9230769230769231 0.025240384615384616 0.02283653846153846
2 0.18509615384615385 0.8774038461538461 0.026442307692307692 0.025240384615384616
2 0.04567307692307692 0.9915865384615384 0.020432692307692308 0.016826923076923076
2 0.24278846153846154 0.7079326923076923 0.040865384615384616 0.040865384615384616
2 0.22716346153846154 0.5661057692307693 0.008413461538461538 0.015625
0 0.6850961538461539 0.9435096153846154 0.09134615384615384 0.07451923076923077
2 0.9278846153846154 0.5901442307692307 0.057692307692307696 0.06370192307692307
2 0.23918269230769232 0.055288461538461536 0.016826923076923076 0.025240384615384616
2 0.5769230769230769 0.18509615384615385 0.019230769230769232 0.021634615384615384
2 0.515625 0.8701923076923077 0.009615384615384616 0.01201923076923077
0 0.6514423076923077 0.6634615384615384 0.11057692307692307 0.10576923076923077
2 0.9915865384615384 0.6237980769230769 0.016826923076923076 0.014423076923076924
2 0.8882211538461539 0.9639423076923077 0.014423076923076924 0.02283653846153846
2 0.4699519230769231 0.5072115384615384 0.054086538461538464 0.07211538461538461
2 0.016826923076923076 0.9639423076923077 0.02403846153846154 0.02283653846153846
2 0.11658653846153846 0.78125 0.019230769230769232 0.025240384615384616
2 0.8990384615384616 0.7355769230769231 0.013221153846153846 0.019230769230769232
2 0.040865384615384616 0.8569711538461539 0.019230769230769232 0.019230769230769232
2 0.8954326923076923 0.859375 0.016826923076923076 0.015625
2 0.006009615384615385 0.8966346153846154 0.01201923076923077 0.038461538461538464
2 0.19951923076923078 0.6237980769230769 0.05048076923076923 0.038461538461538464
2 0.8786057692307693 0.8966346153846154 0.013221153846153846 0.016826923076923076
2 0.12139423076923077 0.265625 0.010817307692307692 0.015625
2 0.030048076923076924 0.9242788461538461 0.020432692307692308 0.028846153846153848
2 0.7355769230769231 0.36538461538461536 0.016826923076923076 0.021634615384615384
2 0.5408653846153846 0.5444711538461539 0.016826923076923076 0.018028846153846152
2 0.5757211538461539 0.9375 0.021634615384615384 0.015625
2 0.36538461538461536 0.27283653846153844 0.013221153846153846 0.013221153846153846
2 0.36658653846153844 0.8197115384615384 0.030048076923076924 0.11538461538461539
2 0.4026442307692308 0.7932692307692307 0.016826923076923076 0.025240384615384616
2 0.28125 0.7355769230769231 0.019230769230769232 0.021634615384615384
2 0.6430288461538461 0.7223557692307693 0.025240384615384616 0.02283653846153846
2 0.6430288461538461 0.9939903846153846 0.008413461538461538 0.01201923076923077
2 0.10336538461538461 0.5588942307692307 0.020432692307692308 0.025240384615384616
