2 0.8870192307692307 0.8617788461538461 0.055288461538461536 0.07211538461538461
2 0.12139423076923077 0.20552884615384615 0.07692307692307693 0.09254807692307693
2 0.31971153846153844 0.07451923076923077 0.1466346153846154 0.14783653846153846
0 0.025240384615384616 0.9867788461538461 0.040865384615384616 0.026442307692307692
2 0.19951923076923078 0.15625 0.054086538461538464 0.09495192307692307
2 0.9038461538461539 0.7740384615384616 0.08653846153846154 0.09254807692307693
12 0.5072115384615384 0.3317307692307692 0.9855769230769231 0.6634615384615384
2 0.171875 0.6826923076923077 0.07692307692307693 0.09735576923076923
0 0.5841346153846154 0.9711538461538461 0.14903846153846154 0.057692307692307696
0 0.32572115384615385 0.8473557692307693 0.27163461538461536 0.30408653846153844
2 0.15865384615384615 0.027644230769230768 0.1346153846153846 0.055288461538461536
0 0.5264423076923077 0.2536057692307692 0.29927884615384615 0.5060096153846154
0 0.05889423076923077 0.5997596153846154 0.11778846153846154 0.3245192307692308
2 0.31850961538461536 0.6382211538461539 0.12860576923076922 0.1310096153846154
2 0.5300480769230769 0.6382211538461539 0.046875 0.06370192307692307
2 0.9314903846153846 0.20673076923076922 0.02403846153846154 0.03365384615384615
2 0.7103365384615384 0.8497596153846154 0.3016826923076923 0.12860576923076922
2 0.7295673076923077 0.24639423076923078 0.5408653846153846 0.49278846153846156
2 0.9122596153846154 0.11298076923076923 0.026442307692307692 0.03125
