1 0.47596153846153844 0.4110576923076923 0.11538461538461539 0.10216346153846154
1 0.06129807692307692 0.36538461538461536 0.12139423076923077 0.078125
1 0.3137019230769231 0.9158653846153846 0.014423076923076924 0.027644230769230768
1 0.6117788461538461 0.5721153846153846 0.036057692307692304 0.07932692307692307
1 0.5853365384615384 0.7896634615384616 0.06009615384615385 0.08413461538461539
1 0.5745192307692307 0.3125 0.020432692307692308 0.03365384615384615
1 0.7427884615384616 0.7536057692307693 0.040865384615384616 0.05889423076923077
1 0.9543269230769231 0.9278846153846154 0.027644230769230768 0.05048076923076923
1 0.03485576923076923 0.8629807692307693 0.04567307692307692 0.08413461538461539
1 0.41346153846153844 0.39663461538461536 0.06490384615384616 0.04927884615384615
1 0.21634615384615385 0.01201923076923077 0.052884615384615384 0.02403846153846154
1 0.7740384615384616 0.6213942307692307 0.11778846153846154 0.07932692307692307
1 0.32211538461538464 0.5649038461538461 0.03485576923076923 0.028846153846153848
1 0.7740384615384616 0.2956730769230769 0.057692307692307696 0.06490384615384616
1 0.7043269230769231 0.9026442307692307 0.021634615384615384 0.04567307692307692
1 0.5625 0.7463942307692307 0.037259615384615384 0.05889423076923077
1 0.11057692307692307 0.48677884615384615 0.07211538461538461 0.09375
1 0.018028846153846152 0.27524038461538464 0.03485576923076923 0.09735576923076923
1 0.8257211538461539 0.25 0.028846153846153848 0.054086538461538464
1 0.6538461538461539 0.390625 0.055288461538461536 0.056490384615384616
1 0.4375 0.15264423076923078 0.04447115384615385 0.0733173076923077
1 0.6213942307692307 0.025240384615384616 0.038461538461538464 0.027644230769230768
1 0.578125 0.9110576923076923 0.08653846153846154 0.11538461538461539
1 0.24278846153846154 0.875 0.03245192307692308 0.051682692307692304
1 0.7836538461538461 0.23197115384615385 0.02403846153846154 0.026442307692307692
1 0.5084134615384616 0.8557692307692307 0.013221153846153846 0.019230769230769232
1 0.2848557692307692 0.8305288461538461 0.02403846153846154 0.03365384615384615
1 0.8557692307692307 0.9326923076923077 0.04567307692307692 0.051682692307692304
1 0.4495192307692308 0.9182692307692307 0.04567307692307692 0.040865384615384616
1 0.8233173076923077 0.09014423076923077 0.014423076923076924 0.019230769230769232
1 0.7572115384615384 0.1875 0.07692307692307693 0.056490384615384616
1 0.028846153846153848 0.052884615384615384 0.057692307692307696 0.09615384615384616
1 0.515625 0.06610576923076923 0.0829326923076923 0.06370192307692307
1 0.7355769230769231 0.7007211538461539 0.037259615384615384 0.042067307692307696
1 0.37740384615384615 0.17908653846153846 0.055288461538461536 0.06490384615384616
10 0.5 0.5793269230769231 1 0.28725961538461536
1 0.21153846153846154 0.7932692307692307 0.026442307692307692 0.054086538461538464
2 0.9483173076923077 0.24879807692307693 0.10336538461538461 0.27884615384615385
1 0.8197115384615384 0.38221153846153844 0.08653846153846154 0.08173076923076923
1 0.49278846153846156 0.2704326923076923 0.04927884615384615 0.042067307692307696
1 0.4026442307692308 0.3125 0.07692307692307693 0.10216346153846154
1 0.7235576923076923 0.296875 0.051682692307692304 0.07451923076923077
1 0.7848557692307693 0.7908653846153846 0.009615384615384616 0.02283653846153846
1 0.9254807692307693 0.9831730769230769 0.037259615384615384 0.03365384615384615
1 0.11658653846153846 0.2668269230769231 0.09014423076923077 0.08173076923076923
1 0.09014423076923077 0.9879807692307693 0.027644230769230768 0.02283653846153846
