0 0.1622596153846154 0.6358173076923077 0.03485576923076923 0.06610576923076923
1 0.47596153846153844 0.3317307692307692 0.016826923076923076 0.019230769230769232
1 0.36778846153846156 0.4026442307692308 0.01201923076923077 0.04326923076923077
0 0.5733173076923077 0.5985576923076923 0.08774038461538461 0.1045673076923077
0 0.5240384615384616 0.24158653846153846 0.07932692307692307 0.14423076923076922
0 0.578125 0.18269230769230768 0.08413461538461539 0.08173076923076923
1 0.17548076923076922 0.3076923076923077 0.019230769230769232 0.018028846153846152
0 0.6009615384615384 0.5132211538461539 0.09735576923076923 0.09735576923076923
0 0.6165865384615384 0.09014423076923077 0.056490384615384616 0.051682692307692304
0 0.5709134615384616 0.10096153846153846 0.038461538461538464 0.06370192307692307
0 0.5372596153846154 0.1045673076923077 0.056490384615384616 0.08173076923076923
0 0.6730769230769231 0.90625 0.04567307692307692 0.18629807692307693
1 0.23197115384615385 0.38461538461538464 0.019230769230769232 0.03125
3 0.5516826923076923 0.4855769230769231 0.5036057692307693 0.24519230769230768
0 0.19951923076923078 0.5588942307692307 0.06009615384615385 0.109375
1 0.2512019230769231 0.6838942307692307 0.014423076923076924 0.028846153846153848
0 0.6466346153846154 0.8605769230769231 0.03245192307692308 0.04447115384615385
1 0.10336538461538461 0.5817307692307693 0.019230769230769232 0.019230769230769232
0 0.18389423076923078 0.4026442307692308 0.025240384615384616 0.03245192307692308
0 0.5444711538461539 0.9423076923076923 0.0673076923076923 0.08413461538461539
0 0.49759615384615385 0.10576923076923077 0.030048076923076924 0.03365384615384615
0 0.59375 0.04567307692307692 0.07211538461538461 0.057692307692307696
1 0.24639423076923078 0.28365384615384615 0.016826923076923076 0.02403846153846154
0 0.13942307692307693 0.1814903846153846 0.03245192307692308 0.036057692307692304
5 0.8725961538461539 0.5 0.2548076923076923 1
0 0.6478365384615384 0.6899038461538461 0.09975961538461539 0.31850961538461536
0 0.20552884615384615 0.8954326923076923 0.09975961538461539 0.17427884615384615
0 0.23317307692307693 0.7584134615384616 0.021634615384615384 0.020432692307692308
0 0.7163461538461539 0.8689903846153846 0.06610576923076923 0.1622596153846154
0 0.6045673076923077 0.9375 0.08774038461538461 0.12379807692307693
1 0.07932692307692307 0.27884615384615385 0.021634615384615384 0.020432692307692308
1 0.34375 0.1310096153846154 0.018028846153846152 0.013221153846153846
1 0.5168269230769231 0.36177884615384615 0.010817307692307692 0.020432692307692308
1 0.2620192307692308 0.8052884615384616 0.030048076923076924 0.03365384615384615
0 0.5384615384615384 0.030048076923076924 0.0985576923076923 0.06009615384615385
1 0.1310096153846154 0.484375 0.016826923076923076 0.03485576923076923
0 0.5841346153846154 0.6778846153846154 0.054086538461538464 0.054086538461538464
0 0.5612980769230769 0.8329326923076923 0.08653846153846154 0.08173076923076923
0 0.18629807692307693 0.453125 0.027644230769230768 0.028846153846153848
0 0.7199519230769231 0.9723557692307693 0.06971153846153846 0.055288461538461536
0 0.6490384615384616 0.9747596153846154 0.04326923076923077 0.05048076923076923
0 0.5552884615384616 0.7668269230769231 0.06971153846153846 0.08173076923076923
0 0.45552884615384615 0.7920673076923077 0.20432692307692307 0.41586538461538464
0 0.5853365384615384 0.2824519230769231 0.0733173076923077 0.11298076923076923
0 0.5204326923076923 0.14783653846153846 0.05048076923076923 0.05889423076923077
0 0.609375 0.013221153846153846 0.05048076923076923 0.026442307692307692
1 0.02283653846153846 0.8088942307692307 0.019230769230769232 0.03365384615384615
1 0.25961538461538464 0.765625 0.019230769230769232 0.020432692307692308
1 0.39903846153846156 0.7908653846153846 0.02283653846153846 0.02283653846153846
1 0.30408653846153844 0.6670673076923077 0.027644230769230768 0.046875
1 0.5180288461538461 0.40625 0.019230769230769232 0.020432692307692308
0 0.6105769230769231 0.8557692307692307 0.054086538461538464 0.042067307692307696
0 0.7079326923076923 0.25 0.08413461538461539 0.24519230769230768
0 0.15504807692307693 0.12980769230769232 0.027644230769230768 0.027644230769230768
1 0.41947115384615385 0.10096153846153846 0.021634615384615384 0.020432692307692308
0 0.5865384615384616 0.734375 0.052884615384615384 0.054086538461538464
0 0.421875 0.19471153846153846 0.17427884615384615 0.3894230769230769
0 0.6129807692307693 0.14903846153846154 0.054086538461538464 0.0673076923076923
0 0.7115384615384616 0.07211538461538461 0.08413461538461539 0.14423076923076922
0 0.21394230769230768 0.6778846153846154 0.02403846153846154 0.027644230769230768
