1 0.09495192307692307 0.33413461538461536 0.04567307692307692 0.042067307692307696
1 0.36658653846153844 0.14783653846153846 0.037259615384615384 0.051682692307692304
1 0.7896634615384616 0.6983173076923077 0.03485576923076923 0.036057692307692304
1 0.8653846153846154 0.9591346153846154 0.08173076923076923 0.08173076923076923
1 0.3293269230769231 0.17548076923076922 0.013221153846153846 0.01201923076923077
1 0.7572115384615384 0.3762019230769231 0.06971153846153846 0.14423076923076922
1 0.8004807692307693 0.04567307692307692 0.008413461538461538 0.010817307692307692
1 0.4723557692307692 0.43028846153846156 0.038461538461538464 0.037259615384615384
1 0.39663461538461536 0.0733173076923077 0.020432692307692308 0.020432692307692308
1 0.8377403846153846 0.20793269230769232 0.08173076923076923 0.08653846153846154
1 0.22115384615384615 0.9098557692307693 0.02403846153846154 0.03245192307692308
1 0.5757211538461539 0.2776442307692308 0.014423076923076924 0.013221153846153846
1 0.41225961538461536 0.23798076923076922 0.010817307692307692 0.013221153846153846
1 0.31971153846153844 0.203125 0.03485576923076923 0.03125
1 0.055288461538461536 0.14543269230769232 0.016826923076923076 0.036057692307692304
1 0.296875 0.46875 0.055288461538461536 0.038461538461538464
1 0.0985576923076923 0.8954326923076923 0.04447115384615385 0.046875
1 0.7620192307692307 0.01201923076923077 0.009615384615384616 0.013221153846153846
1 0.9375 0.265625 0.027644230769230768 0.028846153846153848
1 0.484375 0.796875 0.019230769230769232 0.018028846153846152
1 0.5180288461538461 0.7980769230769231 0.03485576923076923 0.06490384615384616
1 0.47836538461538464 0.8305288461538461 0.016826923076923076 0.01201923076923077
2 0.3858173076923077 0.90625 0.056490384615384616 0.18629807692307693
1 0.5552884615384616 0.4254807692307692 0.009615384615384616 0.010817307692307692
1 0.47596153846153844 0.46634615384615385 0.03365384615384615 0.028846153846153848
1 0.1141826923076923 0.17067307692307693 0.019230769230769232 0.036057692307692304
1 0.25721153846153844 0.9903846153846154 0.03365384615384615 0.019230769230769232
1 0.7728365384615384 0.9771634615384616 0.040865384615384616 0.037259615384615384
1 0.5877403846153846 0.4699519230769231 0.009615384615384616 0.01201923076923077
1 0.375 0.2824519230769231 0.020432692307692308 0.02403846153846154
1 0.23798076923076922 0.019230769230769232 0.015625 0.016826923076923076
1 0.1045673076923077 0.4266826923076923 0.015625 0.03125
1 0.056490384615384616 0.5084134615384616 0.02403846153846154 0.03125
1 0.09375 0.2776442307692308 0.016826923076923076 0.020432692307692308
1 0.13822115384615385 0.5745192307692307 0.042067307692307696 0.08774038461538461
1 0.10096153846153846 0.71875 0.019230769230769232 0.02283653846153846
1 0.5721153846153846 0.734375 0.05048076923076923 0.04326923076923077
1 0.7475961538461539 0.8737980769230769 0.038461538461538464 0.03245192307692308
1 0.8954326923076923 0.5649038461538461 0.03485576923076923 0.026442307692307692
1 0.7764423076923077 0.9350961538461539 0.021634615384615384 0.016826923076923076
1 0.29447115384615385 0.23317307692307693 0.01201923076923077 0.014423076923076924
1 0.4519230769230769 0.3557692307692308 0.02283653846153846 0.03125
1 0.1971153846153846 0.055288461538461536 0.025240384615384616 0.030048076923076924
1 0.5144230769230769 0.22235576923076922 0.04927884615384615 0.08413461538461539
1 0.7632211538461539 0.1201923076923077 0.030048076923076924 0.018028846153846152
1 0.6959134615384616 0.08413461538461539 0.009615384615384616 0.013221153846153846
1 0.9651442307692307 0.28125 0.027644230769230768 0.038461538461538464
1 0.21754807692307693 0.3858173076923077 0.02403846153846154 0.05048076923076923
1 0.2127403846153846 0.009615384615384616 0.01201923076923077 0.014423076923076924
1 0.07091346153846154 0.4579326923076923 0.03125 0.04927884615384615
1 0.057692307692307696 0.24278846153846154 0.010817307692307692 0.014423076923076924
1 0.23076923076923078 0.8329326923076923 0.019230769230769232 0.03245192307692308
1 0.6310096153846154 0.7055288461538461 0.028846153846153848 0.04567307692307692
1 0.8870192307692307 0.13221153846153846 0.08413461538461539 0.0985576923076923
1 0.421875 0.010817307692307692 0.028846153846153848 0.021634615384615384
1 0.34615384615384615 0.18870192307692307 0.007211538461538462 0.009615384615384616
1 0.671875 0.030048076923076924 0.11057692307692307 0.06009615384615385
1 0.6634615384615384 0.5721153846153846 0.05048076923076923 0.055288461538461536
1 0.08052884615384616 0.5420673076923077 0.02403846153846154 0.030048076923076924
1 0.1778846153846154 0.6814903846153846 0.04807692307692308 0.05889423076923077
1 0.09495192307692307 0.7884615384615384 0.05048076923076923 0.037259615384615384
1 0.016826923076923076 0.7247596153846154 0.028846153846153848 0.03485576923076923
1 0.20072115384615385 0.9567307692307693 0.013221153846153846 0.016826923076923076
1 0.5877403846153846 0.8185096153846154 0.025240384615384616 0.04326923076923077
1 0.6911057692307693 0.8786057692307693 0.010817307692307692 0.01201923076923077
1 0.6526442307692307 0.4170673076923077 0.020432692307692308 0.027644230769230768
1 0.39302884615384615 0.24519230769230768 0.013221153846153846 0.014423076923076924
1 0.9194711538461539 0.3233173076923077 0.019230769230769232 0.03245192307692308
1 0.9651442307692307 0.109375 0.03245192307692308 0.03485576923076923
1 0.8533653846153846 0.03485576923076923 0.021634615384615384 0.021634615384615384
1 0.203125 0.2536057692307692 0.019230769230769232 0.04326923076923077
10 0.46274038461538464 0.41586538461538464 0.6622596153846154 0.4423076923076923
1 0.2620192307692308 0.9350961538461539 0.009615384615384616 0.01201923076923077
1 0.26322115384615385 0.41586538461538464 0.026442307692307692 0.054086538461538464
1 0.32091346153846156 0.5252403846153846 0.038461538461538464 0.04326923076923077
1 0.8569711538461539 0.4651442307692308 0.01201923076923077 0.016826923076923076
1 0.5793269230769231 0.8870192307692307 0.019230769230769232 0.014423076923076924
1 0.15264423076923078 0.9375 0.013221153846153846 0.016826923076923076
1 0.515625 0.47596153846153844 0.019230769230769232 0.027644230769230768
1 0.5012019230769231 0.7355769230769231 0.026442307692307692 0.03365384615384615
1 0.9819711538461539 0.6057692307692307 0.036057692307692304 0.1141826923076923
1 0.41586538461538464 0.19951923076923078 0.009615384615384616 0.010817307692307692
1 0.9362980769230769 0.4519230769230769 0.030048076923076924 0.03125
1 0.6911057692307693 0.4579326923076923 0.027644230769230768 0.026442307692307692
1 0.9423076923076923 0.9579326923076923 0.018028846153846152 0.021634615384615384
1 0.015625 0.5 0.02283653846153846 0.03365384615384615
1 0.6225961538461539 0.15384615384615385 0.015625 0.01201923076923077
1 0.037259615384615384 0.6286057692307693 0.03485576923076923 0.03245192307692308
1 0.6430288461538461 0.09615384615384616 0.04326923076923077 0.046875
1 0.22355769230769232 0.23317307692307693 0.027644230769230768 0.05048076923076923
1 0.6382211538461539 0.06370192307692307 0.007211538461538462 0.010817307692307692
1 0.7692307692307693 0.9158653846153846 0.015625 0.013221153846153846
1 0.9002403846153846 0.8509615384615384 0.038461538461538464 0.03245192307692308
1 0.26322115384615385 0.7608173076923077 0.01201923076923077 0.015625
1 0.9495192307692307 0.9278846153846154 0.025240384615384616 0.03125
1 0.640625 0.140625 0.015625 0.015625
1 0.6057692307692307 0.9723557692307693 0.02403846153846154 0.025240384615384616
1 0.037259615384615384 0.23798076923076922 0.021634615384615384 0.026442307692307692
