1 0.203125 0.8942307692307693 0.07211538461538461 0.10697115384615384
1 0.8858173076923077 0.5925480769230769 0.0829326923076923 0.09014423076923077
1 0.47115384615384615 0.5276442307692307 0.051682692307692304 0.08173076923076923
0 0.09735576923076923 0.23076923076923078 0.1935096153846154 0.46153846153846156
1 0.32211538461538464 0.09735576923076923 0.06610576923076923 0.04447115384615385
1 0.5144230769230769 0.15264423076923078 0.08173076923076923 0.08413461538461539
1 0.6274038461538461 0.6971153846153846 0.20192307692307693 0.48197115384615385
1 0.5348557692307693 0.8605769230769231 0.06971153846153846 0.10336538461538461
1 0.8353365384615384 0.9831730769230769 0.02403846153846154 0.03365384615384615
1 0.9146634615384616 0.8653846153846154 0.13221153846153846 0.109375
1 0.9771634615384616 0.23557692307692307 0.04567307692307692 0.04326923076923077
1 0.49759615384615385 0.03485576923076923 0.11538461538461539 0.06971153846153846
1 0.13221153846153846 0.7932692307692307 0.028846153846153848 0.03485576923076923
4 0.6694711538461539 0.5853365384615384 0.08774038461538461 0.12139423076923077
1 0.5925480769230769 0.46033653846153844 0.13221153846153846 0.08774038461538461
1 0.06490384615384616 0.6826923076923077 0.10817307692307693 0.19831730769230768
1 0.8173076923076923 0.24278846153846154 0.2704326923076923 0.23197115384615385
3 0.4639423076923077 0.5 0.5144230769230769 1
1 0.9387019230769231 0.359375 0.0889423076923077 0.11057692307692307
1 0.6814903846153846 0.39302884615384615 0.030048076923076924 0.027644230769230768
1 0.9399038461538461 0.4963942307692308 0.09014423076923077 0.11177884615384616
1 0.44350961538461536 0.9783653846153846 0.056490384615384616 0.03485576923076923
1 0.8954326923076923 0.9831730769230769 0.04447115384615385 0.03365384615384615
1 0.8197115384615384 0.6826923076923077 0.020432692307692308 0.03125
1 0.9014423076923077 0.7319711538461539 0.04807692307692308 0.12860576923076922
1 0.3161057692307692 0.1814903846153846 0.025240384615384616 0.027644230769230768
1 0.12620192307692307 0.9819711538461539 0.040865384615384616 0.03485576923076923
1 0.8653846153846154 0.43990384615384615 0.09975961538461539 0.1201923076923077
1 0.45913461538461536 0.9206730769230769 0.021634615384615384 0.05048076923076923
1 0.8389423076923077 0.6514423076923077 0.02403846153846154 0.027644230769230768
