2 0.3918269230769231 0.9338942307692307 0.05889423076923077 0.05048076923076923
2 0.026442307692307692 0.6298076923076923 0.052884615384615384 0.07692307692307693
2 0.07692307692307693 0.7572115384615384 0.040865384615384616 0.03485576923076923
2 0.3076923076923077 0.8701923076923077 0.06971153846153846 0.07451923076923077
2 0.9675480769230769 0.7872596153846154 0.030048076923076924 0.021634615384615384
2 0.10697115384615384 0.5336538461538461 0.014423076923076924 0.026442307692307692
5 0.8197115384615384 0.6310096153846154 0.037259615384615384 0.046875
5 0.6201923076923077 0.3954326923076923 0.06490384615384616 0.08052884615384616
2 0.8257211538461539 0.11298076923076923 0.04447115384615385 0.05048076923076923
2 0.21754807692307693 0.6129807692307693 0.03485576923076923 0.04326923076923077
2 0.22115384615384615 0.2824519230769231 0.055288461538461536 0.09014423076923077
2 0.5048076923076923 0.14423076923076922 0.042067307692307696 0.051682692307692304
2 0.7836538461538461 0.20072115384615385 0.01201923076923077 0.018028846153846152
2 0.9314903846153846 0.09375 0.006009615384615385 0.01201923076923077
2 0.6358173076923077 0.9543269230769231 0.027644230769230768 0.051682692307692304
2 0.2091346153846154 0.7908653846153846 0.009615384615384616 0.018028846153846152
2 0.39903846153846156 0.4543269230769231 0.02403846153846154 0.014423076923076924
2 0.9639423076923077 0.07451923076923077 0.03125 0.04326923076923077
2 0.7824519230769231 0.2620192307692308 0.016826923076923076 0.02403846153846154
2 0.6382211538461539 0.019230769230769232 0.027644230769230768 0.03365384615384615
2 0.33413461538461536 0.4807692307692308 0.016826923076923076 0.019230769230769232
2 0.4723557692307692 0.35697115384615385 0.009615384615384616 0.04807692307692308
2 0.2548076923076923 0.3545673076923077 0.009615384615384616 0.016826923076923076
2 0.41346153846153844 0.5120192307692307 0.056490384615384616 0.06850961538461539
2 0.7740384615384616 0.15264423076923078 0.025240384615384616 0.028846153846153848
2 0.8605769230769231 0.10096153846153846 0.018028846153846152 0.021634615384615384
2 0.6225961538461539 0.5637019230769231 0.025240384615384616 0.04326923076923077
2 0.5793269230769231 0.5516826923076923 0.01201923076923077 0.013221153846153846
2 0.453125 0.4855769230769231 0.04326923076923077 0.04326923076923077
2 0.45552884615384615 0.28846153846153844 0.05048076923076923 0.06610576923076923
3 0.40865384615384615 0.11298076923076923 0.07091346153846154 0.16105769230769232
5 0.6466346153846154 0.17067307692307693 0.04807692307692308 0.0673076923076923
5 0.7956730769230769 0.3786057692307692 0.06370192307692307 0.09375
5 0.7151442307692307 0.05889423076923077 0.06971153846153846 0.08173076923076923
3 0.671875 0.7067307692307693 0.13942307692307693 0.1346153846153846
2 0.9975961538461539 0.9615384615384616 0.003605769230769231 0.019230769230769232
2 0.9951923076923077 0.9387019230769231 0.009615384615384616 0.014423076923076924
2 0.9002403846153846 0.8822115384615384 0.010817307692307692 0.008413461538461538
2 0.24278846153846154 0.5877403846153846 0.01201923076923077 0.010817307692307692
2 0.15625 0.6947115384615384 0.030048076923076924 0.046875
2 0.4338942307692308 0.9627403846153846 0.027644230769230768 0.03485576923076923
2 0.10216346153846154 0.8052884615384616 0.014423076923076924 0.028846153846153848
2 0.296875 0.7776442307692307 0.02403846153846154 0.04326923076923077
2 0.24158653846153846 0.015625 0.056490384615384616 0.030048076923076924
2 0.5348557692307693 0.3137019230769231 0.019230769230769232 0.013221153846153846
4 0.5012019230769231 0.515625 0.9963942307692307 0.29447115384615385
2 0.21875 0.16826923076923078 0.021634615384615384 0.03365384615384615
2 0.5192307692307693 0.3858173076923077 0.03485576923076923 0.04807692307692308
2 0.6514423076923077 0.24639423076923078 0.02403846153846154 0.030048076923076924
2 0.4206730769230769 0.4387019230769231 0.01201923076923077 0.019230769230769232
2 0.36778846153846156 0.9855769230769231 0.018028846153846152 0.015625
2 0.46875 0.42427884615384615 0.026442307692307692 0.056490384615384616
2 0.7704326923076923 0.9783653846153846 0.046875 0.04326923076923077
2 0.5793269230769231 0.3557692307692308 0.03365384615384615 0.051682692307692304
2 0.9603365384615384 0.34975961538461536 0.03245192307692308 0.040865384615384616
2 0.84375 0.38221153846153844 0.027644230769230768 0.04326923076923077
2 0.28846153846153844 0.38461538461538464 0.007211538461538462 0.010817307692307692
2 0.28846153846153844 0.265625 0.02283653846153846 0.046875
2 0.9759615384615384 0.40024038461538464 0.04807692307692308 0.057692307692307696
2 0.12259615384615384 0.7427884615384616 0.04447115384615385 0.056490384615384616
2 0.16706730769230768 0.4387019230769231 0.036057692307692304 0.04326923076923077
2 0.16346153846153846 0.875 0.03485576923076923 0.027644230769230768
2 0.15264423076923078 0.515625 0.021634615384615384 0.026442307692307692
2 0.3701923076923077 0.39663461538461536 0.0673076923076923 0.07211538461538461
2 0.6069711538461539 0.5132211538461539 0.030048076923076924 0.04927884615384615
2 0.6646634615384616 0.5817307692307693 0.025240384615384616 0.027644230769230768
2 0.9206730769230769 0.7884615384615384 0.046875 0.03125
2 0.078125 0.5120192307692307 0.007211538461538462 0.019230769230769232
2 0.026442307692307692 0.7091346153846154 0.038461538461538464 0.028846153846153848
2 0.8810096153846154 0.7427884615384616 0.027644230769230768 0.04927884615384615
2 0.3641826923076923 0.7692307692307693 0.06370192307692307 0.038461538461538464
2 0.6069711538461539 0.9567307692307693 0.03125 0.05889423076923077
2 0.8461538461538461 0.515625 0.027644230769230768 0.02403846153846154
2 0.8389423076923077 0.4807692307692308 0.010817307692307692 0.015625
2 0.47475961538461536 0.06129807692307692 0.14783653846153846 0.12259615384615384
2 0.4807692307692308 0.9543269230769231 0.04567307692307692 0.06850961538461539
2 0.9663461538461539 0.29927884615384615 0.02283653846153846 0.038461538461538464
2 0.2668269230769231 0.4098557692307692 0.004807692307692308 0.007211538461538462
2 0.06971153846153846 0.8629807692307693 0.03365384615384615 0.02403846153846154
2 0.3112980769230769 0.7331730769230769 0.03485576923076923 0.051682692307692304
5 0.7716346153846154 0.4338942307692308 0.1310096153846154 0.13942307692307693
5 0.9266826923076923 0.9483173076923077 0.037259615384615384 0.042067307692307696
2 0.21634615384615385 0.5757211538461539 0.028846153846153848 0.016826923076923076
2 0.9423076923076923 0.8040865384615384 0.008413461538461538 0.01201923076923077
2 0.06129807692307692 0.21995192307692307 0.020432692307692308 0.025240384615384616
2 0.9302884615384616 0.4098557692307692 0.04567307692307692 0.06610576923076923
2 0.10576923076923077 0.5673076923076923 0.015625 0.030048076923076924
2 0.9507211538461539 0.9483173076923077 0.009615384615384616 0.018028846153846152
2 0.2764423076923077 0.5949519230769231 0.05048076923076923 0.08173076923076923
2 0.8665865384615384 0.84375 0.015625 0.020432692307692308
2 0.609375 0.9939903846153846 0.016826923076923076 0.01201923076923077
2 0.41586538461538464 0.6129807692307693 0.040865384615384616 0.046875
2 0.2980769230769231 0.040865384615384616 0.019230769230769232 0.026442307692307692
2 0.039663461538461536 0.17427884615384615 0.021634615384615384 0.018028846153846152
2 0.21875 0.4567307692307692 0.021634615384615384 0.019230769230769232
2 0.9507211538461539 0.4699519230769231 0.018028846153846152 0.020432692307692308
2 0.8653846153846154 0.4879807692307692 0.019230769230769232 0.03125
2 0.8269230769230769 0.44471153846153844 0.021634615384615384 0.019230769230769232
2 0.9663461538461539 0.6754807692307693 0.037259615384615384 0.027644230769230768
2 0.8822115384615384 0.671875 0.07932692307692307 0.06129807692307692
2 0.0733173076923077 0.5973557692307693 0.0625 0.08533653846153846
2 0.9290865384615384 0.484375 0.026442307692307692 0.03365384615384615
2 0.6454326923076923 0.8653846153846154 0.009615384615384616 0.015625
2 0.7247596153846154 0.8822115384615384 0.01201923076923077 0.02283653846153846
2 0.35216346153846156 0.04326923076923077 0.10096153846153846 0.08533653846153846
5 0.20552884615384615 0.5384615384615384 0.04567307692307692 0.05889423076923077
2 0.1045673076923077 0.9134615384615384 0.018028846153846152 0.02403846153846154
2 0.8653846153846154 0.23197115384615385 0.03245192307692308 0.056490384615384616
2 0.8245192307692307 0.6682692307692307 0.016826923076923076 0.02283653846153846
2 0.8533653846153846 0.4362980769230769 0.038461538461538464 0.046875
2 0.7115384615384616 0.7067307692307693 0.025240384615384616 0.025240384615384616
2 0.1201923076923077 0.18269230769230768 0.12139423076923077 0.1658653846153846
2 0.09254807692307693 0.3004807692307692 0.08653846153846154 0.08052884615384616
2 0.27163461538461536 0.8112980769230769 0.01201923076923077 0.015625
2 0.11778846153846154 0.8786057692307693 0.020432692307692308 0.014423076923076924
2 0.1201923076923077 0.9783653846153846 0.04326923076923077 0.04326923076923077
2 0.5973557692307693 0.6875 0.021634615384615384 0.03365384615384615
2 0.5829326923076923 0.6490384615384616 0.03485576923076923 0.027644230769230768
2 0.6995192307692307 0.9627403846153846 0.06850961538461539 0.07451923076923077
2 0.8557692307692307 0.35216346153846156 0.014423076923076924 0.01201923076923077
2 0.9026442307692307 0.3762019230769231 0.019230769230769232 0.015625
2 0.8858173076923077 0.35697115384615385 0.014423076923076924 0.027644230769230768
2 0.875 0.2668269230769231 0.040865384615384616 0.027644230769230768
2 0.16346153846153846 0.03485576923076923 0.052884615384615384 0.04567307692307692
2 0.5480769230769231 0.7524038461538461 0.04807692307692308 0.04567307692307692
2 0.4723557692307692 0.7103365384615384 0.10336538461538461 0.16947115384615385
2 0.9819711538461539 0.10216346153846154 0.009615384615384616 0.014423076923076924
2 0.8774038461538461 0.21153846153846154 0.013221153846153846 0.018028846153846152
2 0.640625 0.8365384615384616 0.016826923076923076 0.016826923076923076
2 0.9879807692307693 0.6442307692307693 0.02403846153846154 0.04326923076923077
2 0.7608173076923077 0.8942307692307693 0.056490384615384616 0.07091346153846154
2 0.7463942307692307 0.7067307692307693 0.018028846153846152 0.021634615384615384
2 0.9254807692307693 0.30408653846153844 0.015625 0.01201923076923077
2 0.3545673076923077 0.29086538461538464 0.10697115384615384 0.11778846153846154
2 0.5012019230769231 0.1935096153846154 0.03125 0.03485576923076923
2 0.13221153846153846 0.021634615384615384 0.016826923076923076 0.038461538461538464
2 0.17548076923076922 0.37740384615384615 0.11899038461538461 0.12620192307692307
2 0.018028846153846152 0.30528846153846156 0.016826923076923076 0.018028846153846152
2 0.5108173076923077 0.875 0.11298076923076923 0.08774038461538461
2 0.8677884615384616 0.6141826923076923 0.03125 0.055288461538461536
2 0.8401442307692307 0.7680288461538461 0.009615384615384616 0.01201923076923077
2 0.7355769230769231 0.8389423076923077 0.018028846153846152 0.019230769230769232
2 0.9603365384615384 0.4110576923076923 0.009615384615384616 0.013221153846153846
2 0.8004807692307693 0.6899038461538461 0.020432692307692308 0.01201923076923077
2 0.028846153846153848 0.36899038461538464 0.04567307692307692 0.04447115384615385
2 0.5240384615384616 0.6911057692307693 0.020432692307692308 0.020432692307692308
2 0.8137019230769231 0.42427884615384615 0.014423076923076924 0.01201923076923077
2 0.2247596153846154 0.921875 0.05889423076923077 0.08173076923076923
2 0.46033653846153844 0.22115384615384615 0.014423076923076924 0.018028846153846152
2 0.028846153846153848 0.33413461538461536 0.01201923076923077 0.018028846153846152
2 0.2536057692307692 0.8088942307692307 0.020432692307692308 0.026442307692307692
2 0.5877403846153846 0.9134615384615384 0.06610576923076923 0.0673076923076923
2 0.6802884615384616 0.84375 0.014423076923076924 0.015625
2 0.7788461538461539 0.6442307692307693 0.036057692307692304 0.051682692307692304
2 0.5817307692307693 0.9915865384615384 0.027644230769230768 0.016826923076923076
2 0.33774038461538464 0.5877403846153846 0.05048076923076923 0.08052884615384616
2 0.3701923076923077 0.6766826923076923 0.10817307692307693 0.09615384615384616
2 0.5685096153846154 0.6935096153846154 0.036057692307692304 0.03485576923076923
2 0.9326923076923077 0.703125 0.039663461538461536 0.03245192307692308
2 0.9399038461538461 0.19591346153846154 0.1201923076923077 0.18269230769230768
2 0.19471153846153846 0.8317307692307693 0.0625 0.046875
2 0.90625 0.6213942307692307 0.008413461538461538 0.03485576923076923
2 0.5336538461538461 0.34375 0.020432692307692308 0.020432692307692308
2 0.24278846153846154 0.0625 0.038461538461538464 0.0625
2 0.9302884615384616 0.44711538461538464 0.014423076923076924 0.01201923076923077
2 0.41947115384615385 0.34375 0.030048076923076924 0.038461538461538464
2 0.8233173076923077 0.21995192307692307 0.04807692307692308 0.078125
5 0.7115384615384616 0.15264423076923078 0.025240384615384616 0.028846153846153848
2 0.5540865384615384 0.013221153846153846 0.016826923076923076 0.026442307692307692
2 0.9879807692307693 0.8737980769230769 0.02403846153846154 0.07451923076923077
2 0.3713942307692308 0.4699519230769231 0.02403846153846154 0.03485576923076923
2 0.2860576923076923 0.484375 0.039663461538461536 0.03485576923076923
5 0.04567307692307692 0.11298076923076923 0.09134615384615384 0.08653846153846154
2 0.9338942307692307 0.9759615384615384 0.01201923076923077 0.013221153846153846
2 0.8677884615384616 0.9254807692307693 0.020432692307692308 0.025240384615384616
2 0.8257211538461539 0.9699519230769231 0.018028846153846152 0.042067307692307696
2 0.9122596153846154 0.8245192307692307 0.030048076923076924 0.042067307692307696
2 0.037259615384615384 0.7872596153846154 0.039663461538461536 0.046875
2 0.009615384615384616 0.5384615384615384 0.007211538461538462 0.01201923076923077
2 0.8413461538461539 0.8713942307692307 0.015625 0.018028846153846152
2 0.5685096153846154 0.4050480769230769 0.020432692307692308 0.019230769230769232
2 0.13581730769230768 0.6117788461538461 0.042067307692307696 0.036057692307692304
2 0.5697115384615384 0.46033653846153844 0.05889423076923077 0.06490384615384616
2 0.9975961538461539 0.0733173076923077 0.003605769230769231 0.010817307692307692
2 0.5997596153846154 0.03365384615384615 0.025240384615384616 0.0625
2 0.16346153846153846 0.6538461538461539 0.026442307692307692 0.027644230769230768
2 0.6358173076923077 0.31971153846153844 0.06129807692307692 0.07211538461538461
2 0.8209134615384616 0.013221153846153846 0.026442307692307692 0.026442307692307692
2 0.8353365384615384 0.9074519230769231 0.014423076923076924 0.026442307692307692
2 0.9002403846153846 0.9819711538461539 0.026442307692307692 0.036057692307692304
2 0.16346153846153846 0.7884615384615384 0.025240384615384616 0.03365384615384615
2 0.9002403846153846 0.08173076923076923 0.007211538461538462 0.008413461538461538
2 0.796875 0.5084134615384616 0.03245192307692308 0.021634615384615384
5 0.5889423076923077 0.8149038461538461 0.04927884615384615 0.06610576923076923
5 0.1658653846153846 0.09975961538461539 0.052884615384615384 0.07091346153846154
2 0.7608173076923077 0.0889423076923077 0.04326923076923077 0.09014423076923077
2 0.7259615384615384 0.2800480769230769 0.030048076923076924 0.027644230769230768
2 0.9723557692307693 0.9915865384615384 0.055288461538461536 0.016826923076923076
2 0.8149038461538461 0.7884615384615384 0.01201923076923077 0.019230769230769232
2 0.6754807692307693 0.04567307692307692 0.046875 0.08533653846153846
2 0.5600961538461539 0.06129807692307692 0.03125 0.06490384615384616
2 0.5769230769230769 0.140625 0.016826923076923076 0.02283653846153846
2 0.6394230769230769 0.0673076923076923 0.03125 0.030048076923076924
2 0.8629807692307693 0.027644230769230768 0.06850961538461539 0.054086538461538464
2 0.7475961538461539 0.15504807692307693 0.02403846153846154 0.04567307692307692
2 0.8701923076923077 0.17548076923076922 0.009615384615384616 0.014423076923076924
2 0.9266826923076923 0.8641826923076923 0.008413461538461538 0.030048076923076924
5 0.6382211538461539 0.46875 0.051682692307692304 0.05889423076923077
2 0.8918269230769231 0.9254807692307693 0.039663461538461536 0.0733173076923077
5 0.04807692307692308 0.9350961538461539 0.09615384615384616 0.12980769230769232
5 0.171875 0.23197115384615385 0.06370192307692307 0.09735576923076923
2 0.22115384615384615 0.7307692307692307 0.06971153846153846 0.046875
2 0.9038461538461539 0.8545673076923077 0.019230769230769232 0.027644230769230768
2 0.6682692307692307 0.09735576923076923 0.03485576923076923 0.025240384615384616
2 0.5853365384615384 0.5805288461538461 0.038461538461538464 0.027644230769230768
5 0.7307692307692307 0.11778846153846154 0.03245192307692308 0.04927884615384615
2 0.8293269230769231 0.16466346153846154 0.055288461538461536 0.05048076923076923
2 0.9350961538461539 0.042067307692307696 0.07692307692307693 0.0829326923076923
2 0.9519230769230769 0.8653846153846154 0.051682692307692304 0.09615384615384616
2 0.6971153846153846 0.12139423076923077 0.04927884615384615 0.06370192307692307
