2 0.44591346153846156 0.16947115384615385 0.03485576923076923 0.04447115384615385
5 0.5661057692307693 0.5276442307692307 0.16826923076923078 0.18389423076923078
2 0.24639423076923078 0.6322115384615384 0.06490384615384616 0.109375
2 0.04567307692307692 0.9411057692307693 0.09134615384615384 0.09975961538461539
2 0.038461538461538464 0.06610576923076923 0.027644230769230768 0.04447115384615385
2 0.23197115384615385 0.28125 0.019230769230769232 0.03245192307692308
2 0.0673076923076923 0.3004807692307692 0.1346153846153846 0.421875
2 0.010817307692307692 0.6129807692307693 0.021634615384615384 0.0985576923076923
2 0.515625 0.5252403846153846 0.36538461538461536 0.3293269230769231
2 0.5564903846153846 0.8125 0.34615384615384615 0.35216346153846156
2 0.8377403846153846 0.38461538461538464 0.13221153846153846 0.18028846153846154
2 0.15985576923076922 0.7067307692307693 0.12139423076923077 0.2620192307692308
12 0.5096153846153846 0.3269230769230769 0.9807692307692307 0.6526442307692307
5 0.6790865384615384 0.9411057692307693 0.1935096153846154 0.11658653846153846
5 0.9387019230769231 0.8004807692307693 0.12259615384615384 0.24519230769230768
2 0.28365384615384615 0.8954326923076923 0.20673076923076922 0.20793269230769232
2 0.4074519230769231 0.0733173076923077 0.11298076923076923 0.13341346153846154
5 0.9627403846153846 0.33774038461538464 0.07451923076923077 0.2932692307692308
5 0.2776442307692308 0.47716346153846156 0.125 0.15745192307692307
2 0.3870192307692308 0.3401442307692308 0.09254807692307693 0.17548076923076922
2 0.8317307692307693 0.7512019230769231 0.33653846153846156 0.4963942307692308
2 0.8942307692307693 0.1466346153846154 0.21153846153846154 0.2932692307692308
2 0.6754807692307693 0.19230769230769232 0.22956730769230768 0.34134615384615385
2 0.14182692307692307 0.18028846153846154 0.10817307692307693 0.13581730769230768
2 0.109375 0.9675480769230769 0.014423076923076924 0.040865384615384616
2 0.25841346153846156 0.04447115384615385 0.13701923076923078 0.0889423076923077
2 0.35096153846153844 0.6706730769230769 0.13581730769230768 0.21754807692307693
2 0.5264423076923077 0.0625 0.057692307692307696 0.125
