2 0.6129807692307693 0.5180288461538461 0.08173076923076923 0.10817307692307693
2 0.35216346153846156 0.7620192307692307 0.055288461538461536 0.07091346153846154
2 0.1875 0.53125 0.038461538461538464 0.1310096153846154
2 0.3786057692307692 0.8449519230769231 0.025240384615384616 0.03245192307692308
2 0.22956730769230768 0.6526442307692307 0.09975961538461539 0.08173076923076923
2 0.9050480769230769 0.5036057692307693 0.016826923076923076 0.025240384615384616
5 0.9110576923076923 0.2608173076923077 0.1778846153846154 0.24158653846153846
2 0.4639423076923077 0.21875 0.05889423076923077 0.06009615384615385
2 0.44471153846153844 0.28725961538461536 0.025240384615384616 0.03245192307692308
2 0.5925480769230769 0.12139423076923077 0.08052884615384616 0.078125
2 0.7560096153846154 0.9747596153846154 0.109375 0.05048076923076923
2 0.9098557692307693 0.8653846153846154 0.12379807692307693 0.14903846153846154
4 0.34375 0.5 0.6875 1
2 0.25961538461538464 0.8701923076923077 0.06850961538461539 0.08173076923076923
2 0.9110576923076923 0.9711538461538461 0.1778846153846154 0.057692307692307696
2 0.7427884615384616 0.7788461538461539 0.13221153846153846 0.19831730769230768
2 0.9927884615384616 0.5709134615384616 0.013221153846153846 0.04326923076923077
2 0.9663461538461539 0.4963942307692308 0.03245192307692308 0.04326923076923077
2 0.47836538461538464 0.09375 0.05889423076923077 0.0673076923076923
2 0.4723557692307692 0.29447115384615385 0.015625 0.030048076923076924
2 0.9615384615384616 0.5985576923076923 0.04927884615384615 0.11298076923076923
2 0.29447115384615385 0.040865384615384616 0.140625 0.08173076923076923
2 0.47716346153846156 0.7572115384615384 0.12620192307692307 0.2536057692307692
2 0.21754807692307693 0.9471153846153846 0.06009615384615385 0.10576923076923077
2 0.009615384615384616 0.9555288461538461 0.019230769230769232 0.0889423076923077
2 0.7043269230769231 0.5769230769230769 0.0985576923076923 0.25841346153846156
2 0.4098557692307692 0.20432692307692307 0.021634615384615384 0.027644230769230768
2 0.8100961538461539 0.8629807692307693 0.046875 0.08653846153846154
2 0.6790865384615384 0.8713942307692307 0.06971153846153846 0.10576923076923077
2 0.1346153846153846 0.3329326923076923 0.2692307692307692 0.4014423076923077
2 0.43509615384615385 0.030048076923076924 0.12860576923076922 0.05889423076923077
5 0.09134615384615384 0.6237980769230769 0.18269230769230768 0.4387019230769231
2 0.9795673076923077 0.4254807692307692 0.021634615384615384 0.026442307692307692
2 0.8737980769230769 0.4723557692307692 0.056490384615384616 0.08173076923076923
2 0.9050480769230769 0.08774038461538461 0.18870192307692307 0.17548076923076922
2 0.22355769230769232 0.7680288461538461 0.04326923076923077 0.046875
2 0.6129807692307693 0.6346153846153846 0.08173076923076923 0.11538461538461539
2 0.8413461538461539 0.6382211538461539 0.14423076923076922 0.23677884615384615
2 0.3641826923076923 0.09735576923076923 0.056490384615384616 0.06971153846153846
2 0.43509615384615385 0.9338942307692307 0.2127403846153846 0.1310096153846154
2 0.7992788461538461 0.13822115384615385 0.04807692307692308 0.13581730769230768
2 0.9435096153846154 0.40865384615384615 0.05889423076923077 0.06610576923076923
2 0.6598557692307693 0.3545673076923077 0.0985576923076923 0.19471153846153846
2 0.7211538461538461 0.14423076923076922 0.1778846153846154 0.28725961538461536
