2 0.8605769230769231 0.42788461538461536 0.040865384615384616 0.057692307692307696
2 0.12139423076923077 0.4519230769230769 0.055288461538461536 0.09375
2 0.49759615384615385 0.7572115384615384 0.038461538461538464 0.0625
2 0.8822115384615384 0.703125 0.027644230769230768 0.037259615384615384
2 0.6634615384615384 0.7367788461538461 0.078125 0.06129807692307692
2 0.5024038461538461 0.8401442307692307 0.04326923076923077 0.07091346153846154
2 0.3641826923076923 0.8653846153846154 0.1814903846153846 0.2692307692307692
12 0.3329326923076923 0.43509615384615385 0.6658653846153846 0.8701923076923077
9 0.24278846153846154 0.28125 0.4182692307692308 0.5625
9 0.4699519230769231 0.4675480769230769 0.06971153846153846 0.09975961538461539
2 0.6334134615384616 0.2644230769230769 0.08653846153846154 0.12860576923076922
2 0.6574519230769231 0.5336538461538461 0.19110576923076922 0.25600961538461536
2 0.8064903846153846 0.5216346153846154 0.056490384615384616 0.09375
9 0.5733173076923077 0.96875 0.09014423076923077 0.06129807692307692
2 0.5444711538461539 0.0889423076923077 0.052884615384615384 0.08413461538461539
2 0.8677884615384616 0.9747596153846154 0.030048076923076924 0.05048076923076923
2 0.234375 0.9230769230769231 0.1466346153846154 0.15384615384615385
2 0.9206730769230769 0.5096153846153846 0.04807692307692308 0.11298076923076923
2 0.7836538461538461 0.9483173076923077 0.08173076923076923 0.10336538461538461
9 0.6971153846153846 0.15264423076923078 0.15985576923076922 0.11538461538461539
5 0.359375 0.6694711538461539 0.15144230769230768 0.13822115384615385
2 0.04567307692307692 0.1045673076923077 0.09134615384615384 0.2091346153846154
2 0.9459134615384616 0.6670673076923077 0.052884615384615384 0.055288461538461536
2 0.015625 0.6382211538461539 0.03125 0.04567307692307692
2 0.453125 0.0673076923076923 0.13701923076923078 0.1346153846153846
2 0.11778846153846154 0.9435096153846154 0.15625 0.11298076923076923
2 0.9759615384615384 0.02403846153846154 0.04807692307692308 0.046875
2 0.9519230769230769 0.3485576923076923 0.028846153846153848 0.040865384615384616
2 0.8485576923076923 0.7115384615384616 0.016826923076923076 0.03125
2 0.7752403846153846 0.7283653846153846 0.03125 0.03485576923076923
2 0.9447115384615384 0.9026442307692307 0.09495192307692307 0.1935096153846154
2 0.6069711538461539 0.8653846153846154 0.06971153846153846 0.15865384615384615
2 0.3737980769230769 0.7403846153846154 0.09254807692307693 0.08173076923076923
2 0.03125 0.6983173076923077 0.016826923076923076 0.025240384615384616
2 0.2283653846153846 0.8365384615384616 0.06129807692307692 0.12139423076923077
2 0.7680288461538461 0.09495192307692307 0.19471153846153846 0.18990384615384615
2 0.4879807692307692 0.578125 0.09254807692307693 0.09975961538461539
2 0.9014423076923077 0.609375 0.030048076923076924 0.05048076923076923
