1 0.41586538461538464 0.7055288461538461 0.009615384615384616 0.009615384615384616
1 0.4014423076923077 0.5492788461538461 0.009615384615384616 0.015625
1 0.9699519230769231 0.5576923076923077 0.021634615384615384 0.016826923076923076
1 0.9038461538461539 0.35216346153846156 0.01201923076923077 0.019230769230769232
0 0.30649038461538464 0.21754807692307693 0.021634615384615384 0.036057692307692304
0 0.3786057692307692 0.015625 0.028846153846153848 0.030048076923076924
1 0.9627403846153846 0.6682692307692307 0.009615384615384616 0.018028846153846152
1 0.9723557692307693 0.5793269230769231 0.013221153846153846 0.016826923076923076
1 0.9723557692307693 0.5360576923076923 0.014423076923076924 0.02403846153846154
1 0.7692307692307693 0.9507211538461539 0.01201923076923077 0.015625
1 0.6237980769230769 0.7175480769230769 0.01201923076923077 0.010817307692307692
1 0.9170673076923077 0.6634615384615384 0.02283653846153846 0.02283653846153846
1 0.5324519230769231 0.6959134615384616 0.007211538461538462 0.008413461538461538
1 0.7043269230769231 0.7584134615384616 0.007211538461538462 0.008413461538461538
1 0.36778846153846156 0.484375 0.021634615384615384 0.018028846153846152
1 0.578125 0.1875 0.03245192307692308 0.04927884615384615
1 0.6754807692307693 0.7367788461538461 0.006009615384615385 0.008413461538461538
1 0.5348557692307693 0.9110576923076923 0.007211538461538462 0.01201923076923077
0 0.765625 0.057692307692307696 0.021634615384615384 0.06850961538461539
1 0.9771634615384616 0.6610576923076923 0.003605769230769231 0.007211538461538462
1 0.9423076923076923 0.5588942307692307 0.015625 0.020432692307692308
1 0.9615384615384616 0.020432692307692308 0.007211538461538462 0.01201923076923077
1 0.6177884615384616 0.6225961538461539 0.015625 0.030048076923076924
1 0.5396634615384616 0.8197115384615384 0.006009615384615385 0.008413461538461538
1 0.8774038461538461 0.9771634615384616 0.014423076923076924 0.018028846153846152
1 0.8533653846153846 0.5817307692307693 0.021634615384615384 0.02283653846153846
1 0.9951923076923077 0.5480769230769231 0.009615384615384616 0.019230769230769232
1 0.796875 0.4723557692307692 0.010817307692307692 0.01201923076923077
1 0.7704326923076923 0.9002403846153846 0.015625 0.02283653846153846
1 0.47596153846153844 0.8221153846153846 0.007211538461538462 0.008413461538461538
1 0.7680288461538461 0.5444711538461539 0.015625 0.020432692307692308
1 0.5925480769230769 0.6790865384615384 0.009615384615384616 0.016826923076923076
1 0.6177884615384616 0.3233173076923077 0.11057692307692307 0.18629807692307693
1 0.43149038461538464 0.49278846153846156 0.008413461538461538 0.007211538461538462
1 0.5288461538461539 0.6706730769230769 0.009615384615384616 0.007211538461538462
1 0.6033653846153846 0.5889423076923077 0.007211538461538462 0.006009615384615385
1 0.5 0.71875 0.006009615384615385 0.009615384615384616
1 0.6887019230769231 0.5817307692307693 0.014423076923076924 0.018028846153846152
1 0.8978365384615384 0.6634615384615384 0.006009615384615385 0.01201923076923077
0 0.7632211538461539 0.12620192307692307 0.014423076923076924 0.018028846153846152
1 0.9423076923076923 0.008413461538461538 0.014423076923076924 0.016826923076923076
0 0.3088942307692308 0.2776442307692308 0.036057692307692304 0.07451923076923077
1 0.7175480769230769 0.12860576923076922 0.010817307692307692 0.02283653846153846
1 0.2956730769230769 0.5612980769230769 0.021634615384615384 0.025240384615384616
1 0.34134615384615385 0.7776442307692307 0.01201923076923077 0.016826923076923076
1 0.3088942307692308 0.6790865384615384 0.008413461538461538 0.008413461538461538
1 0.47596153846153844 0.7175480769230769 0.016826923076923076 0.01201923076923077
1 0.3125 0.8064903846153846 0.013221153846153846 0.019230769230769232
1 0.15384615384615385 0.6682692307692307 0.009615384615384616 0.009615384615384616
1 0.38221153846153844 0.4254807692307692 0.01201923076923077 0.010817307692307692
1 0.46875 0.6971153846153846 0.009615384615384616 0.010817307692307692
1 0.5264423076923077 0.2536057692307692 0.007211538461538462 0.009615384615384616
1 0.37740384615384615 0.6730769230769231 0.006009615384615385 0.007211538461538462
1 0.45913461538461536 0.7175480769230769 0.007211538461538462 0.008413461538461538
1 0.1935096153846154 0.6177884615384616 0.01201923076923077 0.019230769230769232
1 0.17307692307692307 0.359375 0.004807692307692308 0.007211538461538462
1 0.30288461538461536 0.7115384615384616 0.009615384615384616 0.007211538461538462
1 0.11658653846153846 0.078125 0.07692307692307693 0.09014423076923077
1 0.8978365384615384 0.7319711538461539 0.01201923076923077 0.010817307692307692
1 0.6129807692307693 0.5805288461538461 0.014423076923076924 0.02403846153846154
1 0.7103365384615384 0.22115384615384615 0.055288461538461536 0.09975961538461539
1 0.3004807692307692 0.7776442307692307 0.008413461538461538 0.01201923076923077
1 0.1935096153846154 0.39903846153846156 0.018028846153846152 0.01201923076923077
1 0.1466346153846154 0.5372596153846154 0.11298076923076923 0.10817307692307693
1 0.27283653846153844 0.2247596153846154 0.020432692307692308 0.02283653846153846
1 0.5060096153846154 0.5685096153846154 0.007211538461538462 0.010817307692307692
1 0.8701923076923077 0.13701923076923078 0.01201923076923077 0.016826923076923076
1 0.2283653846153846 0.625 0.015625 0.025240384615384616
1 0.1935096153846154 0.8677884615384616 0.052884615384615384 0.07692307692307693
1 0.9507211538461539 0.6370192307692307 0.037259615384615384 0.018028846153846152
1 0.6286057692307693 0.1045673076923077 0.013221153846153846 0.019230769230769232
1 0.9411057692307693 0.5132211538461539 0.0829326923076923 0.09735576923076923
1 0.8112980769230769 0.10096153846153846 0.019230769230769232 0.03245192307692308
1 0.6574519230769231 0.09975961538461539 0.009615384615384616 0.01201923076923077
1 0.9759615384615384 0.11177884615384616 0.027644230769230768 0.03245192307692308
1 0.4411057692307692 0.6670673076923077 0.009615384615384616 0.019230769230769232
1 0.6430288461538461 0.7067307692307693 0.007211538461538462 0.008413461538461538
1 0.5132211538461539 0.9086538461538461 0.013221153846153846 0.02283653846153846
1 0.8329326923076923 0.40625 0.008413461538461538 0.008413461538461538
1 0.49038461538461536 0.7992788461538461 0.007211538461538462 0.008413461538461538
1 0.453125 0.765625 0.007211538461538462 0.010817307692307692
1 0.4483173076923077 0.6971153846153846 0.004807692307692308 0.007211538461538462
1 0.9507211538461539 0.8822115384615384 0.009615384615384616 0.01201923076923077
1 0.9699519230769231 0.984375 0.01201923076923077 0.020432692307692308
1 0.26802884615384615 0.6310096153846154 0.02403846153846154 0.018028846153846152
1 0.41586538461538464 0.4951923076923077 0.009615384615384616 0.008413461538461538
1 0.13701923076923078 0.59375 0.042067307692307696 0.05048076923076923
1 0.23918269230769232 0.484375 0.019230769230769232 0.020432692307692308
1 0.9879807692307693 0.4326923076923077 0.019230769230769232 0.028846153846153848
1 0.21754807692307693 0.7776442307692307 0.01201923076923077 0.01201923076923077
1 0.055288461538461536 0.6862980769230769 0.019230769230769232 0.026442307692307692
1 0.09735576923076923 0.019230769230769232 0.010817307692307692 0.038461538461538464
1 0.19471153846153846 0.7560096153846154 0.006009615384615385 0.010817307692307692
1 0.1502403846153846 0.453125 0.007211538461538462 0.008413461538461538
1 0.3161057692307692 0.15745192307692307 0.02403846153846154 0.027644230769230768
1 0.15865384615384615 0.6274038461538461 0.01201923076923077 0.010817307692307692
1 0.018028846153846152 0.3786057692307692 0.036057692307692304 0.10576923076923077
1 0.11177884615384616 0.4026442307692308 0.004807692307692308 0.006009615384615385
1 0.2403846153846154 0.3629807692307692 0.014423076923076924 0.013221153846153846
1 0.8149038461538461 0.5204326923076923 0.018028846153846152 0.026442307692307692
1 0.12860576923076922 0.40625 0.010817307692307692 0.014423076923076924
1 0.19471153846153846 0.359375 0.004807692307692308 0.004807692307692308
1 0.15264423076923078 0.3942307692307692 0.006009615384615385 0.007211538461538462
1 0.7920673076923077 0.18509615384615385 0.057692307692307696 0.07932692307692307
1 0.9651442307692307 0.31490384615384615 0.06850961538461539 0.10336538461538461
10 0.4266826923076923 0.4987980769230769 0.20192307692307693 0.9975961538461539
1 0.4266826923076923 0.10216346153846154 0.009615384615384616 0.010817307692307692
1 0.15264423076923078 0.4110576923076923 0.007211538461538462 0.006009615384615385
1 0.31971153846153844 0.6334134615384616 0.015625 0.015625
