2 0.27163461538461536 0.9447115384615384 0.07572115384615384 0.09735576923076923
2 0.35216346153846156 0.8918269230769231 0.0829326923076923 0.057692307692307696
2 0.28725961538461536 0.7704326923076923 0.026442307692307692 0.019230769230769232
2 0.9002403846153846 0.4543269230769231 0.06971153846153846 0.07451923076923077
2 0.5180288461538461 0.8088942307692307 0.010817307692307692 0.040865384615384616
2 0.7223557692307693 0.009615384615384616 0.02403846153846154 0.019230769230769232
2 0.3004807692307692 0.171875 0.07451923076923077 0.1141826923076923
2 0.3737980769230769 0.4170673076923077 0.08653846153846154 0.12620192307692307
2 0.4110576923076923 0.8713942307692307 0.042067307692307696 0.04447115384615385
2 0.609375 0.9867788461538461 0.013221153846153846 0.015625
2 0.4483173076923077 0.14423076923076922 0.07692307692307693 0.12860576923076922
2 0.23197115384615385 0.4951923076923077 0.04447115384615385 0.0733173076923077
2 0.6658653846153846 0.9122596153846154 0.016826923076923076 0.015625
2 0.40625 0.9182692307692307 0.03125 0.02403846153846154
2 0.6021634615384616 0.9579326923076923 0.010817307692307692 0.01201923076923077
2 0.5552884615384616 0.9110576923076923 0.007211538461538462 0.013221153846153846
2 0.030048076923076924 0.5576923076923077 0.06009615384615385 0.1346153846153846
2 0.6153846153846154 0.12740384615384615 0.10817307692307693 0.11538461538461539
2 0.46875 0.5048076923076923 0.07932692307692307 0.140625
2 0.2956730769230769 0.7980769230769231 0.013221153846153846 0.01201923076923077
2 0.8677884615384616 0.28125 0.06490384615384616 0.09615384615384616
2 0.5685096153846154 0.5817307692307693 0.1310096153846154 0.34375
2 0.10096153846153846 0.02403846153846154 0.09375 0.04807692307692308
2 0.9651442307692307 0.3954326923076923 0.036057692307692304 0.1658653846153846
2 0.5264423076923077 0.8822115384615384 0.027644230769230768 0.03125
2 0.33774038461538464 0.8197115384615384 0.056490384615384616 0.0829326923076923
2 0.5949519230769231 0.9314903846153846 0.019230769230769232 0.019230769230769232
2 0.6430288461538461 0.038461538461538464 0.0889423076923077 0.07692307692307693
2 0.5745192307692307 0.9951923076923077 0.010817307692307692 0.009615384615384616
2 0.3918269230769231 0.8076923076923077 0.03485576923076923 0.109375
2 0.5492788461538461 0.3317307692307692 0.17668269230769232 0.13221153846153846
2 0.4735576923076923 0.7716346153846154 0.04807692307692308 0.08173076923076923
2 0.8870192307692307 0.734375 0.22596153846153846 0.43028846153846156
2 0.5 0.7908653846153846 0.016826923076923076 0.021634615384615384
2 0.5709134615384616 0.9543269230769231 0.020432692307692308 0.018028846153846152
2 0.42908653846153844 0.9627403846153846 0.10576923076923077 0.07451923076923077
2 0.06009615384615385 0.38461538461538464 0.1201923076923077 0.15625
2 0.7548076923076923 0.07692307692307693 0.03125 0.054086538461538464
2 0.7283653846153846 0.5673076923076923 0.10576923076923077 0.15264423076923078
2 0.45552884615384615 0.8966346153846154 0.04567307692307692 0.05048076923076923
2 0.6286057692307693 0.9567307692307693 0.009615384615384616 0.01201923076923077
2 0.8173076923076923 0.4074519230769231 0.06129807692307692 0.0733173076923077
2 0.5384615384615384 0.9675480769230769 0.03125 0.03485576923076923
2 0.421875 0.7896634615384616 0.028846153846153848 0.055288461538461536
5 0.05889423076923077 0.07932692307692307 0.10697115384615384 0.12860576923076922
2 0.3449519230769231 0.109375 0.08052884615384616 0.14783653846153846
2 0.3954326923076923 0.26802884615384615 0.13942307692307693 0.1622596153846154
2 0.14302884615384615 0.4987980769230769 0.039663461538461536 0.0625
2 0.18028846153846154 0.4026442307692308 0.02283653846153846 0.039663461538461536
4 0.5 0.5540865384615384 0.9987980769230769 0.43990384615384615
2 0.1814903846153846 0.6129807692307693 0.014423076923076924 0.02283653846153846
2 0.08774038461538461 0.8353365384615384 0.11177884615384616 0.10576923076923077
2 0.8473557692307693 0.05889423076923077 0.013221153846153846 0.013221153846153846
2 0.8173076923076923 0.1045673076923077 0.01201923076923077 0.013221153846153846
2 0.20192307692307693 0.234375 0.030048076923076924 0.038461538461538464
2 0.6995192307692307 0.0985576923076923 0.020432692307692308 0.025240384615384616
2 0.10216346153846154 0.20072115384615385 0.04447115384615385 0.05889423076923077
2 0.9314903846153846 0.06971153846153846 0.03245192307692308 0.036057692307692304
2 0.021634615384615384 0.010817307692307692 0.038461538461538464 0.020432692307692308
2 0.03245192307692308 0.15144230769230768 0.014423076923076924 0.019230769230769232
2 0.22235576923076922 0.8521634615384616 0.054086538461538464 0.06490384615384616
2 0.3557692307692308 0.9675480769230769 0.038461538461538464 0.06490384615384616
2 0.01201923076923077 0.9579326923076923 0.02403846153846154 0.04567307692307692
2 0.10096153846153846 0.7632211538461539 0.025240384615384616 0.037259615384615384
2 0.15264423076923078 0.6622596153846154 0.026442307692307692 0.025240384615384616
2 0.11778846153846154 0.6742788461538461 0.019230769230769232 0.027644230769230768
2 0.875 0.02403846153846154 0.016826923076923076 0.025240384615384616
2 0.16346153846153846 0.23076923076923078 0.014423076923076924 0.014423076923076924
2 0.04567307692307692 0.2536057692307692 0.021634615384615384 0.025240384615384616
