2 0.5060096153846154 0.5625 0.040865384615384616 0.056490384615384616
2 0.5588942307692307 0.3329326923076923 0.037259615384615384 0.03485576923076923
2 0.6887019230769231 0.10817307692307693 0.08774038461538461 0.12860576923076922
2 0.5913461538461539 0.4651442307692308 0.016826923076923076 0.025240384615384616
2 0.6802884615384616 0.3125 0.03485576923076923 0.028846153846153848
2 0.5360576923076923 0.5396634615384616 0.021634615384615384 0.03365384615384615
2 0.6237980769230769 0.39903846153846156 0.030048076923076924 0.026442307692307692
2 0.734375 0.014423076923076924 0.02403846153846154 0.027644230769230768
2 0.6682692307692307 0.734375 0.028846153846153848 0.078125
2 0.6826923076923077 0.390625 0.02403846153846154 0.039663461538461536
2 0.6394230769230769 0.9759615384615384 0.052884615384615384 0.046875
2 0.6502403846153846 0.8858173076923077 0.06610576923076923 0.11538461538461539
2 0.96875 0.09975961538461539 0.06129807692307692 0.19951923076923078
2 0.6009615384615384 0.7800480769230769 0.021634615384615384 0.03125
2 0.5516826923076923 0.5745192307692307 0.021634615384615384 0.018028846153846152
2 0.5096153846153846 0.3894230769230769 0.03245192307692308 0.02403846153846154
2 0.7067307692307693 0.9098557692307693 0.026442307692307692 0.056490384615384616
2 0.734375 0.5300480769230769 0.23557692307692307 0.23798076923076922
2 0.5733173076923077 0.49278846153846156 0.014423076923076924 0.026442307692307692
2 0.6622596153846154 0.21634615384615385 0.027644230769230768 0.055288461538461536
2 0.4879807692307692 0.9350961538461539 0.014423076923076924 0.025240384615384616
2 0.07451923076923077 0.45913461538461536 0.08173076923076923 0.09014423076923077
2 0.9146634615384616 0.35096153846153844 0.17067307692307693 0.5012019230769231
2 0.8677884615384616 0.7848557692307693 0.26322115384615385 0.42908653846153844
2 0.6838942307692307 0.9735576923076923 0.03485576923076923 0.051682692307692304
2 0.9795673076923077 0.31009615384615385 0.040865384615384616 0.09014423076923077
2 0.2283653846153846 0.7007211538461539 0.06850961538461539 0.06370192307692307
2 0.13942307692307693 0.35096153846153844 0.15504807692307693 0.1502403846153846
2 0.35336538461538464 0.7788461538461539 0.07451923076923077 0.3233173076923077
2 0.03365384615384615 0.7283653846153846 0.0673076923076923 0.4375
2 0.7079326923076923 0.47716346153846156 0.016826923076923076 0.021634615384615384
2 0.3425480769230769 0.9375 0.04567307692307692 0.04807692307692308
2 0.3918269230769231 0.9759615384615384 0.038461538461538464 0.04447115384615385
2 0.22596153846153846 0.7692307692307693 0.014423076923076924 0.03125
2 0.40865384615384615 0.18629807692307693 0.08173076923076923 0.3713942307692308
12 0.30408653846153844 0.5060096153846154 0.6081730769230769 0.9879807692307693
2 0.5444711538461539 0.3798076923076923 0.039663461538461536 0.037259615384615384
2 0.5961538461538461 0.16947115384615385 0.014423076923076924 0.027644230769230768
2 0.27884615384615385 0.0625 0.028846153846153848 0.03485576923076923
2 0.46153846153846156 0.9615384615384616 0.019230769230769232 0.05048076923076923
2 0.28846153846153844 0.9723557692307693 0.052884615384615384 0.054086538461538464
2 0.4543269230769231 0.8125 0.057692307692307696 0.07091346153846154
2 0.2848557692307692 0.6706730769230769 0.06129807692307692 0.3701923076923077
2 0.6237980769230769 0.31009615384615385 0.009615384615384616 0.01201923076923077
2 0.8533653846153846 0.11658653846153846 0.03485576923076923 0.027644230769230768
2 0.23317307692307693 0.8870192307692307 0.11057692307692307 0.09615384615384616
2 0.1502403846153846 0.7956730769230769 0.0625 0.11899038461538461
2 0.5336538461538461 0.10817307692307693 0.06370192307692307 0.0889423076923077
2 0.9807692307692307 0.3954326923076923 0.038461538461538464 0.04567307692307692
2 0.7992788461538461 0.3485576923076923 0.021634615384615384 0.019230769230769232
2 0.31971153846153844 0.03245192307692308 0.04326923076923077 0.06490384615384616
2 0.8461538461538461 0.3918269230769231 0.02403846153846154 0.03485576923076923
