0 0.003605769230769231 0.5072115384615384 0.006009615384615385 0.051682692307692304
0 0.6899038461538461 0.10576923076923077 0.028846153846153848 0.038461538461538464
2 0.8197115384615384 0.4483173076923077 0.007211538461538462 0.018028846153846152
0 0.01201923076923077 0.35336538461538464 0.02403846153846154 0.07211538461538461
2 0.3858173076923077 0.07211538461538461 0.19831730769230768 0.14423076923076922
2 0.5060096153846154 0.6045673076923077 0.04567307692307692 0.04447115384615385
2 0.22355769230769232 0.46033653846153844 0.14423076923076922 0.13822115384615385
0 0.6538461538461539 0.3545673076923077 0.07692307692307693 0.13221153846153846
0 0.7800480769230769 0.15865384615384615 0.05889423076923077 0.06009615384615385
0 0.5396634615384616 0.4266826923076923 0.21634615384615385 0.23197115384615385
2 0.9795673076923077 0.16826923076923078 0.040865384615384616 0.042067307692307696
2 0.9230769230769231 0.019230769230769232 0.0733173076923077 0.03485576923076923
2 0.8557692307692307 0.7103365384615384 0.037259615384615384 0.078125
2 0.9495192307692307 0.3713942307692308 0.007211538461538462 0.008413461538461538
2 0.9050480769230769 0.4050480769230769 0.025240384615384616 0.020432692307692308
2 0.6766826923076923 0.9158653846153846 0.014423076923076924 0.020432692307692308
0 0.36899038461538464 0.5240384615384616 0.13221153846153846 0.16466346153846154
0 0.7800480769230769 0.2920673076923077 0.21634615384615385 0.16466346153846154
0 0.4795673076923077 0.2776442307692308 0.02403846153846154 0.028846153846153848
0 0.009615384615384616 0.7355769230769231 0.019230769230769232 0.08774038461538461
2 0.9338942307692307 0.42788461538461536 0.01201923076923077 0.009615384615384616
2 0.8870192307692307 0.3870192307692308 0.006009615384615385 0.006009615384615385
2 0.8329326923076923 0.43509615384615385 0.006009615384615385 0.006009615384615385
2 0.6754807692307693 0.21634615384615385 0.0625 0.09735576923076923
0 0.7704326923076923 0.21394230769230768 0.04807692307692308 0.040865384615384616
2 0.9182692307692307 0.5420673076923077 0.16346153846153846 0.21394230769230768
2 0.9615384615384616 0.38822115384615385 0.003605769230769231 0.004807692307692308
0 0.17668269230769232 0.3545673076923077 0.04807692307692308 0.0733173076923077
2 0.13581730769230768 0.09375 0.037259615384615384 0.05889423076923077
8 0.7067307692307693 0.546875 0.23317307692307693 0.27403846153846156
2 0.8762019230769231 0.421875 0.006009615384615385 0.009615384615384616
2 0.8798076923076923 0.37259615384615385 0.007211538461538462 0.013221153846153846
2 0.8798076923076923 0.3918269230769231 0.004807692307692308 0.007211538461538462
2 0.7271634615384616 0.23076923076923078 0.036057692307692304 0.03125
2 0.5372596153846154 0.9867788461538461 0.006009615384615385 0.009615384615384616
2 0.5420673076923077 0.43149038461538464 0.028846153846153848 0.03365384615384615
0 0.5793269230769231 0.08774038461538461 0.14783653846153846 0.17548076923076922
0 0.5913461538461539 0.35697115384615385 0.06610576923076923 0.12139423076923077
2 0.0733173076923077 0.055288461538461536 0.07692307692307693 0.109375
2 0.9915865384615384 0.36899038461538464 0.016826923076923076 0.016826923076923076
2 0.7884615384615384 0.4182692307692308 0.009615384615384616 0.010817307692307692
0 0.055288461538461536 0.6262019230769231 0.11057692307692307 0.14182692307692307
0 0.055288461538461536 0.33774038461538464 0.04326923076923077 0.06610576923076923
0 0.39302884615384615 0.39903846153846156 0.08173076923076923 0.10336538461538461
2 0.2764423076923077 0.14903846153846154 0.014423076923076924 0.019230769230769232
2 0.3629807692307692 0.20552884615384615 0.02403846153846154 0.038461538461538464
2 0.9459134615384616 0.8365384615384616 0.038461538461538464 0.04326923076923077
0 0.6346153846153846 0.04447115384615385 0.09134615384615384 0.0889423076923077
0 0.8197115384615384 0.20793269230769232 0.052884615384615384 0.07692307692307693
2 0.9879807692307693 0.9134615384615384 0.01201923076923077 0.019230769230769232
0 0.21153846153846154 0.32091346153846156 0.03485576923076923 0.04807692307692308
2 0.8834134615384616 0.359375 0.004807692307692308 0.008413461538461538
2 0.6141826923076923 0.9723557692307693 0.006009615384615385 0.003605769230769231
2 0.9074519230769231 0.13942307692307693 0.09375 0.078125
2 0.9447115384615384 0.3942307692307692 0.007211538461538462 0.006009615384615385
2 0.9182692307692307 0.36778846153846156 0.019230769230769232 0.020432692307692308
2 0.48197115384615385 0.9951923076923077 0.014423076923076924 0.009615384615384616
2 0.9699519230769231 0.38221153846153844 0.006009615384615385 0.007211538461538462
2 0.8713942307692307 0.36177884615384615 0.010817307692307692 0.01201923076923077
2 0.7403846153846154 0.9206730769230769 0.014423076923076924 0.016826923076923076
2 0.7067307692307693 0.8605769230769231 0.01201923076923077 0.010817307692307692
2 0.6598557692307693 0.9483173076923077 0.009615384615384616 0.01201923076923077
2 0.4651442307692308 0.7980769230769231 0.02403846153846154 0.042067307692307696
2 0.7055288461538461 0.7475961538461539 0.010817307692307692 0.025240384615384616
2 0.3125 0.6959134615384616 0.01201923076923077 0.016826923076923076
2 0.5504807692307693 0.49038461538461536 0.04326923076923077 0.06971153846153846
2 0.7836538461538461 0.9387019230769231 0.006009615384615385 0.021634615384615384
2 0.33413461538461536 0.7824519230769231 0.010817307692307692 0.013221153846153846
2 0.9819711538461539 0.9567307692307693 0.014423076923076924 0.03245192307692308
2 0.6838942307692307 0.7379807692307693 0.008413461538461538 0.01201923076923077
0 0.5384615384615384 0.23918269230769232 0.14182692307692307 0.13942307692307693
0 0.8870192307692307 0.13221153846153846 0.22596153846153846 0.26322115384615385
2 0.13942307692307693 0.18990384615384615 0.04567307692307692 0.052884615384615384
0 0.17067307692307693 0.5661057692307693 0.1502403846153846 0.19110576923076922
0 0.12379807692307693 0.39903846153846156 0.11899038461538461 0.12980769230769232
0 0.359375 0.3004807692307692 0.04807692307692308 0.07211538461538461
0 0.7536057692307693 0.109375 0.06610576923076923 0.0673076923076923
0 0.7271634615384616 0.039663461538461536 0.0673076923076923 0.07932692307692307
2 0.36538461538461536 0.84375 0.006009615384615385 0.007211538461538462
2 0.7427884615384616 0.7307692307692307 0.09014423076923077 0.20793269230769232
2 0.9543269230769231 0.8786057692307693 0.010817307692307692 0.010817307692307692
2 0.7752403846153846 0.8677884615384616 0.01201923076923077 0.019230769230769232
2 0.8076923076923077 0.7463942307692307 0.036057692307692304 0.03485576923076923
2 0.5769230769230769 0.6129807692307693 0.030048076923076924 0.054086538461538464
2 0.6862980769230769 0.8677884615384616 0.025240384615384616 0.036057692307692304
2 0.5973557692307693 0.7536057692307693 0.037259615384615384 0.037259615384615384
0 0.04567307692307692 0.47716346153846156 0.07932692307692307 0.109375
0 0.27524038461538464 0.5793269230769231 0.06129807692307692 0.0889423076923077
0 0.24278846153846154 0.2608173076923077 0.030048076923076924 0.03365384615384615
2 0.21153846153846154 0.028846153846153848 0.030048076923076924 0.055288461538461536
2 0.16826923076923078 0.11658653846153846 0.056490384615384616 0.1045673076923077
2 0.11298076923076923 0.9855769230769231 0.038461538461538464 0.028846153846153848
2 0.6586538461538461 0.8052884615384616 0.007211538461538462 0.013221153846153846
2 0.9314903846153846 0.30649038461538464 0.13701923076923078 0.11057692307692307
2 0.109375 0.14423076923076922 0.03485576923076923 0.057692307692307696
2 0.1141826923076923 0.23798076923076922 0.06370192307692307 0.057692307692307696
0 0.28846153846153844 0.3701923076923077 0.1141826923076923 0.15865384615384615
0 0.38822115384615385 0.234375 0.13221153846153846 0.18629807692307693
2 0.6899038461538461 0.9326923076923077 0.007211538461538462 0.008413461538461538
2 0.14302884615384615 0.8557692307692307 0.1622596153846154 0.17427884615384615
2 0.20192307692307693 0.71875 0.016826923076923076 0.019230769230769232
2 0.44711538461538464 0.7608173076923077 0.006009615384615385 0.008413461538461538
2 0.24278846153846154 0.9735576923076923 0.04326923076923077 0.046875
2 0.5072115384615384 0.9879807692307693 0.014423076923076924 0.014423076923076924
2 0.5432692307692307 0.8377403846153846 0.01201923076923077 0.01201923076923077
2 0.5745192307692307 0.671875 0.018028846153846152 0.019230769230769232
2 0.5168269230769231 0.5492788461538461 0.009615384615384616 0.007211538461538462
2 0.5072115384615384 0.5324519230769231 0.006009615384615385 0.008413461538461538
2 0.6490384615384616 0.8449519230769231 0.021634615384615384 0.016826923076923076
2 0.9807692307692307 0.38100961538461536 0.009615384615384616 0.018028846153846152
2 0.8689903846153846 0.3401442307692308 0.02283653846153846 0.028846153846153848
2 0.8509615384615384 0.39903846153846156 0.016826923076923076 0.021634615384615384
2 0.9026442307692307 0.43028846153846156 0.026442307692307692 0.027644230769230768
2 0.9747596153846154 0.4266826923076923 0.05048076923076923 0.039663461538461536
2 0.5324519230769231 0.7512019230769231 0.008413461538461538 0.01201923076923077
2 0.7716346153846154 0.38100961538461536 0.02283653846153846 0.020432692307692308
2 0.8774038461538461 0.43990384615384615 0.006009615384615385 0.01201923076923077
2 0.8341346153846154 0.6286057692307693 0.07932692307692307 0.06009615384615385
2 0.8377403846153846 0.0625 0.040865384615384616 0.0733173076923077
2 0.9350961538461539 0.7451923076923077 0.12980769230769232 0.20192307692307693
2 0.8617788461538461 0.36899038461538464 0.009615384615384616 0.01201923076923077
2 0.3557692307692308 0.7007211538461539 0.009615384615384616 0.010817307692307692
2 0.3076923076923077 0.7487980769230769 0.015625 0.030048076923076924
2 0.31971153846153844 0.7776442307692307 0.014423076923076924 0.016826923076923076
2 0.8701923076923077 0.41346153846153844 0.006009615384615385 0.007211538461538462
2 0.5504807692307693 0.9903846153846154 0.007211538461538462 0.009615384615384616
2 0.9086538461538461 0.4579326923076923 0.007211538461538462 0.003605769230769231
2 0.9627403846153846 0.4110576923076923 0.020432692307692308 0.015625
2 0.9615384615384616 0.35216346153846156 0.01201923076923077 0.007211538461538462
2 0.921875 0.39302884615384615 0.014423076923076924 0.015625
2 0.7451923076923077 0.9519230769230769 0.008413461538461538 0.007211538461538462
2 0.7211538461538461 0.8653846153846154 0.007211538461538462 0.009615384615384616
2 0.9915865384615384 0.3389423076923077 0.016826923076923076 0.02403846153846154
2 0.9435096153846154 0.9819711538461539 0.10817307692307693 0.036057692307692304
2 0.5192307692307693 0.390625 0.009615384615384616 0.021634615384615384
2 0.27524038461538464 0.8858173076923077 0.1346153846153846 0.15504807692307693
2 0.18028846153846154 0.9771634615384616 0.06850961538461539 0.038461538461538464
2 0.37259615384615385 0.9206730769230769 0.007211538461538462 0.008413461538461538
2 0.5733173076923077 0.9891826923076923 0.015625 0.019230769230769232
2 0.6947115384615384 0.9459134615384616 0.007211538461538462 0.009615384615384616
2 0.8245192307692307 0.484375 0.02283653846153846 0.028846153846153848
2 0.49158653846153844 0.35216346153846156 0.02283653846153846 0.04447115384615385
2 0.2764423076923077 0.796875 0.042067307692307696 0.06490384615384616
2 0.4326923076923077 0.7752403846153846 0.021634615384615384 0.02283653846153846
2 0.4879807692307692 0.9182692307692307 0.007211538461538462 0.006009615384615385
2 0.5420673076923077 0.8209134615384616 0.003605769230769231 0.010817307692307692
2 0.5661057692307693 0.7884615384615384 0.018028846153846152 0.028846153846153848
2 0.5360576923076923 0.7379807692307693 0.006009615384615385 0.007211538461538462
2 0.5336538461538461 0.5757211538461539 0.008413461538461538 0.013221153846153846
2 0.5252403846153846 0.5372596153846154 0.013221153846153846 0.01201923076923077
2 0.4855769230769231 0.44711538461538464 0.02283653846153846 0.03365384615384615
2 0.5949519230769231 0.9939903846153846 0.016826923076923076 0.01201923076923077
2 0.640625 0.8966346153846154 0.055288461538461536 0.07932692307692307
2 0.6622596153846154 0.75 0.009615384615384616 0.019230769230769232
2 0.8449519230769231 0.8834134615384616 0.1141826923076923 0.23317307692307693
