2 0.8966346153846154 0.09254807692307693 0.20192307692307693 0.18509615384615385
2 0.1622596153846154 0.12740384615384615 0.10096153846153846 0.11177884615384616
2 0.6346153846153846 0.6706730769230769 0.052884615384615384 0.056490384615384616
2 0.5973557692307693 0.08533653846153846 0.15745192307692307 0.16947115384615385
4 0.3581730769230769 0.578125 0.7163461538461539 0.8389423076923077
2 0.28966346153846156 0.07091346153846154 0.15144230769230768 0.14182692307692307
2 0.7860576923076923 0.7043269230769231 0.42788461538461536 0.5913461538461539
2 0.5348557692307693 0.4050480769230769 0.04447115384615385 0.039663461538461536
2 0.09615384615384616 0.7295673076923077 0.19230769230769232 0.2536057692307692
2 0.44350961538461536 0.5925480769230769 0.16826923076923078 0.16826923076923078
2 0.8365384615384616 0.33774038461538464 0.20192307692307693 0.16826923076923078
