1 0.3473557692307692 0.7992788461538461 0.03245192307692308 0.037259615384615384
1 0.8245192307692307 0.9615384615384616 0.06009615384615385 0.0733173076923077
1 0.1935096153846154 0.8197115384615384 0.06490384615384616 0.09014423076923077
0 0.5793269230769231 0.3449519230769231 0.06971153846153846 0.13942307692307693
0 0.5673076923076923 0.47716346153846156 0.055288461538461536 0.12139423076923077
0 0.5504807692307693 0.6826923076923077 0.06129807692307692 0.09134615384615384
0 0.9110576923076923 0.796875 0.1045673076923077 0.16105769230769232
0 0.9495192307692307 0.8918269230769231 0.10096153846153846 0.18629807692307693
0 0.6754807692307693 0.9423076923076923 0.12379807692307693 0.10576923076923077
1 0.35336538461538464 0.08774038461538461 0.027644230769230768 0.042067307692307696
1 0.7572115384615384 0.5625 0.06971153846153846 0.08173076923076923
0 0.6790865384615384 0.7139423076923077 0.06009615384615385 0.06971153846153846
0 0.8377403846153846 0.6634615384615384 0.07692307692307693 0.15865384615384615
1 0.4963942307692308 0.21995192307692307 0.020432692307692308 0.03125
10 0.6346153846153846 0.49759615384615385 0.1875 0.9951923076923077
0 0.5168269230769231 0.9675480769230769 0.06971153846153846 0.06129807692307692
0 0.9759615384615384 0.9651442307692307 0.04807692307692308 0.06009615384615385
1 0.25600961538461536 0.3485576923076923 0.018028846153846152 0.03125
0 0.06490384615384616 0.12980769230769232 0.12980769230769232 0.25961538461538464
1 0.26802884615384615 0.19831730769230768 0.027644230769230768 0.03365384615384615
10 0.7151442307692307 0.40024038461538464 0.5697115384615384 0.796875
0 0.6875 0.8137019230769231 0.09014423076923077 0.12980769230769232
1 0.42908653846153844 0.2764423076923077 0.03485576923076923 0.0733173076923077
1 0.055288461538461536 0.4375 0.03125 0.03365384615384615
1 0.18629807692307693 0.7271634615384616 0.055288461538461536 0.09254807692307693
1 0.23798076923076922 0.8870192307692307 0.03125 0.039663461538461536
0 0.5612980769230769 0.5949519230769231 0.055288461538461536 0.09254807692307693
1 0.09615384615384616 0.8762019230769231 0.040865384615384616 0.06129807692307692
1 0.4326923076923077 0.8461538461538461 0.037259615384615384 0.04447115384615385
1 0.10096153846153846 0.7584134615384616 0.020432692307692308 0.02283653846153846
1 0.8473557692307693 0.13942307692307693 0.06610576923076923 0.08774038461538461
10 0.9519230769230769 0.04927884615384615 0.09615384615384616 0.0985576923076923
1 0.23197115384615385 0.6526442307692307 0.036057692307692304 0.042067307692307696
1 0.171875 0.3605769230769231 0.06490384615384616 0.08774038461538461
1 0.055288461538461536 0.8052884615384616 0.028846153846153848 0.03125
1 0.4375 0.07692307692307693 0.03485576923076923 0.03245192307692308
1 0.140625 0.22355769230769232 0.08052884615384616 0.09254807692307693
1 0.49158653846153844 0.13822115384615385 0.02403846153846154 0.04567307692307692
0 0.6790865384615384 0.6454326923076923 0.037259615384615384 0.0673076923076923
0 0.5276442307692307 0.8725961538461539 0.051682692307692304 0.11658653846153846
