1 0.31490384615384615 0.42908653846153844 0.01201923076923077 0.021634615384615384
1 0.2644230769230769 0.49038461538461536 0.006009615384615385 0.014423076923076924
1 0.5228365384615384 0.4651442307692308 0.018028846153846152 0.026442307692307692
1 0.44350961538461536 0.6959134615384616 0.040865384615384616 0.02403846153846154
1 0.53125 0.6153846153846154 0.01201923076923077 0.01201923076923077
1 0.46634615384615385 0.44350961538461536 0.028846153846153848 0.03245192307692308
1 0.2439903846153846 0.4579326923076923 0.019230769230769232 0.019230769230769232
1 0.19831730769230768 0.4423076923076923 0.03245192307692308 0.04326923076923077
10 0.39663461538461536 0.22956730769230768 0.7932692307692307 0.45913461538461536
0 0.4230769230769231 0.07932692307692307 0.23317307692307693 0.15745192307692307
1 0.265625 0.6838942307692307 0.014423076923076924 0.01201923076923077
1 0.48677884615384615 0.5913461538461539 0.026442307692307692 0.025240384615384616
1 0.3125 0.5516826923076923 0.021634615384615384 0.027644230769230768
1 0.33413461538461536 0.40384615384615385 0.014423076923076924 0.013221153846153846
1 0.4026442307692308 0.4411057692307692 0.015625 0.018028846153846152
1 0.2247596153846154 0.8353365384615384 0.014423076923076924 0.01201923076923077
1 0.2764423076923077 0.6658653846153846 0.016826923076923076 0.018028846153846152
1 0.4206730769230769 0.4891826923076923 0.028846153846153848 0.03245192307692308
1 0.18389423076923078 0.875 0.026442307692307692 0.02283653846153846
1 0.2512019230769231 0.7307692307692307 0.014423076923076924 0.013221153846153846
1 0.6610576923076923 0.6514423076923077 0.025240384615384616 0.056490384615384616
1 0.6490384615384616 0.8509615384615384 0.013221153846153846 0.027644230769230768
1 0.08774038461538461 0.6201923076923077 0.038461538461538464 0.037259615384615384
1 0.10817307692307693 0.21875 0.007211538461538462 0.01201923076923077
1 0.0673076923076923 0.21153846153846154 0.008413461538461538 0.009615384615384616
1 0.6430288461538461 0.9002403846153846 0.028846153846153848 0.042067307692307696
1 0.6105769230769231 0.8161057692307693 0.015625 0.020432692307692308
1 0.8209134615384616 0.042067307692307696 0.06370192307692307 0.08413461538461539
1 0.7379807692307693 0.10336538461538461 0.014423076923076924 0.02283653846153846
1 0.5132211538461539 0.7548076923076923 0.014423076923076924 0.019230769230769232
1 0.7259615384615384 0.31850961538461536 0.021634615384615384 0.02403846153846154
1 0.5144230769230769 0.8509615384615384 0.018028846153846152 0.027644230769230768
1 0.3425480769230769 0.5024038461538461 0.013221153846153846 0.010817307692307692
1 0.2860576923076923 0.5372596153846154 0.014423076923076924 0.018028846153846152
1 0.5180288461538461 0.5060096153846154 0.027644230769230768 0.04326923076923077
1 0.6454326923076923 0.7247596153846154 0.015625 0.019230769230769232
1 0.3870192307692308 0.4098557692307692 0.016826923076923076 0.019230769230769232
1 0.06370192307692307 0.15625 0.015625 0.015625
1 0.46274038461538464 0.6466346153846154 0.03245192307692308 0.036057692307692304
1 0.38461538461538464 0.14783653846153846 0.009615384615384616 0.016826923076923076
1 0.04447115384615385 0.6117788461538461 0.013221153846153846 0.020432692307692308
1 0.13822115384615385 0.6947115384615384 0.013221153846153846 0.020432692307692308
1 0.5432692307692307 0.9302884615384616 0.03485576923076923 0.038461538461538464
1 0.9026442307692307 0.5564903846153846 0.02283653846153846 0.027644230769230768
1 0.9591346153846154 0.07451923076923077 0.027644230769230768 0.03245192307692308
1 0.4963942307692308 0.38822115384615385 0.021634615384615384 0.026442307692307692
0 0.4987980769230769 0.47475961538461536 0.28846153846153844 0.5132211538461539
0 0.21033653846153846 0.03365384615384615 0.038461538461538464 0.04326923076923077
1 0.6634615384615384 0.9879807692307693 0.02283653846153846 0.02403846153846154
1 0.484375 0.46153846153846156 0.019230769230769232 0.026442307692307692
1 0.2932692307692308 0.4182692307692308 0.009615384615384616 0.01201923076923077
1 0.35096153846153844 0.41225961538461536 0.009615384615384616 0.01201923076923077
1 0.2620192307692308 0.03125 0.008413461538461538 0.010817307692307692
1 0.13581730769230768 0.8233173076923077 0.014423076923076924 0.015625
1 0.7644230769230769 0.19110576923076922 0.02283653846153846 0.037259615384615384
1 0.30528846153846156 0.390625 0.016826923076923076 0.027644230769230768
1 0.09615384615384616 0.20192307692307693 0.003605769230769231 0.010817307692307692
1 0.9915865384615384 0.9495192307692307 0.016826923076923076 0.02283653846153846
1 0.6802884615384616 0.6682692307692307 0.014423076923076924 0.03125
1 0.4951923076923077 0.7560096153846154 0.009615384615384616 0.016826923076923076
1 0.2776442307692308 0.9375 0.009615384615384616 0.014423076923076924
1 0.3269230769230769 0.18389423076923078 0.016826923076923076 0.030048076923076924
1 0.23677884615384615 0.28125 0.009615384615384616 0.014423076923076924
1 0.20072115384615385 0.23317307692307693 0.010817307692307692 0.016826923076923076
1 0.09975961538461539 0.11177884615384616 0.010817307692307692 0.015625
1 0.22716346153846154 0.10336538461538461 0.009615384615384616 0.016826923076923076
1 0.055288461538461536 0.6298076923076923 0.01201923076923077 0.021634615384615384
1 0.24639423076923078 0.9495192307692307 0.007211538461538462 0.01201923076923077
1 0.4855769230769231 0.8245192307692307 0.015625 0.027644230769230768
1 0.49158653846153844 0.8641826923076923 0.030048076923076924 0.027644230769230768
1 0.7716346153846154 0.3701923076923077 0.026442307692307692 0.019230769230769232
0 0.7415865384615384 0.0673076923076923 0.04567307692307692 0.05048076923076923
0 0.9026442307692307 0.2620192307692308 0.07932692307692307 0.38221153846153844
1 0.39903846153846156 0.9338942307692307 0.008413461538461538 0.01201923076923077
1 0.08413461538461539 0.1935096153846154 0.016826923076923076 0.026442307692307692
1 0.2800480769230769 0.4182692307692308 0.008413461538461538 0.019230769230769232
1 0.08653846153846154 0.2932692307692308 0.020432692307692308 0.018028846153846152
1 0.2439903846153846 0.04326923076923077 0.006009615384615385 0.013221153846153846
1 0.20552884615384615 0.5108173076923077 0.01201923076923077 0.02403846153846154
1 0.6586538461538461 0.7512019230769231 0.02403846153846154 0.03485576923076923
1 0.5793269230769231 0.8197115384615384 0.013221153846153846 0.01201923076923077
1 0.7836538461538461 0.140625 0.18389423076923078 0.06370192307692307
0 0.5829326923076923 0.9639423076923077 0.08774038461538461 0.06490384615384616
1 0.9735576923076923 0.3605769230769231 0.02283653846153846 0.02283653846153846
1 0.6838942307692307 0.12860576923076922 0.013221153846153846 0.015625
1 0.20673076923076922 0.296875 0.021634615384615384 0.020432692307692308
1 0.31490384615384615 0.3401442307692308 0.008413461538461538 0.014423076923076924
1 0.1466346153846154 0.30408653846153844 0.021634615384615384 0.037259615384615384
1 0.33533653846153844 0.484375 0.025240384615384616 0.042067307692307696
1 0.28846153846153844 0.24278846153846154 0.014423076923076924 0.026442307692307692
10 0.8161057692307693 0.6177884615384616 0.10336538461538461 0.7632211538461539
0 0.7115384615384616 0.38822115384615385 0.09254807692307693 0.22235576923076922
1 0.30649038461538464 0.7896634615384616 0.018028846153846152 0.020432692307692308
10 0.6490384615384616 0.49759615384615385 0.27884615384615385 0.9951923076923077
1 0.38341346153846156 0.4423076923076923 0.016826923076923076 0.019230769230769232
1 0.36538461538461536 0.43990384615384615 0.016826923076923076 0.018028846153846152
1 0.08413461538461539 0.22355769230769232 0.01201923076923077 0.016826923076923076
1 0.0673076923076923 0.33653846153846156 0.009615384615384616 0.010817307692307692
1 0.13701923076923078 0.1814903846153846 0.003605769230769231 0.008413461538461538
1 0.2548076923076923 0.054086538461538464 0.009615384615384616 0.007211538461538462
1 0.5480769230769231 0.7019230769230769 0.037259615384615384 0.10216346153846154
1 0.09975961538461539 0.234375 0.006009615384615385 0.010817307692307692
1 0.8485576923076923 0.36538461538461536 0.01201923076923077 0.020432692307692308
1 0.6694711538461539 0.22355769230769232 0.037259615384615384 0.042067307692307696
0 0.1814903846153846 0.14423076923076922 0.07451923076923077 0.09254807692307693
0 0.7115384615384616 0.010817307692307692 0.027644230769230768 0.019230769230769232
1 0.5504807692307693 0.5673076923076923 0.04447115384615385 0.08052884615384616
0 0.9927884615384616 0.6959134615384616 0.014423076923076924 0.04567307692307692
1 0.24519230769230768 0.9903846153846154 0.019230769230769232 0.019230769230769232
1 0.25721153846153844 0.9747596153846154 0.009615384615384616 0.018028846153846152
1 0.7512019230769231 0.4963942307692308 0.01201923076923077 0.020432692307692308
1 0.7932692307692307 0.19471153846153846 0.026442307692307692 0.042067307692307696
1 0.47716346153846156 0.6766826923076923 0.019230769230769232 0.030048076923076924
1 0.43509615384615385 0.37740384615384615 0.01201923076923077 0.026442307692307692
1 0.5120192307692307 0.8161057692307693 0.025240384615384616 0.04567307692307692
0 0.09735576923076923 0.7524038461538461 0.052884615384615384 0.13701923076923078
1 0.125 0.5228365384615384 0.03365384615384615 0.04326923076923077
