1 0.6875 0.9459134615384616 0.04927884615384615 0.0733173076923077
1 0.1466346153846154 0.042067307692307696 0.06129807692307692 0.08173076923076923
1 0.2283653846153846 0.2704326923076923 0.04807692307692308 0.07932692307692307
1 0.4182692307692308 0.109375 0.04807692307692308 0.07451923076923077
1 0.7992788461538461 0.4411057692307692 0.2764423076923077 0.203125
1 0.7860576923076923 0.9399038461538461 0.06009615384615385 0.08173076923076923
1 0.4170673076923077 0.4675480769230769 0.027644230769230768 0.028846153846153848
1 0.10336538461538461 0.7524038461538461 0.052884615384615384 0.06009615384615385
1 0.7944711538461539 0.8545673076923077 0.07211538461538461 0.06370192307692307
1 0.24158653846153846 0.01201923076923077 0.018028846153846152 0.021634615384615384
1 0.2860576923076923 0.2536057692307692 0.042067307692307696 0.06971153846153846
1 0.7872596153846154 0.12980769230769232 0.06009615384615385 0.09735576923076923
1 0.7668269230769231 0.22716346153846154 0.052884615384615384 0.05048076923076923
1 0.19591346153846154 0.9543269230769231 0.11538461538461539 0.08173076923076923
1 0.8461538461538461 0.1622596153846154 0.05889423076923077 0.09735576923076923
1 0.7151442307692307 0.7884615384615384 0.0733173076923077 0.12860576923076922
1 0.20432692307692307 0.7884615384615384 0.019230769230769232 0.030048076923076924
0 0.11298076923076923 0.43149038461538464 0.22596153846153846 0.3762019230769231
1 0.30649038461538464 0.39903846153846156 0.025240384615384616 0.03245192307692308
1 0.5228365384615384 0.027644230769230768 0.052884615384615384 0.04326923076923077
1 0.4387019230769231 0.40024038461538464 0.03485576923076923 0.03365384615384615
1 0.5348557692307693 0.3425480769230769 0.05889423076923077 0.06971153846153846
1 0.5204326923076923 0.49158653846153844 0.12139423076923077 0.12860576923076922
1 0.31850961538461536 0.9098557692307693 0.04807692307692308 0.055288461538461536
1 0.8461538461538461 0.9579326923076923 0.0625 0.06490384615384616
1 0.4266826923076923 0.16466346153846154 0.04326923076923077 0.05889423076923077
1 0.6081730769230769 0.2932692307692308 0.04326923076923077 0.06009615384615385
1 0.125 0.8401442307692307 0.04567307692307692 0.07091346153846154
0 0.9387019230769231 0.16346153846153846 0.12259615384615384 0.22115384615384615
0 0.47836538461538464 0.24759615384615385 0.11778846153846154 0.16346153846153846
