5 0.25961538461538464 0.4254807692307692 0.018028846153846152 0.08413461538461539
2 0.0829326923076923 0.020432692307692308 0.03485576923076923 0.039663461538461536
2 0.028846153846153848 0.25600961538461536 0.057692307692307696 0.06009615384615385
2 0.03365384615384615 0.3786057692307692 0.0673076923076923 0.09735576923076923
2 0.921875 0.4579326923076923 0.019230769230769232 0.054086538461538464
5 0.125 0.5528846153846154 0.038461538461538464 0.051682692307692304
5 0.22956730769230768 0.13701923076923078 0.06490384615384616 0.08774038461538461
5 0.3161057692307692 0.21514423076923078 0.04927884615384615 0.05889423076923077
5 0.49038461538461536 0.5492788461538461 0.06610576923076923 0.07692307692307693
5 0.6706730769230769 0.5997596153846154 0.018028846153846152 0.04567307692307692
5 0.875 0.3329326923076923 0.05889423076923077 0.09014423076923077
2 0.25 0.4987980769230769 0.07211538461538461 0.06971153846153846
2 0.7956730769230769 0.6129807692307693 0.07211538461538461 0.06490384615384616
2 0.9747596153846154 0.6045673076923077 0.027644230769230768 0.037259615384615384
2 0.8617788461538461 0.9723557692307693 0.040865384615384616 0.05048076923076923
5 0.609375 0.9639423076923077 0.038461538461538464 0.04567307692307692
2 0.4495192307692308 0.28846153846153844 0.21033653846153846 0.2091346153846154
2 0.2824519230769231 0.4411057692307692 0.02403846153846154 0.02403846153846154
5 0.6201923076923077 0.8461538461538461 0.05889423076923077 0.08173076923076923
2 0.5625 0.9723557692307693 0.04447115384615385 0.04567307692307692
5 0.5709134615384616 0.43990384615384615 0.0673076923076923 0.09134615384615384
5 0.8100961538461539 0.9411057692307693 0.052884615384615384 0.07091346153846154
2 0.35697115384615385 0.8377403846153846 0.04447115384615385 0.057692307692307696
5 0.5024038461538461 0.09495192307692307 0.04447115384615385 0.06129807692307692
2 0.02283653846153846 0.4567307692307692 0.04567307692307692 0.08774038461538461
2 0.07692307692307693 0.3137019230769231 0.07211538461538461 0.05048076923076923
5 0.1875 0.33533653846153844 0.11778846153846154 0.11298076923076923
2 0.13701923076923078 0.1778846153846154 0.09735576923076923 0.20192307692307693
2 0.13701923076923078 0.03125 0.04326923076923077 0.055288461538461536
5 0.6370192307692307 0.5048076923076923 0.04326923076923077 0.06009615384615385
5 0.03245192307692308 0.18389423076923078 0.04927884615384615 0.06490384615384616
2 0.9519230769230769 0.9651442307692307 0.038461538461538464 0.06610576923076923
2 0.41947115384615385 0.9795673076923077 0.03485576923076923 0.03485576923076923
2 0.20673076923076922 0.44471153846153844 0.055288461538461536 0.06971153846153846
2 0.33774038461538464 0.6478365384615384 0.14182692307692307 0.20673076923076922
2 0.4014423076923077 0.8725961538461539 0.02403846153846154 0.03245192307692308
2 0.078125 0.1622596153846154 0.042067307692307696 0.051682692307692304
2 0.390625 0.01201923076923077 0.06971153846153846 0.02283653846153846
2 0.6490384615384616 0.20793269230769232 0.02403846153846154 0.04326923076923077
2 0.5637019230769231 0.055288461538461536 0.2704326923076923 0.109375
2 0.8413461538461539 0.8341346153846154 0.20072115384615385 0.19471153846153846
2 0.5192307692307693 0.75 0.17427884615384615 0.40625
3 0.8629807692307693 0.2091346153846154 0.27403846153846156 0.13701923076923078
2 0.40625 0.8353365384615384 0.03365384615384615 0.02283653846153846
2 0.45552884615384615 0.6899038461538461 0.0733173076923077 0.10697115384615384
2 0.3004807692307692 0.3125 0.052884615384615384 0.078125
2 0.027644230769230768 0.12139423076923077 0.055288461538461536 0.05048076923076923
2 0.609375 0.16947115384615385 0.06610576923076923 0.10096153846153846
2 0.27163461538461536 0.359375 0.028846153846153848 0.039663461538461536
2 0.078125 0.36658653846153844 0.03245192307692308 0.03365384615384615
2 0.9903846153846154 0.5649038461538461 0.019230769230769232 0.12139423076923077
2 0.7079326923076923 0.53125 0.10817307692307693 0.140625
2 0.9278846153846154 0.09735576923076923 0.14423076923076922 0.19471153846153846
2 0.19591346153846154 0.8449519230769231 0.3918269230769231 0.30649038461538464
2 0.43149038461538464 0.796875 0.021634615384615384 0.01201923076923077
2 0.4735576923076923 0.125 0.027644230769230768 0.028846153846153848
2 0.9735576923076923 0.38461538461538464 0.052884615384615384 0.06490384615384616
2 0.31971153846153844 0.49278846153846156 0.07451923076923077 0.05048076923076923
2 0.7391826923076923 0.6983173076923077 0.0733173076923077 0.09254807692307693
2 0.90625 0.5552884615384616 0.11658653846153846 0.171875
5 0.7932692307692307 0.8990384615384616 0.02403846153846154 0.03125
5 0.7560096153846154 0.9375 0.04567307692307692 0.06490384615384616
2 0.9495192307692307 0.31009615384615385 0.020432692307692308 0.038461538461538464
2 0.8509615384615384 0.6646634615384616 0.03485576923076923 0.06971153846153846
2 0.5973557692307693 0.3317307692307692 0.05889423076923077 0.06009615384615385
5 0.7103365384615384 0.6550480769230769 0.07692307692307693 0.04326923076923077
2 0.36538461538461536 0.12259615384615384 0.06971153846153846 0.1141826923076923
5 0.8233173076923077 0.28846153846153844 0.04807692307692308 0.06129807692307692
2 0.40024038461538464 0.44711538461538464 0.08774038461538461 0.14302884615384615
2 0.015625 0.9879807692307693 0.03125 0.019230769230769232
2 0.5685096153846154 0.25721153846153844 0.03485576923076923 0.05048076923076923
5 0.5504807692307693 0.12259615384615384 0.037259615384615384 0.04927884615384615
2 0.44591346153846156 0.5276442307692307 0.016826923076923076 0.027644230769230768
5 0.7211538461538461 0.375 0.0625 0.07932692307692307
2 0.7740384615384616 0.09254807692307693 0.1502403846153846 0.1814903846153846
2 0.24278846153846154 0.5685096153846154 0.03365384615384615 0.04326923076923077
2 0.5084134615384616 0.15264423076923078 0.07451923076923077 0.04326923076923077
2 0.9771634615384616 0.47836538461538464 0.03245192307692308 0.05048076923076923
5 0.14903846153846154 0.46153846153846156 0.056490384615384616 0.0673076923076923
2 0.7127403846153846 0.8461538461538461 0.09495192307692307 0.08774038461538461
5 0.39903846153846156 0.7091346153846154 0.04567307692307692 0.06610576923076923
2 0.4050480769230769 0.09254807692307693 0.03485576923076923 0.1201923076923077
2 0.23918269230769232 0.7776442307692307 0.06129807692307692 0.09735576923076923
2 0.6766826923076923 0.11298076923076923 0.05048076923076923 0.055288461538461536
2 0.5925480769230769 0.38221153846153844 0.04447115384615385 0.056490384615384616
2 0.26802884615384615 0.13221153846153846 0.1346153846153846 0.24158653846153846
5 0.47475961538461536 0.4807692307692308 0.052884615384615384 0.0673076923076923
2 0.1141826923076923 0.5949519230769231 0.2283653846153846 0.19471153846153846
6 0.6514423076923077 0.6598557692307693 0.09735576923076923 0.2548076923076923
2 0.29927884615384615 0.7824519230769231 0.05048076923076923 0.04326923076923077
2 0.96875 0.6802884615384616 0.0625 0.06490384615384616
2 0.4375 0.17548076923076922 0.025240384615384616 0.037259615384615384
2 0.3245192307692308 0.36538461538461536 0.02283653846153846 0.026442307692307692
