1 0.7247596153846154 0.7259615384615384 0.030048076923076924 0.04807692307692308
1 0.7596153846153846 0.8677884615384616 0.14182692307692307 0.13942307692307693
1 0.43990384615384615 0.5180288461538461 0.03365384615384615 0.038461538461538464
1 0.9314903846153846 0.26802884615384615 0.040865384615384616 0.06009615384615385
1 0.15865384615384615 0.6141826923076923 0.02283653846153846 0.04326923076923077
1 0.9242788461538461 0.625 0.038461538461538464 0.042067307692307696
1 0.7115384615384616 0.22956730769230768 0.038461538461538464 0.027644230769230768
7 0.8341346153846154 0.6225961538461539 0.13942307692307693 0.14423076923076922
1 0.17908653846153846 0.6550480769230769 0.030048076923076924 0.037259615384615384
1 0.018028846153846152 0.7283653846153846 0.027644230769230768 0.04927884615384615
1 0.15985576923076922 0.5721153846153846 0.040865384615384616 0.040865384615384616
1 0.27283653846153844 0.453125 0.037259615384615384 0.042067307692307696
1 0.9891826923076923 0.35096153846153844 0.021634615384615384 0.037259615384615384
1 0.9206730769230769 0.671875 0.028846153846153848 0.039663461538461536
1 0.11778846153846154 0.8269230769230769 0.03485576923076923 0.06850961538461539
1 0.8557692307692307 0.09254807692307693 0.03125 0.05889423076923077
1 0.3004807692307692 0.40625 0.027644230769230768 0.05048076923076923
1 0.7235576923076923 0.6201923076923077 0.037259615384615384 0.09254807692307693
3 0.03485576923076923 0.9759615384615384 0.06850961538461539 0.04567307692307692
1 0.7163461538461539 0.546875 0.026442307692307692 0.037259615384615384
3 0.31971153846153844 0.5144230769230769 0.6382211538461539 0.96875
1 0.9591346153846154 0.7728365384615384 0.040865384615384616 0.05889423076923077
1 0.3942307692307692 0.6237980769230769 0.038461538461538464 0.04927884615384615
1 0.2283653846153846 0.3557692307692308 0.04567307692307692 0.07091346153846154
1 0.12860576923076922 0.5204326923076923 0.05048076923076923 0.06009615384615385
1 0.7572115384615384 0.2403846153846154 0.037259615384615384 0.056490384615384616
1 0.6286057692307693 0.03125 0.06610576923076923 0.05889423076923077
1 0.9050480769230769 0.14423076923076922 0.020432692307692308 0.027644230769230768
1 0.11658653846153846 0.29447115384615385 0.02283653846153846 0.027644230769230768
1 0.49158653846153844 0.359375 0.0625 0.06850961538461539
1 0.08653846153846154 0.28125 0.027644230769230768 0.03365384615384615
1 0.18509615384615385 0.48677884615384615 0.027644230769230768 0.06129807692307692
1 0.10096153846153846 0.1935096153846154 0.04927884615384615 0.05889423076923077
1 0.2283653846153846 0.9423076923076923 0.12139423076923077 0.10096153846153846
1 0.265625 0.6358173076923077 0.026442307692307692 0.04326923076923077
1 0.7295673076923077 0.28125 0.026442307692307692 0.037259615384615384
