2 0.02403846153846154 0.546875 0.04807692307692308 0.04807692307692308
2 0.7776442307692307 0.44471153846153844 0.040865384615384616 0.05889423076923077
12 0.4206730769230769 0.5 0.0889423076923077 0.9987980769230769
2 0.5925480769230769 0.6394230769230769 0.04447115384615385 0.07211538461538461
2 0.7271634615384616 0.2283653846153846 0.04567307692307692 0.040865384615384616
2 0.5649038461538461 0.796875 0.09975961538461539 0.140625
2 0.5853365384615384 0.7091346153846154 0.02403846153846154 0.036057692307692304
2 0.8401442307692307 0.30288461538461536 0.04927884615384615 0.07451923076923077
2 0.7932692307692307 0.15144230769230768 0.03485576923076923 0.05048076923076923
2 0.7536057692307693 0.1045673076923077 0.040865384615384616 0.06490384615384616
2 0.5817307692307693 0.9699519230769231 0.06370192307692307 0.05048076923076923
2 0.47836538461538464 0.8389423076923077 0.026442307692307692 0.04567307692307692
2 0.9879807692307693 0.8846153846153846 0.02403846153846154 0.07091346153846154
2 0.47596153846153844 0.6045673076923077 0.025240384615384616 0.03125
2 0.9290865384615384 0.5973557692307693 0.08653846153846154 0.0889423076923077
2 0.16947115384615385 0.4326923076923077 0.040865384615384616 0.056490384615384616
2 0.48677884615384615 0.9086538461538461 0.0625 0.08052884615384616
2 0.22235576923076922 0.07451923076923077 0.10336538461538461 0.14903846153846154
2 0.6875 0.7379807692307693 0.11057692307692307 0.15625
2 0.5 0.75 0.056490384615384616 0.06850961538461539
2 0.6262019230769231 0.5721153846153846 0.07692307692307693 0.0985576923076923
2 0.765625 0.7752403846153846 0.10336538461538461 0.1141826923076923
2 0.5120192307692307 0.6430288461538461 0.07572115384615384 0.12139423076923077
