2 0.26802884615384615 0.7572115384615384 0.04326923076923077 0.054086538461538464
2 0.9855769230769231 0.65625 0.028846153846153848 0.09615384615384616
2 0.6322115384615384 0.23557692307692307 0.052884615384615384 0.038461538461538464
2 0.5805288461538461 0.5877403846153846 0.040865384615384616 0.04807692307692308
2 0.4098557692307692 0.0889423076923077 0.05889423076923077 0.05048076923076923
2 0.5192307692307693 0.3701923076923077 0.027644230769230768 0.026442307692307692
2 0.8425480769230769 0.35697115384615385 0.055288461538461536 0.06129807692307692
2 0.18870192307692307 0.5925480769230769 0.057692307692307696 0.10697115384615384
2 0.5264423076923077 0.8377403846153846 0.027644230769230768 0.028846153846153848
2 0.96875 0.5889423076923077 0.04807692307692308 0.078125
2 0.5588942307692307 0.3449519230769231 0.02403846153846154 0.027644230769230768
3 0.7259615384615384 0.7379807692307693 0.27403846153846156 0.5036057692307693
2 0.10336538461538461 0.042067307692307696 0.05889423076923077 0.0733173076923077
2 0.020432692307692308 0.5084134615384616 0.040865384615384616 0.17908653846153846
2 0.4651442307692308 0.5877403846153846 0.037259615384615384 0.08774038461538461
2 0.7800480769230769 0.21995192307692307 0.04567307692307692 0.06850961538461539
2 0.5853365384615384 0.6550480769230769 0.04567307692307692 0.04447115384615385
2 0.5240384615384616 0.08173076923076923 0.037259615384615384 0.05048076923076923
2 0.6862980769230769 0.8677884615384616 0.040865384615384616 0.06971153846153846
0 0.2932692307692308 0.25961538461538464 0.09975961538461539 0.15745192307692307
2 0.27403846153846156 0.4855769230769231 0.08173076923076923 0.04326923076923077
2 0.8629807692307693 0.5048076923076923 0.10096153846153846 0.11538461538461539
2 0.36778846153846156 0.5 0.03485576923076923 0.05889423076923077
2 0.015625 0.7151442307692307 0.030048076923076924 0.055288461538461536
2 0.13822115384615385 0.3954326923076923 0.05889423076923077 0.09375
2 0.265625 0.6021634615384616 0.042067307692307696 0.09134615384615384
4 0.5841346153846154 0.49759615384615385 0.5240384615384616 0.9951923076923077
2 0.0625 0.6622596153846154 0.056490384615384616 0.07451923076923077
2 0.5841346153846154 0.2644230769230769 0.056490384615384616 0.07451923076923077
2 0.7067307692307693 0.2247596153846154 0.05889423076923077 0.08173076923076923
2 0.21875 0.875 0.025240384615384616 0.057692307692307696
2 0.5324519230769231 0.5384615384615384 0.02403846153846154 0.02403846153846154
2 0.3088942307692308 0.15625 0.07692307692307693 0.06009615384615385
2 0.07451923076923077 0.3088942307692308 0.04326923076923077 0.06610576923076923
2 0.4963942307692308 0.9050480769230769 0.07211538461538461 0.08653846153846154
2 0.5673076923076923 0.9086538461538461 0.026442307692307692 0.02403846153846154
2 0.6502403846153846 0.875 0.021634615384615384 0.027644230769230768
2 0.7692307692307693 0.9194711538461539 0.026442307692307692 0.040865384615384616
2 0.5649038461538461 0.7560096153846154 0.12860576923076922 0.13581730769230768
2 0.9146634615384616 0.21634615384615385 0.0673076923076923 0.04807692307692308
2 0.9675480769230769 0.34615384615384615 0.06490384615384616 0.12860576923076922
2 0.05889423076923077 0.9146634615384616 0.10817307692307693 0.13581730769230768
2 0.984375 0.8173076923076923 0.03125 0.07451923076923077
2 0.7632211538461539 0.578125 0.040865384615384616 0.019230769230769232
2 0.9627403846153846 0.09375 0.03485576923076923 0.09134615384615384
2 0.9639423076923077 0.46033653846153844 0.026442307692307692 0.028846153846153848
2 0.16947115384615385 0.484375 0.030048076923076924 0.03245192307692308
2 0.859375 0.7716346153846154 0.04807692307692308 0.06971153846153846
0 0.08533653846153846 0.1466346153846154 0.1045673076923077 0.23677884615384615
2 0.1658653846153846 0.8112980769230769 0.06370192307692307 0.07692307692307693
0 0.8858173076923077 0.014423076923076924 0.09375 0.028846153846153848
0 0.4639423076923077 0.35697115384615385 0.12139423076923077 0.2824519230769231
2 0.09254807692307693 0.7620192307692307 0.10817307692307693 0.09735576923076923
2 0.3076923076923077 0.6310096153846154 0.03485576923076923 0.05889423076923077
2 0.6394230769230769 0.7884615384615384 0.08413461538461539 0.08173076923076923
2 0.9290865384615384 0.16826923076923078 0.057692307692307696 0.06971153846153846
2 0.9158653846153846 0.6923076923076923 0.13701923076923078 0.0829326923076923
2 0.59375 0.8617788461538461 0.040865384615384616 0.07692307692307693
2 0.9903846153846154 0.9314903846153846 0.019230769230769232 0.04567307692307692
2 0.9038461538461539 0.3473557692307692 0.042067307692307696 0.05048076923076923
2 0.8990384615384616 0.9242788461538461 0.021634615384615384 0.10576923076923077
2 0.8713942307692307 0.8629807692307693 0.04807692307692308 0.0673076923076923
2 0.6334134615384616 0.30288461538461536 0.055288461538461536 0.054086538461538464
2 0.6899038461538461 0.1502403846153846 0.025240384615384616 0.05048076923076923
2 0.6262019230769231 0.13701923076923078 0.04807692307692308 0.07451923076923077
