1 0.4567307692307692 0.8545673076923077 0.038461538461538464 0.05048076923076923
1 0.8137019230769231 0.45072115384615385 0.051682692307692304 0.056490384615384616
1 0.5697115384615384 0.8473557692307693 0.09615384615384616 0.11057692307692307
1 0.7379807692307693 0.31971153846153844 0.056490384615384616 0.08173076923076923
1 0.5793269230769231 0.7235576923076923 0.04567307692307692 0.08413461538461539
1 0.9182692307692307 0.9543269230769231 0.11778846153846154 0.0889423076923077
1 0.2860576923076923 0.22235576923076922 0.055288461538461536 0.08653846153846154
1 0.7055288461538461 0.6802884615384616 0.07211538461538461 0.06009615384615385
0 0.859375 0.4987980769230769 0.08173076923076923 0.09134615384615384
1 0.9302884615384616 0.40625 0.07692307692307693 0.05048076923076923
1 0.038461538461538464 0.3401442307692308 0.07572115384615384 0.1622596153846154
1 0.25240384615384615 0.4375 0.054086538461538464 0.08774038461538461
10 0.6286057692307693 0.45552884615384615 0.7427884615384616 0.9074519230769231
1 0.9182692307692307 0.28365384615384615 0.08774038461538461 0.07451923076923077
