2 0.3942307692307692 0.609375 0.025240384615384616 0.021634615384615384
2 0.9867788461538461 0.7427884615384616 0.026442307692307692 0.04807692307692308
2 0.6610576923076923 0.71875 0.025240384615384616 0.03245192307692308
2 0.5817307692307693 0.6129807692307693 0.020432692307692308 0.027644230769230768
2 0.8052884615384616 0.7139423076923077 0.027644230769230768 0.037259615384615384
2 0.09014423076923077 0.16346153846153846 0.09014423076923077 0.15985576923076922
2 0.41466346153846156 0.5036057692307693 0.052884615384615384 0.04807692307692308
2 0.4567307692307692 0.1346153846153846 0.04567307692307692 0.055288461538461536
2 0.15144230769230768 0.14783653846153846 0.0829326923076923 0.23197115384615385
2 0.859375 0.5865384615384616 0.042067307692307696 0.05889423076923077
2 0.12980769230769232 0.02283653846153846 0.09975961538461539 0.038461538461538464
2 0.9651442307692307 0.7800480769230769 0.027644230769230768 0.03365384615384615
2 0.8713942307692307 0.7644230769230769 0.020432692307692308 0.037259615384615384
2 0.9903846153846154 0.49278846153846156 0.019230769230769232 0.036057692307692304
2 0.5120192307692307 0.8966346153846154 0.06129807692307692 0.09014423076923077
2 0.9891826923076923 0.6682692307692307 0.019230769230769232 0.02283653846153846
2 0.9567307692307693 0.6778846153846154 0.025240384615384616 0.030048076923076924
2 0.7776442307692307 0.78125 0.03245192307692308 0.06490384615384616
2 0.36177884615384615 0.11778846153846154 0.04447115384615385 0.04326923076923077
2 0.24639423076923078 0.8629807692307693 0.08173076923076923 0.07692307692307693
2 0.5661057692307693 0.5625 0.04807692307692308 0.07451923076923077
2 0.6706730769230769 0.9230769230769231 0.06370192307692307 0.13581730769230768
0 0.8269230769230769 0.4254807692307692 0.1622596153846154 0.12860576923076922
2 0.40625 0.8545673076923077 0.07211538461538461 0.04447115384615385
12 0.41586538461538464 0.5769230769230769 0.6838942307692307 0.5420673076923077
2 0.8629807692307693 0.6634615384615384 0.07211538461538461 0.08413461538461539
0 0.453125 0.3641826923076923 0.04567307692307692 0.04927884615384615
5 0.796875 0.9098557692307693 0.052884615384615384 0.06490384615384616
2 0.8786057692307693 0.9158653846153846 0.04447115384615385 0.06370192307692307
