10 0.8557692307692307 0.5 0.28846153846153844 0.9963942307692307
10 0.3894230769230769 0.5492788461538461 0.3269230769230769 0.8978365384615384
10 0.47716346153846156 0.49759615384615385 0.4495192307692308 0.9951923076923077
1 0.7439903846153846 0.6045673076923077 0.052884615384615384 0.08173076923076923
1 0.06009615384615385 0.31490384615384615 0.07211538461538461 0.11538461538461539
0 0.4206730769230769 0.18028846153846154 0.15985576923076922 0.34975961538461536
0 0.6129807692307693 0.7379807692307693 0.17668269230769232 0.515625
0 0.7079326923076923 0.2776442307692308 0.09014423076923077 0.234375
0 0.9134615384615384 0.21033653846153846 0.17307692307692307 0.40625
1 0.8016826923076923 0.8305288461538461 0.06850961538461539 0.11298076923076923
