2 0.30528846153846156 0.5925480769230769 0.08653846153846154 0.08173076923076923
2 0.6838942307692307 0.15504807692307693 0.125 0.1201923076923077
2 0.8088942307692307 0.10697115384615384 0.1141826923076923 0.20673076923076922
2 0.22596153846153846 0.8221153846153846 0.18269230769230768 0.35096153846153844
12 0.5 0.6634615384615384 1 0.5144230769230769
2 0.09375 0.6959134615384616 0.18629807692307693 0.6021634615384616
2 0.5480769230769231 0.08653846153846154 0.0889423076923077 0.0829326923076923
0 0.0985576923076923 0.2620192307692308 0.1971153846153846 0.5108173076923077
2 0.2980769230769231 0.30528846153846156 0.14182692307692307 0.14903846153846154
2 0.7223557692307693 0.3389423076923077 0.12860576923076922 0.23918269230769232
2 0.9026442307692307 0.41346153846153844 0.12379807692307693 0.10576923076923077
2 0.9603365384615384 0.3004807692307692 0.07932692307692307 0.14302884615384615
2 0.6021634615384616 0.35096153846153844 0.10096153846153846 0.11899038461538461
2 0.14423076923076922 0.12740384615384615 0.10096153846153846 0.2536057692307692
2 0.8341346153846154 0.7776442307692307 0.06971153846153846 0.08173076923076923
2 0.7487980769230769 0.9014423076923077 0.06610576923076923 0.055288461538461536
