2 0.078125 0.4411057692307692 0.037259615384615384 0.0733173076923077
2 0.3954326923076923 0.036057692307692304 0.05889423076923077 0.05889423076923077
2 0.07091346153846154 0.27163461538461536 0.06850961538461539 0.030048076923076924
2 0.3641826923076923 0.7079326923076923 0.07932692307692307 0.07932692307692307
2 0.36538461538461536 0.11899038461538461 0.04326923076923077 0.05889423076923077
2 0.4543269230769231 0.027644230769230768 0.04567307692307692 0.05048076923076923
2 0.04447115384615385 0.4675480769230769 0.040865384615384616 0.04807692307692308
2 0.26322115384615385 0.6526442307692307 0.055288461538461536 0.14903846153846154
2 0.5216346153846154 0.7379807692307693 0.027644230769230768 0.054086538461538464
2 0.3473557692307692 0.4543269230769231 0.06850961538461539 0.0889423076923077
2 0.7536057692307693 0.9555288461538461 0.07211538461538461 0.08173076923076923
2 0.18509615384615385 0.33533653846153844 0.08653846153846154 0.04447115384615385
2 0.7151442307692307 0.27403846153846156 0.038461538461538464 0.09254807692307693
2 0.038461538461538464 0.9555288461538461 0.07572115384615384 0.08052884615384616
2 0.796875 0.44471153846153844 0.03125 0.05048076923076923
2 0.7271634615384616 0.3389423076923077 0.03485576923076923 0.039663461538461536
2 0.6586538461538461 0.375 0.05048076923076923 0.037259615384615384
2 0.5673076923076923 0.03365384615384615 0.04447115384615385 0.054086538461538464
2 0.13942307692307693 0.5120192307692307 0.019230769230769232 0.02283653846153846
2 0.32091346153846156 0.9543269230769231 0.06009615384615385 0.07451923076923077
2 0.5288461538461539 0.9182692307692307 0.10096153846153846 0.14423076923076922
2 0.8978365384615384 0.7512019230769231 0.056490384615384616 0.07451923076923077
2 0.06490384615384616 0.5853365384615384 0.056490384615384616 0.039663461538461536
2 0.0625 0.6466346153846154 0.07692307692307693 0.06850961538461539
2 0.3485576923076923 0.7860576923076923 0.030048076923076924 0.06490384615384616
2 0.5288461538461539 0.8137019230769231 0.04807692307692308 0.06610576923076923
2 0.8930288461538461 0.8293269230769231 0.03485576923076923 0.06129807692307692
2 0.7379807692307693 0.390625 0.04927884615384615 0.046875
2 0.015625 0.41225961538461536 0.03125 0.05048076923076923
2 0.16105769230769232 0.5060096153846154 0.04807692307692308 0.08774038461538461
2 0.7415865384615384 0.8701923076923077 0.040865384615384616 0.05048076923076923
2 0.6129807692307693 0.8317307692307693 0.038461538461538464 0.09735576923076923
2 0.6310096153846154 0.17908653846153846 0.020432692307692308 0.04326923076923077
2 0.5721153846153846 0.16826923076923078 0.04807692307692308 0.028846153846153848
2 0.2704326923076923 0.47716346153846156 0.06490384615384616 0.10216346153846154
2 0.056490384615384616 0.013221153846153846 0.026442307692307692 0.026442307692307692
2 0.06129807692307692 0.19951923076923078 0.055288461538461536 0.11538461538461539
2 0.27403846153846156 0.9375 0.025240384615384616 0.019230769230769232
2 0.6141826923076923 0.5168269230769231 0.11538461538461539 0.21875
2 0.3557692307692308 0.5576923076923077 0.042067307692307696 0.11057692307692307
2 0.22716346153846154 0.09495192307692307 0.057692307692307696 0.11057692307692307
2 0.21754807692307693 0.48677884615384615 0.03365384615384615 0.06129807692307692
2 0.4266826923076923 0.5721153846153846 0.020432692307692308 0.026442307692307692
2 0.13701923076923078 0.9471153846153846 0.03485576923076923 0.03485576923076923
2 0.5949519230769231 0.7572115384615384 0.05889423076923077 0.05048076923076923
2 0.6610576923076923 0.7800480769230769 0.06490384615384616 0.09375
2 0.75 0.75 0.040865384615384616 0.042067307692307696
2 0.7560096153846154 0.7067307692307693 0.030048076923076924 0.040865384615384616
2 0.8461538461538461 0.9447115384615384 0.042067307692307696 0.056490384615384616
2 0.8978365384615384 0.3894230769230769 0.10817307692307693 0.12139423076923077
2 0.22115384615384615 0.7848557692307693 0.13581730769230768 0.14302884615384615
2 0.18870192307692307 0.9867788461538461 0.038461538461538464 0.021634615384615384
2 0.5372596153846154 0.6454326923076923 0.09495192307692307 0.11057692307692307
2 0.15865384615384615 0.06971153846153846 0.030048076923076924 0.02403846153846154
2 0.12379807692307693 0.3713942307692308 0.03125 0.028846153846153848
2 0.16826923076923078 0.19230769230769232 0.030048076923076924 0.06850961538461539
2 0.13341346153846154 0.2848557692307692 0.055288461538461536 0.06370192307692307
2 0.18028846153846154 0.5733173076923077 0.04326923076923077 0.03365384615384615
2 0.609375 0.9591346153846154 0.05889423076923077 0.078125
2 0.9350961538461539 0.9651442307692307 0.055288461538461536 0.06370192307692307
2 0.7704326923076923 0.5180288461538461 0.03245192307692308 0.055288461538461536
2 0.49278846153846156 0.11658653846153846 0.09735576923076923 0.140625
2 0.0829326923076923 0.5144230769230769 0.07451923076923077 0.07211538461538461
2 0.6850961538461539 0.8677884615384616 0.07692307692307693 0.09375
2 0.34134615384615385 0.3605769230769231 0.09495192307692307 0.09735576923076923
2 0.5625 0.11778846153846154 0.027644230769230768 0.037259615384615384
2 0.056490384615384616 0.35216346153846156 0.027644230769230768 0.040865384615384616
2 0.08653846153846154 0.8221153846153846 0.14182692307692307 0.16105769230769232
2 0.4723557692307692 0.2548076923076923 0.06370192307692307 0.08413461538461539
2 0.8365384615384616 0.1935096153846154 0.020432692307692308 0.027644230769230768
2 0.39783653846153844 0.35216346153846156 0.04567307692307692 0.037259615384615384
2 0.39903846153846156 0.23197115384615385 0.06370192307692307 0.0829326923076923
2 0.44591346153846156 0.5024038461538461 0.08653846153846154 0.0889423076923077
2 0.6826923076923077 0.9399038461538461 0.05889423076923077 0.06009615384615385
2 0.6213942307692307 0.0889423076923077 0.03245192307692308 0.056490384615384616
2 0.4362980769230769 0.6802884615384616 0.1045673076923077 0.12379807692307693
2 0.8942307692307693 0.08653846153846154 0.10336538461538461 0.17307692307692307
2 0.7776442307692307 0.1971153846153846 0.07211538461538461 0.08173076923076923
2 0.3004807692307692 0.9086538461538461 0.02403846153846154 0.027644230769230768
2 0.7644230769230769 0.051682692307692304 0.04447115384615385 0.06370192307692307
2 0.9867788461538461 0.12259615384615384 0.021634615384615384 0.03365384615384615
2 0.8509615384615384 0.7427884615384616 0.027644230769230768 0.03245192307692308
2 0.7920673076923077 0.09254807692307693 0.10817307692307693 0.1201923076923077
2 0.15264423076923078 0.640625 0.12379807692307693 0.15144230769230768
2 0.31009615384615385 0.5480769230769231 0.037259615384615384 0.09735576923076923
2 0.6310096153846154 0.14302884615384615 0.036057692307692304 0.05048076923076923
2 0.2091346153846154 0.8822115384615384 0.09495192307692307 0.11899038461538461
2 0.10096153846153846 0.05048076923076923 0.054086538461538464 0.09014423076923077
2 0.8185096153846154 0.5625 0.06490384615384616 0.09134615384615384
2 0.09134615384615384 0.9831730769230769 0.018028846153846152 0.018028846153846152
2 0.9879807692307693 0.0625 0.02403846153846154 0.06129807692307692
2 0.12860576923076922 0.026442307692307692 0.04567307692307692 0.036057692307692304
2 0.7163461538461539 0.6826923076923077 0.08413461538461539 0.06370192307692307
2 0.4639423076923077 0.8004807692307693 0.06490384615384616 0.07211538461538461
2 0.05048076923076923 0.39903846153846156 0.030048076923076924 0.02283653846153846
2 0.4567307692307692 0.9507211538461539 0.04927884615384615 0.09254807692307693
2 0.43149038461538464 0.41586538461538464 0.08774038461538461 0.08774038461538461
2 0.9663461538461539 0.5276442307692307 0.06610576923076923 0.10096153846153846
2 0.6838942307692307 0.11778846153846154 0.08653846153846154 0.17067307692307693
2 0.5745192307692307 0.36899038461538464 0.04927884615384615 0.07091346153846154
2 0.5180288461538461 0.4170673076923077 0.06610576923076923 0.10576923076923077
2 0.3016826923076923 0.21995192307692307 0.09735576923076923 0.13942307692307693
2 0.38100961538461536 0.8641826923076923 0.08774038461538461 0.08052884615384616
2 0.53125 0.31009615384615385 0.038461538461538464 0.14423076923076922
2 0.8233173076923077 0.7487980769230769 0.09615384615384616 0.29086538461538464
2 0.5576923076923077 0.27524038461538464 0.03125 0.07692307692307693
2 0.5973557692307693 0.20552884615384615 0.03485576923076923 0.03245192307692308
2 0.2776442307692308 0.12860576923076922 0.04807692307692308 0.07451923076923077
2 0.1201923076923077 0.22235576923076922 0.05889423076923077 0.03245192307692308
2 0.7848557692307693 0.25600961538461536 0.03125 0.046875
2 0.13822115384615385 0.9122596153846154 0.027644230769230768 0.04807692307692308
4 0.8641826923076923 0.5132211538461539 0.23918269230769232 0.40625
2 0.46153846153846156 0.32211538461538464 0.07692307692307693 0.08413461538461539
2 0.8076923076923077 0.3473557692307692 0.027644230769230768 0.046875
2 0.109375 0.9711538461538461 0.020432692307692308 0.026442307692307692
2 0.11658653846153846 0.4254807692307692 0.04807692307692308 0.07692307692307693
