2 0.4567307692307692 0.9723557692307693 0.07211538461538461 0.04567307692307692
2 0.2283653846153846 0.5084134615384616 0.014423076923076924 0.019230769230769232
2 0.6286057692307693 0.5492788461538461 0.03365384615384615 0.10216346153846154
2 0.7451923076923077 0.15504807692307693 0.027644230769230768 0.06490384615384616
2 0.08533653846153846 0.9723557692307693 0.10336538461538461 0.046875
2 0.16105769230769232 0.9435096153846154 0.042067307692307696 0.06129807692307692
2 0.40625 0.7704326923076923 0.15865384615384615 0.14423076923076922
2 0.08173076923076923 0.9026442307692307 0.05889423076923077 0.0889423076923077
2 0.9411057692307693 0.2692307692307692 0.018028846153846152 0.027644230769230768
2 0.8569711538461539 0.8305288461538461 0.16105769230769232 0.25
2 0.14783653846153846 0.06610576923076923 0.11538461538461539 0.12980769230769232
5 0.06490384615384616 0.042067307692307696 0.07211538461538461 0.08173076923076923
2 0.9927884615384616 0.2776442307692308 0.014423076923076924 0.02403846153846154
2 0.453125 0.15144230769230768 0.030048076923076924 0.03485576923076923
2 0.5324519230769231 0.9747596153846154 0.09375 0.05048076923076923
2 0.015625 0.875 0.03125 0.0625
2 0.40625 0.009615384615384616 0.027644230769230768 0.019230769230769232
5 0.3786057692307692 0.375 0.08653846153846154 0.1141826923076923
2 0.7536057692307693 0.7740384615384616 0.07451923076923077 0.12860576923076922
2 0.6033653846153846 0.7692307692307693 0.019230769230769232 0.03365384615384615
2 0.5084134615384616 0.7920673076923077 0.03245192307692308 0.051682692307692304
2 0.7259615384615384 0.09375 0.007211538461538462 0.013221153846153846
2 0.46153846153846156 0.8341346153846154 0.054086538461538464 0.09134615384615384
2 0.18389423076923078 0.9807692307692307 0.0889423076923077 0.03125
2 0.9411057692307693 0.45552884615384615 0.04567307692307692 0.07091346153846154
2 0.9290865384615384 0.36778846153846156 0.06610576923076923 0.09615384615384616
2 0.796875 0.026442307692307692 0.07451923076923077 0.05048076923076923
2 0.3762019230769231 0.025240384615384616 0.030048076923076924 0.037259615384615384
2 0.71875 0.9230769230769231 0.13221153846153846 0.15144230769230768
2 0.9483173076923077 0.15985576923076922 0.07572115384615384 0.11298076923076923
2 0.9795673076923077 0.3737980769230769 0.03485576923076923 0.06971153846153846
2 0.9158653846153846 0.7836538461538461 0.03485576923076923 0.08052884615384616
2 0.39903846153846156 0.16346153846153846 0.025240384615384616 0.04326923076923077
2 0.8341346153846154 0.3701923076923077 0.019230769230769232 0.026442307692307692
2 0.9591346153846154 0.7091346153846154 0.08173076923076923 0.07932692307692307
2 0.6153846153846154 0.9675480769230769 0.052884615384615384 0.06129807692307692
2 0.8954326923076923 0.5877403846153846 0.2091346153846154 0.1814903846153846
2 0.9759615384615384 0.25 0.016826923076923076 0.027644230769230768
2 0.31009615384615385 0.02403846153846154 0.06370192307692307 0.04447115384615385
2 0.9879807692307693 0.4675480769230769 0.02403846153846154 0.027644230769230768
2 0.9098557692307693 0.03485576923076923 0.10336538461538461 0.06850961538461539
2 0.8209134615384616 0.3161057692307692 0.056490384615384616 0.08052884615384616
2 0.019230769230769232 0.042067307692307696 0.037259615384615384 0.0829326923076923
2 0.8040865384615384 0.125 0.056490384615384616 0.04447115384615385
2 0.75 0.051682692307692304 0.016826923076923076 0.027644230769230768
2 0.06850961538461539 0.35697115384615385 0.0673076923076923 0.05048076923076923
2 0.38341346153846156 0.9242788461538461 0.04567307692307692 0.0829326923076923
2 0.765625 0.38461538461538464 0.040865384615384616 0.0889423076923077
2 0.20793269230769232 0.8221153846153846 0.15264423076923078 0.21634615384615385
2 0.7572115384615384 0.6033653846153846 0.10096153846153846 0.15144230769230768
2 0.09375 0.7932692307692307 0.057692307692307696 0.10576923076923077
4 0.5973557692307693 0.6033653846153846 0.24278846153846154 0.3112980769230769
2 0.13822115384615385 0.6394230769230769 0.15264423076923078 0.16466346153846154
2 0.2692307692307692 0.4254807692307692 0.2932692307692308 0.2536057692307692
2 0.006009615384615385 0.7896634615384616 0.01201923076923077 0.027644230769230768
2 0.453125 0.20673076923076922 0.030048076923076924 0.055288461538461536
5 0.15144230769230768 0.3701923076923077 0.0733173076923077 0.057692307692307696
2 0.9507211538461539 0.8449519230769231 0.03365384615384615 0.051682692307692304
2 0.06009615384615385 0.20192307692307693 0.1201923076923077 0.2403846153846154
2 0.8028846153846154 0.7007211538461539 0.04567307692307692 0.055288461538461536
2 0.9831730769230769 0.5252403846153846 0.03365384615384615 0.05048076923076923
2 0.7776442307692307 0.25 0.018028846153846152 0.026442307692307692
2 0.5276442307692307 0.5132211538461539 0.03125 0.03365384615384615
2 0.8786057692307693 0.16466346153846154 0.09495192307692307 0.22235576923076922
2 0.6538461538461539 0.6682692307692307 0.06850961538461539 0.08653846153846154
2 0.9819711538461539 0.8653846153846154 0.036057692307692304 0.265625
2 0.8557692307692307 0.9747596153846154 0.14423076923076922 0.04326923076923077
2 0.8509615384615384 0.43509615384615385 0.051682692307692304 0.09254807692307693
2 0.9795673076923077 0.07091346153846154 0.040865384615384616 0.14182692307692307
2 0.7163461538461539 0.020432692307692308 0.05048076923076923 0.037259615384615384
2 0.8137019230769231 0.07211538461538461 0.03245192307692308 0.021634615384615384
2 0.17548076923076922 0.23677884615384615 0.06490384615384616 0.10576923076923077
2 0.5817307692307693 0.5829326923076923 0.0673076923076923 0.06490384615384616
2 0.5757211538461539 0.8822115384615384 0.014423076923076924 0.021634615384615384
2 0.7584134615384616 0.31850961538461536 0.02403846153846154 0.021634615384615384
2 0.5036057692307693 0.9447115384615384 0.016826923076923076 0.026442307692307692
2 0.6911057692307693 0.7307692307692307 0.07211538461538461 0.19951923076923078
2 0.25 0.2247596153846154 0.08653846153846154 0.13341346153846154
2 0.03245192307692308 0.5576923076923077 0.025240384615384616 0.06129807692307692
2 0.11177884615384616 0.5444711538461539 0.05889423076923077 0.04927884615384615
5 0.3173076923076923 0.8389423076923077 0.06610576923076923 0.09615384615384616
2 0.13701923076923078 0.2848557692307692 0.030048076923076924 0.036057692307692304
5 0.9362980769230769 0.6694711538461539 0.06850961538461539 0.07932692307692307
2 0.07932692307692307 0.47596153846153844 0.052884615384615384 0.09975961538461539
2 0.3473557692307692 0.20793269230769232 0.10336538461538461 0.07211538461538461
5 0.4699519230769231 0.32091346153846156 0.05048076923076923 0.06971153846153846
5 0.12740384615384615 0.7055288461538461 0.042067307692307696 0.05889423076923077
5 0.4423076923076923 0.5252403846153846 0.04927884615384615 0.07091346153846154
5 0.1346153846153846 0.4891826923076923 0.036057692307692304 0.05048076923076923
5 0.11057692307692307 0.9447115384615384 0.03125 0.05048076923076923
2 0.2860576923076923 0.055288461538461536 0.030048076923076924 0.042067307692307696
2 0.5252403846153846 0.14543269230769232 0.14543269230769232 0.29086538461538464
5 0.7524038461538461 0.4951923076923077 0.05048076923076923 0.06370192307692307
5 0.06850961538461539 0.7199519230769231 0.030048076923076924 0.039663461538461536
2 0.3954326923076923 0.6286057692307693 0.13221153846153846 0.12860576923076922
2 0.5432692307692307 0.4230769230769231 0.07572115384615384 0.06129807692307692
2 0.453125 0.4387019230769231 0.06850961538461539 0.10336538461538461
5 0.04807692307692308 0.6105769230769231 0.04807692307692308 0.026442307692307692
5 0.6358173076923077 0.8413461538461539 0.055288461538461536 0.0733173076923077
5 0.8052884615384616 0.41466346153846156 0.04447115384615385 0.06490384615384616
2 0.018028846153846152 0.6838942307692307 0.036057692307692304 0.08653846153846154
2 0.6370192307692307 0.1045673076923077 0.08533653846153846 0.20793269230769232
2 0.44591346153846156 0.265625 0.04447115384615385 0.051682692307692304
2 0.33533653846153844 0.26322115384615385 0.09014423076923077 0.078125
5 0.6490384615384616 0.3425480769230769 0.07932692307692307 0.1201923076923077
5 0.7139423076923077 0.3954326923076923 0.06610576923076923 0.09014423076923077
5 0.24519230769230768 0.7211538461538461 0.040865384615384616 0.05048076923076923
2 0.3389423076923077 0.08173076923076923 0.1045673076923077 0.056490384615384616
2 0.5276442307692307 0.6959134615384616 0.02403846153846154 0.030048076923076924
2 0.11899038461538461 0.2127403846153846 0.03485576923076923 0.05048076923076923
5 0.8209134615384616 0.9206730769230769 0.06850961538461539 0.08052884615384616
5 0.5817307692307693 0.34375 0.04927884615384615 0.0673076923076923
2 0.21634615384615385 0.03125 0.030048076923076924 0.027644230769230768
2 0.02403846153846154 0.4170673076923077 0.04807692307692308 0.18870192307692307
5 0.3233173076923077 0.13822115384615385 0.05048076923076923 0.07091346153846154
2 0.2980769230769231 0.6502403846153846 0.06490384615384616 0.1141826923076923
5 0.25721153846153844 0.5925480769230769 0.040865384615384616 0.054086538461538464
5 0.5901442307692307 0.13822115384615385 0.04447115384615385 0.056490384615384616
2 0.4723557692307692 0.5877403846153846 0.040865384615384616 0.06370192307692307
5 0.3581730769230769 0.8798076923076923 0.037259615384615384 0.04807692307692308
2 0.24759615384615385 0.11298076923076923 0.09975961538461539 0.08653846153846154
5 0.7992788461538461 0.1875 0.06129807692307692 0.09134615384615384
