2 0.24158653846153846 0.8173076923076923 0.3449519230769231 0.3485576923076923
2 0.7908653846153846 0.12980769230769232 0.04807692307692308 0.09735576923076923
2 0.6838942307692307 0.7427884615384616 0.009615384615384616 0.02283653846153846
5 0.18629807692307693 0.5492788461538461 0.15264423076923078 0.20192307692307693
2 0.8521634615384616 0.9350961538461539 0.04447115384615385 0.09375
2 0.6334134615384616 0.1814903846153846 0.12860576923076922 0.24158653846153846
2 0.7223557692307693 0.8088942307692307 0.021634615384615384 0.05048076923076923
2 0.6754807692307693 0.8185096153846154 0.04567307692307692 0.0829326923076923
2 0.6141826923076923 0.6153846153846154 0.2127403846153846 0.19591346153846154
2 0.16947115384615385 0.265625 0.0625 0.06610576923076923
2 0.054086538461538464 0.20432692307692307 0.037259615384615384 0.07451923076923077
2 0.35096153846153844 0.5673076923076923 0.13942307692307693 0.13581730769230768
2 0.9807692307692307 0.31971153846153844 0.037259615384615384 0.06610576923076923
2 0.828125 0.34134615384615385 0.07932692307692307 0.11057692307692307
2 0.7235576923076923 0.16466346153846154 0.03365384615384615 0.037259615384615384
5 0.03365384615384615 0.8725961538461539 0.05889423076923077 0.24639423076923078
2 0.8870192307692307 0.17307692307692307 0.16346153846153846 0.34375
2 0.17908653846153846 0.15985576923076922 0.06009615384615385 0.09014423076923077
5 0.054086538461538464 0.43509615384615385 0.10817307692307693 0.3473557692307692
2 0.7055288461538461 0.052884615384615384 0.07211538461538461 0.08052884615384616
10 0.48677884615384615 0.49759615384615385 0.16105769230769232 0.9951923076923077
2 0.7403846153846154 0.8713942307692307 0.05889423076923077 0.07692307692307693
2 0.8701923076923077 0.6334134615384616 0.25961538461538464 0.5120192307692307
2 0.65625 0.3293269230769231 0.06129807692307692 0.09975961538461539
2 0.6550480769230769 0.42427884615384615 0.18028846153846154 0.171875
2 0.4375 0.05889423076923077 0.08413461538461539 0.11658653846153846
