2 0.018028846153846152 0.47115384615384615 0.026442307692307692 0.027644230769230768
2 0.9326923076923077 0.5168269230769231 0.05889423076923077 0.08774038461538461
2 0.6995192307692307 0.04927884615384615 0.019230769230769232 0.03365384615384615
2 0.8545673076923077 0.13942307692307693 0.038461538461538464 0.06129807692307692
2 0.9362980769230769 0.41225961538461536 0.030048076923076924 0.051682692307692304
2 0.7403846153846154 0.17307692307692307 0.036057692307692304 0.07451923076923077
4 0.4026442307692308 0.4411057692307692 0.6033653846153846 0.8810096153846154
2 0.2956730769230769 0.1310096153846154 0.051682692307692304 0.051682692307692304
2 0.13221153846153846 0.1778846153846154 0.057692307692307696 0.05889423076923077
2 0.9855769230769231 0.47115384615384615 0.027644230769230768 0.08413461538461539
2 0.3701923076923077 0.057692307692307696 0.025240384615384616 0.027644230769230768
2 0.47115384615384615 0.8509615384615384 0.055288461538461536 0.05889423076923077
2 0.3016826923076923 0.7932692307692307 0.13942307692307693 0.2127403846153846
2 0.3713942307692308 0.7596153846153846 0.04807692307692308 0.06490384615384616
2 0.21033653846153846 0.34134615384615385 0.056490384615384616 0.07451923076923077
2 0.3076923076923077 0.9483173076923077 0.12139423076923077 0.09735576923076923
2 0.20552884615384615 0.8798076923076923 0.03485576923076923 0.054086538461538464
2 0.8161057692307693 0.10817307692307693 0.025240384615384616 0.03125
2 0.7331730769230769 0.07572115384615384 0.02403846153846154 0.055288461538461536
2 0.15144230769230768 0.5336538461538461 0.027644230769230768 0.054086538461538464
2 0.5360576923076923 0.9086538461538461 0.03125 0.04567307692307692
2 0.014423076923076924 0.12860576923076922 0.027644230769230768 0.036057692307692304
2 0.9074519230769231 0.14903846153846154 0.040865384615384616 0.078125
2 0.43509615384615385 0.4110576923076923 0.03245192307692308 0.04807692307692308
2 0.20793269230769232 0.47115384615384615 0.06129807692307692 0.07091346153846154
2 0.7956730769230769 0.030048076923076924 0.052884615384615384 0.046875
2 0.05048076923076923 0.25961538461538464 0.02283653846153846 0.07451923076923077
2 0.4182692307692308 0.328125 0.027644230769230768 0.036057692307692304
2 0.9735576923076923 0.9122596153846154 0.037259615384615384 0.040865384615384616
2 0.04447115384615385 0.6394230769230769 0.056490384615384616 0.10576923076923077
2 0.31850961538461536 0.25240384615384615 0.051682692307692304 0.039663461538461536
2 0.9002403846153846 0.44471153846153844 0.03485576923076923 0.08653846153846154
2 0.41947115384615385 0.13581730769230768 0.06370192307692307 0.04927884615384615
2 0.19591346153846154 0.078125 0.02403846153846154 0.027644230769230768
0 0.7920673076923077 0.7608173076923077 0.18990384615384615 0.25
2 0.7403846153846154 0.375 0.09975961538461539 0.18870192307692307
2 0.48677884615384615 0.9651442307692307 0.12379807692307693 0.0673076923076923
2 0.9759615384615384 0.33413461538461536 0.04807692307692308 0.08774038461538461
2 0.7932692307692307 0.5625 0.09254807692307693 0.17668269230769232
2 0.6358173076923077 0.21153846153846154 0.19110576923076922 0.21634615384615385
2 0.6129807692307693 0.9495192307692307 0.051682692307692304 0.08173076923076923
2 0.4579326923076923 0.25721153846153844 0.019230769230769232 0.03245192307692308
2 0.8677884615384616 0.9543269230769231 0.07211538461538461 0.09134615384615384
2 0.4639423076923077 0.06971153846153846 0.03245192307692308 0.02283653846153846
2 0.08774038461538461 0.2548076923076923 0.020432692307692308 0.02283653846153846
2 0.07091346153846154 0.3713942307692308 0.042067307692307696 0.06370192307692307
0 0.7199519230769231 0.9891826923076923 0.056490384615384616 0.021634615384615384
