1 0.37259615384615385 0.014423076923076924 0.030048076923076924 0.027644230769230768
1 0.6490384615384616 0.6322115384615384 0.10336538461538461 0.15865384615384615
1 0.28966346153846156 0.13942307692307693 0.016826923076923076 0.02403846153846154
1 0.2692307692307692 0.41466346153846156 0.07932692307692307 0.04447115384615385
1 0.7319711538461539 0.6790865384615384 0.06850961538461539 0.06490384615384616
1 0.35096153846153844 0.20793269230769232 0.010817307692307692 0.016826923076923076
1 0.7379807692307693 0.8088942307692307 0.04567307692307692 0.09975961538461539
1 0.9098557692307693 0.6947115384615384 0.14182692307692307 0.18629807692307693
1 0.453125 0.4723557692307692 0.08653846153846154 0.08653846153846154
1 0.23798076923076922 0.23076923076923078 0.019230769230769232 0.03485576923076923
1 0.33774038461538464 0.030048076923076924 0.014423076923076924 0.027644230769230768
1 0.7800480769230769 0.18389423076923078 0.1814903846153846 0.29447115384615385
1 0.5901442307692307 0.14423076923076922 0.1814903846153846 0.28365384615384615
4 0.9567307692307693 0.875 0.08653846153846154 0.13341346153846154
1 0.30649038461538464 0.7127403846153846 0.1778846153846154 0.2403846153846154
1 0.02283653846153846 0.31490384615384615 0.04567307692307692 0.10096153846153846
1 0.1045673076923077 0.8629807692307693 0.2091346153846154 0.265625
1 0.18629807692307693 0.4375 0.07211538461538461 0.11298076923076923
4 0.6069711538461539 0.9771634615384616 0.06370192307692307 0.037259615384615384
1 0.11298076923076923 0.09254807692307693 0.2247596153846154 0.18389423076923078
1 0.7632211538461539 0.3918269230769231 0.125 0.11538461538461539
1 0.27163461538461536 0.3317307692307692 0.021634615384615384 0.027644230769230768
1 0.375 0.31971153846153844 0.016826923076923076 0.026442307692307692
1 0.7355769230769231 0.052884615384615384 0.036057692307692304 0.039663461538461536
1 0.6526442307692307 0.78125 0.12139423076923077 0.16706730769230768
4 0.8978365384615384 0.9627403846153846 0.15745192307692307 0.0733173076923077
4 0.9194711538461539 0.27283653846153844 0.12139423076923077 0.10336538461538461
1 0.7944711538461539 0.5805288461538461 0.06610576923076923 0.06610576923076923
1 0.9567307692307693 0.4807692307692308 0.08653846153846154 0.21754807692307693
1 0.34615384615384615 0.4387019230769231 0.02403846153846154 0.02283653846153846
1 0.33533653846153844 0.36538461538461536 0.020432692307692308 0.02283653846153846
4 0.9338942307692307 0.5180288461538461 0.04567307692307692 0.06610576923076923
1 0.09014423076923077 0.5661057692307693 0.18028846153846154 0.3389423076923077
1 0.2620192307692308 0.1045673076923077 0.02283653846153846 0.03245192307692308
1 0.5649038461538461 0.4098557692307692 0.040865384615384616 0.0673076923076923
1 0.4483173076923077 0.8846153846153846 0.24879807692307693 0.22235576923076922
1 0.17307692307692307 0.6622596153846154 0.040865384615384616 0.04447115384615385
4 0.26322115384615385 0.5108173076923077 0.11057692307692307 0.14423076923076922
1 0.6730769230769231 0.49759615384615385 0.03245192307692308 0.02283653846153846
4 0.8774038461538461 0.3713942307692308 0.10817307692307693 0.14302884615384615
1 0.4579326923076923 0.14903846153846154 0.14903846153846154 0.25961538461538464
3 0.5985576923076923 0.6201923076923077 0.1971153846153846 0.7560096153846154
1 0.3942307692307692 0.5168269230769231 0.04807692307692308 0.08413461538461539
1 0.47115384615384615 0.703125 0.11538461538461539 0.20432692307692307
1 0.2860576923076923 0.9795673076923077 0.04807692307692308 0.03365384615384615
1 0.2439903846153846 0.8497596153846154 0.15745192307692307 0.23918269230769232
4 0.027644230769230768 0.8545673076923077 0.055288461538461536 0.17548076923076922
1 0.12139423076923077 0.3016826923076923 0.09014423076923077 0.22355769230769232
