7 0.014423076923076924 0.4026442307692308 0.027644230769230768 0.026442307692307692
1 0.14302884615384615 0.953125 0.021634615384615384 0.08653846153846154
1 0.5612980769230769 0.6045673076923077 0.02403846153846154 0.03365384615384615
7 0.16826923076923078 0.7560096153846154 0.019230769230769232 0.03365384615384615
10 0.234375 0.5 0.33052884615384615 0.9975961538461539
1 0.35697115384615385 0.25240384615384615 0.040865384615384616 0.046875
7 0.6370192307692307 0.9831730769230769 0.02403846153846154 0.027644230769230768
7 0.3401442307692308 0.6526442307692307 0.04447115384615385 0.027644230769230768
7 0.2668269230769231 0.8966346153846154 0.018028846153846152 0.027644230769230768
1 0.36778846153846156 0.6153846153846154 0.05048076923076923 0.051682692307692304
1 0.27884615384615385 0.07572115384615384 0.040865384615384616 0.06009615384615385
7 0.036057692307692304 0.5132211538461539 0.04567307692307692 0.03485576923076923
1 0.8918269230769231 0.6826923076923077 0.05889423076923077 0.11057692307692307
1 0.7956730769230769 0.27884615384615385 0.036057692307692304 0.04447115384615385
1 0.04326923076923077 0.6225961538461539 0.08653846153846154 0.12860576923076922
1 0.7596153846153846 0.8822115384615384 0.027644230769230768 0.03365384615384615
1 0.5564903846153846 0.16346153846153846 0.15264423076923078 0.14182692307692307
7 0.8269230769230769 0.5420673076923077 0.016826923076923076 0.04807692307692308
7 0.6045673076923077 0.9338942307692307 0.040865384615384616 0.036057692307692304
7 0.5889423076923077 0.9038461538461539 0.020432692307692308 0.03125
7 0.22355769230769232 0.13822115384615385 0.027644230769230768 0.04807692307692308
7 0.7379807692307693 0.9555288461538461 0.02403846153846154 0.06610576923076923
1 0.9591346153846154 0.1045673076923077 0.08173076923076923 0.13341346153846154
7 0.2932692307692308 0.38221153846153844 0.037259615384615384 0.021634615384615384
7 0.05048076923076923 0.31490384615384615 0.027644230769230768 0.125
1 0.9627403846153846 0.32211538461538464 0.06610576923076923 0.06850961538461539
1 0.46153846153846156 0.10336538461538461 0.05889423076923077 0.06490384615384616
7 0.484375 0.75 0.04326923076923077 0.11658653846153846
7 0.28125 0.5168269230769231 0.054086538461538464 0.055288461538461536
7 0.026442307692307692 0.3713942307692308 0.038461538461538464 0.056490384615384616
7 0.546875 0.6935096153846154 0.03485576923076923 0.03245192307692308
1 0.796875 0.4963942307692308 0.05889423076923077 0.06610576923076923
1 0.45913461538461536 0.6442307692307693 0.1466346153846154 0.21394230769230768
1 0.16826923076923078 0.16826923076923078 0.040865384615384616 0.042067307692307696
7 0.9326923076923077 0.6995192307692307 0.0673076923076923 0.08653846153846154
7 0.11778846153846154 0.171875 0.03485576923076923 0.042067307692307696
7 0.051682692307692304 0.5492788461538461 0.018028846153846152 0.042067307692307696
7 0.33774038461538464 0.8677884615384616 0.016826923076923076 0.05048076923076923
7 0.8052884615384616 0.5721153846153846 0.030048076923076924 0.08413461538461539
7 0.359375 0.9038461538461539 0.03245192307692308 0.05048076923076923
7 0.7427884615384616 0.5384615384615384 0.019230769230769232 0.02403846153846154
1 0.71875 0.16947115384615385 0.027644230769230768 0.038461538461538464
7 0.8317307692307693 0.9627403846153846 0.07932692307692307 0.0733173076923077
7 0.5841346153846154 0.8365384615384616 0.06370192307692307 0.12860576923076922
7 0.6069711538461539 0.8786057692307693 0.019230769230769232 0.05048076923076923
1 0.71875 0.7007211538461539 0.08774038461538461 0.10576923076923077
7 0.6237980769230769 0.6730769230769231 0.021634615384615384 0.026442307692307692
1 0.009615384615384616 0.08173076923076923 0.019230769230769232 0.03365384615384615
