2 0.7019230769230769 0.6213942307692307 0.036057692307692304 0.05048076923076923
2 0.8413461538461539 0.10576923076923077 0.038461538461538464 0.042067307692307696
2 0.8653846153846154 0.5168269230769231 0.02403846153846154 0.027644230769230768
2 0.609375 0.18629807692307693 0.016826923076923076 0.02283653846153846
2 0.7524038461538461 0.9927884615384616 0.01201923076923077 0.013221153846153846
2 0.9435096153846154 0.5120192307692307 0.019230769230769232 0.027644230769230768
2 0.6105769230769231 0.5492788461538461 0.02403846153846154 0.027644230769230768
2 0.9038461538461539 0.8209134615384616 0.027644230769230768 0.03245192307692308
2 0.027644230769230768 0.020432692307692308 0.021634615384615384 0.027644230769230768
2 0.4266826923076923 0.7427884615384616 0.040865384615384616 0.042067307692307696
2 0.3762019230769231 0.9759615384615384 0.013221153846153846 0.02283653846153846
4 0.34975961538461536 0.36778846153846156 0.6754807692307693 0.3004807692307692
2 0.4170673076923077 0.7824519230769231 0.020432692307692308 0.028846153846153848
2 0.5432692307692307 0.7439903846153846 0.016826923076923076 0.026442307692307692
2 0.5144230769230769 0.7103365384615384 0.027644230769230768 0.03365384615384615
2 0.9278846153846154 0.9495192307692307 0.026442307692307692 0.06370192307692307
2 0.2620192307692308 0.8629807692307693 0.02403846153846154 0.03245192307692308
2 0.27283653846153844 0.7247596153846154 0.02283653846153846 0.026442307692307692
2 0.9326923076923077 0.765625 0.08653846153846154 0.11538461538461539
2 0.13701923076923078 0.04807692307692308 0.06850961538461539 0.05889423076923077
13 0.3329326923076923 0.09375 0.19110576923076922 0.18389423076923078
2 0.6935096153846154 0.9266826923076923 0.025240384615384616 0.03125
2 0.8233173076923077 0.9230769230769231 0.019230769230769232 0.027644230769230768
2 0.7908653846153846 0.9350961538461539 0.02403846153846154 0.021634615384615384
2 0.7271634615384616 0.20072115384615385 0.040865384615384616 0.05889423076923077
2 0.03485576923076923 0.1875 0.013221153846153846 0.019230769230769232
0 0.3713942307692308 0.5600961538461539 0.014423076923076924 0.021634615384615384
2 0.054086538461538464 0.16105769230769232 0.026442307692307692 0.03485576923076923
2 0.16346153846153846 0.7463942307692307 0.02403846153846154 0.02403846153846154
2 0.4495192307692308 0.9435096153846154 0.020432692307692308 0.02403846153846154
0 0.33533653846153844 0.4014423076923077 0.018028846153846152 0.027644230769230768
2 0.078125 0.13221153846153846 0.02403846153846154 0.036057692307692304
2 0.6899038461538461 0.5721153846153846 0.02283653846153846 0.03485576923076923
2 0.5432692307692307 0.578125 0.06610576923076923 0.06370192307692307
2 0.8677884615384616 0.7163461538461539 0.021634615384615384 0.03245192307692308
2 0.3449519230769231 0.6286057692307693 0.018028846153846152 0.021634615384615384
2 0.7151442307692307 0.546875 0.026442307692307692 0.038461538461538464
2 0.7512019230769231 0.578125 0.025240384615384616 0.027644230769230768
2 0.22596153846153846 0.6742788461538461 0.016826923076923076 0.019230769230769232
2 0.8173076923076923 0.8377403846153846 0.02283653846153846 0.037259615384615384
2 0.9879807692307693 0.9098557692307693 0.016826923076923076 0.03125
2 0.6358173076923077 0.5841346153846154 0.03245192307692308 0.04927884615384615
2 0.28725961538461536 0.6466346153846154 0.030048076923076924 0.040865384615384616
2 0.33774038461538464 0.7379807692307693 0.025240384615384616 0.04326923076923077
2 0.5168269230769231 0.9471153846153846 0.016826923076923076 0.021634615384615384
2 0.055288461538461536 0.7223557692307693 0.052884615384615384 0.040865384615384616
2 0.7584134615384616 0.24639423076923078 0.014423076923076924 0.02403846153846154
0 0.41225961538461536 0.5492788461538461 0.014423076923076924 0.021634615384615384
2 0.10216346153846154 0.13221153846153846 0.02403846153846154 0.03485576923076923
2 0.0985576923076923 0.7572115384615384 0.037259615384615384 0.04326923076923077
2 0.5817307692307693 0.7632211538461539 0.019230769230769232 0.021634615384615384
2 0.6514423076923077 0.8521634615384616 0.018028846153846152 0.026442307692307692
2 0.8894230769230769 0.9759615384615384 0.019230769230769232 0.019230769230769232
2 0.10817307692307693 0.5925480769230769 0.018028846153846152 0.02283653846153846
2 0.6887019230769231 0.8533653846153846 0.019230769230769232 0.021634615384615384
2 0.5120192307692307 0.9194711538461539 0.016826923076923076 0.02403846153846154
2 0.008413461538461538 0.9495192307692307 0.016826923076923076 0.038461538461538464
2 0.609375 0.8966346153846154 0.016826923076923076 0.03125
2 0.6225961538461539 0.7379807692307693 0.040865384615384616 0.04326923076923077
2 0.5360576923076923 0.9579326923076923 0.018028846153846152 0.03245192307692308
2 0.18990384615384615 0.5697115384615384 0.025240384615384616 0.03485576923076923
2 0.9399038461538461 0.23677884615384615 0.016826923076923076 0.019230769230769232
2 0.4423076923076923 0.515625 0.021634615384615384 0.027644230769230768
2 0.03245192307692308 0.29927884615384615 0.016826923076923076 0.014423076923076924
2 0.8004807692307693 0.5552884615384616 0.013221153846153846 0.02283653846153846
2 0.43028846153846156 0.038461538461538464 0.016826923076923076 0.03125
2 0.41947115384615385 0.27403846153846156 0.02403846153846154 0.028846153846153848
2 0.8918269230769231 0.4483173076923077 0.028846153846153848 0.057692307692307696
2 0.22596153846153846 0.3329326923076923 0.019230769230769232 0.03125
2 0.47596153846153844 0.30649038461538464 0.016826923076923076 0.02403846153846154
2 0.30649038461538464 0.25841346153846156 0.019230769230769232 0.03365384615384615
2 0.2091346153846154 0.35697115384615385 0.018028846153846152 0.02403846153846154
2 0.04807692307692308 0.3449519230769231 0.014423076923076924 0.018028846153846152
2 0.43028846153846156 0.21153846153846154 0.021634615384615384 0.03245192307692308
2 0.40024038461538464 0.34975961538461536 0.04326923076923077 0.040865384615384616
2 0.9795673076923077 0.4675480769230769 0.02403846153846154 0.02283653846153846
2 0.03245192307692308 0.11538461538461539 0.016826923076923076 0.028846153846153848
2 0.8713942307692307 0.3076923076923077 0.014423076923076924 0.019230769230769232
2 0.9927884615384616 0.5877403846153846 0.014423076923076924 0.03245192307692308
2 0.05889423076923077 0.07211538461538461 0.020432692307692308 0.021634615384615384
2 0.7896634615384616 0.8665865384615384 0.04567307692307692 0.08413461538461539
2 0.9675480769230769 0.5072115384615384 0.016826923076923076 0.02283653846153846
2 0.7860576923076923 0.9651442307692307 0.06971153846153846 0.03365384615384615
2 0.008413461538461538 0.3401442307692308 0.014423076923076924 0.019230769230769232
2 0.04807692307692308 0.09254807692307693 0.014423076923076924 0.019230769230769232
2 0.45552884615384615 0.1875 0.016826923076923076 0.02403846153846154
2 0.3581730769230769 0.296875 0.02403846153846154 0.028846153846153848
2 0.4879807692307692 0.23197115384615385 0.016826923076923076 0.026442307692307692
2 0.42788461538461536 0.546875 0.016826923076923076 0.026442307692307692
2 0.8353365384615384 0.4026442307692308 0.018028846153846152 0.028846153846153848
2 0.9338942307692307 0.4230769230769231 0.018028846153846152 0.026442307692307692
2 0.9747596153846154 0.6466346153846154 0.040865384615384616 0.042067307692307696
2 0.9891826923076923 0.4014423076923077 0.021634615384615384 0.03365384615384615
2 0.6490384615384616 0.8269230769230769 0.027644230769230768 0.03245192307692308
2 0.2848557692307692 0.2692307692307692 0.021634615384615384 0.019230769230769232
2 0.7824519230769231 0.1778846153846154 0.016826923076923076 0.02403846153846154
2 0.9663461538461539 0.4254807692307692 0.021634615384615384 0.021634615384615384
2 0.8990384615384616 0.15144230769230768 0.025240384615384616 0.03245192307692308
2 0.6526442307692307 0.4423076923076923 0.03485576923076923 0.03125
2 0.9302884615384616 0.6574519230769231 0.038461538461538464 0.03245192307692308
2 0.9603365384615384 0.16346153846153846 0.019230769230769232 0.026442307692307692
2 0.7247596153846154 0.2776442307692308 0.021634615384615384 0.019230769230769232
2 0.6466346153846154 0.8810096153846154 0.02403846153846154 0.03125
2 0.8161057692307693 0.4675480769230769 0.018028846153846152 0.027644230769230768
2 0.2764423076923077 0.38341346153846156 0.01201923076923077 0.014423076923076924
2 0.22956730769230768 0.21634615384615385 0.016826923076923076 0.021634615384615384
2 0.5721153846153846 0.25841346153846156 0.020432692307692308 0.03125
2 0.6045673076923077 0.24519230769230768 0.016826923076923076 0.02403846153846154
2 0.8221153846153846 0.43149038461538464 0.025240384615384616 0.021634615384615384
2 0.7475961538461539 0.5132211538461539 0.019230769230769232 0.019230769230769232
2 0.025240384615384616 0.546875 0.05048076923076923 0.06971153846153846
2 0.41346153846153844 0.3076923076923077 0.014423076923076924 0.019230769230769232
2 0.1875 0.015625 0.03245192307692308 0.030048076923076924
