2 0.5625 0.007211538461538462 0.014423076923076924 0.014423076923076924
2 0.6189903846153846 0.14543269230769232 0.030048076923076924 0.036057692307692304
2 0.49278846153846156 0.9194711538461539 0.02403846153846154 0.019230769230769232
2 0.38341346153846156 0.8365384615384616 0.040865384615384616 0.030048076923076924
2 0.9074519230769231 0.5973557692307693 0.016826923076923076 0.028846153846153848
2 0.7367788461538461 0.7620192307692307 0.021634615384615384 0.018028846153846152
2 0.9519230769230769 0.6730769230769231 0.02403846153846154 0.08653846153846154
2 0.8317307692307693 0.6971153846153846 0.018028846153846152 0.027644230769230768
2 0.6935096153846154 0.6923076923076923 0.021634615384615384 0.027644230769230768
2 0.5865384615384616 0.8894230769230769 0.030048076923076924 0.05048076923076923
2 0.8533653846153846 0.3317307692307692 0.028846153846153848 0.046875
2 0.9927884615384616 0.17548076923076922 0.013221153846153846 0.018028846153846152
2 0.4206730769230769 0.19110576923076922 0.020432692307692308 0.028846153846153848
2 0.171875 0.7223557692307693 0.025240384615384616 0.028846153846153848
2 0.41586538461538464 0.6298076923076923 0.026442307692307692 0.02403846153846154
2 0.2860576923076923 0.9302884615384616 0.026442307692307692 0.027644230769230768
2 0.5084134615384616 0.28725961538461536 0.02403846153846154 0.03125
2 0.6742788461538461 0.22115384615384615 0.026442307692307692 0.027644230769230768
2 0.6935096153846154 0.15625 0.04326923076923077 0.030048076923076924
2 0.9639423076923077 0.021634615384615384 0.030048076923076924 0.036057692307692304
2 0.8425480769230769 0.8846153846153846 0.016826923076923076 0.013221153846153846
2 0.039663461538461536 0.33533653846153844 0.014423076923076924 0.025240384615384616
2 0.8173076923076923 0.8930288461538461 0.016826923076923076 0.02403846153846154
2 0.9603365384615384 0.9759615384615384 0.04807692307692308 0.04447115384615385
2 0.9290865384615384 0.08173076923076923 0.03485576923076923 0.04326923076923077
2 0.5480769230769231 0.9182692307692307 0.019230769230769232 0.026442307692307692
2 0.9362980769230769 0.15985576923076922 0.025240384615384616 0.018028846153846152
2 0.22235576923076922 0.8401442307692307 0.019230769230769232 0.021634615384615384
2 0.8641826923076923 0.04326923076923077 0.04567307692307692 0.03365384615384615
2 0.8990384615384616 0.3401442307692308 0.018028846153846152 0.03245192307692308
2 0.9338942307692307 0.038461538461538464 0.036057692307692304 0.054086538461538464
2 0.9603365384615384 0.9411057692307693 0.018028846153846152 0.026442307692307692
2 0.8762019230769231 0.7524038461538461 0.06009615384615385 0.0889423076923077
2 0.19951923076923078 0.8894230769230769 0.03485576923076923 0.04326923076923077
2 0.21033653846153846 0.6574519230769231 0.025240384615384616 0.03365384615384615
2 0.6514423076923077 0.3641826923076923 0.020432692307692308 0.027644230769230768
2 0.8016826923076923 0.17427884615384615 0.025240384615384616 0.04326923076923077
2 0.008413461538461538 0.12860576923076922 0.016826923076923076 0.026442307692307692
2 0.171875 0.6502403846153846 0.016826923076923076 0.019230769230769232
2 0.7175480769230769 0.36778846153846156 0.016826923076923076 0.019230769230769232
2 0.12139423076923077 0.6045673076923077 0.04807692307692308 0.05048076923076923
2 0.578125 0.65625 0.021634615384615384 0.03125
2 0.8942307692307693 0.9098557692307693 0.02403846153846154 0.03245192307692308
2 0.9927884615384616 0.6454326923076923 0.014423076923076924 0.02283653846153846
2 0.018028846153846152 0.3317307692307692 0.019230769230769232 0.02283653846153846
2 0.11057692307692307 0.3449519230769231 0.027644230769230768 0.03245192307692308
2 0.3858173076923077 0.5504807692307693 0.037259615384615384 0.03365384615384615
2 0.7211538461538461 0.7848557692307693 0.016826923076923076 0.027644230769230768
2 0.2439903846153846 0.06610576923076923 0.019230769230769232 0.027644230769230768
2 0.5540865384615384 0.3894230769230769 0.016826923076923076 0.03125
2 0.7163461538461539 0.7115384615384616 0.018028846153846152 0.021634615384615384
2 0.2776442307692308 0.3629807692307692 0.025240384615384616 0.030048076923076924
2 0.7115384615384616 0.5252403846153846 0.028846153846153848 0.05889423076923077
2 0.1971153846153846 0.5865384615384616 0.02403846153846154 0.027644230769230768
2 0.3389423076923077 0.3641826923076923 0.02403846153846154 0.027644230769230768
2 0.027644230769230768 0.7067307692307693 0.016826923076923076 0.019230769230769232
2 0.14182692307692307 0.7127403846153846 0.019230769230769232 0.019230769230769232
2 0.19831730769230768 0.018028846153846152 0.019230769230769232 0.02283653846153846
2 0.9326923076923077 0.2920673076923077 0.02403846153846154 0.028846153846153848
2 0.25600961538461536 0.4074519230769231 0.016826923076923076 0.019230769230769232
2 0.12860576923076922 0.38100961538461536 0.026442307692307692 0.019230769230769232
2 0.6177884615384616 0.36538461538461536 0.025240384615384616 0.028846153846153848
2 0.7908653846153846 0.30408653846153844 0.019230769230769232 0.021634615384615384
2 0.7848557692307693 0.02283653846153846 0.04807692307692308 0.04326923076923077
2 0.5985576923076923 0.3293269230769231 0.016826923076923076 0.021634615384615384
2 0.734375 0.09014423076923077 0.02283653846153846 0.046875
2 0.6935096153846154 0.3762019230769231 0.016826923076923076 0.02403846153846154
2 0.051682692307692304 0.9194711538461539 0.014423076923076924 0.013221153846153846
2 0.9206730769230769 0.8161057692307693 0.026442307692307692 0.028846153846153848
2 0.9314903846153846 0.4254807692307692 0.020432692307692308 0.02403846153846154
2 0.8653846153846154 0.59375 0.03485576923076923 0.04567307692307692
2 0.6646634615384616 0.890625 0.016826923076923076 0.019230769230769232
2 0.4098557692307692 0.59375 0.021634615384615384 0.02403846153846154
2 0.45913461538461536 0.578125 0.02403846153846154 0.02403846153846154
2 0.18509615384615385 0.17427884615384615 0.020432692307692308 0.02283653846153846
2 0.4855769230769231 0.8713942307692307 0.016826923076923076 0.03365384615384615
2 0.6887019230769231 0.1875 0.03365384615384615 0.030048076923076924
2 0.6177884615384616 0.296875 0.021634615384615384 0.03365384615384615
2 0.04326923076923077 0.6538461538461539 0.030048076923076924 0.036057692307692304
2 0.2848557692307692 0.3894230769230769 0.020432692307692308 0.021634615384615384
2 0.6490384615384616 0.18028846153846154 0.016826923076923076 0.03485576923076923
2 0.6177884615384616 0.8870192307692307 0.021634615384615384 0.027644230769230768
2 0.8028846153846154 0.796875 0.01201923076923077 0.028846153846153848
2 0.75 0.8990384615384616 0.018028846153846152 0.02283653846153846
2 0.7896634615384616 0.7836538461538461 0.02403846153846154 0.027644230769230768
2 0.6418269230769231 0.8990384615384616 0.019230769230769232 0.03245192307692308
2 0.7415865384615384 0.48197115384615385 0.06971153846153846 0.05889423076923077
2 0.18389423076923078 0.3473557692307692 0.021634615384615384 0.028846153846153848
2 0.4026442307692308 0.49038461538461536 0.02403846153846154 0.03245192307692308
2 0.8305288461538461 0.7800480769230769 0.03485576923076923 0.040865384615384616
2 0.8425480769230769 0.46274038461538464 0.02403846153846154 0.055288461538461536
2 0.7944711538461539 0.41586538461538464 0.038461538461538464 0.12980769230769232
4 0.28966346153846156 0.43509615384615385 0.3545673076923077 0.43990384615384615
2 0.9579326923076923 0.2644230769230769 0.025240384615384616 0.02283653846153846
2 0.7668269230769231 0.7512019230769231 0.014423076923076924 0.028846153846153848
2 0.5192307692307693 0.9014423076923077 0.016826923076923076 0.02283653846153846
2 0.18269230769230768 0.9411057692307693 0.018028846153846152 0.03125
2 0.25841346153846156 0.7367788461538461 0.02283653846153846 0.02283653846153846
2 0.09014423076923077 0.6983173076923077 0.021634615384615384 0.026442307692307692
2 0.008413461538461538 0.7451923076923077 0.014423076923076924 0.027644230769230768
2 0.16105769230769232 0.15264423076923078 0.030048076923076924 0.03125
2 0.4423076923076923 0.12860576923076922 0.02403846153846154 0.03125
2 0.5769230769230769 0.7115384615384616 0.019230769230769232 0.03245192307692308
2 0.9387019230769231 0.22596153846153846 0.014423076923076924 0.02403846153846154
2 0.46033653846153844 0.9879807692307693 0.013221153846153846 0.018028846153846152
2 0.859375 0.43028846153846156 0.030048076923076924 0.027644230769230768
2 0.5048076923076923 0.7487980769230769 0.02283653846153846 0.03245192307692308
