2 0.2668269230769231 0.9963942307692307 0.021634615384615384 0.007211538461538462
2 0.42908653846153844 0.8870192307692307 0.026442307692307692 0.026442307692307692
9 0.5889423076923077 0.421875 0.03485576923076923 0.15865384615384615
2 0.5024038461538461 0.5396634615384616 0.06971153846153846 0.05048076923076923
9 0.5769230769230769 0.7127403846153846 0.03485576923076923 0.18990384615384615
2 0.6887019230769231 0.8473557692307693 0.014423076923076924 0.021634615384615384
9 0.6213942307692307 0.6105769230769231 0.06610576923076923 0.22716346153846154
2 0.3942307692307692 0.6574519230769231 0.038461538461538464 0.042067307692307696
2 0.36658653846153844 0.7283653846153846 0.06009615384615385 0.0733173076923077
2 0.5300480769230769 0.30408653846153844 0.014423076923076924 0.036057692307692304
2 0.15504807692307693 0.027644230769230768 0.040865384615384616 0.055288461538461536
2 0.8100961538461539 0.9735576923076923 0.0889423076923077 0.05048076923076923
2 0.8786057692307693 0.18389423076923078 0.019230769230769232 0.025240384615384616
2 0.14783653846153846 0.15865384615384615 0.03125 0.03485576923076923
2 0.19831730769230768 0.22716346153846154 0.06009615384615385 0.0625
2 0.45552884615384615 0.11177884615384616 0.02403846153846154 0.027644230769230768
2 0.7139423076923077 0.8473557692307693 0.02403846153846154 0.028846153846153848
2 0.7788461538461539 0.8064903846153846 0.02283653846153846 0.03485576923076923
2 0.016826923076923076 0.7620192307692307 0.027644230769230768 0.026442307692307692
2 0.47475961538461536 0.6826923076923077 0.030048076923076924 0.03485576923076923
2 0.9146634615384616 0.515625 0.03245192307692308 0.046875
2 0.2848557692307692 0.7776442307692307 0.04567307692307692 0.04807692307692308
9 0.29086538461538464 0.22596153846153846 0.0733173076923077 0.03485576923076923
2 0.19110576923076922 0.9086538461538461 0.01201923076923077 0.01201923076923077
2 0.7620192307692307 0.29086538461538464 0.027644230769230768 0.036057692307692304
9 0.20192307692307693 0.38221153846153844 0.04567307692307692 0.19951923076923078
2 0.09014423076923077 0.42908653846153844 0.18028846153846154 0.19951923076923078
2 0.7163461538461539 0.125 0.030048076923076924 0.03365384615384615
2 0.4050480769230769 0.47475961538461536 0.037259615384615384 0.08173076923076923
2 0.546875 0.34134615384615385 0.018028846153846152 0.03245192307692308
2 0.4026442307692308 0.6177884615384616 0.02283653846153846 0.03125
9 0.7980769230769231 0.35697115384615385 0.12860576923076922 0.03365384615384615
2 0.8173076923076923 0.22956730769230768 0.03125 0.04927884615384615
9 0.5540865384615384 0.08413461538461539 0.03125 0.13221153846153846
9 0.04447115384615385 0.7572115384615384 0.06850961538461539 0.25600961538461536
2 0.44591346153846156 0.9302884615384616 0.08052884615384616 0.05048076923076923
2 0.6586538461538461 0.8942307692307693 0.025240384615384616 0.03485576923076923
2 0.265625 0.5865384615384616 0.027644230769230768 0.03485576923076923
2 0.3545673076923077 0.6694711538461539 0.02283653846153846 0.03245192307692308
2 0.07572115384615384 0.22355769230769232 0.018028846153846152 0.018028846153846152
2 0.5853365384615384 0.019230769230769232 0.026442307692307692 0.03125
2 0.9675480769230769 0.38100961538461536 0.06490384615384616 0.12740384615384615
2 0.8653846153846154 0.8197115384615384 0.027644230769230768 0.040865384615384616
2 0.3942307692307692 0.18269230769230768 0.025240384615384616 0.03245192307692308
9 0.3737980769230769 0.42427884615384615 0.026442307692307692 0.07932692307692307
2 0.05889423076923077 0.1045673076923077 0.11778846153846154 0.19471153846153846
2 0.7115384615384616 0.9603365384615384 0.03485576923076923 0.03485576923076923
2 0.6382211538461539 0.9723557692307693 0.055288461538461536 0.05048076923076923
9 0.140625 0.875 0.06370192307692307 0.10576923076923077
9 0.2824519230769231 0.09615384615384616 0.20192307692307693 0.18629807692307693
2 0.47475961538461536 0.3449519230769231 0.06129807692307692 0.037259615384615384
2 0.7415865384615384 0.8918269230769231 0.02403846153846154 0.04326923076923077
2 0.040865384615384616 0.9375 0.027644230769230768 0.027644230769230768
2 0.7259615384615384 0.7728365384615384 0.04567307692307692 0.06129807692307692
2 0.9302884615384616 0.8269230769230769 0.07211538461538461 0.05048076923076923
2 0.0889423076923077 0.2620192307692308 0.016826923076923076 0.020432692307692308
2 0.7223557692307693 0.3317307692307692 0.036057692307692304 0.036057692307692304
2 0.8052884615384616 0.3004807692307692 0.027644230769230768 0.030048076923076924
2 0.8173076923076923 0.6983173076923077 0.026442307692307692 0.042067307692307696
2 0.4050480769230769 0.11298076923076923 0.056490384615384616 0.0625
2 0.9254807692307693 0.08052884615384616 0.02403846153846154 0.03245192307692308
12 0.5 0.46274038461538464 1 0.4338942307692308
2 0.8894230769230769 0.35216346153846156 0.02403846153846154 0.025240384615384616
2 0.5408653846153846 0.010817307692307692 0.027644230769230768 0.021634615384615384
2 0.6706730769230769 0.08173076923076923 0.019230769230769232 0.019230769230769232
2 0.8629807692307693 0.1045673076923077 0.016826923076923076 0.021634615384615384
2 0.47716346153846156 0.7319711538461539 0.027644230769230768 0.03365384615384615
2 0.8473557692307693 0.2548076923076923 0.04447115384615385 0.052884615384615384
2 0.9819711538461539 0.08653846153846154 0.02403846153846154 0.03365384615384615
2 0.6634615384615384 0.5276442307692307 0.037259615384615384 0.04447115384615385
2 0.2920673076923077 0.7163461538461539 0.014423076923076924 0.019230769230769232
2 0.9074519230769231 0.21033653846153846 0.030048076923076924 0.040865384615384616
2 0.6117788461538461 0.7560096153846154 0.02403846153846154 0.019230769230769232
2 0.01201923076923077 0.9278846153846154 0.02403846153846154 0.06490384615384616
2 0.16706730769230768 0.8112980769230769 0.037259615384615384 0.046875
2 0.27524038461538464 0.6286057692307693 0.025240384615384616 0.026442307692307692
9 0.04567307692307692 0.5132211538461539 0.09014423076923077 0.12860576923076922
2 0.5168269230769231 0.8882211538461539 0.027644230769230768 0.04927884615384615
2 0.6983173076923077 0.49158653846153844 0.028846153846153848 0.042067307692307696
2 0.71875 0.04326923076923077 0.04447115384615385 0.03485576923076923
2 0.8341346153846154 0.02283653846153846 0.030048076923076924 0.03365384615384615
2 0.5588942307692307 0.7319711538461539 0.039663461538461536 0.04567307692307692
2 0.8954326923076923 0.10216346153846154 0.021634615384615384 0.030048076923076924
2 0.7103365384615384 0.6286057692307693 0.1346153846153846 0.16346153846153846
2 0.3233173076923077 0.9459134615384616 0.04326923076923077 0.06370192307692307
2 0.2668269230769231 0.6598557692307693 0.019230769230769232 0.026442307692307692
2 0.6189903846153846 0.7223557692307693 0.03245192307692308 0.036057692307692304
2 0.5300480769230769 0.6935096153846154 0.03245192307692308 0.04807692307692308
2 0.5492788461538461 0.9651442307692307 0.019230769230769232 0.027644230769230768
2 0.31490384615384615 0.8810096153846154 0.026442307692307692 0.04326923076923077
2 0.7524038461538461 0.14423076923076922 0.020432692307692308 0.027644230769230768
2 0.90625 0.30408653846153844 0.016826923076923076 0.019230769230769232
2 0.7223557692307693 0.21995192307692307 0.027644230769230768 0.057692307692307696
2 0.8185096153846154 0.0733173076923077 0.03245192307692308 0.037259615384615384
2 0.4495192307692308 0.20673076923076922 0.037259615384615384 0.056490384615384616
