2 0.9507211538461539 0.11177884615384616 0.0985576923076923 0.22115384615384615
2 0.7752403846153846 0.1875 0.016826923076923076 0.025240384615384616
2 0.375 0.025240384615384616 0.07451923076923077 0.05048076923076923
2 0.9206730769230769 0.3449519230769231 0.11057692307692307 0.10216346153846154
2 0.6069711538461539 0.2704326923076923 0.051682692307692304 0.09375
2 0.3293269230769231 0.3954326923076923 0.042067307692307696 0.056490384615384616
2 0.9759615384615384 0.22115384615384615 0.013221153846153846 0.020432692307692308
2 0.24639423076923078 0.03125 0.03125 0.046875
2 0.390625 0.875 0.03485576923076923 0.04447115384615385
2 0.43028846153846156 0.5348557692307693 0.09495192307692307 0.06129807692307692
2 0.04807692307692308 0.22596153846153846 0.038461538461538464 0.055288461538461536
2 0.9591346153846154 0.4074519230769231 0.03365384615384615 0.040865384615384616
2 0.5180288461538461 0.28725961538461536 0.019230769230769232 0.042067307692307696
3 0.6911057692307693 0.7536057692307693 0.23677884615384615 0.484375
2 0.9855769230769231 0.33774038461538464 0.027644230769230768 0.08173076923076923
2 0.5925480769230769 0.027644230769230768 0.03125 0.051682692307692304
2 0.3629807692307692 0.49038461538461536 0.040865384615384616 0.04326923076923077
2 0.46875 0.6165865384615384 0.0985576923076923 0.125
2 0.4579326923076923 0.14182692307692307 0.040865384615384616 0.08173076923076923
2 0.7728365384615384 0.23557692307692307 0.019230769230769232 0.025240384615384616
2 0.6081730769230769 0.14543269230769232 0.03485576923076923 0.051682692307692304
2 0.35336538461538464 0.18389423076923078 0.04447115384615385 0.10096153846153846
2 0.5120192307692307 0.9651442307692307 0.0625 0.06009615384615385
2 0.453125 0.2776442307692308 0.04807692307692308 0.056490384615384616
2 0.6334134615384616 0.09735576923076923 0.08052884615384616 0.038461538461538464
2 0.6370192307692307 0.3942307692307692 0.04326923076923077 0.04326923076923077
2 0.5492788461538461 0.15985576923076922 0.02283653846153846 0.021634615384615384
2 0.640625 0.04927884615384615 0.039663461538461536 0.04567307692307692
2 0.1658653846153846 0.03125 0.09134615384615384 0.0625
2 0.53125 0.8713942307692307 0.0889423076923077 0.12379807692307693
2 0.15144230769230768 0.640625 0.14543269230769232 0.20673076923076922
2 0.38461538461538464 0.9411057692307693 0.10817307692307693 0.06009615384615385
2 0.03485576923076923 0.6706730769230769 0.06971153846153846 0.12860576923076922
2 0.31850961538461536 0.31490384615384615 0.0673076923076923 0.05889423076923077
2 0.8269230769230769 0.796875 0.03245192307692308 0.09975961538461539
2 0.015625 0.8990384615384616 0.03125 0.1201923076923077
2 0.0625 0.5865384615384616 0.038461538461538464 0.056490384615384616
2 0.18389423076923078 0.36658653846153844 0.10096153846153846 0.12860576923076922
2 0.2512019230769231 0.22716346153846154 0.04326923076923077 0.05048076923076923
2 0.6322115384615384 0.9399038461538461 0.0625 0.08173076923076923
2 0.8329326923076923 0.14543269230769232 0.02403846153846154 0.03125
2 0.8954326923076923 0.7596153846153846 0.02283653846153846 0.03485576923076923
2 0.23798076923076922 0.1346153846153846 0.046875 0.08173076923076923
2 0.007211538461538462 0.25721153846153844 0.013221153846153846 0.0829326923076923
2 0.8834134615384616 0.234375 0.09495192307692307 0.10096153846153846
2 0.13221153846153846 0.8485576923076923 0.11057692307692307 0.13341346153846154
2 0.671875 0.2848557692307692 0.027644230769230768 0.06009615384615385
12 0.6225961538461539 0.6730769230769231 0.7536057692307693 0.6478365384615384
2 0.9266826923076923 0.6009615384615384 0.03125 0.042067307692307696
2 0.6802884615384616 0.5240384615384616 0.03365384615384615 0.05889423076923077
2 0.328125 0.16346153846153846 0.019230769230769232 0.027644230769230768
2 0.18629807692307693 0.47596153846153844 0.05889423076923077 0.10697115384615384
2 0.8641826923076923 0.6995192307692307 0.07451923076923077 0.07572115384615384
2 0.47836538461538464 0.21634615384615385 0.03245192307692308 0.039663461538461536
2 0.4387019230769231 0.7692307692307693 0.06610576923076923 0.13942307692307693
2 0.5348557692307693 0.421875 0.052884615384615384 0.054086538461538464
2 0.23317307692307693 0.5360576923076923 0.042067307692307696 0.11298076923076923
2 0.8605769230769231 0.8064903846153846 0.06490384615384616 0.078125
2 0.2403846153846154 0.8641826923076923 0.038461538461538464 0.078125
2 0.6959134615384616 0.21995192307692307 0.030048076923076924 0.04326923076923077
2 0.07572115384615384 0.14543269230769232 0.038461538461538464 0.08173076923076923
2 0.28846153846153844 0.17908653846153846 0.026442307692307692 0.06610576923076923
2 0.40024038461538464 0.20673076923076922 0.06971153846153846 0.0889423076923077
2 0.07091346153846154 0.28966346153846156 0.0625 0.0733173076923077
2 0.21514423076923078 0.7824519230769231 0.04447115384615385 0.078125
2 0.7620192307692307 0.09735576923076923 0.11298076923076923 0.14302884615384615
2 0.484375 0.055288461538461536 0.03245192307692308 0.042067307692307696
2 0.2548076923076923 0.625 0.025240384615384616 0.04447115384615385
2 0.3137019230769231 0.7175480769230769 0.03245192307692308 0.06129807692307692
2 0.484375 0.765625 0.05889423076923077 0.09014423076923077
2 0.7620192307692307 0.7199519230769231 0.09495192307692307 0.07451923076923077
2 0.38341346153846156 0.32091346153846156 0.052884615384615384 0.0733173076923077
2 0.7079326923076923 0.027644230769230768 0.06490384615384616 0.055288461538461536
2 0.4483173076923077 0.8894230769230769 0.04326923076923077 0.07692307692307693
2 0.46274038461538464 0.3401442307692308 0.10336538461538461 0.07572115384615384
2 0.8894230769230769 0.9314903846153846 0.1778846153846154 0.13701923076923078
2 0.8293269230769231 0.6069711538461539 0.15625 0.16947115384615385
2 0.24278846153846154 0.9555288461538461 0.021634615384615384 0.026442307692307692
2 0.5564903846153846 0.08173076923076923 0.03245192307692308 0.036057692307692304
2 0.09975961538461539 0.23076923076923078 0.056490384615384616 0.057692307692307696
2 0.057692307692307696 0.421875 0.11538461538461539 0.1658653846153846
2 0.03125 0.8004807692307693 0.0625 0.09375
2 0.06490384615384616 0.8966346153846154 0.055288461538461536 0.1201923076923077
2 0.9771634615384616 0.6478365384615384 0.04447115384615385 0.15985576923076922
2 0.36177884615384615 0.8221153846153846 0.1045673076923077 0.09495192307692307
