4 0.12860576923076922 0.2776442307692308 0.02403846153846154 0.028846153846153848
4 0.33653846153846156 0.9302884615384616 0.040865384615384616 0.05048076923076923
4 0.07692307692307693 0.5745192307692307 0.055288461538461536 0.06850961538461539
4 0.3317307692307692 0.052884615384615384 0.04567307692307692 0.05048076923076923
1 0.9699519230769231 0.6550480769230769 0.05889423076923077 0.07091346153846154
1 0.6790865384615384 0.546875 0.0673076923076923 0.10336538461538461
4 0.44711538461538464 0.5144230769230769 0.057692307692307696 0.08173076923076923
4 0.17427884615384615 0.8173076923076923 0.06850961538461539 0.09615384615384616
4 0.4182692307692308 0.3076923076923077 0.03485576923076923 0.05048076923076923
1 0.2536057692307692 0.6322115384615384 0.12139423076923077 0.11899038461538461
1 0.3798076923076923 0.4651442307692308 0.04567307692307692 0.054086538461538464
1 0.8545673076923077 0.6033653846153846 0.26802884615384615 0.2776442307692308
1 0.7884615384615384 0.3088942307692308 0.07211538461538461 0.042067307692307696
1 0.7896634615384616 0.08413461538461539 0.040865384615384616 0.04927884615384615
1 0.8846153846153846 0.12379807692307693 0.22956730769230768 0.23918269230769232
4 0.25961538461538464 0.49278846153846156 0.04447115384615385 0.05889423076923077
1 0.5216346153846154 0.06850961538461539 0.10697115384615384 0.13701923076923078
1 0.4230769230769231 0.22716346153846154 0.07572115384615384 0.055288461538461536
1 0.6971153846153846 0.31971153846153844 0.0889423076923077 0.14302884615384615
4 0.6262019230769231 0.49278846153846156 0.07572115384615384 0.10216346153846154
1 0.265625 0.8125 0.06490384615384616 0.07091346153846154
1 0.9507211538461539 0.2932692307692308 0.0985576923076923 0.125
1 0.203125 0.4855769230769231 0.014423076923076924 0.027644230769230768
1 0.40625 0.8064903846153846 0.03125 0.054086538461538464
1 0.34375 0.43509615384615385 0.025240384615384616 0.03365384615384615
1 0.5793269230769231 0.3317307692307692 0.056490384615384616 0.06610576923076923
1 0.4891826923076923 0.3449519230769231 0.027644230769230768 0.03245192307692308
1 0.9278846153846154 0.18629807692307693 0.057692307692307696 0.07091346153846154
4 0.18389423076923078 0.9338942307692307 0.06850961538461539 0.08413461538461539
1 0.08533653846153846 0.7752403846153846 0.17067307692307693 0.4230769230769231
1 0.47596153846153844 0.4375 0.0889423076923077 0.09014423076923077
4 0.7692307692307693 0.24519230769230768 0.06610576923076923 0.07932692307692307
1 0.9927884615384616 0.5480769230769231 0.013221153846153846 0.054086538461538464
1 0.4362980769230769 0.17548076923076922 0.055288461538461536 0.04447115384615385
1 0.859375 0.3605769230769231 0.038461538461538464 0.05048076923076923
1 0.5384615384615384 0.39302884615384615 0.06129807692307692 0.04447115384615385
1 0.9459134615384616 0.40625 0.10817307692307693 0.2091346153846154
1 0.14302884615384615 0.140625 0.13221153846153846 0.28125
1 0.5625 0.6838942307692307 0.15745192307692307 0.328125
4 0.3233173076923077 0.44471153846153844 0.021634615384615384 0.026442307692307692
1 0.4651442307692308 0.09975961538461539 0.04567307692307692 0.10096153846153846
1 0.8689903846153846 0.2536057692307692 0.06610576923076923 0.12620192307692307
1 0.2848557692307692 0.5216346153846154 0.08173076923076923 0.09375
1 0.3317307692307692 0.0733173076923077 0.24639423076923078 0.14423076923076922
4 0.21514423076923078 0.2704326923076923 0.06850961538461539 0.08774038461538461
1 0.40384615384615385 0.3858173076923077 0.0673076923076923 0.10216346153846154
4 0.328125 0.5552884615384616 0.051682692307692304 0.0673076923076923
1 0.8834134615384616 0.43028846153846156 0.03485576923076923 0.046875
1 0.90625 0.7848557692307693 0.1201923076923077 0.20432692307692307
1 0.8209134615384616 0.3737980769230769 0.018028846153846152 0.03245192307692308
1 0.5769230769230769 0.2536057692307692 0.04807692307692308 0.06129807692307692
1 0.9495192307692307 0.9098557692307693 0.09975961538461539 0.171875
1 0.3870192307692308 0.5552884615384616 0.06370192307692307 0.10576923076923077
1 0.39783653846153844 0.16346153846153846 0.02283653846153846 0.026442307692307692
1 0.4807692307692308 0.21995192307692307 0.03125 0.05889423076923077
4 0.19471153846153846 0.6995192307692307 0.055288461538461536 0.07692307692307693
1 0.28846153846153844 0.41947115384615385 0.027644230769230768 0.038461538461538464
1 0.6310096153846154 0.21754807692307693 0.06971153846153846 0.10576923076923077
1 0.6838942307692307 0.11298076923076923 0.21754807692307693 0.22115384615384615
4 0.31971153846153844 0.7115384615384616 0.040865384615384616 0.08413461538461539
4 0.8305288461538461 0.14302884615384615 0.07211538461538461 0.06009615384615385
4 0.7776442307692307 0.3762019230769231 0.06971153846153846 0.09735576923076923
1 0.328125 0.9615384615384616 0.11778846153846154 0.07091346153846154
1 0.24759615384615385 0.9795673076923077 0.03485576923076923 0.03245192307692308
4 0.765625 0.7463942307692307 0.04807692307692308 0.06370192307692307
1 0.46634615384615385 0.8016826923076923 0.07692307692307693 0.109375
1 0.3269230769230769 0.30288461538461536 0.018028846153846152 0.04447115384615385
1 0.22716346153846154 0.8557692307692307 0.037259615384615384 0.09254807692307693
4 0.4879807692307692 0.8990384615384616 0.027644230769230768 0.040865384615384616
4 0.6911057692307693 0.8040865384615384 0.03365384615384615 0.026442307692307692
1 0.8233173076923077 0.8870192307692307 0.051682692307692304 0.07091346153846154
1 0.04807692307692308 0.5144230769230769 0.09615384615384616 0.09615384615384616
1 0.13341346153846154 0.4543269230769231 0.02403846153846154 0.056490384615384616
1 0.03485576923076923 0.4014423076923077 0.06850961538461539 0.21394230769230768
1 0.3485576923076923 0.8473557692307693 0.08052884615384616 0.1310096153846154
1 0.3389423076923077 0.2644230769230769 0.056490384615384616 0.055288461538461536
1 0.14182692307692307 0.5168269230769231 0.018028846153846152 0.03485576923076923
4 0.5048076923076923 0.2920673076923077 0.05048076923076923 0.06490384615384616
1 0.2692307692307692 0.18269230769230768 0.08173076923076923 0.11057692307692307
4 0.7944711538461539 0.9627403846153846 0.03245192307692308 0.07211538461538461
1 0.8725961538461539 0.9074519230769231 0.03125 0.046875
1 0.6742788461538461 0.9326923076923077 0.15384615384615385 0.12860576923076922
1 0.20432692307692307 0.3894230769230769 0.13581730769230768 0.140625
4 0.5637019230769231 0.4987980769230769 0.04567307692307692 0.05889423076923077
1 0.1045673076923077 0.3701923076923077 0.06490384615384616 0.10697115384615384
1 0.2764423076923077 0.28846153846153844 0.055288461538461536 0.09254807692307693
1 0.08653846153846154 0.03125 0.036057692307692304 0.04567307692307692
4 0.2644230769230769 0.9086538461538461 0.06009615384615385 0.11057692307692307
1 0.19591346153846154 0.6201923076923077 0.04326923076923077 0.07451923076923077
1 0.3545673076923077 0.21153846153846154 0.04447115384615385 0.05048076923076923
1 0.038461538461538464 0.12860576923076922 0.07692307692307693 0.25600961538461536
1 0.4483173076923077 0.5925480769230769 0.09014423076923077 0.10576923076923077
1 0.49038461538461536 0.9182692307692307 0.21514423076923078 0.16105769230769232
4 0.8112980769230769 0.49038461538461536 0.038461538461538464 0.09375
1 0.4362980769230769 0.7139423076923077 0.04927884615384615 0.0673076923076923
4 0.9014423076923077 0.5096153846153846 0.037259615384615384 0.04567307692307692
4 0.9735576923076923 0.0673076923076923 0.052884615384615384 0.09254807692307693
1 0.35216346153846156 0.14783653846153846 0.019230769230769232 0.028846153846153848
1 0.18629807692307693 0.5540865384615384 0.040865384615384616 0.05889423076923077
1 0.6887019230769231 0.7223557692307693 0.10817307692307693 0.10697115384615384
1 0.3605769230769231 0.32211538461538464 0.027644230769230768 0.036057692307692304
1 0.3786057692307692 0.71875 0.04807692307692308 0.046875
1 0.1466346153846154 0.5600961538461539 0.026442307692307692 0.04326923076923077
1 0.7439903846153846 0.8305288461538461 0.07692307692307693 0.11658653846153846
4 0.890625 0.9627403846153846 0.04807692307692308 0.06009615384615385
1 0.6442307692307693 0.6730769230769231 0.052884615384615384 0.06610576923076923
4 0.5901442307692307 0.6646634615384616 0.055288461538461536 0.08173076923076923
1 0.9807692307692307 0.7644230769230769 0.037259615384615384 0.13942307692307693
