2 0.24158653846153846 0.7043269230769231 0.052884615384615384 0.06971153846153846
2 0.26322115384615385 0.8629807692307693 0.1658653846153846 0.171875
2 0.35096153846153844 0.5228365384615384 0.20072115384615385 0.2512019230769231
2 0.11899038461538461 0.4795673076923077 0.06971153846153846 0.14182692307692307
2 0.18389423076923078 0.390625 0.030048076923076924 0.036057692307692304
2 0.18629807692307693 0.5600961538461539 0.07692307692307693 0.06490384615384616
2 0.10817307692307693 0.21875 0.026442307692307692 0.015625
2 0.038461538461538464 0.8401442307692307 0.07692307692307693 0.07451923076923077
2 0.7668269230769231 0.7259615384615384 0.3088942307692308 0.390625
2 0.23197115384615385 0.5384615384615384 0.06129807692307692 0.07692307692307693
2 0.06971153846153846 0.2980769230769231 0.040865384615384616 0.04567307692307692
2 0.046875 0.04927884615384615 0.03485576923076923 0.07692307692307693
2 0.8533653846153846 0.5913461538461539 0.05048076923076923 0.06971153846153846
2 0.1971153846153846 0.9747596153846154 0.06971153846153846 0.042067307692307696
2 0.019230769230769232 0.671875 0.038461538461538464 0.0889423076923077
4 0.6009615384615384 0.5 0.25 1
2 0.05048076923076923 0.4567307692307692 0.021634615384615384 0.03245192307692308
2 0.010817307692307692 0.3269230769230769 0.021634615384615384 0.09134615384615384
3 0.9447115384615384 0.7752403846153846 0.11057692307692307 0.4495192307692308
2 0.10336538461538461 0.07451923076923077 0.028846153846153848 0.057692307692307696
2 0.0673076923076923 0.38100961538461536 0.12139423076923077 0.09615384615384616
2 0.07451923076923077 0.9314903846153846 0.019230769230769232 0.06129807692307692
2 0.17908653846153846 0.06971153846153846 0.09254807692307693 0.13581730769230768
2 0.19951923076923078 0.24519230769230768 0.09014423076923077 0.12139423076923077
5 0.6394230769230769 0.9447115384615384 0.1814903846153846 0.11057692307692307
5 0.671875 0.18509615384615385 0.06971153846153846 0.0829326923076923
2 0.09975961538461539 0.7235576923076923 0.07451923076923077 0.13581730769230768
2 0.140625 0.3112980769230769 0.042067307692307696 0.055288461538461536
2 0.5685096153846154 0.3076923076923077 0.02403846153846154 0.03125
5 0.8413461538461539 0.038461538461538464 0.06850961538461539 0.07692307692307693
2 0.12379807692307693 0.9663461538461539 0.02403846153846154 0.040865384615384616
2 0.10697115384615384 0.5853365384615384 0.06850961538461539 0.09014423076923077
2 0.3016826923076923 0.37259615384615385 0.07211538461538461 0.06129807692307692
2 0.4675480769230769 0.12860576923076922 0.06490384615384616 0.17548076923076922
2 0.7139423076923077 0.3161057692307692 0.17067307692307693 0.16105769230769232
2 0.2860576923076923 0.7415865384615384 0.030048076923076924 0.051682692307692304
2 0.09375 0.65625 0.06610576923076923 0.040865384615384616
2 0.15384615384615385 0.16947115384615385 0.025240384615384616 0.027644230769230768
2 0.5853365384615384 0.34134615384615385 0.030048076923076924 0.02403846153846154
2 0.15865384615384615 0.7716346153846154 0.018028846153846152 0.027644230769230768
2 0.027644230769230768 0.20673076923076922 0.055288461538461536 0.1346153846153846
2 0.22355769230769232 0.3485576923076923 0.020432692307692308 0.046875
2 0.014423076923076924 0.0985576923076923 0.027644230769230768 0.07692307692307693
2 0.09735576923076923 0.016826923076923076 0.056490384615384616 0.03365384615384615
2 0.08413461538461539 0.15504807692307693 0.06129807692307692 0.0889423076923077
2 0.04447115384615385 0.5793269230769231 0.06610576923076923 0.14423076923076922
2 0.9206730769230769 0.08173076923076923 0.08653846153846154 0.16105769230769232
2 0.5048076923076923 0.6394230769230769 0.0733173076923077 0.15865384615384615
2 0.3004807692307692 0.9723557692307693 0.12379807692307693 0.04807692307692308
5 0.8317307692307693 0.9350961538461539 0.10576923076923077 0.11538461538461539
2 0.039663461538461536 0.7536057692307693 0.040865384615384616 0.06610576923076923
5 0.4254807692307692 0.016826923076923076 0.0673076923076923 0.03245192307692308
5 0.9711538461538461 0.10216346153846154 0.055288461538461536 0.07451923076923077
2 0.038461538461538464 0.9819711538461539 0.07692307692307693 0.03125
2 0.015625 0.4723557692307692 0.03125 0.04807692307692308
2 0.23076923076923078 0.6286057692307693 0.04326923076923077 0.0829326923076923
2 0.1346153846153846 0.25240384615384615 0.027644230769230768 0.03125
2 0.3233173076923077 0.17427884615384615 0.2439903846153846 0.3473557692307692
3 0.7524038461538461 0.484375 0.4050480769230769 0.18269230769230768
5 0.84375 0.14543269230769232 0.11177884615384616 0.12860576923076922
5 0.8737980769230769 0.5084134615384616 0.0625 0.09014423076923077
2 0.20192307692307693 0.44350961538461536 0.07572115384615384 0.056490384615384616
2 0.4254807692307692 0.34375 0.037259615384615384 0.06490384615384616
2 0.5733173076923077 0.4206730769230769 0.10576923076923077 0.17548076923076922
2 0.3942307692307692 0.8221153846153846 0.1971153846153846 0.33653846153846156
2 0.20673076923076922 0.14903846153846154 0.057692307692307696 0.056490384615384616
2 0.9747596153846154 0.203125 0.05048076923076923 0.078125
2 0.5372596153846154 0.8401442307692307 0.13942307692307693 0.14903846153846154
2 0.46634615384615385 0.4375 0.09975961538461539 0.24639423076923078
2 0.6610576923076923 0.12980769230769232 0.28125 0.25841346153846156
2 0.8461538461538461 0.31971153846153844 0.3076923076923077 0.32211538461538464
2 0.17067307692307693 0.8149038461538461 0.055288461538461536 0.06850961538461539
2 0.17908653846153846 0.7091346153846154 0.030048076923076924 0.07451923076923077
