2 0.1778846153846154 0.29086538461538464 0.3557692307692308 0.5817307692307693
2 0.7608173076923077 0.9723557692307693 0.08774038461538461 0.05048076923076923
5 0.7079326923076923 0.23798076923076922 0.2848557692307692 0.3641826923076923
2 0.31971153846153844 0.859375 0.6394230769230769 0.2776442307692308
2 0.4014423076923077 0.4891826923076923 0.0829326923076923 0.0889423076923077
2 0.5757211538461539 0.5096153846153846 0.05889423076923077 0.06971153846153846
2 0.4699519230769231 0.14302884615384615 0.1971153846153846 0.28125
2 0.8088942307692307 0.6983173076923077 0.38221153846153844 0.3076923076923077
2 0.9230769230769231 0.23798076923076922 0.15264423076923078 0.4723557692307692
2 0.8629807692307693 0.8509615384615384 0.04927884615384615 0.09735576923076923
5 0.9375 0.9699519230769231 0.06971153846153846 0.056490384615384616
2 0.7572115384615384 0.84375 0.1658653846153846 0.21514423076923078
2 0.5276442307692307 0.6274038461538461 0.15745192307692307 0.21514423076923078
4 0.5769230769230769 0.38341346153846156 0.8461538461538461 0.3485576923076923
