7 0.8100961538461539 0.11899038461538461 0.11298076923076923 0.23197115384615385
7 0.10216346153846154 0.21033653846153846 0.20432692307692307 0.4206730769230769
7 0.030048076923076924 0.9603365384615384 0.052884615384615384 0.06850961538461539
1 0.44471153846153844 0.38221153846153844 0.07211538461538461 0.09735576923076923
7 0.8533653846153846 0.10817307692307693 0.03485576923076923 0.21634615384615385
3 0.7319711538461539 0.390625 0.5348557692307693 0.7776442307692307
7 0.6550480769230769 0.9627403846153846 0.13942307692307693 0.06009615384615385
1 0.4495192307692308 0.20793269230769232 0.040865384615384616 0.046875
1 0.37259615384615385 0.3641826923076923 0.051682692307692304 0.08052884615384616
1 0.036057692307692304 0.25600961538461536 0.040865384615384616 0.055288461538461536
7 0.328125 0.5625 0.09615384615384616 0.09134615384615384
1 0.14903846153846154 0.25721153846153844 0.03125 0.040865384615384616
7 0.6887019230769231 0.8161057692307693 0.13942307692307693 0.359375
0 0.6418269230769231 0.5985576923076923 0.6117788461538461 0.7896634615384616
0 0.037259615384615384 0.9002403846153846 0.07451923076923077 0.19831730769230768
1 0.5396634615384616 0.19951923076923078 0.04927884615384615 0.07451923076923077
1 0.5108173076923077 0.39302884615384615 0.03125 0.038461538461538464
1 0.08533653846153846 0.29927884615384615 0.038461538461538464 0.054086538461538464
7 0.9362980769230769 0.12740384615384615 0.12740384615384615 0.24519230769230768
7 0.84375 0.7103365384615384 0.1658653846153846 0.18990384615384615
1 0.14783653846153846 0.9519230769230769 0.052884615384615384 0.0829326923076923
0 0.19110576923076922 0.4567307692307692 0.25600961538461536 0.3401442307692308
1 0.030048076923076924 0.43990384615384615 0.05889423076923077 0.06009615384615385
1 0.06009615384615385 0.6033653846153846 0.04807692307692308 0.08653846153846154
1 0.109375 0.75 0.052884615384615384 0.06850961538461539
0 0.4338942307692308 0.03125 0.1346153846153846 0.06129807692307692
