2 0.5973557692307693 0.6899038461538461 0.020432692307692308 0.03245192307692308
2 0.8846153846153846 0.6201923076923077 0.03125 0.04447115384615385
2 0.09254807692307693 0.125 0.04927884615384615 0.09615384615384616
2 0.6009615384615384 0.10336538461538461 0.06971153846153846 0.11899038461538461
2 0.8197115384615384 0.6574519230769231 0.06610576923076923 0.08413461538461539
2 0.04807692307692308 0.6790865384615384 0.09615384615384616 0.10336538461538461
12 0.5132211538461539 0.4987980769230769 0.06850961538461539 0.9963942307692307
2 0.03125 0.125 0.019230769230769232 0.026442307692307692
2 0.20793269230769232 0.36778846153846156 0.05889423076923077 0.08774038461538461
2 0.7680288461538461 0.15625 0.025240384615384616 0.03125
2 0.06490384615384616 0.9387019230769231 0.02403846153846154 0.03365384615384615
2 0.78125 0.8689903846153846 0.038461538461538464 0.06850961538461539
2 0.38822115384615385 0.7980769230769231 0.1045673076923077 0.09134615384615384
2 0.7163461538461539 0.7175480769230769 0.11057692307692307 0.15264423076923078
2 0.44591346153846156 0.9182692307692307 0.10096153846153846 0.13581730769230768
2 0.7151442307692307 0.24158653846153846 0.021634615384615384 0.03245192307692308
2 0.08533653846153846 0.8197115384615384 0.052884615384615384 0.08173076923076923
2 0.625 0.32211538461538464 0.051682692307692304 0.05048076923076923
2 0.16466346153846154 0.9242788461538461 0.027644230769230768 0.03365384615384615
2 0.17067307692307693 0.08173076923076923 0.05889423076923077 0.12259615384615384
2 0.47716346153846156 0.4495192307692308 0.026442307692307692 0.040865384615384616
2 0.3918269230769231 0.02283653846153846 0.03365384615384615 0.03365384615384615
2 0.16466346153846154 0.6129807692307693 0.02403846153846154 0.02403846153846154
2 0.671875 0.08533653846153846 0.052884615384615384 0.05048076923076923
2 0.4567307692307692 0.1502403846153846 0.07932692307692307 0.16826923076923078
2 0.3161057692307692 0.1971153846153846 0.051682692307692304 0.07091346153846154
2 0.9651442307692307 0.5408653846153846 0.027644230769230768 0.05048076923076923
2 0.35697115384615385 0.6814903846153846 0.11057692307692307 0.1346153846153846
2 0.6478365384615384 0.5625 0.07692307692307693 0.16105769230769232
2 0.4182692307692308 0.46875 0.05889423076923077 0.08774038461538461
2 0.5252403846153846 0.4483173076923077 0.03485576923076923 0.046875
2 0.7524038461538461 0.31850961538461536 0.037259615384615384 0.06490384615384616
2 0.20432692307692307 0.7572115384615384 0.026442307692307692 0.037259615384615384
2 0.015625 0.027644230769230768 0.025240384615384616 0.03245192307692308
2 0.13221153846153846 0.7259615384615384 0.03485576923076923 0.054086538461538464
2 0.296875 0.8786057692307693 0.052884615384615384 0.06370192307692307
2 0.9663461538461539 0.13701923076923078 0.06610576923076923 0.15384615384615385
2 0.06610576923076923 0.4543269230769231 0.026442307692307692 0.03485576923076923
2 0.8149038461538461 0.040865384615384616 0.0889423076923077 0.07932692307692307
