1 0.9459134615384616 0.7788461538461539 0.052884615384615384 0.09014423076923077
1 0.36177884615384615 0.5865384615384616 0.19110576923076922 0.25
1 0.7271634615384616 0.47115384615384615 0.11298076923076923 0.22716346153846154
0 0.4543269230769231 0.24278846153846154 0.042067307692307696 0.0985576923076923
1 0.5252403846153846 0.15985576923076922 0.04567307692307692 0.08413461538461539
0 0.24158653846153846 0.14182692307692307 0.056490384615384616 0.08653846153846154
10 0.5985576923076923 0.4987980769230769 0.7884615384615384 0.9951923076923077
0 0.08413461538461539 0.39903846153846156 0.15264423076923078 0.28846153846153844
0 0.9338942307692307 0.34375 0.13221153846153846 0.6850961538461539
0 0.21033653846153846 0.0625 0.055288461538461536 0.07932692307692307
10 0.5649038461538461 0.5 0.42788461538461536 0.9963942307692307
1 0.15865384615384615 0.10697115384615384 0.11538461538461539 0.15504807692307693
0 0.0673076923076923 0.9074519230769231 0.1346153846153846 0.17908653846153846
