0 0.5576923076923077 0.23918269230769232 0.052884615384615384 0.056490384615384616
0 0.484375 0.24879807692307693 0.038461538461538464 0.04326923076923077
0 0.9819711538461539 0.2848557692307692 0.036057692307692304 0.039663461538461536
0 0.5625 0.11538461538461539 0.10096153846153846 0.15625
0 0.8942307692307693 0.9302884615384616 0.052884615384615384 0.04447115384615385
0 0.5961538461538461 0.6454326923076923 0.026442307692307692 0.037259615384615384
0 0.02283653846153846 0.21153846153846154 0.04567307692307692 0.07451923076923077
0 0.14903846153846154 0.1466346153846154 0.038461538461538464 0.054086538461538464
0 0.055288461538461536 0.4098557692307692 0.028846153846153848 0.05048076923076923
0 0.21033653846153846 0.3605769230769231 0.02403846153846154 0.03125
0 0.014423076923076924 0.3112980769230769 0.027644230769230768 0.07451923076923077
0 0.1502403846153846 0.40865384615384615 0.0829326923076923 0.0985576923076923
0 0.11658653846153846 0.040865384615384616 0.1310096153846154 0.08173076923076923
0 0.4651442307692308 0.421875 0.036057692307692304 0.039663461538461536
0 0.14543269230769232 0.4723557692307692 0.021634615384615384 0.028846153846153848
0 0.7319711538461539 0.7295673076923077 0.03125 0.04927884615384615
0 0.20673076923076922 0.9639423076923077 0.027644230769230768 0.03125
0 0.8713942307692307 0.8329326923076923 0.06490384615384616 0.0889423076923077
0 0.8521634615384616 0.43990384615384615 0.026442307692307692 0.03485576923076923
0 0.7956730769230769 0.8786057692307693 0.026442307692307692 0.03245192307692308
0 0.9831730769230769 0.02283653846153846 0.03365384615384615 0.04567307692307692
0 0.14903846153846154 0.24759615384615385 0.04567307692307692 0.037259615384615384
0 0.9891826923076923 0.3870192307692308 0.021634615384615384 0.037259615384615384
0 0.9963942307692307 0.44471153846153844 0.007211538461538462 0.026442307692307692
0 0.2091346153846154 0.8629807692307693 0.019230769230769232 0.03125
0 0.8557692307692307 0.15985576923076922 0.0733173076923077 0.08774038461538461
0 0.6670673076923077 0.7980769230769231 0.040865384615384616 0.040865384615384616
0 0.49278846153846156 0.15745192307692307 0.036057692307692304 0.037259615384615384
0 0.17548076923076922 0.31009615384615385 0.05048076923076923 0.040865384615384616
0 0.8413461538461539 0.6778846153846154 0.06610576923076923 0.07692307692307693
0 0.078125 0.2980769230769231 0.04326923076923077 0.06610576923076923
0 0.9362980769230769 0.38221153846153844 0.055288461538461536 0.07091346153846154
0 0.014423076923076924 0.4387019230769231 0.027644230769230768 0.046875
3 0.31971153846153844 0.07451923076923077 0.11057692307692307 0.05889423076923077
0 0.9230769230769231 0.030048076923076924 0.04567307692307692 0.06009615384615385
0 0.18629807692307693 0.8052884615384616 0.03365384615384615 0.06370192307692307
10 0.45552884615384615 0.4987980769230769 0.9098557692307693 0.4387019230769231
0 0.5120192307692307 0.36778846153846156 0.04807692307692308 0.0673076923076923
0 0.09375 0.15745192307692307 0.037259615384615384 0.11899038461538461
3 0.8774038461538461 0.14783653846153846 0.24519230769230768 0.2932692307692308
0 0.06009615384615385 0.49278846153846156 0.02403846153846154 0.021634615384615384
0 0.6237980769230769 0.6995192307692307 0.06971153846153846 0.08653846153846154
0 0.8353365384615384 0.9723557692307693 0.052884615384615384 0.04807692307692308
0 0.546875 0.8377403846153846 0.03485576923076923 0.037259615384615384
0 0.8485576923076923 0.5817307692307693 0.08413461538461539 0.046875
0 0.78125 0.796875 0.0625 0.054086538461538464
0 0.8245192307692307 0.4963942307692308 0.037259615384615384 0.06490384615384616
0 0.4735576923076923 0.4723557692307692 0.018028846153846152 0.027644230769230768
0 0.018028846153846152 0.030048076923076924 0.036057692307692304 0.05889423076923077
0 0.5120192307692307 0.6875 0.04927884615384615 0.040865384615384616
0 0.4675480769230769 0.021634615384615384 0.03245192307692308 0.042067307692307696
0 0.9723557692307693 0.10336538461538461 0.055288461538461536 0.06971153846153846
0 0.4651442307692308 0.3245192307692308 0.030048076923076924 0.038461538461538464
0 0.5769230769230769 0.7704326923076923 0.08052884615384616 0.042067307692307696
0 0.43509615384615385 0.08774038461538461 0.027644230769230768 0.03125
0 0.13221153846153846 0.9867788461538461 0.025240384615384616 0.02283653846153846
0 0.4254807692307692 0.28966346153846156 0.019230769230769232 0.027644230769230768
0 0.9182692307692307 0.14423076923076922 0.027644230769230768 0.037259615384615384
0 0.5961538461538461 0.8569711538461539 0.030048076923076924 0.0673076923076923
0 0.8473557692307693 0.06971153846153846 0.026442307692307692 0.038461538461538464
0 0.9639423076923077 0.5048076923076923 0.03485576923076923 0.05048076923076923
0 0.8894230769230769 0.48197115384615385 0.038461538461538464 0.04807692307692308
0 0.7091346153846154 0.6490384615384616 0.04447115384615385 0.07932692307692307
0 0.46875 0.75 0.020432692307692308 0.037259615384615384
0 0.8028846153846154 0.7115384615384616 0.016826923076923076 0.02403846153846154
