0 0.9411057692307693 0.5408653846153846 0.07451923076923077 0.19951923076923078
0 0.9747596153846154 0.19230769230769232 0.05048076923076923 0.2548076923076923
0 0.41947115384615385 0.953125 0.21514423076923078 0.09014423076923077
0 0.9471153846153846 0.8125 0.1045673076923077 0.20673076923076922
0 0.75 0.8966346153846154 0.17067307692307693 0.1466346153846154
0 0.8401442307692307 0.4254807692307692 0.07692307692307693 0.1201923076923077
0 0.6875 0.6310096153846154 0.06850961538461539 0.09615384615384616
0 0.19951923076923078 0.028846153846153848 0.06850961538461539 0.051682692307692304
12 0.484375 0.5 0.7259615384615384 0.9963942307692307
0 0.7956730769230769 0.6418269230769231 0.14182692307692307 0.3293269230769231
0 0.0625 0.06971153846153846 0.02403846153846154 0.027644230769230768
0 0.921875 0.171875 0.020432692307692308 0.021634615384615384
2 0.44591346153846156 0.41225961538461536 0.038461538461538464 0.05889423076923077
0 0.5540865384615384 0.8401442307692307 0.12379807692307693 0.1622596153846154
