2 0.5348557692307693 0.8088942307692307 0.014423076923076924 0.014423076923076924
2 0.7151442307692307 0.7752403846153846 0.01201923076923077 0.019230769230769232
2 0.703125 0.0733173076923077 0.030048076923076924 0.018028846153846152
2 0.08052884615384616 0.2776442307692308 0.016826923076923076 0.014423076923076924
2 0.018028846153846152 0.2620192307692308 0.021634615384615384 0.03125
2 0.6550480769230769 0.8822115384615384 0.02403846153846154 0.027644230769230768
2 0.14543269230769232 0.7379807692307693 0.03245192307692308 0.02283653846153846
2 0.5 0.6730769230769231 0.014423076923076924 0.021634615384615384
3 0.8088942307692307 0.10697115384615384 0.11298076923076923 0.0733173076923077
0 0.8978365384615384 0.9230769230769231 0.20432692307692307 0.14783653846153846
2 0.3293269230769231 0.5492788461538461 0.018028846153846152 0.03125
2 0.49038461538461536 0.5204326923076923 0.03245192307692308 0.036057692307692304
2 0.5432692307692307 0.1971153846153846 0.016826923076923076 0.027644230769230768
3 0.5264423076923077 0.5120192307692307 0.21514423076923078 0.6754807692307693
2 0.4879807692307692 0.953125 0.014423076923076924 0.021634615384615384
2 0.07091346153846154 0.03245192307692308 0.052884615384615384 0.06129807692307692
2 0.7367788461538461 0.9795673076923077 0.016826923076923076 0.021634615384615384
3 0.703125 0.9447115384615384 0.1875 0.10336538461538461
13 0.22596153846153846 0.11658653846153846 0.2403846153846154 0.23076923076923078
0 0.8617788461538461 0.7980769230769231 0.07692307692307693 0.10576923076923077
2 0.42788461538461536 0.8521634615384616 0.016826923076923076 0.036057692307692304
0 0.1814903846153846 0.4182692307692308 0.04927884615384615 0.028846153846153848
3 0.9699519230769231 0.8040865384615384 0.06009615384615385 0.05048076923076923
3 0.9615384615384616 0.6502403846153846 0.07692307692307693 0.06129807692307692
2 0.28125 0.8473557692307693 0.014423076923076924 0.013221153846153846
0 0.4855769230769231 0.8341346153846154 0.016826923076923076 0.02283653846153846
2 0.8774038461538461 0.5300480769230769 0.021634615384615384 0.02403846153846154
2 0.9050480769230769 0.9699519230769231 0.030048076923076924 0.054086538461538464
2 0.1310096153846154 0.7704326923076923 0.020432692307692308 0.02283653846153846
3 0.34375 0.25961538461538464 0.15144230769230768 0.11899038461538461
2 0.7584134615384616 0.11658653846153846 0.020432692307692308 0.02283653846153846
2 0.3701923076923077 0.9675480769230769 0.016826923076923076 0.021634615384615384
2 0.8100961538461539 0.16105769230769232 0.016826923076923076 0.021634615384615384
2 0.39302884615384615 0.18028846153846154 0.014423076923076924 0.03365384615384615
2 0.7475961538461539 0.859375 0.021634615384615384 0.027644230769230768
0 0.6021634615384616 0.18028846153846154 0.037259615384615384 0.042067307692307696
0 0.039663461538461536 0.33653846153846156 0.055288461538461536 0.046875
0 0.5709134615384616 0.39663461538461536 0.06971153846153846 0.20793269230769232
0 0.8942307692307693 0.6826923076923077 0.016826923076923076 0.036057692307692304
0 0.6442307692307693 0.7475961538461539 0.026442307692307692 0.055288461538461536
0 0.5 0.27524038461538464 0.06370192307692307 0.03485576923076923
2 0.1502403846153846 0.6610576923076923 0.016826923076923076 0.019230769230769232
2 0.20192307692307693 0.6442307692307693 0.03245192307692308 0.04807692307692308
3 0.3088942307692308 0.29086538461538464 0.04447115384615385 0.390625
0 0.46875 0.6658653846153846 0.019230769230769232 0.019230769230769232
0 0.14423076923076922 0.6177884615384616 0.018028846153846152 0.027644230769230768
2 0.9122596153846154 0.15985576923076922 0.014423076923076924 0.019230769230769232
0 0.24879807692307693 0.36778846153846156 0.055288461538461536 0.07692307692307693
0 0.028846153846153848 0.46875 0.03365384615384615 0.06610576923076923
2 0.6959134615384616 0.7992788461538461 0.013221153846153846 0.015625
0 0.45913461538461536 0.5877403846153846 0.04326923076923077 0.06370192307692307
0 0.4699519230769231 0.17427884615384615 0.040865384615384616 0.11538461538461539
12 0.39783653846153844 0.46274038461538464 0.27163461538461536 0.09975961538461539
0 0.46153846153846156 0.47836538461538464 0.06850961538461539 0.06129807692307692
3 0.8605769230769231 0.2848557692307692 0.27884615384615385 0.21875
2 0.38100961538461536 0.9086538461538461 0.02403846153846154 0.027644230769230768
2 0.9074519230769231 0.4098557692307692 0.016826923076923076 0.019230769230769232
0 0.46274038461538464 0.0829326923076923 0.040865384615384616 0.03125
3 0.09495192307692307 0.5396634615384616 0.18990384615384615 0.2548076923076923
2 0.5432692307692307 0.90625 0.013221153846153846 0.030048076923076924
0 0.6129807692307693 0.296875 0.03245192307692308 0.06490384615384616
0 0.36899038461538464 0.359375 0.05889423076923077 0.14783653846153846
2 0.5444711538461539 0.6045673076923077 0.016826923076923076 0.03365384615384615
0 0.6598557692307693 0.6454326923076923 0.026442307692307692 0.07692307692307693
2 0.7884615384615384 0.1346153846153846 0.013221153846153846 0.019230769230769232
2 0.3425480769230769 0.984375 0.037259615384615384 0.026442307692307692
2 0.125 0.15504807692307693 0.013221153846153846 0.02283653846153846
2 0.7355769230769231 0.5637019230769231 0.014423076923076924 0.03125
2 0.03365384615384615 0.9603365384615384 0.014423076923076924 0.015625
2 0.015625 0.6935096153846154 0.03125 0.11298076923076923
2 0.3713942307692308 0.5396634615384616 0.016826923076923076 0.019230769230769232
2 0.3557692307692308 0.8449519230769231 0.02403846153846154 0.027644230769230768
2 0.9627403846153846 0.051682692307692304 0.013221153846153846 0.02283653846153846
2 0.4855769230769231 0.921875 0.014423076923076924 0.02283653846153846
2 0.7463942307692307 0.3918269230769231 0.020432692307692308 0.013221153846153846
2 0.4014423076923077 0.8040865384615384 0.020432692307692308 0.018028846153846152
2 0.9122596153846154 0.0829326923076923 0.016826923076923076 0.026442307692307692
2 0.9206730769230769 0.7776442307692307 0.014423076923076924 0.026442307692307692
2 0.3870192307692308 0.9807692307692307 0.03125 0.021634615384615384
2 0.4951923076923077 0.016826923076923076 0.037259615384615384 0.03125
2 0.7115384615384616 0.7427884615384616 0.016826923076923076 0.02403846153846154
2 0.1141826923076923 0.14302884615384615 0.01201923076923077 0.018028846153846152
2 0.028846153846153848 0.8004807692307693 0.020432692307692308 0.019230769230769232
2 0.9302884615384616 0.7427884615384616 0.030048076923076924 0.037259615384615384
2 0.3173076923076923 0.9519230769230769 0.04807692307692308 0.04567307692307692
2 0.7980769230769231 0.21634615384615385 0.016826923076923076 0.021634615384615384
2 0.9543269230769231 0.12259615384615384 0.038461538461538464 0.037259615384615384
2 0.31490384615384615 0.6045673076923077 0.016826923076923076 0.037259615384615384
2 0.4050480769230769 0.9230769230769231 0.027644230769230768 0.027644230769230768
2 0.43990384615384615 0.9302884615384616 0.021634615384615384 0.026442307692307692
2 0.42908653846153844 0.5637019230769231 0.02403846153846154 0.026442307692307692
2 0.5576923076923077 0.265625 0.013221153846153846 0.02283653846153846
2 0.8870192307692307 0.8317307692307693 0.016826923076923076 0.019230769230769232
2 0.9399038461538461 0.7644230769230769 0.014423076923076924 0.021634615384615384
2 0.11057692307692307 0.8125 0.03365384615384615 0.03125
2 0.3137019230769231 0.5132211538461539 0.021634615384615384 0.02283653846153846
2 0.03485576923076923 0.7475961538461539 0.01201923076923077 0.03365384615384615
2 0.9387019230769231 0.21394230769230768 0.009615384615384616 0.01201923076923077
2 0.22115384615384615 0.8185096153846154 0.027644230769230768 0.04326923076923077
2 0.4098557692307692 0.10697115384615384 0.020432692307692308 0.026442307692307692
3 0.47596153846153844 0.37740384615384615 0.025240384615384616 0.11298076923076923
2 0.5829326923076923 0.1466346153846154 0.027644230769230768 0.056490384615384616
2 0.8533653846153846 0.34375 0.019230769230769232 0.018028846153846152
