2 0.11538461538461539 0.3858173076923077 0.22956730769230768 0.6610576923076923
2 0.36658653846153844 0.5673076923076923 0.056490384615384616 0.09615384615384616
2 0.6646634615384616 0.39903846153846156 0.07572115384615384 0.038461538461538464
5 0.2247596153846154 0.15865384615384615 0.16947115384615385 0.2091346153846154
2 0.5288461538461539 0.9122596153846154 0.051682692307692304 0.07932692307692307
2 0.7403846153846154 0.3425480769230769 0.057692307692307696 0.05048076923076923
2 0.7680288461538461 0.46634615384615385 0.027644230769230768 0.04807692307692308
2 0.6418269230769231 0.8557692307692307 0.06490384615384616 0.06009615384615385
5 0.7776442307692307 0.19230769230769232 0.08774038461538461 0.10336538461538461
2 0.6298076923076923 0.9447115384615384 0.08413461538461539 0.09735576923076923
2 0.6899038461538461 0.12980769230769232 0.06610576923076923 0.11057692307692307
2 0.7427884615384616 0.28725961538461536 0.02403846153846154 0.057692307692307696
5 0.19110576923076922 0.6574519230769231 0.07692307692307693 0.10697115384615384
2 0.06610576923076923 0.9675480769230769 0.13221153846153846 0.05889423076923077
2 0.5745192307692307 0.6802884615384616 0.04326923076923077 0.051682692307692304
2 0.3161057692307692 0.47596153846153844 0.014423076923076924 0.02403846153846154
2 0.24639423076923078 0.7728365384615384 0.1045673076923077 0.14423076923076922
2 0.4338942307692308 0.5865384615384616 0.042067307692307696 0.05048076923076923
2 0.8088942307692307 0.42427884615384615 0.042067307692307696 0.07451923076923077
2 0.6730769230769231 0.4675480769230769 0.02403846153846154 0.09735576923076923
5 0.7403846153846154 0.8701923076923077 0.09134615384615384 0.2439903846153846
2 0.34615384615384615 0.078125 0.11899038461538461 0.15625
2 0.3473557692307692 0.4807692307692308 0.042067307692307696 0.046875
5 0.18028846153846154 0.9603365384615384 0.09735576923076923 0.078125
2 0.39783653846153844 0.6778846153846154 0.052884615384615384 0.109375
2 0.4831730769230769 0.18389423076923078 0.030048076923076924 0.04567307692307692
2 0.34134615384615385 0.921875 0.06971153846153846 0.11057692307692307
2 0.4170673076923077 0.6105769230769231 0.019230769230769232 0.026442307692307692
2 0.7980769230769231 0.49759615384615385 0.027644230769230768 0.027644230769230768
2 0.9699519230769231 0.06971153846153846 0.06009615384615385 0.13942307692307693
2 0.6899038461538461 0.2620192307692308 0.06370192307692307 0.06490384615384616
2 0.3401442307692308 0.4206730769230769 0.07932692307692307 0.06971153846153846
2 0.6153846153846154 0.44711538461538464 0.07932692307692307 0.05889423076923077
2 0.421875 0.15985576923076922 0.038461538461538464 0.04326923076923077
5 0.6610576923076923 0.7752403846153846 0.042067307692307696 0.06490384615384616
2 0.3557692307692308 0.7223557692307693 0.03485576923076923 0.037259615384615384
2 0.6670673076923077 0.3473557692307692 0.027644230769230768 0.046875
2 0.7415865384615384 0.3954326923076923 0.02283653846153846 0.03485576923076923
2 0.09735576923076923 0.8125 0.19471153846153846 0.23677884615384615
5 0.3004807692307692 0.6454326923076923 0.07451923076923077 0.09615384615384616
2 0.9831730769230769 0.9747596153846154 0.03365384615384615 0.040865384615384616
2 0.21394230769230768 0.5540865384615384 0.037259615384615384 0.04567307692307692
5 0.09375 0.02283653846153846 0.09615384615384616 0.04567307692307692
2 0.9026442307692307 0.9759615384615384 0.06370192307692307 0.042067307692307696
2 0.9086538461538461 0.8401442307692307 0.18269230769230768 0.24639423076923078
5 0.35096153846153844 0.32091346153846156 0.10576923076923077 0.15264423076923078
2 0.8725961538461539 0.3641826923076923 0.2548076923076923 0.7043269230769231
2 0.5096153846153846 0.038461538461538464 0.09134615384615384 0.07692307692307693
2 0.5853365384615384 0.7848557692307693 0.04927884615384615 0.06971153846153846
5 0.7403846153846154 0.6742788461538461 0.17307692307692307 0.265625
2 0.265625 0.453125 0.07211538461538461 0.3004807692307692
2 0.7127403846153846 0.46274038461538464 0.04326923076923077 0.09975961538461539
2 0.6129807692307693 0.5348557692307693 0.08052884615384616 0.09134615384615384
5 0.4338942307692308 0.4639423076923077 0.11538461538461539 0.15625
2 0.7103365384615384 0.025240384615384616 0.03485576923076923 0.026442307692307692
2 0.42427884615384615 0.2704326923076923 0.06850961538461539 0.17067307692307693
5 0.24278846153846154 0.02403846153846154 0.0889423076923077 0.04807692307692308
