2 0.7067307692307693 0.6550480769230769 0.03365384615384615 0.027644230769230768
2 0.5108173076923077 0.10216346153846154 0.018028846153846152 0.019230769230769232
2 0.2091346153846154 0.25961538461538464 0.027644230769230768 0.042067307692307696
12 0.5108173076923077 0.7560096153846154 0.5757211538461539 0.4855769230769231
2 0.6310096153846154 0.2800480769230769 0.026442307692307692 0.03245192307692308
2 0.29086538461538464 0.8317307692307693 0.06370192307692307 0.05889423076923077
2 0.6826923076923077 0.546875 0.019230769230769232 0.026442307692307692
2 0.5829326923076923 0.14302884615384615 0.020432692307692308 0.02403846153846154
2 0.6286057692307693 0.33774038461538464 0.038461538461538464 0.05048076923076923
2 0.15144230769230768 0.8870192307692307 0.040865384615384616 0.051682692307692304
2 0.09254807692307693 0.9627403846153846 0.04927884615384615 0.06971153846153846
2 0.28125 0.8870192307692307 0.040865384615384616 0.027644230769230768
2 0.7367788461538461 0.2848557692307692 0.026442307692307692 0.03125
2 0.8064903846153846 0.2536057692307692 0.03245192307692308 0.06490384615384616
2 0.01201923076923077 0.9771634615384616 0.02283653846153846 0.03365384615384615
2 0.7872596153846154 0.38221153846153844 0.038461538461538464 0.042067307692307696
2 0.6778846153846154 0.15264423076923078 0.02403846153846154 0.040865384615384616
2 0.7548076923076923 0.421875 0.02283653846153846 0.03125
2 0.8341346153846154 0.7379807692307693 0.05048076923076923 0.04567307692307692
2 0.3233173076923077 0.44471153846153844 0.04567307692307692 0.046875
2 0.9086538461538461 0.8401442307692307 0.052884615384615384 0.07692307692307693
2 0.44591346153846156 0.25961538461538464 0.027644230769230768 0.04326923076923077
2 0.7415865384615384 0.7055288461538461 0.02283653846153846 0.019230769230769232
2 0.4338942307692308 0.921875 0.026442307692307692 0.039663461538461536
2 0.33533653846153844 0.8930288461538461 0.026442307692307692 0.03365384615384615
2 0.46875 0.31971153846153844 0.027644230769230768 0.042067307692307696
2 0.5120192307692307 0.15264423076923078 0.03485576923076923 0.04326923076923077
2 0.8209134615384616 0.4375 0.030048076923076924 0.027644230769230768
2 0.3942307692307692 0.6646634615384616 0.016826923076923076 0.039663461538461536
2 0.5192307692307693 0.5540865384615384 0.020432692307692308 0.026442307692307692
2 0.5528846153846154 0.9447115384615384 0.016826923076923076 0.027644230769230768
2 0.859375 0.3317307692307692 0.055288461538461536 0.0673076923076923
9 0.9507211538461539 0.7644230769230769 0.09735576923076923 0.06370192307692307
2 0.12980769230769232 0.12860576923076922 0.040865384615384616 0.05048076923076923
2 0.875 0.0733173076923077 0.016826923076923076 0.019230769230769232
2 0.6262019230769231 0.07692307692307693 0.042067307692307696 0.04326923076923077
2 0.25961538461538464 0.46875 0.028846153846153848 0.038461538461538464
2 0.2980769230769231 0.3798076923076923 0.016826923076923076 0.021634615384615384
9 0.04447115384615385 0.546875 0.0889423076923077 0.8978365384615384
2 0.5276442307692307 0.7355769230769231 0.030048076923076924 0.037259615384615384
2 0.18389423076923078 0.17427884615384615 0.055288461538461536 0.06610576923076923
2 0.44591346153846156 0.671875 0.020432692307692308 0.03125
2 0.9759615384615384 0.5204326923076923 0.04807692307692308 0.1141826923076923
2 0.6935096153846154 0.10216346153846154 0.02403846153846154 0.03125
2 0.7836538461538461 0.484375 0.0625 0.03365384615384615
2 0.8221153846153846 0.8533653846153846 0.016826923076923076 0.010817307692307692
2 0.9651442307692307 0.9543269230769231 0.04447115384615385 0.056490384615384616
2 0.4182692307692308 0.703125 0.040865384615384616 0.028846153846153848
2 0.26802884615384615 0.9699519230769231 0.03485576923076923 0.039663461538461536
2 0.5432692307692307 0.7848557692307693 0.055288461538461536 0.055288461538461536
2 0.4014423076923077 0.9278846153846154 0.027644230769230768 0.03125
2 0.34615384615384615 0.014423076923076924 0.018028846153846152 0.026442307692307692
2 0.9639423076923077 0.0673076923076923 0.030048076923076924 0.026442307692307692
2 0.06129807692307692 0.6694711538461539 0.03125 0.037259615384615384
2 0.671875 0.40024038461538464 0.025240384615384616 0.03485576923076923
2 0.23197115384615385 0.9098557692307693 0.036057692307692304 0.04447115384615385
2 0.1658653846153846 0.6754807692307693 0.027644230769230768 0.04807692307692308
2 0.46875 0.7872596153846154 0.026442307692307692 0.037259615384615384
2 0.18269230769230768 0.9747596153846154 0.027644230769230768 0.027644230769230768
2 0.5 0.3004807692307692 0.03125 0.042067307692307696
2 0.2283653846153846 0.8449519230769231 0.018028846153846152 0.02283653846153846
2 0.4110576923076923 0.019230769230769232 0.03365384615384615 0.036057692307692304
2 0.07932692307692307 0.01201923076923077 0.018028846153846152 0.021634615384615384
