2 0.09014423076923077 0.4723557692307692 0.025240384615384616 0.03485576923076923
2 0.9867788461538461 0.5817307692307693 0.026442307692307692 0.04326923076923077
2 0.875 0.051682692307692304 0.04807692307692308 0.036057692307692304
2 0.4495192307692308 0.19471153846153846 0.027644230769230768 0.03245192307692308
2 0.4098557692307692 0.4855769230769231 0.051682692307692304 0.057692307692307696
2 0.3894230769230769 0.5745192307692307 0.03485576923076923 0.042067307692307696
2 0.22355769230769232 0.36658653846153844 0.13221153846153846 0.0733173076923077
2 0.24278846153846154 0.5276442307692307 0.025240384615384616 0.04447115384615385
2 0.8990384615384616 0.18389423076923078 0.03245192307692308 0.03365384615384615
2 0.5504807692307693 0.046875 0.052884615384615384 0.09134615384615384
2 0.8557692307692307 0.8293269230769231 0.052884615384615384 0.054086538461538464
2 0.8942307692307693 0.5252403846153846 0.037259615384615384 0.037259615384615384
2 0.3088942307692308 0.027644230769230768 0.040865384615384616 0.04326923076923077
2 0.5673076923076923 0.5420673076923077 0.16826923076923078 0.16826923076923078
2 0.21514423076923078 0.25600961538461536 0.036057692307692304 0.046875
2 0.6802884615384616 0.8425480769230769 0.06129807692307692 0.08173076923076923
0 0.6466346153846154 0.171875 0.2692307692307692 0.3389423076923077
0 0.5 0.6899038461538461 1 0.6153846153846154
2 0.9891826923076923 0.6814903846153846 0.021634615384615384 0.09375
2 0.8197115384615384 0.2692307692307692 0.04567307692307692 0.037259615384615384
2 0.4026442307692308 0.15985576923076922 0.038461538461538464 0.027644230769230768
2 0.30649038461538464 0.38822115384615385 0.02403846153846154 0.02403846153846154
2 0.027644230769230768 0.5072115384615384 0.055288461538461536 0.12860576923076922
0 0.06971153846153846 0.078125 0.13942307692307693 0.15264423076923078
2 0.8713942307692307 0.31971153846153844 0.030048076923076924 0.027644230769230768
2 0.28966346153846156 0.22716346153846154 0.040865384615384616 0.04567307692307692
2 0.5012019230769231 0.13581730769230768 0.055288461538461536 0.10576923076923077
2 0.34375 0.3605769230769231 0.03485576923076923 0.05048076923076923
12 0.14903846153846154 0.203125 0.2980769230769231 0.40625
2 0.33413461538461536 0.06009615384615385 0.037259615384615384 0.04326923076923077
2 0.0889423076923077 0.6045673076923077 0.03125 0.051682692307692304
2 0.27524038461538464 0.4254807692307692 0.040865384615384616 0.10216346153846154
2 0.22355769230769232 0.6790865384615384 0.038461538461538464 0.04326923076923077
12 0.47596153846153844 0.19471153846153846 0.6730769230769231 0.3894230769230769
2 0.9615384615384616 0.9579326923076923 0.028846153846153848 0.04326923076923077
2 0.7451923076923077 0.08173076923076923 0.03365384615384615 0.06610576923076923
2 0.375 0.2692307692307692 0.07932692307692307 0.055288461538461536
