2 0.22956730769230768 0.20673076923076922 0.04927884615384615 0.05048076923076923
2 0.49278846153846156 0.6742788461538461 0.05889423076923077 0.05889423076923077
2 0.40625 0.7764423076923077 0.040865384615384616 0.04447115384615385
2 0.18269230769230768 0.057692307692307696 0.038461538461538464 0.06370192307692307
2 0.7680288461538461 0.8798076923076923 0.07572115384615384 0.09014423076923077
2 0.9026442307692307 0.11538461538461539 0.03245192307692308 0.051682692307692304
2 0.7608173076923077 0.22355769230769232 0.03245192307692308 0.05889423076923077
2 0.8449519230769231 0.8173076923076923 0.038461538461538464 0.12620192307692307
2 0.5961538461538461 0.5048076923076923 0.07932692307692307 0.078125
2 0.019230769230769232 0.1622596153846154 0.03365384615384615 0.038461538461538464
2 0.5552884615384616 0.05889423076923077 0.037259615384615384 0.042067307692307696
2 0.6165865384615384 0.953125 0.07211538461538461 0.08413461538461539
2 0.057692307692307696 0.3954326923076923 0.037259615384615384 0.040865384615384616
2 0.18629807692307693 0.6045673076923077 0.09254807692307693 0.09014423076923077
2 0.8353365384615384 0.0985576923076923 0.3293269230769231 0.08413461538461539
2 0.12620192307692307 0.8918269230769231 0.051682692307692304 0.051682692307692304
2 0.6538461538461539 0.21033653846153846 0.03125 0.036057692307692304
2 0.7920673076923077 0.7572115384615384 0.05048076923076923 0.055288461538461536
2 0.09975961538461539 0.3629807692307692 0.04567307692307692 0.05048076923076923
2 0.875 0.18509615384615385 0.06370192307692307 0.07932692307692307
2 0.9350961538461539 0.8786057692307693 0.12980769230769232 0.07692307692307693
2 0.4951923076923077 0.037259615384615384 0.04807692307692308 0.04447115384615385
2 0.46634615384615385 0.9302884615384616 0.11778846153846154 0.13822115384615385
2 0.8233173076923077 0.2692307692307692 0.04807692307692308 0.11538461538461539
2 0.36177884615384615 0.3173076923076923 0.040865384615384616 0.07451923076923077
0 0.4182692307692308 0.6995192307692307 0.6875 0.5925480769230769
12 0.515625 0.6658653846153846 0.96875 0.6622596153846154
2 0.7427884615384616 0.03485576923076923 0.07211538461538461 0.06610576923076923
2 0.5036057692307693 0.25961538461538464 0.04807692307692308 0.046875
2 0.3088942307692308 0.8978365384615384 0.055288461538461536 0.046875
2 0.08533653846153846 0.07451923076923077 0.026442307692307692 0.056490384615384616
2 0.4182692307692308 0.5649038461538461 0.06971153846153846 0.1466346153846154
2 0.13221153846153846 0.828125 0.03245192307692308 0.05889423076923077
2 0.18269230769230768 0.7463942307692307 0.04927884615384615 0.15625
2 0.027644230769230768 0.0625 0.036057692307692304 0.037259615384615384
2 0.6322115384615384 0.8858173076923077 0.12620192307692307 0.078125
2 0.4675480769230769 0.09495192307692307 0.040865384615384616 0.055288461538461536
2 0.025240384615384616 0.23197115384615385 0.03125 0.055288461538461536
