2 0.22716346153846154 0.41586538461538464 0.07211538461538461 0.08774038461538461
2 0.640625 0.1622596153846154 0.055288461538461536 0.051682692307692304
0 0.47475961538461536 0.5600961538461539 0.03485576923076923 0.04567307692307692
2 0.5829326923076923 0.9182692307692307 0.037259615384615384 0.06009615384615385
5 0.5925480769230769 0.48197115384615385 0.040865384615384616 0.04447115384615385
2 0.7103365384615384 0.3125 0.07211538461538461 0.12620192307692307
2 0.9891826923076923 0.40024038461538464 0.021634615384615384 0.040865384615384616
2 0.11658653846153846 0.2644230769230769 0.042067307692307696 0.046875
0 0.9350961538461539 0.07932692307692307 0.12980769230769232 0.15865384615384615
0 0.3713942307692308 0.14783653846153846 0.20192307692307693 0.19951923076923078
2 0.9627403846153846 0.03125 0.040865384615384616 0.05889423076923077
0 0.7415865384615384 0.3605769230769231 0.33052884615384615 0.3894230769230769
5 0.8233173076923077 0.2920673076923077 0.052884615384615384 0.11899038461538461
2 0.7848557692307693 0.8185096153846154 0.03125 0.054086538461538464
2 0.2800480769230769 0.02283653846153846 0.051682692307692304 0.04326923076923077
2 0.6622596153846154 0.9639423076923077 0.08413461538461539 0.06490384615384616
0 0.5516826923076923 0.3317307692307692 0.20673076923076922 0.21754807692307693
2 0.9891826923076923 0.6526442307692307 0.021634615384615384 0.06490384615384616
0 0.8100961538461539 0.11057692307692307 0.3798076923076923 0.21754807692307693
0 0.2439903846153846 0.9134615384615384 0.2247596153846154 0.16706730769230768
2 0.9627403846153846 0.19110576923076922 0.07451923076923077 0.09975961538461539
0 0.4831730769230769 0.7668269230769231 0.037259615384615384 0.05889423076923077
2 0.8762019230769231 0.8377403846153846 0.040865384615384616 0.06129807692307692
2 0.9567307692307693 0.75 0.03485576923076923 0.05048076923076923
0 0.13701923076923078 0.46153846153846156 0.27403846153846156 0.19831730769230768
0 0.5 0.890625 0.10336538461538461 0.0889423076923077
0 0.016826923076923076 0.16105769230769232 0.03365384615384615 0.17307692307692307
2 0.7524038461538461 0.9266826923076923 0.07211538461538461 0.1466346153846154
2 0.7091346153846154 0.7644230769230769 0.1201923076923077 0.09254807692307693
2 0.4879807692307692 0.7487980769230769 0.1778846153846154 0.21514423076923078
2 0.234375 0.7259615384615384 0.46875 0.5384615384615384
2 0.5204326923076923 0.1971153846153846 0.09254807692307693 0.16346153846153846
2 0.8401442307692307 0.5865384615384616 0.25 0.34134615384615385
4 0.41947115384615385 0.5204326923076923 0.6778846153846154 0.9122596153846154
2 0.6009615384615384 0.055288461538461536 0.03125 0.04326923076923077
2 0.8052884615384616 0.05889423076923077 0.054086538461538464 0.06370192307692307
0 0.5612980769230769 0.7487980769230769 0.021634615384615384 0.04326923076923077
2 0.5396634615384616 0.5132211538461539 0.06610576923076923 0.15144230769230768
2 0.921875 0.2548076923076923 0.038461538461538464 0.055288461538461536
0 0.4651442307692308 0.026442307692307692 0.14182692307692307 0.05048076923076923
