1 0.6947115384615384 0.53125 0.054086538461538464 0.0733173076923077
1 0.8317307692307693 0.078125 0.23076923076923078 0.15264423076923078
1 0.20793269230769232 0.7127403846153846 0.41586538461538464 0.5673076923076923
1 0.7956730769230769 0.7451923076923077 0.02403846153846154 0.036057692307692304
1 0.07451923076923077 0.29086538461538464 0.07692307692307693 0.10096153846153846
3 0.36538461538461536 0.5 0.6899038461538461 0.9939903846153846
4 0.6418269230769231 0.40384615384615385 0.08653846153846154 0.07451923076923077
1 0.5348557692307693 0.2704326923076923 0.09254807692307693 0.0889423076923077
1 0.40625 0.3605769230769231 0.1141826923076923 0.15745192307692307
1 0.8665865384615384 0.21514423076923078 0.05048076923076923 0.051682692307692304
1 0.8461538461538461 0.609375 0.04567307692307692 0.07932692307692307
1 0.9375 0.6286057692307693 0.125 0.5889423076923077
1 0.34975961538461536 0.8401442307692307 0.06610576923076923 0.10576923076923077
0 0.3918269230769231 0.5745192307692307 0.09014423076923077 0.12379807692307693
1 0.5625 0.5072115384615384 0.12139423076923077 0.234375
1 0.5516826923076923 0.10096153846153846 0.03485576923076923 0.0673076923076923
1 0.4170673076923077 0.7175480769230769 0.036057692307692304 0.04567307692307692
1 0.515625 0.13822115384615385 0.05048076923076923 0.10216346153846154
1 0.08533653846153846 0.1778846153846154 0.06009615384615385 0.08774038461538461
1 0.5036057692307693 0.8629807692307693 0.16947115384615385 0.2644230769230769
0 0.578125 0.9555288461538461 0.04927884615384615 0.07091346153846154
1 0.171875 0.24158653846153846 0.030048076923076924 0.036057692307692304
1 0.7115384615384616 0.1935096153846154 0.1971153846153846 0.20673076923076922
1 0.5072115384615384 0.040865384615384616 0.1502403846153846 0.07932692307692307
1 0.35096153846153844 0.15745192307692307 0.05889423076923077 0.09014423076923077
1 0.9759615384615384 0.09735576923076923 0.04807692307692308 0.07451923076923077
1 0.21875 0.32211538461538464 0.03365384615384615 0.040865384615384616
