2 0.7920673076923077 0.17307692307692307 0.04807692307692308 0.06009615384615385
2 0.8028846153846154 0.5829326923076923 0.04807692307692308 0.0673076923076923
2 0.6165865384615384 0.8557692307692307 0.10096153846153846 0.27884615384615385
2 0.35697115384615385 0.7524038461538461 0.036057692307692304 0.04567307692307692
2 0.9651442307692307 0.71875 0.06129807692307692 0.07692307692307693
2 0.5661057692307693 0.11658653846153846 0.037259615384615384 0.036057692307692304
2 0.13341346153846154 0.9290865384615384 0.030048076923076924 0.06971153846153846
2 0.39663461538461536 0.9507211538461539 0.030048076923076924 0.027644230769230768
2 0.5204326923076923 0.15144230769230768 0.040865384615384616 0.03245192307692308
2 0.8665865384615384 0.43990384615384615 0.03485576923076923 0.04326923076923077
2 0.12860576923076922 0.42788461538461536 0.07211538461538461 0.09014423076923077
2 0.375 0.31009615384615385 0.0733173076923077 0.11057692307692307
2 0.7115384615384616 0.7043269230769231 0.06850961538461539 0.06490384615384616
2 0.09735576923076923 0.2692307692307692 0.08173076923076923 0.09014423076923077
2 0.5528846153846154 0.875 0.09735576923076923 0.12379807692307693
2 0.42427884615384615 0.08653846153846154 0.054086538461538464 0.056490384615384616
2 0.19951923076923078 0.28846153846153844 0.09375 0.09254807692307693
3 0.4170673076923077 0.6033653846153846 0.8341346153846154 0.5372596153846154
2 0.9555288461538461 0.9759615384615384 0.04807692307692308 0.04567307692307692
2 0.24759615384615385 0.13341346153846154 0.18269230769230768 0.2668269230769231
2 0.6358173076923077 0.01201923076923077 0.027644230769230768 0.02283653846153846
2 0.0625 0.34134615384615385 0.07692307692307693 0.08653846153846154
2 0.9759615384615384 0.07451923076923077 0.04807692307692308 0.14783653846153846
2 0.5877403846153846 0.2127403846153846 0.06850961538461539 0.078125
2 0.4387019230769231 0.03125 0.055288461538461536 0.0625
2 0.22716346153846154 0.8473557692307693 0.03245192307692308 0.027644230769230768
2 0.140625 0.8545673076923077 0.0889423076923077 0.0829326923076923
2 0.07572115384615384 0.46274038461538464 0.054086538461538464 0.05048076923076923
2 0.5120192307692307 0.04447115384615385 0.06610576923076923 0.07091346153846154
2 0.8629807692307693 0.5348557692307693 0.06129807692307692 0.09615384615384616
2 0.8990384615384616 0.25961538461538464 0.09014423076923077 0.10697115384615384
2 0.7463942307692307 0.3545673076923077 0.08052884615384616 0.07451923076923077
2 0.02403846153846154 0.15264423076923078 0.04807692307692308 0.06610576923076923
