2 0.10817307692307693 0.21754807692307693 0.036057692307692304 0.026442307692307692
2 0.036057692307692304 0.03245192307692308 0.06490384615384616 0.06490384615384616
2 0.7680288461538461 0.06850961538461539 0.10817307692307693 0.1346153846153846
2 0.03245192307692308 0.19110576923076922 0.06490384615384616 0.09375
2 0.39302884615384615 0.8894230769230769 0.3269230769230769 0.21754807692307693
2 0.14423076923076922 0.7860576923076923 0.14423076923076922 0.18389423076923078
2 0.3088942307692308 0.6634615384615384 0.14903846153846154 0.23918269230769232
2 0.7319711538461539 0.4026442307692308 0.09254807692307693 0.08653846153846154
2 0.051682692307692304 0.09375 0.030048076923076924 0.027644230769230768
2 0.8161057692307693 0.13942307692307693 0.036057692307692304 0.040865384615384616
2 0.23798076923076922 0.016826923076923076 0.019230769230769232 0.03125
2 0.6129807692307693 0.609375 0.3016826923076923 0.27403846153846156
2 0.6766826923076923 0.07692307692307693 0.06850961538461539 0.15144230769230768
2 0.8461538461538461 0.078125 0.05889423076923077 0.054086538461538464
2 0.051682692307692304 0.7355769230769231 0.10336538461538461 0.5192307692307693
2 0.8894230769230769 0.04807692307692308 0.036057692307692304 0.07451923076923077
2 0.9387019230769231 0.22956730769230768 0.12259615384615384 0.4567307692307692
2 0.07932692307692307 0.10336538461538461 0.026442307692307692 0.03485576923076923
2 0.1201923076923077 0.4723557692307692 0.2403846153846154 0.4338942307692308
2 0.8088942307692307 0.23076923076923078 0.06850961538461539 0.12139423076923077
2 0.23798076923076922 0.08653846153846154 0.07932692307692307 0.09615384615384616
2 0.12379807692307693 0.9447115384615384 0.051682692307692304 0.07692307692307693
2 0.8353365384615384 0.40865384615384615 0.10336538461538461 0.16947115384615385
2 0.35336538461538464 0.1658653846153846 0.052884615384615384 0.09014423076923077
2 0.19110576923076922 0.9375 0.052884615384615384 0.08774038461538461
2 0.2848557692307692 0.20192307692307693 0.10576923076923077 0.11057692307692307
2 0.4891826923076923 0.021634615384615384 0.04927884615384615 0.040865384615384616
2 0.2764423076923077 0.016826923076923076 0.06129807692307692 0.03245192307692308
2 0.5625 0.2800480769230769 0.30288461538461536 0.3317307692307692
2 0.5721153846153846 0.09375 0.15264423076923078 0.14903846153846154
5 0.7295673076923077 0.7752403846153846 0.27524038461538464 0.39783653846153844
2 0.36899038461538464 0.3713942307692308 0.2091346153846154 0.2620192307692308
2 0.3449519230769231 0.06971153846153846 0.10817307692307693 0.06971153846153846
2 0.7271634615384616 0.2548076923076923 0.10817307692307693 0.171875
2 0.90625 0.7271634615384616 0.18629807692307693 0.5360576923076923
12 0.3798076923076923 0.49759615384615385 0.5949519230769231 0.9915865384615384
