2 0.1622596153846154 0.625 0.1346153846153846 0.1814903846153846
2 0.9038461538461539 0.2668269230769231 0.025240384615384616 0.051682692307692304
2 0.6514423076923077 0.05048076923076923 0.030048076923076924 0.038461538461538464
2 0.9266826923076923 0.7992788461538461 0.1466346153846154 0.10336538461538461
2 0.7884615384615384 0.7463942307692307 0.22956730769230768 0.23076923076923078
2 0.8990384615384616 0.4723557692307692 0.040865384615384616 0.05889423076923077
2 0.020432692307692308 0.5480769230769231 0.040865384615384616 0.0673076923076923
2 0.9627403846153846 0.22716346153846154 0.07451923076923077 0.171875
2 0.8701923076923077 0.24759615384615385 0.04567307692307692 0.078125
2 0.35697115384615385 0.09014423076923077 0.028846153846153848 0.039663461538461536
5 0.7572115384615384 0.030048076923076924 0.15985576923076922 0.06009615384615385
2 0.6298076923076923 0.7932692307692307 0.06850961538461539 0.10576923076923077
2 0.9194711538461539 0.04447115384615385 0.16105769230769232 0.08653846153846154
2 0.7367788461538461 0.23076923076923078 0.20673076923076922 0.22596153846153846
2 0.8798076923076923 0.12259615384615384 0.027644230769230768 0.03245192307692308
2 0.359375 0.35697115384615385 0.10336538461538461 0.14903846153846154
2 0.5444711538461539 0.8257211538461539 0.052884615384615384 0.037259615384615384
2 0.6334134615384616 0.38221153846153844 0.13581730769230768 0.12379807692307693
4 0.5 0.5504807692307693 1 0.40384615384615385
2 0.8798076923076923 0.9290865384615384 0.2403846153846154 0.13701923076923078
2 0.03485576923076923 0.2692307692307692 0.06850961538461539 0.125
2 0.8870192307692307 0.3641826923076923 0.03365384615384615 0.04927884615384615
2 0.5925480769230769 0.8954326923076923 0.06009615384615385 0.08413461538461539
2 0.46033653846153844 0.6682692307692307 0.20192307692307693 0.22235576923076922
2 0.71875 0.9591346153846154 0.08052884615384616 0.07932692307692307
2 0.10216346153846154 0.17427884615384615 0.026442307692307692 0.03245192307692308
2 0.07091346153846154 0.0625 0.027644230769230768 0.05048076923076923
2 0.953125 0.11057692307692307 0.027644230769230768 0.027644230769230768
2 0.625 0.6694711538461539 0.12139423076923077 0.12620192307692307
2 0.4963942307692308 0.16706730769230768 0.2403846153846154 0.33413461538461536
2 0.27163461538461536 0.27884615384615385 0.07211538461538461 0.08413461538461539
2 0.2764423076923077 0.7572115384615384 0.10096153846153846 0.1310096153846154
2 0.28846153846153844 0.7920673076923077 0.5769230769230769 0.41225961538461536
