2 0.3918269230769231 0.2283653846153846 0.10336538461538461 0.17548076923076922
9 0.20673076923076922 0.12740384615384615 0.11899038461538461 0.24639423076923078
8 0.6983173076923077 0.6550480769230769 0.19951923076923078 0.6442307692307693
2 0.06370192307692307 0.06971153846153846 0.12740384615384615 0.13942307692307693
9 0.3173076923076923 0.6622596153846154 0.21394230769230768 0.34375
2 0.5552884615384616 0.42427884615384615 0.21514423076923078 0.3557692307692308
9 0.28125 0.20192307692307693 0.28846153846153844 0.19951923076923078
2 0.1971153846153846 0.38221153846153844 0.04927884615384615 0.06129807692307692
9 0.6514423076923077 0.29447115384615385 0.6971153846153846 0.08173076923076923
9 0.24639423076923078 0.9194711538461539 0.09495192307692307 0.15865384615384615
2 0.39783653846153844 0.8233173076923077 0.06490384615384616 0.09615384615384616
9 0.6346153846153846 0.07692307692307693 0.04567307692307692 0.14182692307692307
2 0.6983173076923077 0.2620192307692308 0.07572115384615384 0.06971153846153846
2 0.8810096153846154 0.8413461538461539 0.13942307692307693 0.27163461538461536
2 0.33533653846153844 0.11658653846153846 0.13701923076923078 0.10336538461538461
9 0.5709134615384616 0.09254807692307693 0.027644230769230768 0.18389423076923078
2 0.8846153846153846 0.59375 0.1310096153846154 0.20432692307692307
2 0.5480769230769231 0.7944711538461539 0.09615384615384616 0.16826923076923078
2 0.054086538461538464 0.8269230769230769 0.10697115384615384 0.22115384615384615
2 0.9206730769230769 0.16466346153846154 0.15865384615384615 0.31850961538461536
9 0.46274038461538464 0.171875 0.06971153846153846 0.03245192307692308
2 0.07451923076923077 0.4639423076923077 0.09375 0.16105769230769232
9 0.9002403846153846 0.21394230769230768 0.06610576923076923 0.18389423076923078
