0 0.5745192307692307 0.41346153846153844 0.03125 0.038461538461538464
9 0.6129807692307693 0.8629807692307693 0.04326923076923077 0.056490384615384616
0 0.7908653846153846 0.921875 0.027644230769230768 0.03125
2 0.875 0.04447115384615385 0.13942307692307693 0.0889423076923077
2 0.41586538461538464 0.6141826923076923 0.016826923076923076 0.021634615384615384
9 0.6009615384615384 0.15384615384615385 0.12980769230769232 0.1201923076923077
0 0.5432692307692307 0.38461538461538464 0.03125 0.036057692307692304
0 0.6370192307692307 0.4326923076923077 0.016826923076923076 0.03125
2 0.7776442307692307 0.8137019230769231 0.026442307692307692 0.026442307692307692
0 0.49038461538461536 0.5745192307692307 0.03125 0.0829326923076923
0 0.38341346153846156 0.45913461538461536 0.09735576923076923 0.13822115384615385
2 0.9891826923076923 0.4110576923076923 0.021634615384615384 0.019230769230769232
2 0.7620192307692307 0.8617788461538461 0.025240384615384616 0.055288461538461536
0 0.4543269230769231 0.4567307692307692 0.036057692307692304 0.027644230769230768
2 0.42427884615384615 0.7620192307692307 0.028846153846153848 0.02283653846153846
2 0.24879807692307693 0.028846153846153848 0.026442307692307692 0.051682692307692304
0 0.46153846153846156 0.5096153846153846 0.05889423076923077 0.07692307692307693
0 0.4723557692307692 0.6887019230769231 0.016826923076923076 0.026442307692307692
2 0.8401442307692307 0.47596153846153844 0.016826923076923076 0.03365384615384615
2 0.9603365384615384 0.14423076923076922 0.04807692307692308 0.10216346153846154
2 0.5901442307692307 0.5576923076923077 0.014423076923076924 0.015625
2 0.3894230769230769 0.078125 0.027644230769230768 0.03485576923076923
2 0.11298076923076923 0.6298076923076923 0.016826923076923076 0.028846153846153848
2 0.5288461538461539 0.65625 0.02403846153846154 0.03125
0 0.4963942307692308 0.28966346153846156 0.055288461538461536 0.036057692307692304
2 0.96875 0.6394230769230769 0.040865384615384616 0.04567307692307692
9 0.7259615384615384 0.43149038461538464 0.020432692307692308 0.08173076923076923
2 0.8088942307692307 0.6213942307692307 0.028846153846153848 0.026442307692307692
2 0.49399038461538464 0.15625 0.030048076923076924 0.04447115384615385
2 0.8509615384615384 0.8930288461538461 0.027644230769230768 0.028846153846153848
2 0.7007211538461539 0.9855769230769231 0.018028846153846152 0.02403846153846154
2 0.7920673076923077 0.1971153846153846 0.08413461538461539 0.12259615384615384
12 0.4026442307692308 0.35697115384615385 0.28725961538461536 0.3473557692307692
0 0.5540865384615384 0.6286057692307693 0.020432692307692308 0.019230769230769232
2 0.7223557692307693 0.7572115384615384 0.014423076923076924 0.027644230769230768
0 0.5576923076923077 0.53125 0.055288461538461536 0.12620192307692307
9 0.30528846153846156 0.4699519230769231 0.08052884615384616 0.021634615384615384
2 0.5168269230769231 0.8185096153846154 0.016826923076923076 0.016826923076923076
2 0.3641826923076923 0.01201923076923077 0.036057692307692304 0.02283653846153846
0 0.6237980769230769 0.5096153846153846 0.037259615384615384 0.054086538461538464
9 0.22235576923076922 0.9663461538461539 0.040865384615384616 0.05889423076923077
2 0.4362980769230769 0.055288461538461536 0.057692307692307696 0.10697115384615384
2 0.7211538461538461 0.12740384615384615 0.037259615384615384 0.06490384615384616
2 0.5144230769230769 0.11538461538461539 0.019230769230769232 0.019230769230769232
9 0.22355769230769232 0.4891826923076923 0.12139423076923077 0.15264423076923078
