2 0.9783653846153846 0.12259615384615384 0.04326923076923077 0.10336538461538461
2 0.7908653846153846 0.05889423076923077 0.18028846153846154 0.1141826923076923
2 0.06971153846153846 0.41466346153846156 0.057692307692307696 0.08413461538461539
2 0.8209134615384616 0.8725961538461539 0.042067307692307696 0.12860576923076922
2 0.8305288461538461 0.3317307692307692 0.08052884615384616 0.11177884615384616
2 0.6826923076923077 0.7548076923076923 0.027644230769230768 0.05048076923076923
2 0.02403846153846154 0.734375 0.04807692307692308 0.0889423076923077
2 0.9266826923076923 0.7680288461538461 0.06370192307692307 0.07932692307692307
2 0.5048076923076923 0.26322115384615385 0.0733173076923077 0.11298076923076923
2 0.8942307692307693 0.8497596153846154 0.03485576923076923 0.0733173076923077
2 0.22596153846153846 0.5420673076923077 0.14423076923076922 0.13341346153846154
2 0.11658653846153846 0.22596153846153846 0.04807692307692308 0.06370192307692307
2 0.3798076923076923 0.06610576923076923 0.06610576923076923 0.0829326923076923
2 0.7175480769230769 0.9459134615384616 0.055288461538461536 0.0733173076923077
2 0.6418269230769231 0.25721153846153844 0.05889423076923077 0.0829326923076923
2 0.5108173076923077 0.8149038461538461 0.04807692307692308 0.038461538461538464
2 0.6670673076923077 0.6370192307692307 0.07692307692307693 0.09375
2 0.6189903846153846 0.039663461538461536 0.04326923076923077 0.06009615384615385
2 0.4074519230769231 0.6514423076923077 0.11177884615384616 0.22596153846153846
2 0.44591346153846156 0.8894230769230769 0.09375 0.08173076923076923
2 0.8966346153846154 0.6141826923076923 0.20673076923076922 0.23677884615384615
12 0.5 0.2548076923076923 0.9987980769230769 0.4963942307692308
2 0.7728365384615384 0.3737980769230769 0.06129807692307692 0.05889423076923077
