2 0.9675480769230769 0.3401442307692308 0.040865384615384616 0.042067307692307696
2 0.17908653846153846 0.8822115384615384 0.06850961538461539 0.11057692307692307
2 0.875 0.5216346153846154 0.06370192307692307 0.09375
4 0.359375 0.8569711538461539 0.24519230769230768 0.28365384615384615
2 0.8052884615384616 0.6478365384615384 0.056490384615384616 0.078125
2 0.14783653846153846 0.5829326923076923 0.051682692307692304 0.055288461538461536
2 0.7752403846153846 0.203125 0.03485576923076923 0.046875
2 0.1141826923076923 0.03365384615384615 0.04927884615384615 0.04326923076923077
2 0.875 0.31971153846153844 0.04447115384615385 0.06009615384615385
2 0.09975961538461539 0.6826923076923077 0.038461538461538464 0.056490384615384616
2 0.3629807692307692 0.5829326923076923 0.03245192307692308 0.055288461538461536
2 0.421875 0.22596153846153846 0.042067307692307696 0.056490384615384616
2 0.9783653846153846 0.9723557692307693 0.042067307692307696 0.04807692307692308
4 0.6947115384615384 0.5 0.4050480769230769 0.9963942307692307
2 0.07451923076923077 0.4543269230769231 0.06971153846153846 0.08052884615384616
2 0.35096153846153844 0.22716346153846154 0.052884615384615384 0.08413461538461539
2 0.29927884615384615 0.5504807692307693 0.07692307692307693 0.09735576923076923
2 0.20673076923076922 0.6346153846153846 0.05889423076923077 0.0673076923076923
2 0.9771634615384616 0.45913461538461536 0.04447115384615385 0.06370192307692307
2 0.734375 0.30288461538461536 0.05048076923076923 0.06490384615384616
