2 0.5865384615384616 0.21995192307692307 0.04567307692307692 0.05889423076923077
2 0.84375 0.013221153846153846 0.040865384615384616 0.026442307692307692
2 0.23677884615384615 0.37259615384615385 0.39663461538461536 0.7415865384615384
2 0.9603365384615384 0.8197115384615384 0.07932692307692307 0.1466346153846154
2 0.7247596153846154 0.4855769230769231 0.09254807692307693 0.08774038461538461
2 0.9591346153846154 0.02403846153846154 0.08173076923076923 0.04326923076923077
5 0.030048076923076924 0.3786057692307692 0.06009615384615385 0.22115384615384615
2 0.7620192307692307 0.33774038461538464 0.06370192307692307 0.11899038461538461
2 0.515625 0.7644230769230769 0.10697115384615384 0.06610576923076923
2 0.5276442307692307 0.9639423076923077 0.36778846153846156 0.06370192307692307
2 0.030048076923076924 0.6298076923076923 0.06009615384615385 0.07451923076923077
2 0.43990384615384615 0.19951923076923078 0.02403846153846154 0.09134615384615384
2 0.9639423076923077 0.9543269230769231 0.07211538461538461 0.0829326923076923
2 0.796875 0.8485576923076923 0.12379807692307693 0.16826923076923078
2 0.7680288461538461 0.16706730769230768 0.06370192307692307 0.0889423076923077
2 0.671875 0.1502403846153846 0.1310096153846154 0.19471153846153846
2 0.6682692307692307 0.5552884615384616 0.021634615384615384 0.04326923076923077
2 0.046875 0.20552884615384615 0.0889423076923077 0.11899038461538461
5 0.7752403846153846 0.9627403846153846 0.15144230769230768 0.07451923076923077
5 0.36177884615384615 0.055288461538461536 0.09975961538461539 0.10697115384615384
2 0.9615384615384616 0.6274038461538461 0.07692307692307693 0.24519230769230768
2 0.4362980769230769 0.07692307692307693 0.052884615384615384 0.14783653846153846
2 0.9603365384615384 0.10697115384615384 0.07932692307692307 0.10216346153846154
2 0.5697115384615384 0.06850961538461539 0.1466346153846154 0.13701923076923078
2 0.8605769230769231 0.0625 0.036057692307692304 0.030048076923076924
2 0.41466346153846156 0.31971153846153844 0.11298076923076923 0.14783653846153846
2 0.6526442307692307 0.46875 0.026442307692307692 0.038461538461538464
2 0.4879807692307692 0.09014423076923077 0.056490384615384616 0.16947115384615385
5 0.18389423076923078 0.8629807692307693 0.09975961538461539 0.13581730769230768
5 0.046875 0.04447115384615385 0.09375 0.07091346153846154
2 0.5661057692307693 0.4014423076923077 0.04807692307692308 0.05889423076923077
2 0.7560096153846154 0.07211538461538461 0.16346153846153846 0.14423076923076922
2 0.5997596153846154 0.5408653846153846 0.027644230769230768 0.046875
2 0.6526442307692307 0.32572115384615385 0.03245192307692308 0.036057692307692304
2 0.5096153846153846 0.5 0.01201923076923077 0.019230769230769232
2 0.5961538461538461 0.8473557692307693 0.24879807692307693 0.14423076923076922
2 0.8930288461538461 0.33533653846153844 0.21394230769230768 0.3485576923076923
2 0.23076923076923078 0.7139423076923077 0.10096153846153846 0.12860576923076922
12 0.5528846153846154 0.59375 0.4567307692307692 0.6574519230769231
2 0.8930288461538461 0.08052884615384616 0.027644230769230768 0.056490384615384616
2 0.6370192307692307 0.6634615384615384 0.042067307692307696 0.05889423076923077
5 0.8954326923076923 0.21153846153846154 0.10336538461538461 0.15144230769230768
2 0.008413461538461538 0.7716346153846154 0.016826923076923076 0.08052884615384616
2 0.8762019230769231 0.578125 0.11177884615384616 0.2127403846153846
5 0.4579326923076923 0.5805288461538461 0.04567307692307692 0.28365384615384615
2 0.6911057692307693 0.36538461538461536 0.06971153846153846 0.11177884615384616
2 0.7247596153846154 0.6382211538461539 0.14302884615384615 0.171875
5 0.07451923076923077 0.59375 0.10817307692307693 0.12860576923076922
2 0.18389423076923078 0.9242788461538461 0.3173076923076923 0.14783653846153846
2 0.5949519230769231 0.6117788461538461 0.027644230769230768 0.038461538461538464
2 0.6911057692307693 0.28125 0.06610576923076923 0.06490384615384616
2 0.3641826923076923 0.7427884615384616 0.16826923076923078 0.11177884615384616
2 0.3233173076923077 0.8665865384615384 0.08173076923076923 0.11538461538461539
5 0.42908653846153844 0.8774038461538461 0.13221153846153846 0.17548076923076922
2 0.8762019230769231 0.7379807692307693 0.10817307692307693 0.11899038461538461
2 0.5805288461538461 0.4699519230769231 0.055288461538461536 0.0889423076923077
5 0.18870192307692307 0.421875 0.12379807692307693 0.1971153846153846
2 0.5288461538461539 0.32211538461538464 0.09375 0.0673076923076923
2 0.890625 0.9098557692307693 0.055288461538461536 0.17548076923076922
