1 0.22115384615384615 0.9795673076923077 0.026442307692307692 0.039663461538461536
1 0.34134615384615385 0.44471153846153844 0.037259615384615384 0.04567307692307692
4 0.17908653846153846 0.7524038461538461 0.027644230769230768 0.03245192307692308
1 0.6177884615384616 0.6550480769230769 0.05889423076923077 0.051682692307692304
1 0.25961538461538464 0.9194711538461539 0.018028846153846152 0.027644230769230768
1 0.6778846153846154 0.6754807692307693 0.052884615384615384 0.04326923076923077
1 0.3076923076923077 0.23076923076923078 0.026442307692307692 0.036057692307692304
1 0.9375 0.9338942307692307 0.06850961538461539 0.039663461538461536
1 0.6923076923076923 0.7644230769230769 0.1622596153846154 0.19471153846153846
1 0.41466346153846156 0.30288461538461536 0.04807692307692308 0.055288461538461536
1 0.5637019230769231 0.027644230769230768 0.03365384615384615 0.042067307692307696
4 0.7704326923076923 0.2848557692307692 0.021634615384615384 0.026442307692307692
1 0.30288461538461536 0.5865384615384616 0.17067307692307693 0.15625
1 0.30288461538461536 0.9771634615384616 0.07451923076923077 0.04326923076923077
1 0.6129807692307693 0.5048076923076923 0.0625 0.09014423076923077
1 0.19591346153846154 0.5865384615384616 0.06971153846153846 0.09735576923076923
1 0.1310096153846154 0.9651442307692307 0.03485576923076923 0.06610576923076923
1 0.7536057692307693 0.14903846153846154 0.16105769230769232 0.296875
1 0.34134615384615385 0.20793269230769232 0.09014423076923077 0.16706730769230768
1 0.6538461538461539 0.018028846153846152 0.12620192307692307 0.03365384615384615
1 0.6899038461538461 0.4831730769230769 0.03245192307692308 0.03125
1 0.8100961538461539 0.8846153846153846 0.038461538461538464 0.055288461538461536
1 0.5 0.051682692307692304 0.08653846153846154 0.10096153846153846
1 0.8774038461538461 0.29927884615384615 0.13942307692307693 0.24879807692307693
1 0.8677884615384616 0.15144230769230768 0.03365384615384615 0.039663461538461536
1 0.9663461538461539 0.44471153846153844 0.04326923076923077 0.09014423076923077
1 0.5492788461538461 0.6646634615384616 0.016826923076923076 0.03365384615384615
1 0.5432692307692307 0.7980769230769231 0.07451923076923077 0.0829326923076923
4 0.453125 0.27283653846153844 0.026442307692307692 0.038461538461538464
1 0.020432692307692308 0.5600961538461539 0.040865384615384616 0.06370192307692307
1 0.7704326923076923 0.7752403846153846 0.02403846153846154 0.06490384615384616
1 0.05048076923076923 0.8689903846153846 0.03125 0.08413461538461539
1 0.7151442307692307 0.5228365384615384 0.05048076923076923 0.054086538461538464
1 0.8810096153846154 0.4411057692307692 0.040865384615384616 0.03245192307692308
4 0.6442307692307693 0.49399038461538464 0.02403846153846154 0.026442307692307692
1 0.8473557692307693 0.8689903846153846 0.04807692307692308 0.07091346153846154
4 0.7728365384615384 0.24278846153846154 0.02403846153846154 0.03245192307692308
1 0.24158653846153846 0.19471153846153846 0.030048076923076924 0.08653846153846154
1 0.546875 0.09134615384615384 0.06610576923076923 0.078125
1 0.5132211538461539 0.6875 0.052884615384615384 0.07451923076923077
1 0.5108173076923077 0.8377403846153846 0.21394230769230768 0.3004807692307692
1 0.3329326923076923 0.7307692307692307 0.04807692307692308 0.06009615384615385
1 0.578125 0.47115384615384615 0.030048076923076924 0.036057692307692304
1 0.9627403846153846 0.6237980769230769 0.055288461538461536 0.06490384615384616
4 0.39903846153846156 0.2704326923076923 0.016826923076923076 0.03125
1 0.13701923076923078 0.3701923076923077 0.04927884615384615 0.06009615384615385
1 0.4375 0.5 0.03485576923076923 0.04326923076923077
1 0.7608173076923077 0.9278846153846154 0.15384615384615385 0.13581730769230768
1 0.6802884615384616 0.4026442307692308 0.09615384615384616 0.15144230769230768
1 0.18629807692307693 0.11538461538461539 0.03125 0.05889423076923077
1 0.5997596153846154 0.7692307692307693 0.036057692307692304 0.055288461538461536
4 0.5180288461538461 0.9831730769230769 0.025240384615384616 0.03125
1 0.01201923076923077 0.21634615384615385 0.018028846153846152 0.021634615384615384
1 0.7872596153846154 0.8605769230769231 0.04326923076923077 0.036057692307692304
1 0.8389423076923077 0.7920673076923077 0.052884615384615384 0.056490384615384616
1 0.016826923076923076 0.04567307692307692 0.03365384615384615 0.09134615384615384
1 0.9302884615384616 0.45913461538461536 0.040865384615384616 0.042067307692307696
1 0.9543269230769231 0.6754807692307693 0.04326923076923077 0.038461538461538464
1 0.19471153846153846 0.27283653846153844 0.040865384615384616 0.056490384615384616
1 0.23918269230769232 0.2824519230769231 0.03485576923076923 0.06009615384615385
1 0.3076923076923077 0.8521634615384616 0.17307692307692307 0.21754807692307693
1 0.31971153846153844 0.5096153846153846 0.04807692307692308 0.03365384615384615
1 0.390625 0.7271634615384616 0.04927884615384615 0.11057692307692307
1 0.9699519230769231 0.21153846153846154 0.05889423076923077 0.08653846153846154
1 0.3125 0.33653846153846156 0.09975961538461539 0.17668269230769232
1 0.9387019230769231 0.040865384615384616 0.056490384615384616 0.08173076923076923
1 0.22596153846153846 0.4338942307692308 0.03125 0.05889423076923077
1 0.9819711538461539 0.03485576923076923 0.03485576923076923 0.0673076923076923
1 0.8653846153846154 0.5 0.020432692307692308 0.026442307692307692
1 0.1310096153846154 0.014423076923076924 0.052884615384615384 0.027644230769230768
1 0.21514423076923078 0.5048076923076923 0.037259615384615384 0.046875
1 0.7848557692307693 0.5432692307692307 0.09014423076923077 0.10096153846153846
1 0.16105769230769232 0.8413461538461539 0.09254807692307693 0.18028846153846154
1 0.6634615384615384 0.5216346153846154 0.04807692307692308 0.054086538461538464
1 0.34134615384615385 0.02403846153846154 0.056490384615384616 0.042067307692307696
1 0.6430288461538461 0.7776442307692307 0.027644230769230768 0.03365384615384615
1 0.8100961538461539 0.7115384615384616 0.1045673076923077 0.09735576923076923
1 0.6322115384615384 0.05048076923076923 0.055288461538461536 0.06490384615384616
1 0.36778846153846156 0.3425480769230769 0.06610576923076923 0.07932692307692307
1 0.9795673076923077 0.34375 0.040865384615384616 0.07451923076923077
1 0.7439903846153846 0.3245192307692308 0.055288461538461536 0.0733173076923077
1 0.46875 0.9254807692307693 0.1466346153846154 0.12860576923076922
1 0.28125 0.07692307692307693 0.0733173076923077 0.11899038461538461
1 0.9543269230769231 0.125 0.09134615384615384 0.09735576923076923
1 0.484375 0.1466346153846154 0.055288461538461536 0.03245192307692308
1 0.7199519230769231 0.4735576923076923 0.020432692307692308 0.018028846153846152
1 0.38461538461538464 0.9699519230769231 0.05889423076923077 0.055288461538461536
1 0.8353365384615384 0.44711538461538464 0.04567307692307692 0.051682692307692304
4 0.10817307692307693 0.328125 0.025240384615384616 0.04447115384615385
1 0.3942307692307692 0.08653846153846154 0.05048076923076923 0.040865384615384616
4 0.44350961538461536 0.8329326923076923 0.014423076923076924 0.019230769230769232
1 0.7872596153846154 0.43028846153846156 0.07932692307692307 0.12860576923076922
1 0.6033653846153846 0.15144230769230768 0.042067307692307696 0.054086538461538464
1 0.7247596153846154 0.5973557692307693 0.06490384615384616 0.09975961538461539
1 0.359375 0.49759615384615385 0.03245192307692308 0.04447115384615385
1 0.6201923076923077 0.5865384615384616 0.05048076923076923 0.07451923076923077
4 0.7692307692307693 0.7079326923076923 0.02403846153846154 0.03245192307692308
1 0.8725961538461539 0.06370192307692307 0.07572115384615384 0.125
1 0.75 0.8701923076923077 0.02403846153846154 0.027644230769230768
1 0.6334134615384616 0.13701923076923078 0.09254807692307693 0.11298076923076923
1 0.1201923076923077 0.28966346153846156 0.05889423076923077 0.08052884615384616
4 0.21153846153846154 0.9206730769230769 0.025240384615384616 0.03245192307692308
1 0.24519230769230768 0.02403846153846154 0.055288461538461536 0.04807692307692308
1 0.10336538461538461 0.7644230769230769 0.20673076923076922 0.27884615384615385
1 0.984375 0.9807692307692307 0.030048076923076924 0.03485576923076923
1 0.3954326923076923 0.03365384615384615 0.03485576923076923 0.06490384615384616
1 0.5649038461538461 0.5384615384615384 0.056490384615384616 0.09735576923076923
1 0.009615384615384616 0.9387019230769231 0.019230769230769232 0.038461538461538464
1 0.515625 0.24278846153846154 0.04567307692307692 0.06129807692307692
1 0.0625 0.030048076923076924 0.08653846153846154 0.056490384615384616
1 0.08653846153846154 0.5168269230769231 0.1502403846153846 0.24639423076923078
1 0.020432692307692308 0.11298076923076923 0.040865384615384616 0.04326923076923077
1 0.41466346153846156 0.5997596153846154 0.06490384615384616 0.05889423076923077
1 0.5612980769230769 0.1875 0.037259615384615384 0.05048076923076923
1 0.49759615384615385 0.18990384615384615 0.10336538461538461 0.109375
1 0.9651442307692307 0.8269230769230769 0.06971153846153846 0.125
1 0.13221153846153846 0.09735576923076923 0.08653846153846154 0.078125
1 0.8209134615384616 0.24759615384615385 0.027644230769230768 0.042067307692307696
1 0.6105769230769231 0.38822115384615385 0.04326923076923077 0.06129807692307692
1 0.41466346153846156 0.125 0.09014423076923077 0.24879807692307693
1 0.1201923076923077 0.19471153846153846 0.18028846153846154 0.125
1 0.22956730769230768 0.11177884615384616 0.054086538461538464 0.11899038461538461
1 0.26322115384615385 0.48197115384615385 0.06850961538461539 0.06009615384615385
1 0.31490384615384615 0.65625 0.056490384615384616 0.078125
1 0.07091346153846154 0.9519230769230769 0.08653846153846154 0.07932692307692307
1 0.9855769230769231 0.7247596153846154 0.028846153846153848 0.08052884615384616
1 0.8870192307692307 0.9098557692307693 0.09735576923076923 0.17067307692307693
1 0.7584134615384616 0.6658653846153846 0.02283653846153846 0.036057692307692304
1 0.8016826923076923 0.625 0.07211538461538461 0.07451923076923077
1 0.021634615384615384 0.16826923076923078 0.042067307692307696 0.05048076923076923
1 0.6105769230769231 0.7079326923076923 0.038461538461538464 0.037259615384615384
4 0.7415865384615384 0.4651442307692308 0.02403846153846154 0.030048076923076924
1 0.9759615384615384 0.41466346153846156 0.04807692307692308 0.05889423076923077
1 0.0829326923076923 0.8545673076923077 0.027644230769230768 0.051682692307692304
1 0.3449519230769231 0.06850961538461539 0.052884615384615384 0.03485576923076923
1 0.8257211538461539 0.18509615384615385 0.09735576923076923 0.140625
1 0.47716346153846156 0.5745192307692307 0.06610576923076923 0.03365384615384615
1 0.051682692307692304 0.3161057692307692 0.10336538461538461 0.15264423076923078
1 0.3954326923076923 0.43149038461538464 0.07572115384615384 0.09735576923076923
1 0.43990384615384615 0.6478365384615384 0.09735576923076923 0.078125
1 0.17548076923076922 0.9603365384615384 0.06009615384615385 0.07451923076923077
1 0.49278846153846156 0.5 0.07932692307692307 0.09735576923076923
1 0.671875 0.5925480769230769 0.038461538461538464 0.054086538461538464
1 0.3858173076923077 0.8100961538461539 0.05048076923076923 0.05889423076923077
1 0.390625 0.5432692307692307 0.040865384615384616 0.04567307692307692
1 0.75 0.703125 0.016826923076923076 0.026442307692307692
1 0.90625 0.6418269230769231 0.1875 0.36177884615384615
1 0.5432692307692307 0.6322115384615384 0.08653846153846154 0.0829326923076923
1 0.9855769230769231 0.2764423076923077 0.027644230769230768 0.040865384615384616
2 0.04807692307692308 0.09735576923076923 0.056490384615384616 0.1310096153846154
1 0.6189903846153846 0.8425480769230769 0.04807692307692308 0.08413461538461539
4 0.20552884615384615 0.8930288461538461 0.02403846153846154 0.028846153846153848
1 0.2512019230769231 0.6923076923076923 0.08653846153846154 0.11177884615384616
1 0.359375 0.6862980769230769 0.02403846153846154 0.019230769230769232
1 0.18990384615384615 0.021634615384615384 0.04807692307692308 0.042067307692307696
1 0.6935096153846154 0.6526442307692307 0.07692307692307693 0.054086538461538464
4 0.8125 0.9098557692307693 0.020432692307692308 0.026442307692307692
1 0.9555288461538461 0.29447115384615385 0.038461538461538464 0.04927884615384615
1 0.7235576923076923 0.41947115384615385 0.07692307692307693 0.08774038461538461
1 0.5396634615384616 0.328125 0.2439903846153846 0.2776442307692308
1 0.7896634615384616 0.3269230769230769 0.03245192307692308 0.039663461538461536
1 0.26802884615384615 0.22596153846153846 0.04326923076923077 0.05048076923076923
1 0.5600961538461539 0.7223557692307693 0.055288461538461536 0.05889423076923077
1 0.25240384615384615 0.3918269230769231 0.14903846153846154 0.18389423076923078
1 0.6526442307692307 0.9423076923076923 0.05889423076923077 0.09735576923076923
