1 0.13221153846153846 0.7896634615384616 0.01201923076923077 0.021634615384615384
1 0.9050480769230769 0.1875 0.040865384615384616 0.040865384615384616
1 0.6225961538461539 0.453125 0.042067307692307696 0.08052884615384616
1 0.46153846153846156 0.5024038461538461 0.015625 0.027644230769230768
1 0.2848557692307692 0.7283653846153846 0.037259615384615384 0.054086538461538464
1 0.33413461538461536 0.43149038461538464 0.025240384615384616 0.027644230769230768
1 0.5552884615384616 0.6598557692307693 0.014423076923076924 0.019230769230769232
1 0.27884615384615385 0.3557692307692308 0.042067307692307696 0.05048076923076923
1 0.5192307692307693 0.18990384615384615 0.016826923076923076 0.02403846153846154
1 0.9074519230769231 0.025240384615384616 0.019230769230769232 0.019230769230769232
1 0.48197115384615385 0.17427884615384615 0.03485576923076923 0.04567307692307692
1 0.8774038461538461 0.7463942307692307 0.04447115384615385 0.09735576923076923
1 0.5432692307692307 0.8269230769230769 0.03485576923076923 0.05889423076923077
1 0.8449519230769231 0.2764423076923077 0.06370192307692307 0.1346153846153846
1 0.09375 0.6838942307692307 0.0829326923076923 0.0625
1 0.9362980769230769 0.4170673076923077 0.030048076923076924 0.052884615384615384
3 0.42908653846153844 0.44471153846153844 0.8581730769230769 0.8882211538461539
1 0.7704326923076923 0.5877403846153846 0.056490384615384616 0.055288461538461536
1 0.9194711538461539 0.2283653846153846 0.016826923076923076 0.025240384615384616
1 0.19591346153846154 0.6538461538461539 0.056490384615384616 0.04326923076923077
1 0.31850961538461536 0.2091346153846154 0.03125 0.046875
1 0.18389423076923078 0.5901442307692307 0.057692307692307696 0.05889423076923077
1 0.6141826923076923 0.13221153846153846 0.04567307692307692 0.07211538461538461
1 0.11658653846153846 0.18028846153846154 0.038461538461538464 0.04807692307692308
1 0.8713942307692307 0.46033653846153844 0.010817307692307692 0.019230769230769232
1 0.3581730769230769 0.7836538461538461 0.1141826923076923 0.057692307692307696
1 0.3798076923076923 0.028846153846153848 0.0673076923076923 0.057692307692307696
1 0.35336538461538464 0.47836538461538464 0.014423076923076924 0.027644230769230768
1 0.515625 0.3161057692307692 0.027644230769230768 0.04326923076923077
1 0.4699519230769231 0.109375 0.055288461538461536 0.08052884615384616
1 0.328125 0.29447115384615385 0.10336538461538461 0.10576923076923077
1 0.3894230769230769 0.8762019230769231 0.03365384615384615 0.039663461538461536
1 0.03125 0.5649038461538461 0.05048076923076923 0.07572115384615384
1 0.18269230769230768 0.8978365384615384 0.030048076923076924 0.038461538461538464
1 0.6586538461538461 0.2403846153846154 0.021634615384615384 0.037259615384615384
1 0.9026442307692307 0.49759615384615385 0.030048076923076924 0.04326923076923077
1 0.4735576923076923 0.671875 0.0673076923076923 0.0733173076923077
1 0.18870192307692307 0.3401442307692308 0.013221153846153846 0.027644230769230768
1 0.3701923076923077 0.171875 0.009615384615384616 0.01201923076923077
1 0.5132211538461539 0.9411057692307693 0.07692307692307693 0.11658653846153846
1 0.41466346153846156 0.19230769230769232 0.03485576923076923 0.06370192307692307
1 0.08533653846153846 0.5252403846153846 0.05048076923076923 0.09735576923076923
1 0.6911057692307693 0.2932692307692308 0.026442307692307692 0.04326923076923077
1 0.7451923076923077 0.9098557692307693 0.038461538461538464 0.06009615384615385
1 0.47836538461538464 0.6081730769230769 0.02403846153846154 0.02403846153846154
1 0.234375 0.03485576923076923 0.07932692307692307 0.06850961538461539
1 0.8954326923076923 0.8197115384615384 0.04326923076923077 0.04326923076923077
1 0.6237980769230769 0.2644230769230769 0.021634615384615384 0.02283653846153846
1 0.8497596153846154 0.9759615384615384 0.019230769230769232 0.020432692307692308
1 0.4026442307692308 0.5384615384615384 0.057692307692307696 0.0733173076923077
1 0.7956730769230769 0.33052884615384615 0.04326923076923077 0.07451923076923077
1 0.20673076923076922 0.9711538461538461 0.03245192307692308 0.051682692307692304
1 0.34134615384615385 0.07932692307692307 0.02403846153846154 0.05889423076923077
1 0.5372596153846154 0.40865384615384615 0.04927884615384615 0.04567307692307692
1 0.7836538461538461 0.6478365384615384 0.025240384615384616 0.020432692307692308
1 0.19591346153846154 0.7139423076923077 0.04807692307692308 0.07451923076923077
1 0.9290865384615384 0.36658653846153844 0.03245192307692308 0.04326923076923077
1 0.4795673076923077 0.5576923076923077 0.037259615384615384 0.046875
1 0.26322115384615385 0.5396634615384616 0.10096153846153846 0.11298076923076923
1 0.19591346153846154 0.13942307692307693 0.056490384615384616 0.08173076923076923
1 0.8846153846153846 0.29086538461538464 0.01201923076923077 0.025240384615384616
1 0.5036057692307693 0.4579326923076923 0.052884615384615384 0.06610576923076923
1 0.5036057692307693 0.02403846153846154 0.030048076923076924 0.027644230769230768
1 0.49278846153846156 0.4182692307692308 0.02403846153846154 0.037259615384615384
1 0.46634615384615385 0.390625 0.037259615384615384 0.04807692307692308
1 0.5096153846153846 0.5901442307692307 0.027644230769230768 0.028846153846153848
1 0.640625 0.9591346153846154 0.05889423076923077 0.025240384615384616
1 0.5444711538461539 0.5084134615384616 0.056490384615384616 0.042067307692307696
1 0.11538461538461539 0.8233173076923077 0.030048076923076924 0.027644230769230768
1 0.31490384615384615 0.013221153846153846 0.027644230769230768 0.026442307692307692
1 0.9266826923076923 0.28846153846153844 0.014423076923076924 0.019230769230769232
1 0.5600961538461539 0.17548076923076922 0.038461538461538464 0.057692307692307696
1 0.8329326923076923 0.42788461538461536 0.010817307692307692 0.014423076923076924
1 0.296875 0.037259615384615384 0.018028846153846152 0.02403846153846154
1 0.5612980769230769 0.04326923076923077 0.04807692307692308 0.08052884615384616
1 0.6670673076923077 0.7427884615384616 0.038461538461538464 0.055288461538461536
1 0.4483173076923077 0.24519230769230768 0.05889423076923077 0.051682692307692304
1 0.5216346153846154 0.375 0.040865384615384616 0.03365384615384615
1 0.8882211538461539 0.6009615384615384 0.020432692307692308 0.021634615384615384
1 0.6778846153846154 0.4891826923076923 0.03485576923076923 0.0733173076923077
1 0.6959134615384616 0.3713942307692308 0.02403846153846154 0.039663461538461536
1 0.9026442307692307 0.6526442307692307 0.06490384615384616 0.051682692307692304
1 0.8221153846153846 0.4651442307692308 0.016826923076923076 0.018028846153846152
1 0.8473557692307693 0.8473557692307693 0.04807692307692308 0.046875
1 0.7728365384615384 0.4831730769230769 0.025240384615384616 0.027644230769230768
1 0.6105769230769231 0.6069711538461539 0.014423076923076924 0.019230769230769232
1 0.8040865384615384 0.9675480769230769 0.06370192307692307 0.04326923076923077
1 0.5276442307692307 0.06971153846153846 0.040865384615384616 0.051682692307692304
1 0.13221153846153846 0.16346153846153846 0.03365384615384615 0.037259615384615384
1 0.9855769230769231 0.7199519230769231 0.027644230769230768 0.037259615384615384
1 0.23197115384615385 0.8088942307692307 0.03245192307692308 0.055288461538461536
1 0.12259615384615384 0.49158653846153844 0.04447115384615385 0.09134615384615384
1 0.9483173076923077 0.7295673076923077 0.028846153846153848 0.05048076923076923
1 0.0985576923076923 0.8125 0.030048076923076924 0.046875
1 0.265625 0.15985576923076922 0.03245192307692308 0.039663461538461536
1 0.8653846153846154 0.9435096153846154 0.027644230769230768 0.051682692307692304
1 0.25 0.09975961538461539 0.040865384615384616 0.027644230769230768
1 0.3918269230769231 0.13942307692307693 0.027644230769230768 0.03485576923076923
1 0.4891826923076923 0.7379807692307693 0.028846153846153848 0.038461538461538464
1 0.19951923076923078 0.4375 0.030048076923076924 0.03365384615384615
1 0.7836538461538461 0.4326923076923077 0.04567307692307692 0.039663461538461536
1 0.7680288461538461 0.7560096153846154 0.030048076923076924 0.036057692307692304
1 0.0625 0.9375 0.06850961538461539 0.0673076923076923
1 0.5192307692307693 0.14543269230769232 0.02403846153846154 0.026442307692307692
1 0.3389423076923077 0.6370192307692307 0.042067307692307696 0.06850961538461539
1 0.9627403846153846 0.21153846153846154 0.052884615384615384 0.09014423076923077
1 0.055288461538461536 0.2620192307692308 0.038461538461538464 0.05048076923076923
1 0.4987980769230769 0.8473557692307693 0.04927884615384615 0.054086538461538464
1 0.054086538461538464 0.3942307692307692 0.055288461538461536 0.07692307692307693
1 0.038461538461538464 0.8088942307692307 0.052884615384615384 0.08533653846153846
1 0.4230769230769231 0.9891826923076923 0.027644230769230768 0.021634615384615384
1 0.6574519230769231 0.11177884615384616 0.014423076923076924 0.015625
1 0.7860576923076923 0.9338942307692307 0.008413461538461538 0.018028846153846152
1 0.9314903846153846 0.5625 0.05889423076923077 0.0733173076923077
1 0.7764423076923077 0.8401442307692307 0.03485576923076923 0.078125
1 0.59375 0.7572115384615384 0.07932692307692307 0.07211538461538461
1 0.056490384615384616 0.14423076923076922 0.036057692307692304 0.046875
1 0.13221153846153846 0.9254807692307693 0.028846153846153848 0.038461538461538464
1 0.33653846153846156 0.5420673076923077 0.036057692307692304 0.042067307692307696
1 0.203125 0.2980769230769231 0.020432692307692308 0.026442307692307692
1 0.8449519230769231 0.6730769230769231 0.04567307692307692 0.0673076923076923
1 0.8112980769230769 0.4014423076923077 0.018028846153846152 0.026442307692307692
1 0.703125 0.8509615384615384 0.046875 0.06009615384615385
1 0.6442307692307693 0.890625 0.027644230769230768 0.04567307692307692
1 0.21514423076923078 0.25721153846153844 0.10817307692307693 0.08774038461538461
1 0.18028846153846154 0.8317307692307693 0.01201923076923077 0.028846153846153848
1 0.5841346153846154 0.4014423076923077 0.039663461538461536 0.040865384615384616
1 0.8762019230769231 0.3918269230769231 0.026442307692307692 0.030048076923076924
1 0.6814903846153846 0.21514423076923078 0.016826923076923076 0.026442307692307692
1 0.039663461538461536 0.7247596153846154 0.055288461538461536 0.05048076923076923
