2 0.24519230769230768 0.7199519230769231 0.030048076923076924 0.054086538461538464
2 0.9302884615384616 0.7067307692307693 0.13822115384615385 0.31009615384615385
2 0.9855769230769231 0.4699519230769231 0.027644230769230768 0.04447115384615385
2 0.09975961538461539 0.7572115384615384 0.05889423076923077 0.0889423076923077
2 0.0829326923076923 0.021634615384615384 0.021634615384615384 0.03125
2 0.7379807692307693 0.6454326923076923 0.07211538461538461 0.06370192307692307
12 0.5 0.4411057692307692 1 0.4495192307692308
2 0.7740384615384616 0.203125 0.056490384615384616 0.07211538461538461
2 0.20432692307692307 0.4495192307692308 0.056490384615384616 0.09975961538461539
2 0.5132211538461539 0.17427884615384615 0.026442307692307692 0.03485576923076923
2 0.6634615384615384 0.5625 0.06971153846153846 0.0673076923076923
2 0.30408653846153844 0.36778846153846156 0.038461538461538464 0.055288461538461536
2 0.6911057692307693 0.31971153846153844 0.06850961538461539 0.09375
2 0.9278846153846154 0.171875 0.025240384615384616 0.03125
0 0.2932692307692308 0.03245192307692308 0.15504807692307693 0.06129807692307692
2 0.11778846153846154 0.6754807692307693 0.06610576923076923 0.08173076923076923
2 0.9735576923076923 0.4014423076923077 0.052884615384615384 0.09014423076923077
0 0.4338942307692308 0.8870192307692307 0.22235576923076922 0.22235576923076922
2 0.515625 0.3389423076923077 0.04567307692307692 0.07451923076923077
0 0.1045673076923077 0.39783653846153844 0.2091346153846154 0.40384615384615385
2 0.265625 0.8341346153846154 0.03125 0.040865384615384616
2 0.37259615384615385 0.11538461538461539 0.030048076923076924 0.04567307692307692
12 0.4182692307692308 0.5 0.3605769230769231 0.9975961538461539
0 0.6622596153846154 0.21875 0.15264423076923078 0.43509615384615385
2 0.6225961538461539 0.7235576923076923 0.020432692307692308 0.036057692307692304
2 0.6490384615384616 0.9170673076923077 0.04807692307692308 0.06850961538461539
2 0.015625 0.8076923076923077 0.03125 0.04326923076923077
2 0.8317307692307693 0.8617788461538461 0.0733173076923077 0.18389423076923078
2 0.5180288461538461 0.23918269230769232 0.052884615384615384 0.054086538461538464
2 0.39663461538461536 0.41225961538461536 0.027644230769230768 0.04567307692307692
2 0.9158653846153846 0.13701923076923078 0.016826923076923076 0.02403846153846154
2 0.9507211538461539 0.09014423076923077 0.03485576923076923 0.06370192307692307
2 0.2283653846153846 0.8990384615384616 0.030048076923076924 0.03245192307692308
2 0.8798076923076923 0.19951923076923078 0.021634615384615384 0.040865384615384616
