1 0.036057692307692304 0.27283653846153844 0.025240384615384616 0.03365384615384615
1 0.36177884615384615 0.5625 0.07692307692307693 0.12139423076923077
1 0.22956730769230768 0.8197115384615384 0.08413461538461539 0.12379807692307693
10 0.7788461538461539 0.4987980769230769 0.13822115384615385 0.9963942307692307
2 0.9170673076923077 0.9435096153846154 0.16105769230769232 0.11298076923076923
1 0.3389423076923077 0.9747596153846154 0.06971153846153846 0.046875
1 0.9459134615384616 0.2247596153846154 0.026442307692307692 0.046875
1 0.49158653846153844 0.6033653846153846 0.02403846153846154 0.03245192307692308
1 0.06850961538461539 0.33533653846153844 0.02403846153846154 0.03365384615384615
1 0.7704326923076923 0.15985576923076922 0.03245192307692308 0.04927884615384615
1 0.9387019230769231 0.7860576923076923 0.052884615384615384 0.06971153846153846
1 0.06971153846153846 0.8665865384615384 0.030048076923076924 0.021634615384615384
1 0.20432692307692307 0.6706730769230769 0.03245192307692308 0.037259615384615384
1 0.109375 0.3581730769230769 0.08653846153846154 0.12980769230769232
1 0.3641826923076923 0.4411057692307692 0.019230769230769232 0.037259615384615384
1 0.6935096153846154 0.8665865384615384 0.06610576923076923 0.1141826923076923
1 0.10336538461538461 0.2692307692307692 0.019230769230769232 0.037259615384615384
1 0.4254807692307692 0.8786057692307693 0.030048076923076924 0.054086538461538464
1 0.5913461538461539 0.3942307692307692 0.0829326923076923 0.09735576923076923
1 0.5336538461538461 0.7704326923076923 0.09975961538461539 0.10697115384615384
1 0.41586538461538464 0.28846153846153844 0.014423076923076924 0.027644230769230768
1 0.6490384615384616 0.5264423076923077 0.09735576923076923 0.125
1 0.1875 0.20192307692307693 0.09254807692307693 0.15625
1 0.4254807692307692 0.078125 0.0673076923076923 0.12139423076923077
1 0.84375 0.6923076923076923 0.04326923076923077 0.06971153846153846
1 0.5889423076923077 0.6081730769230769 0.0889423076923077 0.13822115384615385
1 0.44591346153846156 0.6838942307692307 0.05048076923076923 0.04447115384615385
1 0.6430288461538461 0.25961538461538464 0.06129807692307692 0.09735576923076923
1 0.018028846153846152 0.46153846153846156 0.027644230769230768 0.038461538461538464
1 0.21033653846153846 0.9050480769230769 0.055288461538461536 0.0673076923076923
1 0.41225961538461536 0.7475961538461539 0.07211538461538461 0.0829326923076923
