1 0.4723557692307692 0.6682692307692307 0.06370192307692307 0.08774038461538461
1 0.6538461538461539 0.2824519230769231 0.04447115384615385 0.09254807692307693
1 0.6802884615384616 0.47596153846153844 0.10817307692307693 0.11057692307692307
1 0.8052884615384616 0.10096153846153846 0.05889423076923077 0.11658653846153846
1 0.08653846153846154 0.1622596153846154 0.04927884615384615 0.09615384615384616
1 0.875 0.3581730769230769 0.0733173076923077 0.125
1 0.7680288461538461 0.25240384615384615 0.054086538461538464 0.06009615384615385
3 0.5120192307692307 0.5 0.6778846153846154 0.9963942307692307
1 0.9002403846153846 0.4879807692307692 0.09014423076923077 0.10216346153846154
1 0.0985576923076923 0.46033653846153844 0.051682692307692304 0.07451923076923077
1 0.1814903846153846 0.8197115384615384 0.06490384615384616 0.10576923076923077
1 0.3605769230769231 0.5132211538461539 0.06850961538461539 0.09134615384615384
1 0.8870192307692307 0.23076923076923078 0.056490384615384616 0.0829326923076923
1 0.04567307692307692 0.8401442307692307 0.06129807692307692 0.08173076923076923
1 0.43028846153846156 0.9230769230769231 0.057692307692307696 0.09254807692307693
1 0.9290865384615384 0.05889423076923077 0.06610576923076923 0.0673076923076923
1 0.22716346153846154 0.8822115384615384 0.04567307692307692 0.08413461538461539
1 0.5120192307692307 0.7728365384615384 0.04567307692307692 0.057692307692307696
1 0.21153846153846154 0.6574519230769231 0.06129807692307692 0.09014423076923077
1 0.2824519230769231 0.6418269230769231 0.08173076923076923 0.11057692307692307
1 0.5576923076923077 0.025240384615384616 0.051682692307692304 0.037259615384615384
0 0.26802884615384615 0.9026442307692307 0.052884615384615384 0.09615384615384616
1 0.40625 0.7223557692307693 0.04807692307692308 0.03245192307692308
