1 0.3125 0.4495192307692308 0.12620192307692307 0.18509615384615385
1 0.27283653846153844 0.0985576923076923 0.07451923076923077 0.09254807692307693
1 0.4855769230769231 0.4495192307692308 0.5336538461538461 0.8990384615384616
1 0.21394230769230768 0.3425480769230769 0.04927884615384615 0.08653846153846154
1 0.6959134615384616 0.44350961538461536 0.1141826923076923 0.20192307692307693
1 0.1310096153846154 0.1346153846153846 0.08052884615384616 0.12860576923076922
1 0.4579326923076923 0.9471153846153846 0.22235576923076922 0.10096153846153846
4 0.4651442307692308 0.13221153846153846 0.06850961538461539 0.15625
1 0.8233173076923077 0.8834134615384616 0.2536057692307692 0.23076923076923078
1 0.13341346153846154 0.33653846153846156 0.1141826923076923 0.15264423076923078
1 0.21875 0.4987980769230769 0.20793269230769232 0.17548076923076922
1 0.5372596153846154 0.7824519230769231 0.11778846153846154 0.1346153846153846
1 0.203125 0.12860576923076922 0.04447115384615385 0.06850961538461539
1 0.3942307692307692 0.057692307692307696 0.09975961538461539 0.10576923076923077
1 0.12740384615384615 0.03485576923076923 0.055288461538461536 0.056490384615384616
1 0.18629807692307693 0.03245192307692308 0.052884615384615384 0.06370192307692307
1 0.11778846153846154 0.7956730769230769 0.23557692307692307 0.40625
1 0.26802884615384615 0.9399038461538461 0.06850961538461539 0.05889423076923077
1 0.5745192307692307 0.65625 0.07572115384615384 0.07692307692307693
3 0.7319711538461539 0.7007211538461539 0.5360576923076923 0.49278846153846156
4 0.578125 0.4699519230769231 0.1310096153846154 0.3088942307692308
1 0.052884615384615384 0.5120192307692307 0.10576923076923077 0.14423076923076922
1 0.8461538461538461 0.44591346153846156 0.30288461538461536 0.5276442307692307
1 0.5036057692307693 0.671875 0.08052884615384616 0.08173076923076923
1 0.8713942307692307 0.09014423076923077 0.25721153846153844 0.17668269230769232
4 0.7103365384615384 0.625 0.1045673076923077 0.12860576923076922
1 0.0673076923076923 0.16706730769230768 0.1346153846153846 0.33413461538461536
1 0.6730769230769231 0.9471153846153846 0.0733173076923077 0.08052884615384616
