2 0.16105769230769232 0.046875 0.06610576923076923 0.07932692307692307
2 0.03485576923076923 0.16826923076923078 0.06971153846153846 0.08052884615384616
2 0.22115384615384615 0.18629807692307693 0.3701923076923077 0.3713942307692308
2 0.6538461538461539 0.6670673076923077 0.2536057692307692 0.27163461538461536
2 0.8990384615384616 0.6947115384615384 0.20192307692307693 0.4098557692307692
2 0.26802884615384615 0.453125 0.17427884615384615 0.15264423076923078
2 0.7355769230769231 0.3245192307692308 0.17307692307692307 0.3004807692307692
2 0.7548076923076923 0.8846153846153846 0.21514423076923078 0.22596153846153846
2 0.515625 0.5901442307692307 0.055288461538461536 0.06490384615384616
2 0.5661057692307693 0.4879807692307692 0.036057692307692304 0.07091346153846154
2 0.5096153846153846 0.4963942307692308 0.04807692307692308 0.07692307692307693
2 0.09014423076923077 0.47716346153846156 0.18028846153846154 0.25240384615384615
2 0.578125 0.33413461538461536 0.15504807692307693 0.18389423076923078
2 0.5949519230769231 0.8894230769230769 0.28725961538461536 0.21514423076923078
12 0.44711538461538464 0.38461538461538464 0.07932692307692307 0.7692307692307693
2 0.3870192307692308 0.45072115384615385 0.07211538461538461 0.1346153846153846
2 0.21634615384615385 0.7367788461538461 0.4326923076923077 0.5216346153846154
2 0.055288461538461536 0.06610576923076923 0.11057692307692307 0.12980769230769232
2 0.8016826923076923 0.140625 0.39663461538461536 0.2800480769230769
2 0.9146634615384616 0.375 0.16947115384615385 0.19831730769230768
2 0.9326923076923077 0.9471153846153846 0.1346153846153846 0.09735576923076923
2 0.8221153846153846 0.5204326923076923 0.09615384615384616 0.1346153846153846
2 0.5168269230769231 0.09254807692307693 0.12139423076923077 0.171875
