2 0.025240384615384616 0.5805288461538461 0.05048076923076923 0.056490384615384616
2 0.17307692307692307 0.7548076923076923 0.08774038461538461 0.08173076923076923
2 0.037259615384615384 0.8509615384615384 0.038461538461538464 0.06610576923076923
2 0.4795673076923077 0.3389423076923077 0.057692307692307696 0.06971153846153846
2 0.11778846153846154 0.6790865384615384 0.03485576923076923 0.054086538461538464
0 0.43990384615384615 0.9543269230769231 0.19110576923076922 0.09134615384615384
12 0.5 0.41947115384615385 1 0.3894230769230769
2 0.2608173076923077 0.18269230769230768 0.038461538461538464 0.04927884615384615
2 0.1346153846153846 0.46033653846153844 0.055288461538461536 0.056490384615384616
2 0.9471153846153846 0.17668269230769232 0.026442307692307692 0.036057692307692304
2 0.359375 0.10096153846153846 0.056490384615384616 0.10216346153846154
2 0.3918269230769231 0.625 0.037259615384615384 0.06370192307692307
2 0.4014423076923077 0.30649038461538464 0.08533653846153846 0.0673076923076923
2 0.9387019230769231 0.2620192307692308 0.12259615384615384 0.09134615384615384
2 0.5240384615384616 0.8725961538461539 0.040865384615384616 0.06490384615384616
2 0.4182692307692308 0.1045673076923077 0.051682692307692304 0.06129807692307692
2 0.78125 0.6358173076923077 0.24879807692307693 0.18028846153846154
2 0.44591346153846156 0.8341346153846154 0.04447115384615385 0.06009615384615385
2 0.6129807692307693 0.4026442307692308 0.04807692307692308 0.06009615384615385
2 0.24639423076923078 0.9326923076923077 0.12379807692307693 0.12860576923076922
2 0.31490384615384615 0.6971153846153846 0.056490384615384616 0.08173076923076923
2 0.6478365384615384 0.7403846153846154 0.11778846153846154 0.09014423076923077
2 0.28966346153846156 0.5769230769230769 0.040865384615384616 0.06009615384615385
