2 0.9579326923076923 0.6286057692307693 0.08413461538461539 0.24759615384615385
2 0.8028846153846154 0.13341346153846154 0.07211538461538461 0.17908653846153846
2 0.1814903846153846 0.6466346153846154 0.13221153846153846 0.17067307692307693
2 0.48197115384615385 0.8629807692307693 0.36778846153846156 0.27163461538461536
2 0.8293269230769231 0.027644230769230768 0.052884615384615384 0.055288461538461536
2 0.7956730769230769 0.46875 0.055288461538461536 0.08653846153846154
2 0.14182692307692307 0.09254807692307693 0.11177884615384616 0.171875
2 0.9254807692307693 0.36177884615384615 0.14903846153846154 0.26802884615384615
2 0.05889423076923077 0.5492788461538461 0.11778846153846154 0.20673076923076922
2 0.7127403846153846 0.4567307692307692 0.040865384615384616 0.054086538461538464
2 0.40625 0.17307692307692307 0.23317307692307693 0.2512019230769231
2 0.7872596153846154 0.3125 0.13581730769230768 0.2091346153846154
2 0.6454326923076923 0.18269230769230768 0.19951923076923078 0.3629807692307692
2 0.3389423076923077 0.6021634615384616 0.15985576923076922 0.2776442307692308
12 0.4963942307692308 0.5228365384615384 0.9927884615384616 0.9495192307692307
2 0.057692307692307696 0.3557692307692308 0.11538461538461539 0.16105769230769232
