2 0.275 0.44375 0.0875 0.171875
2 0.74375 0.68515625 0.10703125 0.14453125
2 0.31875 0.29375 0.0578125 0.06875
2 0.6234375 0.6265625 0.0484375 0.075
2 0.8796875 0.0703125 0.0578125 0.07421875
2 0.4046875 0.95625 0.084375 0.084375
4 0.33046875 0.5 0.596875 0.996875
2 0.15234375 0.41484375 0.153125 0.24140625
2 0.44140625 0.58671875 0.0765625 0.103125
2 0.471875 0.78828125 0.15390625 0.184375
2 0.353125 0.7546875 0.10390625 0.15234375
2 0.525 0.42578125 0.065625 0.10625
2 0.265625 0.86640625 0.12734375 0.10703125
2 0.23671875 0.32578125 0.04453125 0.06015625
2 0.88671875 0.275 0.2265625 0.28125
2 0.72109375 0.56953125 0.1015625 0.13515625
2 0.065625 0.72421875 0.11171875 0.11328125
2 0.878125 0.48359375 0.0390625 0.04609375