0 0.8265625 0.7125 0.02421875 0.040625
0 0.0390625 0.428125 0.0625 0.08203125
0 0.15625 0.93046875 0.11328125 0.12578125
0 0.5734375 0.63671875 0.04609375 0.134375
0 0.0296875 0.70390625 0.059375 0.096875
0 0.703125 0.4421875 0.11875 0.14453125
9 0.259375 0.796875 0.1390625 0.23671875
0 0.0890625 0.60078125 0.03125 0.040625
4 0.5140625 0.56953125 0.22265625 0.55703125
0 0.0125 0.840625 0.02421875 0.07421875
2 0.1171875 0.34921875 0.0484375 0.06171875
9 0.16484375 0.66171875 0.0234375 0.23515625
0 0.2375 0.7171875 0.03203125 0.05234375
2 0.0765625 0.97890625 0.03515625 0.04140625
0 0.9296875 0.88671875 0.04296875 0.05
0 0.9890625 0.53046875 0.02109375 0.06875
0 0.73671875 0.8609375 0.05859375 0.07421875
0 0.0578125 0.01796875 0.09140625 0.03203125
0 0.784375 0.93984375 0.0515625 0.03828125
0 0.1078125 0.26171875 0.07578125 0.08046875
0 0.1734375 0.8109375 0.053125 0.05703125
0 0.7328125 0.7828125 0.03125 0.03671875
0 0.6328125 0.6359375 0.03828125 0.096875
2 0.5421875 0.0671875 0.17421875 0.12578125
0 0.4375 0.23828125 0.04453125 0.05390625
0 0.8953125 0.96953125 0.0515625 0.05
2 0.38203125 0.596875 0.040625 0.07265625
0 0.859375 0.68046875 0.1625 0.35
2 0.640625 0.19453125 0.3484375 0.371875
2 0.2546875 0.43125 0.2265625 0.29609375
0 0.07265625 0.81328125 0.040625 0.02734375
0 0.56953125 0.54921875 0.0265625 0.040625
0 0.54921875 0.73125 0.075 0.153125
0 0.2234375 0.26875 0.0296875 0.04296875
0 0.359375 0.82578125 0.065625 0.125
0 0.7328125 0.96796875 0.0578125 0.04453125
0 0.8890625 0.20859375 0.22109375 0.41484375
2 0.89296875 0.81328125 0.034375 0.03203125
2 0.646875 0.55234375 0.04296875 0.05390625
9 0.6828125 0.67734375 0.10859375 0.33046875
2 0.2296875 0.23203125 0.04765625 0.059375
2 0.959375 0.40703125 0.04140625 0.05078125