2 0.4703125 0.34296875 0.015625 0.021875
2 0.9078125 0.2359375 0.025 0.03046875
2 0.00625 0.6734375 0.0125 0.021875
2 0.33359375 0.73046875 0.01328125 0.028125
2 0.0125 0.61953125 0.02265625 0.025
2 0.88671875 0.09296875 0.02265625 0.01640625
2 0.5109375 0.828125 0.01640625 0.02734375
2 0.28828125 0.82890625 0.06875 0.08671875
2 0.1171875 0.6953125 0.01640625 0.01796875
2 0.8421875 0.63359375 0.01640625 0.02890625
2 0.478125 0.37578125 0.0234375 0.02265625
2 0.01796875 0.87265625 0.0359375 0.05625
2 0.2625 0.92109375 0.0203125 0.04609375
2 0.0578125 0.2828125 0.01015625 0.01484375
2 0.04609375 0.31015625 0.01796875 0.01640625
2 0.94375 0.48984375 0.02734375 0.040625
2 0.0859375 0.41796875 0.0234375 0.040625
2 0.15234375 0.85859375 0.05078125 0.05390625
2 0.66171875 0.02421875 0.02265625 0.03359375
2 0.2609375 0.76640625 0.01640625 0.01796875
2 0.49375 0.60078125 0.04296875 0.05390625
2 0.0109375 0.44609375 0.0125 0.03046875
2 0.7640625 0.3453125 0.0609375 0.06171875
2 0.5953125 0.81484375 0.0109375 0.021875
2 0.1109375 0.4203125 0.01640625 0.02265625
2 0.103125 0.28203125 0.05546875 0.05390625
2 0.70703125 0.4515625 0.0515625 0.06484375
2 0.74140625 0.13046875 0.0515625 0.06953125
2 0.45703125 0.50859375 0.0296875 0.05703125
2 0.24140625 0.16328125 0.0140625 0.021875
2 0.96796875 0.5109375 0.0640625 0.040625
2 0.971875 0.09140625 0.03515625 0.07578125
2 0.81640625 0.19921875 0.0203125 0.03515625
2 0.253125 0.96484375 0.01875 0.03046875
2 0.27578125 0.7375 0.01484375 0.01171875
2 0.0046875 0.50234375 0.009375 0.0203125
2 0.1671875 0.66015625 0.0140625 0.02265625
2 0.04140625 0.2859375 0.0109375 0.01171875
2 0.8578125 0.484375 0.04375 0.04375
2 0.8203125 0.35703125 0.021875 0.02734375
2 0.409375 0.81171875 0.01015625 0.015625
2 0.6046875 0.57109375 0.02265625 0.02265625
2 0.01171875 0.8015625 0.0234375 0.01953125
2 0.92109375 0.54453125 0.0203125 0.01796875
2 0.7203125 0.39765625 0.03046875 0.03671875
4 0.37265625 0.40078125 0.43828125 0.79921875
2 0.79375 0.45625 0.05546875 0.05
2 0.4921875 0.50859375 0.0203125 0.05546875
2 0.11015625 0.20546875 0.02421875 0.01953125
2 0.1734375 0.62421875 0.01484375 0.02578125
2 0.7953125 0.50546875 0.0421875 0.05390625
2 0.296875 0.76015625 0.021875 0.02890625
2 0.4421875 0.9390625 0.01484375 0.01328125
2 0.85390625 0.1578125 0.02265625 0.03203125
2 0.6875 0.64609375 0.0265625 0.04140625
2 0.65 0.69140625 0.01875 0.03359375
2 0.19609375 0.4078125 0.0234375 0.03203125
2 0.3984375 0.17734375 0.03359375 0.02734375
2 0.3765625 0.23359375 0.02265625 0.025
2 0.39140625 0.259375 0.0171875 0.02265625
2 0.2703125 0.32421875 0.034375 0.03203125
2 0.534375 0.5453125 0.03125 0.03046875
2 0.896875 0.48828125 0.01640625 0.02265625
2 0.8890625 0.65390625 0.01796875 0.02265625