5 0.63125 0.18203125 0.1109375 0.06015625
2 0.46875 0.60625 0.10546875 0.18828125
2 0.97734375 0.75234375 0.0453125 0.2296875
2 0.6375 0.04921875 0.12421875 0.096875
2 0.50859375 0.05859375 0.1078125 0.11171875
2 0.40859375 0.31953125 0.1 0.0875
2 0.74765625 0.7125 0.0453125 0.06171875
2 0.6203125 0.12265625 0.09609375 0.06015625
2 0.35234375 0.63984375 0.1296875 0.26015625
2 0.853125 0.93671875 0.09140625 0.10703125
2 0.74375 0.44453125 0.08359375 0.10625
2 0.5859375 0.49453125 0.07578125 0.115625
2 0.6734375 0.41953125 0.05859375 0.096875
5 0.7921875 0.86328125 0.1171875 0.153125
2 0.4875 0.40546875 0.0265625 0.05703125
2 0.4234375 0.09296875 0.11171875 0.17109375
2 0.8453125 0.765625 0.07421875 0.11171875
2 0.6203125 0.565625 0.04921875 0.06953125
2 0.61796875 0.34296875 0.0765625 0.09140625
2 0.915625 0.0390625 0.03359375 0.07265625
5 0.578125 0.72734375 0.1015625 0.11875
14 0.44375 0.34765625 0.88671875 0.68828125
3 0.703125 0.93515625 0.20546875 0.125
2 0.68046875 0.49453125 0.05859375 0.040625
2 0.6765625 0.7640625 0.09140625 0.20859375
2 0.36640625 0.78203125 0.04765625 0.04140625
2 0.41953125 0.44921875 0.08046875 0.06953125
2 0.16796875 0.771875 0.0734375 0.10625
2 0.0640625 0.85078125 0.12734375 0.27890625
2 0.7125 0.55078125 0.04765625 0.06328125
2 0.51171875 0.453125 0.06328125 0.11015625
2 0.8703125 0.18828125 0.10625 0.06953125
2 0.5734375 0.8453125 0.11171875 0.14296875
2 0.44609375 0.9328125 0.09765625 0.11015625
2 0.7125 0.67109375 0.03125 0.03203125
5 0.08125 0.42890625 0.1625 0.1359375
5 0.8546875 0.265625 0.06953125 0.0875
5 0.82578125 0.109375 0.05078125 0.08203125
2 0.234375 0.9125 0.19921875 0.16953125
2 0.75 0.3265625 0.11796875 0.10234375
2 0.1828125 0.1765625 0.36484375 0.353125
2 0.30859375 0.12734375 0.10703125 0.13046875
2 0.884375 0.66484375 0.0828125 0.12421875
2 0.878125 0.10625 0.05546875 0.09140625
2 0.8203125 0.5140625 0.08515625 0.08984375
5 0.75625 0.03046875 0.1140625 0.046875
2 0.9515625 0.24609375 0.096875 0.16640625
2 0.96171875 0.5109375 0.0765625 0.228125
2 0.2109375 0.59921875 0.07890625 0.09921875
2 0.48046875 0.27109375 0.0796875 0.059375
2 0.946875 0.87109375 0.0875 0.11875
2 0.4609375 0.77265625 0.1046875 0.146875
2 0.0171875 0.61875 0.034375 0.07421875
2 0.88046875 0.56953125 0.02734375 0.04765625
2 0.7765625 0.7359375 0.0890625 0.10625
2 0.3328125 0.38671875 0.0421875 0.046875
2 0.5703125 0.63359375 0.0796875 0.071875
2 0.253125 0.54921875 0.0734375 0.07421875
2 0.74140625 0.60390625 0.04765625 0.04140625
2 0.95 0.784375 0.034375 0.03671875
2 0.5765625 0.259375 0.065625 0.10546875
2 0.54765625 0.5828125 0.05546875 0.05703125
2 0.2375 0.7828125 0.0859375 0.08203125
2 0.821875 0.5953125 0.303125 0.54296875
2 0.16171875 0.678125 0.1140625 0.10078125
2 0.57890625 0.96015625 0.04140625 0.07890625
2 0.06796875 0.54453125 0.1 0.08046875
2 0.56640625 0.40546875 0.034375 0.04453125
2 0.9765625 0.10546875 0.04609375 0.10078125
2 0.3296875 0.82890625 0.0859375 0.0875
2 0.53203125 0.18125 0.06484375 0.12421875
2 0.94765625 0.95234375 0.1046875 0.09296875
2 0.209375 0.4296875 0.10546875 0.13046875
2 0.5296875 0.94140625 0.059375 0.06015625
2 0.24296875 0.69921875 0.0546875 0.07890625
2 0.4328125 0.22109375 0.07734375 0.09296875
2 0.8421875 0.4265625 0.06484375 0.07734375