2 0.9515625 0.83203125 0.09609375 0.14453125
2 0.8625 0.87421875 0.06484375 0.05234375
2 0.3484375 0.38046875 0.040625 0.03984375
2 0.79140625 0.91484375 0.0203125 0.02265625
2 0.715625 0.90234375 0.05859375 0.078125
2 0.94375 0.6765625 0.0375 0.07421875
2 0.9078125 0.35390625 0.1796875 0.32265625
2 0.56875 0.39296875 0.0390625 0.08359375
2 0.5015625 0.32109375 0.0375 0.021875
2 0.81953125 0.56796875 0.03203125 0.11171875
2 0.67734375 0.04765625 0.02421875 0.02578125
2 0.7625 0.74296875 0.11484375 0.065625
2 0.7078125 0.84296875 0.03046875 0.03515625
2 0.9828125 0.45859375 0.034375 0.103125
2 0.5296875 0.77734375 0.05625 0.12578125
2 0.66171875 0.59765625 0.00703125 0.02734375
2 0.12890625 0.19609375 0.03203125 0.03203125
2 0.5921875 0.96953125 0.071875 0.05703125
2 0.65 0.8640625 0.0703125 0.10234375
2 0.8515625 0.78984375 0.0546875 0.11015625
2 0.98515625 0.5890625 0.0296875 0.053125
2 0.76875 0.090625 0.14765625 0.18125
2 0.48046875 0.93515625 0.053125 0.06015625
2 0.8578125 0.940625 0.03125 0.08046875
2 0.56953125 0.47890625 0.01796875 0.03671875
2 0.5328125 0.34453125 0.03203125 0.08359375
2 0.3734375 0.48671875 0.059375 0.10078125
2 0.753125 0.58671875 0.03203125 0.046875
2 0.6546875 0.42421875 0.09921875 0.171875
2 0.571875 0.84296875 0.04609375 0.065625
2 0.7875 0.79921875 0.059375 0.09296875
2 0.2703125 0.7796875 0.02890625 0.02890625
2 0.4515625 0.59765625 0.04140625 0.05703125
2 0.24375 0.8859375 0.08203125 0.18203125
2 0.5 0.21484375 0.0375 0.075
2 0.5234375 0.43515625 0.07890625 0.11171875
2 0.35 0.015625 0.0796875 0.03125
2 0.878125 0.6890625 0.03125 0.028125
2 0.2015625 0.17578125 0.0234375 0.02578125
2 0.115625 0.85859375 0.04453125 0.078125
2 0.0796875 0.7484375 0.009375 0.02890625
2 0.646875 0.984375 0.03125 0.03125
2 0.1765625 0.2171875 0.04765625 0.07734375
2 0.9390625 0.553125 0.03046875 0.06015625
2 0.9578125 0.7296875 0.01015625 0.021875
2 0.225 0.57578125 0.025 0.05
2 0.26953125 0.5421875 0.0296875 0.03671875
2 0.1671875 0.2671875 0.02421875 0.01640625
2 0.1703125 0.97890625 0.03515625 0.03125
3 0.559375 0.37265625 0.0859375 0.34375
2 0.41875 0.23046875 0.0765625 0.09765625
14 0.3390625 0.38359375 0.559375 0.69765625
2 0.8703125 0.97890625 0.02734375 0.03125
2 0.7921875 0.85625 0.025 0.04921875
2 0.753125 0.38203125 0.15 0.28125
2 0.4671875 0.25703125 0.02421875 0.02421875
2 0.334375 0.62265625 0.02109375 0.02734375
2 0.4234375 0.66171875 0.0734375 0.06953125
2 0.3046875 0.3828125 0.03671875 0.021875
2 0.3453125 0.05546875 0.0375 0.05390625
2 0.0453125 0.50390625 0.021875 0.03203125
2 0.728125 0.96953125 0.06171875 0.05546875
2 0.071875 0.51015625 0.025 0.05703125
2 0.3203125 0.47421875 0.028125 0.04296875
2 0.8546875 0.05625 0.0453125 0.078125
2 0.046875 0.94375 0.09375 0.103125
2 0.21875 0.4859375 0.0453125 0.065625
2 0.075 0.04453125 0.075 0.0875
2 0.39609375 0.86875 0.17109375 0.24375
2 0.1953125 0.27734375 0.0234375 0.02890625
2 0.4671875 0.49609375 0.02421875 0.02890625
2 0.9390625 0.94609375 0.0390625 0.04609375
2 0.7953125 0.64375 0.0390625 0.04765625
2 0.0671875 0.60703125 0.0859375 0.09140625
2 0.1578125 0.5015625 0.05625 0.04296875
2 0.29921875 0.20546875 0.0421875 0.06484375
2 0.6859375 0.73359375 0.0390625 0.05546875
2 0.74609375 0.53203125 0.03203125 0.02421875
2 0.61640625 0.30078125 0.025 0.08203125
2 0.2125 0.6671875 0.0359375 0.05234375
0 0.3296875 0.828125 0.06171875 0.16953125
2 0.396875 0.1640625 0.025 0.03515625
2 0.42578125 0.0828125 0.06171875 0.065625
2 0.0203125 0.32890625 0.040625 0.171875
2 0.12578125 0.66796875 0.07265625 0.08671875
2 0.1890625 0.72109375 0.01796875 0.04453125
2 0.91171875 0.97265625 0.053125 0.04453125
2 0.5890625 0.72734375 0.04375 0.06328125
2 0.8140625 0.90546875 0.01796875 0.04453125
2 0.2734375 0.01796875 0.053125 0.028125
2 0.1125 0.31875 0.08046875 0.08828125
2 0.60234375 0.11328125 0.02109375 0.04609375
2 0.66484375 0.184375 0.08359375 0.13984375
2 0.19296875 0.14765625 0.0109375 0.01953125
2 0.434375 0.39609375 0.04140625 0.03671875