2 0.371875 0.86953125 0.06484375 0.078125
2 0.6734375 0.88671875 0.0703125 0.125
2 0.76171875 0.36796875 0.0296875 0.08984375
2 0.75703125 0.09375 0.05625 0.09140625
2 0.76875 0.81328125 0.07265625 0.13828125
8 0.5796875 0.54140625 0.45078125 0.65234375
2 0.2734375 0.021875 0.0140625 0.03671875
2 0.8078125 0.93046875 0.0515625 0.06015625
2 0.11640625 0.13046875 0.12578125 0.08359375
2 0.51953125 0.9328125 0.1359375 0.12421875
2 0.7234375 0.9421875 0.1109375 0.115625
2 0.6515625 0.02578125 0.04453125 0.03203125
2 0.27734375 0.08046875 0.0125 0.021875
2 0.4078125 0.10859375 0.05234375 0.08046875
2 0.6703125 0.26875 0.05390625 0.06796875
2 0.390625 0.17109375 0.18671875 0.13828125
2 0.5234375 0.12109375 0.07421875 0.07421875
2 0.2875 0.8109375 0.0546875 0.07890625
2 0.16328125 0.903125 0.3265625 0.190625
2 0.9515625 0.4390625 0.09609375 0.09765625
2 0.08671875 0.76484375 0.13203125 0.128125
2 0.921875 0.21953125 0.15625 0.34609375
2 0.9359375 0.50390625 0.01875 0.02890625
2 0.86171875 0.5109375 0.0359375 0.04296875
2 0.34609375 0.0203125 0.04375 0.040625
2 0.2015625 0.490625 0.403125 0.484375
2 0.503125 0.0421875 0.16015625 0.084375
2 0.6171875 0.14609375 0.05390625 0.06953125
2 0.878125 0.56796875 0.02109375 0.01953125
2 0.809375 0.7703125 0.05078125 0.05625
2 0.884375 0.753125 0.02421875 0.03359375
2 0.8875 0.69140625 0.01640625 0.03125
2 0.18203125 0.034375 0.025 0.02578125
2 0.1421875 0.23671875 0.02421875 0.02734375
2 0.828125 0.6734375 0.0265625 0.03203125
2 0.85625 0.73359375 0.02734375 0.0375