3 0.3421875 0.71171875 0.0765625 0.20546875
2 0.653125 0.696875 0.0140625 0.01796875
2 0.703125 0.85703125 0.0125 0.01484375
2 0.609375 0.9140625 0.0265625 0.02890625
2 0.7625 0.72890625 0.00859375 0.015625
2 0.99375 0.70390625 0.0125 0.01953125
2 0.18046875 0.53984375 0.01875 0.02109375
2 0.1796875 0.72734375 0.0453125 0.04296875
2 0.840625 0.759375 0.0234375 0.03125
3 0.8 0.13203125 0.09609375 0.25546875
2 0.55390625 0.78359375 0.00859375 0.01171875
2 0.94375 0.5859375 0.01484375 0.01484375
2 0.85859375 0.72890625 0.02109375 0.01640625
2 0.740625 0.37265625 0.01484375 0.01796875
2 0.475 0.59765625 0.01015625 0.01328125
2 0.2828125 0.83203125 0.03125 0.0375
2 0.18203125 0.48515625 0.0203125 0.01640625
2 0.390625 0.88984375 0.02109375 0.02265625
3 0.81484375 0.2140625 0.07578125 0.125
2 0.1734375 0.92734375 0.00703125 0.01875
2 0.7453125 0.94296875 0.021875 0.01953125
2 0.29296875 0.72890625 0.03515625 0.04609375
2 0.69453125 0.4640625 0.0109375 0.02578125
2 0.77578125 0.71328125 0.0125 0.01640625
2 0.81953125 0.803125 0.01015625 0.01328125
2 0.68046875 0.88203125 0.0125 0.025
2 0.11484375 0.95234375 0.025 0.02890625
2 0.1546875 0.76796875 0.02578125 0.02734375
2 0.1046875 0.73203125 0.0265625 0.025
2 0.1328125 0.09296875 0.009375 0.01640625
2 0.2484375 0.021875 0.015625 0.0125
2 0.5390625 0.03203125 0.025 0.01796875
2 0.615625 0.23828125 0.025 0.01953125
2 0.7546875 0.04609375 0.01875 0.021875
2 0.8640625 0.096875 0.0109375 0.01640625
2 0.9265625 0.284375 0.00859375 0.01328125
2 0.359375 0.05234375 0.08203125 0.05625
3 0.434375 0.3953125 0.075 0.07265625
2 0.8359375 0.78984375 0.02265625 0.02421875
2 0.93125 0.94609375 0.02421875 0.040625
2 0.853125 0.66015625 0.028125 0.03359375
2 0.634375 0.03515625 0.04453125 0.02578125
2 0.7984375 0.09453125 0.02734375 0.03671875
2 0.03125 0.35703125 0.021875 0.03203125
2 0.534375 0.69140625 0.025 0.01875
2 0.225 0.83046875 0.06640625 0.065625
2 0.08203125 0.50703125 0.03125 0.03203125
2 0.92265625 0.78828125 0.02421875 0.03046875
2 0.9671875 0.71875 0.0078125 0.01015625
2 0.7453125 0.65234375 0.02109375 0.02421875
2 0.6890625 0.8453125 0.02421875 0.01328125
3 0.2984375 0.9953125 0.009375 0.009375
2 0.42734375 0.85859375 0.028125 0.03046875
2 0.5296875 0.25078125 0.03046875 0.02734375
2 0.228125 0.6859375 0.028125 0.01953125
2 0.0171875 0.56953125 0.01953125 0.059375
2 0.153125 0.36171875 0.0265625 0.02265625
2 0.97109375 0.82109375 0.0171875 0.021875
2 0.1140625 0.52890625 0.0109375 0.0125
16 0.4296875 0.94140625 0.25234375 0.109375
2 0.1328125 0.65546875 0.0375 0.05
0 0.13671875 0.94921875 0.03125 0.03515625
2 0.409375 0.7265625 0.065625 0.06328125
3 0.33125 0.5578125 0.13203125 0.32265625
2 0.25625 0.20625 0.02734375 0.03359375
2 0.0109375 0.8515625 0.02109375 0.05234375
2 0.3109375 0.37578125 0.1109375 0.06015625
2 0.015625 0.71015625 0.02734375 0.02421875
2 0.071875 0.5921875 0.0265625 0.04453125
2 0.34609375 0.21796875 0.1078125 0.12109375
3 0.0453125 0.47890625 0.090625 0.04296875
2 0.25234375 0.4859375 0.0671875 0.09609375
2 0.5078125 0.8703125 0.03359375 0.06015625
2 0.45703125 0.8328125 0.0671875 0.046875
3 0.5609375 0.7796875 0.09765625 0.384375
3 0.621875 0.48359375 0.27734375 0.25078125
2 0.03125 0.92109375 0.025 0.021875
2 0.93203125 0.71875 0.01640625 0.01875
2 0.975 0.63984375 0.028125 0.040625
2 0.68671875 0.80703125 0.01796875 0.02265625
2 0.89140625 0.58984375 0.01953125 0.02578125
2 0.77421875 0.7546875 0.0109375 0.015625
2 0.83125 0.66640625 0.0125 0.01015625
2 0.98125 0.74765625 0.01484375 0.021875
2 0.70390625 0.9453125 0.02265625 0.03046875
2 0.3984375 0.79140625 0.0140625 0.01328125
2 0.0046875 0.7796875 0.009375 0.0125
4 0.56640625 0.375 0.8671875 0.565625
3 0.696875 0.2703125 0.1203125 0.16171875
3 0.771875 0.1296875 0.02421875 0.140625
2 0.03828125 0.8515625 0.028125 0.05234375
2 0.865625 0.74296875 0.0125 0.01328125
2 0.7609375 0.896875 0.01640625 0.03359375
2 0.8234375 0.71953125 0.01875 0.0125
2 0.89375 0.82265625 0.0125 0.01171875
2 0.72109375 0.99375 0.0234375 0.0125
2 0.5984375 0.86328125 0.0171875 0.02265625
2 0.1421875 0.71015625 0.04921875 0.05546875
2 0.2625 0.79765625 0.040625 0.04140625
2 0.06484375 0.72421875 0.04921875 0.059375
2 0.1609375 0.26171875 0.059375 0.09296875
2 0.196875 0.98359375 0.0265625 0.02890625
2 0.07265625 0.90546875 0.03046875 0.04140625
2 0.2515625 0.884375 0.084375 0.0375
2 0.4046875 0.84296875 0.02421875 0.0375
2 0.1734375 0.86171875 0.06796875 0.08671875
2 0.95703125 0.73125 0.02578125 0.021875
2 0.803125 0.6734375 0.01484375 0.03203125
2 0.7234375 0.72890625 0.0234375 0.04140625
2 0.66328125 0.90078125 0.01171875 0.01328125
2 0.9421875 0.64140625 0.01328125 0.01796875
2 0.74453125 0.96328125 0.01796875 0.025
2 0.325 0.77421875 0.0390625 0.053125
2 0.265625 0.66484375 0.0125 0.021875
2 0.071875 0.0828125 0.03046875 0.04296875
2 0.16328125 0.08046875 0.03125 0.02421875
2 0.53203125 0.075 0.01953125 0.02578125
2 0.95546875 0.12890625 0.0125 0.01953125
2 0.8625 0.43203125 0.01796875 0.01953125
2 0.8546875 0.40859375 0.01328125 0.02109375
2 0.1828125 0.4609375 0.025 0.02734375
2 0.44453125 0.0203125 0.0265625 0.03515625
2 0.7390625 0.76640625 0.025 0.03515625
2 0.88359375 0.72109375 0.02890625 0.02265625
2 0.84921875 0.46796875 0.0515625 0.05390625
2 0.971875 0.10078125 0.05546875 0.05625
2 0.490625 0.21796875 0.02265625 0.028125
2 0.14296875 0.15703125 0.0203125 0.04296875
2 0.0859375 0.42421875 0.0171875 0.02421875
2 0.3578125 0.83984375 0.0578125 0.084375
2 0.040625 0.98359375 0.03203125 0.028125
3 0.9359375 0.96953125 0.12734375 0.04609375
2 0.021875 0.65078125 0.04296875 0.046875
2 0.1453125 0.51328125 0.03203125 0.03125
2 0.1875 0.778125 0.04609375 0.04765625
2 0.3265625 0.90390625 0.04140625 0.05546875
2 0.25390625 0.56484375 0.02421875 0.03515625
2 0.06484375 0.24296875 0.01953125 0.02421875
2 0.2984375 0.06484375 0.03515625 0.04140625
2 0.0953125 0.0109375 0.04140625 0.021875
2 0.4359375 0.19765625 0.03515625 0.02421875
2 0.7109375 0.7609375 0.0265625 0.03203125
2 0.86875 0.78828125 0.0265625 0.046875
2 0.8609375 0.34453125 0.04453125 0.04765625
2 0.9453125 0.0375 0.02109375 0.02890625
3 0.9640625 0.84296875 0.071875 0.046875
2 0.53671875 0.75390625 0.04140625 0.04296875
2 0.4578125 0.22890625 0.0234375 0.03515625
2 0.82265625 0.61953125 0.01796875 0.02421875
2 0.60390625 0.98125 0.0625 0.03515625
2 0.125 0.92421875 0.015625 0.03046875
2 0.2375 0.69921875 0.0109375 0.01328125
2 0.3046875 0.58515625 0.02890625 0.02578125
2 0.1390625 0.44140625 0.01640625 0.021875
2 0.003125 0.3671875 0.00546875 0.01171875
2 0.25234375 0.1265625 0.0109375 0.01640625
2 0.2421875 0.0453125 0.01875 0.01640625
2 0.4734375 0.16484375 0.02265625 0.02421875
2 0.63046875 0.2046875 0.021875 0.02578125
2 0.64375 0.80078125 0.0453125 0.06796875
2 0.27890625 0.56171875 0.021875 0.04453125
2 0.81796875 0.87421875 0.0234375 0.03359375
2 0.084375 0.11796875 0.00703125 0.01796875
2 0.4671875 0.63671875 0.0203125 0.03359375
2 0.9921875 0.58359375 0.01484375 0.025
3 0.08671875 0.64140625 0.0546875 0.115625
2 0.7109375 0.82578125 0.05078125 0.0375
2 0.9078125 0.18671875 0.01796875 0.02734375
3 0.8125 0.95078125 0.084375 0.08984375
2 0.0578125 0.9625 0.04140625 0.028125
2 0.775 0.34140625 0.01640625 0.02109375
0 0.65234375 0.3703125 0.03046875 0.04140625
2 0.8890625 0.034375 0.08359375 0.05859375
2 0.0828125 0.33984375 0.0140625 0.01953125
2 0.4375 0.45390625 0.05546875 0.06171875
2 0.07109375 0.84609375 0.0296875 0.02578125
2 0.8125 0.0671875 0.0125 0.01171875
2 0.6390625 0.8609375 0.03515625 0.05234375
2 0.71953125 0.10703125 0.0203125 0.01953125
2 0.1046875 0.0703125 0.03359375 0.03125
2 0.171875 0.66640625 0.025 0.03515625
2 0.1609375 0.5671875 0.01328125 0.01875
2 0.228125 0.11328125 0.02578125 0.02109375
2 0.865625 0.1296875 0.0125 0.01875
2 0.421875 0.52265625 0.040625 0.03359375
2 0.89296875 0.34765625 0.0203125 0.01796875
2 0.2921875 0.52265625 0.0125 0.015625
2 0.1484375 0.975 0.02890625 0.01953125
2 0.2328125 0.621875 0.01796875 0.02109375
2 0.159375 0.3953125 0.02421875 0.02421875
2 0.8859375 0.40859375 0.0109375 0.01640625
2 0.15703125 0.4375 0.01875 0.01640625
2 0.809375 0.04765625 0.0125 0.01328125
2 0.7796875 0.51640625 0.03125 0.028125
2 0.8015625 0.353125 0.009375 0.01171875
2 0.253125 0.39609375 0.01484375 0.02421875
2 0.725 0.01796875 0.03125 0.034375
2 0.52421875 0.525 0.01171875 0.021875
2 0.95078125 0.678125 0.03203125 0.04453125
2 0.89765625 0.26640625 0.02109375 0.04453125
2 0.9140625 0.659375 0.03046875 0.028125
2 0.490625 0.0515625 0.03046875 0.02578125
2 0.625 0.72265625 0.02734375 0.05078125
2 0.159375 0.94921875 0.01171875 0.015625
2 0.61484375 0.82421875 0.028125 0.040625
2 0.1265625 0.490625 0.0109375 0.01796875
2 0.7625 0.8328125 0.0203125 0.028125
2 0.771875 0.03359375 0.0125 0.01953125
2 0.028125 0.40859375 0.01796875 0.01796875