2 0.80234375 0.3546875 0.1109375 0.115625
2 0.8890625 0.21796875 0.02734375 0.03515625
2 0.7796875 0.09296875 0.346875 0.18359375
2 0.47734375 0.87109375 0.0671875 0.04609375
2 0.734375 0.69765625 0.04921875 0.04921875
2 0.6578125 0.32421875 0.18125 0.17421875
2 0.5859375 0.64765625 0.02265625 0.03515625
2 0.75 0.54921875 0.08984375 0.16796875
2 0.3953125 0.65390625 0.0671875 0.10078125
2 0.97890625 0.25625 0.0421875 0.13515625
2 0.828125 0.22109375 0.06015625 0.09296875
4 0.59375 0.44453125 0.77890625 0.65546875
2 0.37109375 0.79453125 0.11484375 0.23125
2 0.546875 0.12109375 0.12578125 0.21796875
2 0.81640625 0.6875 0.0359375 0.03984375
2 0.90234375 0.94375 0.1953125 0.10625
2 0.215625 0.85390625 0.27734375 0.253125
2 0.96171875 0.36171875 0.04453125 0.05546875
2 0.48046875 0.740625 0.115625 0.13984375
2 0.4671875 0.08046875 0.10078125 0.15390625
5 0.9125 0.61171875 0.13125 0.13984375
2 0.60625 0.54140625 0.06875 0.090625
2 0.71015625 0.84453125 0.065625 0.06328125
2 0.046875 0.72890625 0.09296875 0.296875
2 0.228125 0.11171875 0.17421875 0.22109375
2 0.375 0.4359375 0.13828125 0.128125
2 0.4421875 0.96484375 0.11328125 0.065625
2 0.4828125 0.5390625 0.11484375 0.12890625
5 0.6484375 0.4984375 0.059375 0.06953125
2 0.3109375 0.25703125 0.47578125 0.36015625
2 0.11796875 0.5546875 0.12734375 0.22734375
2 0.96953125 0.525 0.0609375 0.296875
2 0.5765625 0.9078125 0.1140625 0.14375
2 0.6015625 0.7578125 0.13828125 0.14765625
2 0.3203125 0.49296875 0.0765625 0.11015625
5 0.9140625 0.753125 0.14609375 0.14375
2 0.059375 0.94453125 0.11796875 0.10703125
2 0.9578125 0.83671875 0.034375 0.065625
2 0.365625 0.5796875 0.10703125 0.15234375
2 0.975 0.05078125 0.04921875 0.09765625
2 0.05 0.11015625 0.059375 0.09375
2 0.1484375 0.03671875 0.07265625 0.071875
2 0.04453125 0.34296875 0.0890625 0.31328125