2 0.75625 0.0765625 0.028125 0.021875
2 0.23671875 0.01328125 0.03203125 0.02265625
2 0.58046875 0.42578125 0.02421875 0.021875
2 0.6484375 0.04453125 0.03125 0.03125
2 0.325 0.0875 0.0265625 0.04296875
2 0.95859375 0.5734375 0.0828125 0.0875
2 0.803125 0.23359375 0.03359375 0.065625
0 0.2640625 0.44453125 0.0234375 0.03203125
0 0.52734375 0.2203125 0.04609375 0.05625
2 0.19609375 0.98359375 0.01328125 0.02265625
2 0.575 0.76171875 0.03203125 0.04921875
2 0.2796875 0.259375 0.01796875 0.02421875
2 0.51015625 0.98671875 0.125 0.02421875
0 0.6265625 0.09453125 0.04453125 0.07890625
2 0.2984375 0.50703125 0.0171875 0.02265625
2 0.8421875 0.49375 0.034375 0.065625
2 0.24453125 0.70546875 0.01484375 0.021875
2 0.1484375 0.36953125 0.07421875 0.059375
2 0.41640625 0.50546875 0.03828125 0.03515625
2 0.48828125 0.27734375 0.04921875 0.02890625
2 0.8359375 0.41796875 0.02734375 0.0375
2 0.34375 0.74453125 0.05390625 0.059375
2 0.278125 0.03203125 0.02890625 0.06015625
2 0.8046875 0.59296875 0.196875 0.15859375
2 0.278125 0.10390625 0.0171875 0.01484375
2 0.3015625 0.73671875 0.025 0.04765625
2 0.659375 0.73515625 0.09296875 0.13125
2 0.5765625 0.346875 0.0234375 0.02890625
0 0.2796875 0.37109375 0.03828125 0.05
2 0.2390625 0.64765625 0.01640625 0.01953125
3 0.4203125 0.196875 0.1171875 0.30546875
2 0.503125 0.70078125 0.021875 0.01953125
2 0.3640625 0.48046875 0.01328125 0.02578125
0 0.1578125 0.47421875 0.021875 0.03359375
2 0.9203125 0.43671875 0.0484375 0.03203125
2 0.10546875 0.8828125 0.0375 0.01875
2 0.3328125 0.703125 0.0171875 0.02734375
2 0.1859375 0.09296875 0.02421875 0.02265625
3 0.79453125 0.88359375 0.14921875 0.22734375
2 0.8875 0.9234375 0.040625 0.04921875
0 0.9375 0.871875 0.0609375 0.08984375
2 0.55625 0.59140625 0.06640625 0.12109375
2 0.434375 0.43125 0.0171875 0.02734375
2 0.075 0.94921875 0.01640625 0.021875
2 0.296875 0.54453125 0.01796875 0.02421875
2 0.53515625 0.53984375 0.03046875 0.03515625
2 0.1671875 0.27109375 0.0171875 0.01875
0 0.8390625 0.8640625 0.07265625 0.134375
2 0.753125 0.35703125 0.01796875 0.03203125
0 0.95625 0.96015625 0.0875 0.06953125
3 0.0203125 0.37890625 0.040625 0.171875
3 0.26171875 0.92421875 0.15234375 0.13984375
0 0.8015625 0.92421875 0.0203125 0.03671875
2 0.928125 0.9375 0.0390625 0.06875
2 0.45625 0.17578125 0.0171875 0.028125
2 0.39609375 0.81484375 0.125 0.1
2 0.26875 0.81640625 0.090625 0.06875
0 0.6421875 0.27421875 0.07734375 0.08671875
2 0.36875 0.52109375 0.0234375 0.04296875
2 0.5875 0.821875 0.01953125 0.028125
2 0.759375 0.19765625 0.03359375 0.0375
0 0.3046875 0.47578125 0.03671875 0.02734375
2 0.1453125 0.26328125 0.02734375 0.01875
0 0.3328125 0.609375 0.02734375 0.06328125
2 0.4484375 0.72734375 0.0796875 0.075
0 0.8390625 0.05546875 0.0203125 0.046875
2 0.72421875 0.86640625 0.0375 0.06328125
2 0.296875 0.89296875 0.028125 0.02265625
0 0.78671875 0.01640625 0.053125 0.03125
2 0.2125 0.16640625 0.0171875 0.028125
2 0.221875 0.58046875 0.03203125 0.04609375
0 0.8875 0.45 0.02265625 0.02734375
2 0.8859375 0.303125 0.02109375 0.01953125
2 0.375 0.70546875 0.03125 0.05390625
0 0.09140625 0.53515625 0.07734375 0.08046875
0 0.02109375 0.03203125 0.0421875 0.0640625
2 0.1140625 0.2109375 0.0234375 0.0375
2 0.04375 0.08046875 0.02265625 0.028125
0 0.5671875 0.11171875 0.0375 0.03359375
2 0.4734375 0.9140625 0.0203125 0.040625
2 0.13125 0.68984375 0.0140625 0.02890625
2 0.5640625 0.82265625 0.01796875 0.02421875
2 0.1265625 0.19296875 0.03828125 0.03671875
2 0.5703125 0.68828125 0.0828125 0.08046875
2 0.2203125 0.4640625 0.09375 0.15703125
3 0.6296875 0.8828125 0.13515625 0.09375
2 0.046875 0.17578125 0.03203125 0.065625
2 0.15859375 0.009375 0.02109375 0.01640625
2 0.85703125 0.95 0.03203125 0.09140625
2 0.415625 0.471875 0.02265625 0.02734375
2 0.4765625 0.84609375 0.03046875 0.046875
2 0.3609375 0.10546875 0.01796875 0.03359375
2 0.34140625 0.9609375 0.025 0.01875
2 0.965625 0.14609375 0.028125 0.046875
2 0.8765625 0.20859375 0.01796875 0.02734375
2 0.0171875 0.95859375 0.03359375 0.075
2 0.41875 0.54375 0.040625 0.046875
2 0.75625 0.46796875 0.0359375 0.06875
2 0.084375 0.2875 0.01640625 0.02421875
2 0.9296875 0.7828125 0.0171875 0.028125
2 0.415625 0.71328125 0.02109375 0.03671875
0 0.684375 0.08125 0.0453125 0.103125
2 0.10078125 0.1859375 0.0140625 0.01953125
2 0.2625 0.55859375 0.03828125 0.05
0 0.7796875 0.9703125 0.0484375 0.05390625
2 0.16484375 0.80703125 0.01953125 0.01953125
16 0.45546875 0.04140625 0.1765625 0.0828125
2 0.890625 0.50703125 0.02265625 0.03359375
0 0.2671875 0.48828125 0.03359375 0.05234375
2 0.62109375 0.0140625 0.05625 0.028125
0 0.703125 0.759375 0.0265625 0.02890625
0 0.33984375 0.6671875 0.04609375 0.03671875
0 0.0578125 0.6390625 0.115625 0.15234375
2 0.10234375 0.91171875 0.04375 0.03125
2 0.0671875 0.06015625 0.034375 0.06328125
0 0.01796875 0.77578125 0.0359375 0.05234375
2 0.3765625 0.6578125 0.03515625 0.04140625
2 0.440625 0.984375 0.0140625 0.01796875
0 0.5375 0.08046875 0.0359375 0.04296875
0 0.05859375 0.96328125 0.0203125 0.03828125
2 0.628125 0.63671875 0.02421875 0.02265625
2 0.91875 0.375 0.0765625 0.05625
2 0.21953125 0.10390625 0.03671875 0.05234375
2 0.225 0.9609375 0.0375 0.04609375
0 0.77578125 0.75234375 0.1203125 0.14765625
2 0.59453125 0.17890625 0.03671875 0.040625
2 0.2515625 0.60703125 0.0265625 0.03671875
0 0.9859375 0.9765625 0.028125 0.046875
0 0.046875 0.83046875 0.09296875 0.06953125
0 0.865625 0.01015625 0.01796875 0.01953125
2 0.79375 0.284375 0.0171875 0.02578125
3 0.7515625 0.29140625 0.14296875 0.290625
0 0.453125 0.39140625 0.04453125 0.05
2 0.9578125 0.08046875 0.0125 0.028125
2 0.59609375 0.07109375 0.02109375 0.021875
2 0.16171875 0.98828125 0.02109375 0.01796875
2 0.2640625 0.76796875 0.06953125 0.02890625
2 0.41953125 0.98515625 0.01796875 0.02734375
2 0.9203125 0.315625 0.0421875 0.0375
2 0.31875 0.84921875 0.01484375 0.02734375
2 0.20625 0.31015625 0.0171875 0.01484375
2 0.1265625 0.10859375 0.01796875 0.021875
3 0.60625 0.19296875 0.1640625 0.11484375
2 0.921875 0.51953125 0.0453125 0.05703125
2 0.12890625 0.85234375 0.03203125 0.06875
2 0.55546875 0.48203125 0.04453125 0.03671875
2 0.93671875 0.1859375 0.1265625 0.121875
3 0.1390625 0.6640625 0.09453125 0.16328125
0 0.490625 0.13515625 0.0390625 0.09765625
2 0.284375 0.87265625 0.01953125 0.02265625
2 0.99140625 0.109375 0.0171875 0.0875
0 0.6421875 0.36171875 0.090625 0.040625
0 0.70625 0.96328125 0.0796875 0.05078125
2 0.39296875 0.45625 0.0140625 0.028125
2 0.7109375 0.26171875 0.02109375 0.02734375
2 0.6421875 0.56328125 0.096875 0.13828125
2 0.121875 0.76171875 0.03828125 0.08046875
2 0.7921875 0.58046875 0.06875 0.14453125
2 0.8265625 0.3640625 0.0578125 0.0375
2 0.26953125 0.68515625 0.04921875 0.04609375
2 0.1109375 0.13203125 0.02890625 0.05625
3 0.69765625 0.5 0.08046875 0.05078125
3 0.6375 0.884375 0.040625 0.228125
2 0.140625 0.1453125 0.03671875 0.040625
2 0.18125 0.25 0.0234375 0.02421875
2 0.49296875 0.53515625 0.03046875 0.03984375
2 0.1765625 0.115625 0.01484375 0.01875
2 0.325 0.78359375 0.0296875 0.0375
0 0.2859375 0.30390625 0.0171875 0.02578125
2 0.1921875 0.28984375 0.01796875 0.02421875
2 0.26171875 0.20546875 0.025 0.03203125
0 0.88203125 0.9578125 0.04609375 0.03828125
2 0.4734375 0.60078125 0.01171875 0.02421875
2 0.4078125 0.89453125 0.0515625 0.14921875
2 0.571875 0.29296875 0.02734375 0.040625
2 0.37265625 0.91796875 0.06328125 0.0375
2 0.1796875 0.878125 0.028125 0.02265625
2 0.73828125 0.01328125 0.025 0.02578125
2 0.22734375 0.74140625 0.025 0.05234375
2 0.03671875 0.21796875 0.01953125 0.01875
2 0.09453125 0.26171875 0.0203125 0.01796875
2 0.16328125 0.07421875 0.0203125 0.0375
2 0.20703125 0.68046875 0.04765625 0.06015625
2 0.64375 0.65546875 0.01640625 0.02421875
2 0.75625 0.25859375 0.06484375 0.0875
0 0.56484375 0.26328125 0.06953125 0.04609375
2 0.80390625 0.4765625 0.065625 0.09296875
2 0.575 0.88203125 0.0171875 0.02265625
2 0.0984375 0.93984375 0.0265625 0.02578125
2 0.22265625 0.0546875 0.03828125 0.05234375
2 0.96171875 0.68203125 0.0765625 0.13515625
2 0.8828125 0.78359375 0.0578125 0.10234375
2 0.815625 0.13984375 0.12734375 0.09375
0 0.346875 0.35078125 0.0484375 0.05390625
0 0.62109375 0.94453125 0.04609375 0.06953125
0 0.1765625 0.5390625 0.034375 0.04296875
0 0.790625 0.06796875 0.025 0.03515625
2 0.17421875 0.77890625 0.021875 0.02265625
0 0.55 0.1578125 0.06015625 0.05
2 0.0734375 0.440625 0.10078125 0.059375
2 0.8921875 0.671875 0.06640625 0.14296875
2 0.784375 0.36796875 0.01953125 0.03515625
0 0.32265625 0.31328125 0.04453125 0.05
2 0.96484375 0.784375 0.0703125 0.09375
3 0.32265625 0.13359375 0.0890625 0.165625
2 0.9875 0.01640625 0.02421875 0.03203125
2 0.4375 0.64140625 0.1421875 0.10625
5 0.01875 0.10859375 0.01953125 0.01875
2 0.321875 0.896875 0.04296875 0.090625
2 0.5359375 0.73359375 0.02421875 0.04453125
2 0.546875 0.81328125 0.01328125 0.02578125
2 0.5203125 0.67265625 0.0171875 0.03671875
2 0.13359375 0.52578125 0.02109375 0.015625
2 0.55078125 0.76171875 0.01484375 0.046875
0 0.0390625 0.8859375 0.040625 0.06953125
2 0.9 0.00625 0.0171875 0.0125
2 0.6 0.80078125 0.0140625 0.03671875
2 0.3921875 0.9375 0.03046875 0.03125
2 0.6796875 0.57421875 0.01640625 0.02734375
2 0.4828125 0.471875 0.0796875 0.1125
2 0.1921875 0.13671875 0.0140625 0.021875
2 0.06484375 0.26328125 0.04140625 0.05078125
2 0.725 0.57109375 0.05625 0.06484375
2 0.5140625 0.62265625 0.01328125 0.028125
2 0.5484375 0.5140625 0.02890625 0.03125
2 0.5765625 0.04140625 0.03828125 0.05390625
2 0.1078125 0.98984375 0.01640625 0.01796875
2 0.1515625 0.89140625 0.01484375 0.02421875
0 0.675 0.42109375 0.028125 0.05390625
2 0.15625 0.865625 0.01484375 0.021875
0 0.4015625 0.271875 0.090625 0.17109375
2 0.3375 0.5046875 0.03515625 0.08203125
0 0.6359375 0.43046875 0.03203125 0.05546875
2 0.30546875 0.69453125 0.01796875 0.03203125
2 0.3234375 0.2296875 0.071875 0.10234375
2 0.021875 0.14765625 0.04296875 0.040625
0 0.02421875 0.50234375 0.0484375 0.0875
2 0.89453125 0.2796875 0.0390625 0.03515625
2 0.409375 0.38984375 0.0203125 0.02890625
2 0.34921875 0.02734375 0.0453125 0.0546875
0 0.9671875 0.32265625 0.06484375 0.14765625
2 0.090625 0.065625 0.0171875 0.03203125
0 0.38125 0.3859375 0.0265625 0.0375
2 0.97578125 0.51953125 0.03046875 0.03828125
3 0.1125 0.03359375 0.07265625 0.06484375
2 0.8453125 0.30546875 0.04375 0.06953125
2 0.1234375 0.96953125 0.01953125 0.03125
2 0.0609375 0.01875 0.034375 0.02890625
2 0.91484375 0.10078125 0.08984375 0.134375
2 0.790625 0.32578125 0.01640625 0.02890625
2 0.3265625 0.82421875 0.01953125 0.03125
0 0.0765625 0.75234375 0.06328125 0.07890625
2 0.55234375 0.84765625 0.02421875 0.02734375
2 0.2125 0.61171875 0.0171875 0.01640625
2 0.9796875 0.41796875 0.01640625 0.02734375
2 0.259375 0.88046875 0.02421875 0.02734375
4 0.35625 0.4765625 0.39140625 0.34609375