2 0.215625 0.66015625 0.0234375 0.03515625
2 0.153125 0.05234375 0.02109375 0.03515625
2 0.246875 0.00703125 0.025 0.01328125
2 0.62890625 0.97265625 0.021875 0.03359375
2 0.39765625 0.05859375 0.06953125 0.11640625
2 0.83046875 0.903125 0.03203125 0.04296875
2 0.0515625 0.83671875 0.03046875 0.03828125
2 0.203125 0.71796875 0.04296875 0.05
2 0.7078125 0.62734375 0.02734375 0.046875
2 0.953125 0.6875 0.09375 0.165625
2 0.36171875 0.49140625 0.03046875 0.03671875
2 0.684375 0.10234375 0.021875 0.02578125
2 0.4140625 0.21015625 0.07890625 0.109375
2 0.5796875 0.4546875 0.02421875 0.04453125
2 0.50546875 0.06953125 0.02734375 0.03203125
2 0.9140625 0.76171875 0.02109375 0.059375
2 0.7640625 0.52578125 0.03125 0.03671875
2 0.4828125 0.9671875 0.0234375 0.03359375
2 0.66875 0.76328125 0.02421875 0.02890625
2 0.6109375 0.90703125 0.04453125 0.071875
2 0.0421875 0.23515625 0.084375 0.1125
2 0.015625 0.015625 0.03125 0.03125
2 0.3296875 0.35390625 0.04609375 0.06015625
2 0.95859375 0.32578125 0.0359375 0.05
2 0.196875 0.08984375 0.03046875 0.0375
2 0.87109375 0.59921875 0.0359375 0.084375
2 0.79921875 0.659375 0.075 0.221875
2 0.125 0.36171875 0.0234375 0.05390625
2 0.14921875 0.303125 0.01640625 0.02265625
2 0.98515625 0.8953125 0.0296875 0.040625
2 0.1515625 0.83359375 0.0234375 0.02890625
2 0.034375 0.71015625 0.0171875 0.02578125
2 0.78125 0.26640625 0.04921875 0.05859375
2 0.6421875 0.8890625 0.02421875 0.03828125
2 0.61875 0.38515625 0.05234375 0.046875
2 0.2125 0.50390625 0.03515625 0.05390625
2 0.6953125 0.82421875 0.0171875 0.02734375
2 0.01953125 0.39453125 0.0390625 0.065625
2 0.078125 0.69453125 0.0140625 0.03125
2 0.946875 0.44375 0.02265625 0.02890625
2 0.196875 0.834375 0.034375 0.078125
2 0.0171875 0.48671875 0.01953125 0.02578125
2 0.575 0.678125 0.0171875 0.028125
2 0.55390625 0.9546875 0.0515625 0.06328125
2 0.8 0.93828125 0.03671875 0.06328125
2 0.53671875 0.825 0.0296875 0.03515625
2 0.85234375 0.17421875 0.05546875 0.05625
2 0.5890625 0.1140625 0.0296875 0.03203125
2 0.19609375 0.29765625 0.0453125 0.03671875
2 0.5609375 0.16796875 0.025 0.03203125
2 0.2484375 0.65390625 0.0265625 0.03828125
2 0.55234375 0.63203125 0.02421875 0.028125
2 0.86640625 0.84453125 0.0390625 0.07109375
2 0.83984375 0.1140625 0.0140625 0.021875
2 0.834375 0.43046875 0.096875 0.08359375
2 0.4921875 0.30703125 0.0484375 0.03984375
2 0.1125 0.5484375 0.0203125 0.02421875
2 0.86328125 0.71796875 0.03515625 0.05078125
2 0.2359375 0.440625 0.02109375 0.02734375
2 0.9453125 0.86640625 0.02265625 0.03359375
2 0.1625 0.159375 0.02421875 0.04140625
2 0.753125 0.26953125 0.021875 0.03125
2 0.3171875 0.07421875 0.03203125 0.0375
2 0.671875 0.8015625 0.03828125 0.04140625
2 0.7421875 0.70390625 0.03203125 0.03828125
2 0.59453125 0.57109375 0.03046875 0.04921875
2 0.4671875 0.7171875 0.06875 0.05
2 0.1828125 0.2125 0.01484375 0.02421875
2 0.5953125 0.2875 0.03046875 0.0375
2 0.42421875 0.3703125 0.0546875 0.10078125
2 0.54375 0.0625 0.03125 0.03125
2 0.73125 0.18984375 0.02265625 0.02265625
2 0.2359375 0.38828125 0.01796875 0.02421875
2 0.54140625 0.09765625 0.021875 0.03203125
2 0.3359375 0.41328125 0.0625 0.07890625
2 0.646875 0.54140625 0.04296875 0.05390625
2 0.2859375 0.1984375 0.028125 0.03125
2 0.453125 0.28515625 0.03671875 0.03359375
2 0.859375 0.95625 0.0265625 0.03671875
2 0.059375 0.59296875 0.03359375 0.04140625
2 0.79375 0.78203125 0.05859375 0.12890625
2 0.95 0.54609375 0.03125 0.04296875
2 0.54140625 0.34296875 0.0265625 0.03671875
2 0.56875 0.59765625 0.02421875 0.03359375
2 0.7875 0.2015625 0.03203125 0.04609375
2 0.1484375 0.6765625 0.03359375 0.05234375
2 0.659375 0.06015625 0.0203125 0.03125
2 0.2671875 0.10625 0.01796875 0.02890625
2 0.44765625 0.60546875 0.03203125 0.03828125
2 0.6046875 0.72578125 0.02421875 0.02421875
2 0.7828125 0.06953125 0.04765625 0.07265625
2 0.6296875 0.1625 0.03359375 0.02734375
2 0.046875 0.42734375 0.0265625 0.05625
14 0.5734375 0.5625 0.853125 0.86953125
2 0.91484375 0.465625 0.0171875 0.02578125
2 0.93828125 0.35546875 0.01640625 0.03125
2 0.70703125 0.91171875 0.0171875 0.02890625
2 0.4453125 0.0953125 0.03515625 0.09140625
2 0.9546875 0.59453125 0.04921875 0.040625
2 0.25390625 0.32578125 0.03203125 0.06875
2 0.2921875 0.94296875 0.03125 0.03671875
2 0.5296875 0.14375 0.03671875 0.06953125
2 0.84921875 0.528125 0.02109375 0.021875
2 0.9640625 0.4890625 0.03203125 0.03515625
2 0.5921875 0.96953125 0.01796875 0.02578125
2 0.27421875 0.61015625 0.03046875 0.040625
2 0.4203125 0.48671875 0.05625 0.096875