2 0.5359375 0.67890625 0.1015625 0.1375
2 0.31484375 0.04375 0.05546875 0.06328125
2 0.94765625 0.3140625 0.1046875 0.11640625
2 0.74375 0.34765625 0.11328125 0.1125
2 0.0625 0.19609375 0.125 0.16328125
2 0.15 0.12734375 0.0265625 0.0375
14 0.5 0.528125 1 0.35546875
2 0.8609375 0.11328125 0.1703125 0.21796875
2 0.0640625 0.77109375 0.125 0.13984375
2 0.240625 0.80234375 0.196875 0.20390625
2 0.4046875 0.11171875 0.09296875 0.14375
2 0.2234375 0.13046875 0.06015625 0.075
0 0.9859375 0.09296875 0.028125 0.18125
2 0.83359375 0.74453125 0.1515625 0.175
2 0.38515625 0.8453125 0.14140625 0.190625
2 0.2859375 0.26640625 0.040625 0.07109375
2 0.6078125 0.40078125 0.0703125 0.07109375
2 0.690625 0.91953125 0.06171875 0.0875
2 0.58125 0.03515625 0.04921875 0.03984375
2 0.7125 0.23515625 0.0859375 0.06953125
2 0.2015625 0.42734375 0.040625 0.06484375