2 0.11875 0.66171875 0.07578125 0.10546875
2 0.7375 0.36796875 0.0296875 0.03671875
2 0.025 0.634375 0.0359375 0.0375
2 0.4359375 0.28203125 0.03203125 0.05
2 0.2953125 0.91640625 0.0453125 0.046875
2 0.31875 0.64609375 0.03203125 0.03984375
2 0.01015625 0.8046875 0.0203125 0.03359375
1 0.3625 0.59765625 0.725 0.80078125
2 0.11640625 0.40703125 0.0734375 0.08125
2 0.14453125 0.57421875 0.025 0.03828125
2 0.15078125 0.52578125 0.04375 0.05234375
2 0.84453125 0.27109375 0.04453125 0.04609375
2 0.0796875 0.50859375 0.025 0.03671875
2 0.8203125 0.60078125 0.05234375 0.0375
2 0.434375 0.18984375 0.03125 0.03515625
2 0.03828125 0.5515625 0.028125 0.02578125
2 0.16875 0.71015625 0.02265625 0.03125
2 0.3578125 0.84453125 0.02890625 0.04609375
2 0.2125 0.67890625 0.02109375 0.0375
2 0.340625 0.74609375 0.0359375 0.05
2 0.81015625 0.90078125 0.0375 0.065625
2 0.4859375 0.80390625 0.06875 0.05390625
2 0.06796875 0.05546875 0.1359375 0.1109375
2 0.34609375 0.91171875 0.04921875 0.10625
2 0.73671875 0.8015625 0.034375 0.03671875
2 0.1375 0.98125 0.06484375 0.03515625
2 0.60078125 0.21015625 0.16328125 0.29453125
2 0.034375 0.759375 0.04453125 0.04765625
2 0.78515625 0.2296875 0.05859375 0.14453125
2 0.8953125 0.9125 0.04140625 0.0375
2 0.3921875 0.4125 0.1328125 0.20390625
3 0.41796875 0.796875 0.0671875 0.40078125
2 0.09609375 0.75078125 0.03125 0.06015625
2 0.4359375 0.13828125 0.040625 0.05078125
2 0.76796875 0.940625 0.0203125 0.02734375
2 0.609375 0.7640625 0.08515625 0.084375
2 0.79375 0.03359375 0.0625 0.0671875
3 0.2265625 0.18828125 0.2328125 0.37421875
2 0.965625 0.98125 0.0546875 0.03203125
2 0.796875 0.43203125 0.0484375 0.084375
2 0.0296875 0.35 0.053125 0.09765625
2 0.39921875 0.80703125 0.040625 0.09296875
2 0.590625 0.6484375 0.22265625 0.17890625
2 0.4734375 0.28359375 0.028125 0.02734375
2 0.184375 0.19296875 0.0875 0.12265625
2 0.525 0.45625 0.159375 0.2625
2 0.90234375 0.46328125 0.0546875 0.071875
2 0.28125 0.7484375 0.02109375 0.03203125
2 0.2109375 0.8203125 0.02734375 0.03125
2 0.2515625 0.01484375 0.04375 0.02734375
2 0.09375 0.44453125 0.0265625 0.03515625
2 0.421875 0.04375 0.034375 0.03125
2 0.925 0.0421875 0.0203125 0.04453125
2 0.6109375 0.04140625 0.184375 0.07890625
2 0.4015625 0.9625 0.02734375 0.06796875
2 0.67890625 0.89140625 0.04375 0.05859375
2 0.215625 0.43984375 0.0765625 0.103125
2 0.0625 0.70625 0.04453125 0.07421875
2 0.80390625 0.7796875 0.0515625 0.04609375
2 0.46328125 0.23671875 0.0171875 0.03515625
2 0.890625 0.20078125 0.03125 0.028125
2 0.1609375 0.8984375 0.03203125 0.05546875
2 0.2421875 0.08046875 0.05546875 0.0375
2 0.2015625 0.753125 0.03125 0.04453125
2 0.459375 0.74296875 0.05625 0.0375
2 0.84375 0.51484375 0.03125 0.03515625