2 0.59375 0.62734375 0.01796875 0.03125
2 0.61640625 0.42265625 0.01640625 0.02109375
2 0.3765625 0.49140625 0.01015625 0.01640625
2 0.78515625 0.959375 0.01328125 0.01796875
2 0.7234375 0.41796875 0.01328125 0.025
2 0.9921875 0.15703125 0.0109375 0.01875
2 0.6265625 0.21484375 0.01953125 0.02421875
2 0.3484375 0.121875 0.02578125 0.02578125
2 0.95625 0.17265625 0.01015625 0.01171875
2 0.38515625 0.98671875 0.02421875 0.02265625
2 0.87265625 0.03671875 0.009375 0.01875
2 0.1515625 0.51015625 0.0078125 0.015625
2 0.16640625 0.396875 0.0140625 0.0125
2 0.5703125 0.1 0.0140625 0.01640625
2 0.85390625 0.45859375 0.02421875 0.03515625
2 0.0375 0.71171875 0.0203125 0.02734375
2 0.446875 0.56796875 0.01953125 0.01875
2 0.8078125 0.69140625 0.03125 0.01953125
2 0.653125 0.40859375 0.028125 0.05078125
2 0.66875 0.646875 0.01328125 0.02421875
2 0.3265625 0.8828125 0.015625 0.01640625
2 0.92109375 0.8828125 0.0171875 0.01953125
2 0.7390625 0.0515625 0.0171875 0.03671875
2 0.85390625 0.36171875 0.0359375 0.04453125
2 0.046875 0.26953125 0.0078125 0.0125
0 0.50703125 0.5734375 0.05078125 0.05
2 0.1109375 0.87578125 0.2125 0.240625
2 0.940625 0.35859375 0.0296875 0.03125
2 0.5203125 0.33046875 0.03359375 0.05390625
2 0.221875 0.41171875 0.01015625 0.021875
2 0.6984375 0.41015625 0.01484375 0.025
2 0.678125 0.22890625 0.00703125 0.01328125
2 0.2 0.70390625 0.01953125 0.03046875
2 0.1234375 0.30703125 0.11171875 0.109375
2 0.51015625 0.52421875 0.0234375 0.02578125
2 0.0265625 0.346875 0.02421875 0.02890625
2 0.28125 0.87265625 0.03125 0.021875
2 0.946875 0.89453125 0.0140625 0.01640625
2 0.0125 0.47578125 0.025 0.0328125
2 0.97421875 0.15859375 0.0046875 0.01015625
2 0.42578125 0.74453125 0.01875 0.034375
2 0.02734375 0.31171875 0.0140625 0.02890625
2 0.64453125 0.81640625 0.02734375 0.03984375
2 0.02890625 0.22578125 0.009375 0.01484375
2 0.89375 0.8796875 0.0125 0.02265625
2 0.2296875 0.48203125 0.02109375 0.01875
2 0.6546875 0.846875 0.02890625 0.02109375
2 0.390625 0.59296875 0.0203125 0.02265625
2 0.19609375 0.553125 0.009375 0.01875
2 0.2625 0.41015625 0.0125 0.02265625
2 0.9515625 0.1171875 0.01796875 0.0375
2 0.8390625 0.04921875 0.0140625 0.03828125
2 0.3171875 0.43671875 0.07421875 0.08671875
2 0.5640625 0.71953125 0.0765625 0.084375
0 0.2171875 0.053125 0.14296875 0.10625
2 0.303125 0.8765625 0.00546875 0.01328125
2 0.13359375 0.1578125 0.06328125 0.04453125
2 0.5921875 0.06953125 0.015625 0.01796875
2 0.953125 0.24453125 0.01015625 0.01796875
2 0.859375 0.321875 0.01015625 0.01875
3 0.3640625 0.49296875 0.0109375 0.01015625
2 0.6078125 0.78125 0.01171875 0.021875
2 0.871875 0.16484375 0.02734375 0.02734375
2 0.3328125 0.55703125 0.01171875 0.01875
2 0.784375 0.59140625 0.0359375 0.04765625
2 0.00625 0.571875 0.01171875 0.03671875
2 0.91015625 0.01640625 0.0078125 0.01953125
2 0.78359375 0.675 0.0265625 0.034375
2 0.5734375 0.96953125 0.0109375 0.02265625
2 0.9671875 0.05 0.0203125 0.02109375
2 0.80625 0.28828125 0.0375 0.02109375
2 0.525 0.94140625 0.01171875 0.02109375
2 0.77421875 0.2296875 0.034375 0.06953125
2 0.75 0.7 0.015625 0.02890625
2 0.3609375 0.18515625 0.06953125 0.075
2 0.98984375 0.3734375 0.01171875 0.01328125
2 0.7578125 0.29296875 0.01875 0.03203125
2 0.0546875 0.63828125 0.02265625 0.03125
2 0.0046875 0.23984375 0.009375 0.01484375
2 0.44921875 0.50703125 0.0078125 0.01484375
2 0.0171875 0.02421875 0.03359375 0.04609375
0 0.39609375 0.3171875 0.075 0.10546875
2 0.4421875 0.33359375 0.0375 0.05
2 0.71875 0.47734375 0.02109375 0.03125
2 0.725 0.98203125 0.01015625 0.01640625
2 0.90625 0.46796875 0.0265625 0.025
2 0.796875 0.99296875 0.01171875 0.0125
0 0.28125 0.26953125 0.03515625 0.05
2 0.434375 0.409375 0.06796875 0.07109375
2 0.8484375 0.19921875 0.01953125 0.02890625
2 0.77265625 0.8234375 0.06328125 0.07421875
2 0.471875 0.7390625 0.02421875 0.05078125
2 0.1078125 0.06484375 0.04765625 0.09609375
2 0.08203125 0.246875 0.015625 0.05390625
2 0.484375 0.8125 0.03203125 0.046875
2 0.31015625 0.51796875 0.01953125 0.02890625
2 0.75625 0.0515625 0.0140625 0.05546875
2 0.925 0.075 0.0140625 0.01640625
2 0.30390625 0.11484375 0.01328125 0.0375
2 0.8796875 0.52109375 0.021875 0.03203125
2 0.3 0.57265625 0.02109375 0.01875
2 0.7484375 0.51640625 0.07265625 0.059375
2 0.7203125 0.9234375 0.04609375 0.0375
2 0.86796875 0.58671875 0.03046875 0.03828125
2 0.4265625 0.49140625 0.0265625 0.05859375
2 0.1828125 0.15859375 0.01875 0.021875
2 0.78359375 0.74453125 0.02265625 0.01953125
2 0.340625 0.9234375 0.01484375 0.015625
2 0.8640625 0.75859375 0.0078125 0.01328125
0 0.4734375 0.0828125 0.03515625 0.03671875
2 0.2109375 0.61796875 0.01171875 0.015625
2 0.159375 0.47890625 0.01875 0.01640625
2 0.234375 0.90234375 0.02734375 0.04296875
2 0.284375 0.80859375 0.01875 0.06171875
2 0.45 0.1703125 0.0109375 0.01953125
2 0.1125 0.3796875 0.03515625 0.040625
2 0.928125 0.22421875 0.01015625 0.01796875
2 0.49375 0.25703125 0.01796875 0.02109375
2 0.9203125 0.38359375 0.0109375 0.01328125
2 0.11640625 0.52734375 0.01328125 0.01640625
2 0.91171875 0.1921875 0.0109375 0.01484375
2 0.69765625 0.2359375 0.021875 0.04765625
2 0.01640625 0.51171875 0.0125 0.01796875
2 0.10234375 0.46015625 0.01328125 0.028125
2 0.3453125 0.54921875 0.01328125 0.01640625
2 0.7375 0.25 0.0375 0.04609375
2 0.0703125 0.47890625 0.0171875 0.01171875
2 0.8984375 0.0484375 0.0234375 0.034375
2 0.240625 0.34765625 0.0421875 0.05703125
2 0.6734375 0.765625 0.0390625 0.03671875
2 0.0859375 0.56796875 0.0296875 0.07109375
2 0.621875 0.71796875 0.0609375 0.090625
2 0.50625 0.41953125 0.01484375 0.03125
2 0.4640625 0.6625 0.04140625 0.04296875
2 0.546875 0.5125 0.0171875 0.02578125
2 0.44921875 0.0578125 0.0078125 0.01328125
2 0.4390625 0.09453125 0.0203125 0.028125
2 0.890625 0.31953125 0.02421875 0.028125
2 0.37109375 0.43515625 0.02421875 0.046875
2 0.35234375 0.71484375 0.02578125 0.040625
2 0.48828125 0.2 0.00703125 0.01484375
2 0.25703125 0.46796875 0.02421875 0.04140625
0 0.521875 0.47734375 0.04296875 0.05234375
2 0.36484375 0.0125 0.01015625 0.015625
2 0.9765625 0.25078125 0.015625 0.01484375
2 0.0046875 0.6796875 0.00859375 0.02109375
2 0.771875 0.88984375 0.02265625 0.04453125
2 0.7703125 0.37578125 0.0234375 0.025
2 0.6578125 0.91015625 0.03515625 0.05078125
2 0.5921875 0.14609375 0.0109375 0.01796875
2 0.9015625 0.828125 0.01953125 0.028125
2 0.90625 0.70625 0.0390625 0.03125
2 0.16015625 0.42890625 0.00546875 0.01015625
2 0.421875 0.02265625 0.00859375 0.01484375
2 0.234375 0.11953125 0.01484375 0.0125
2 0.9640625 0.84375 0.01015625 0.01328125
2 0.21953125 0.85546875 0.02578125 0.02890625
2 0.671875 0.6921875 0.01796875 0.0375
2 0.928125 0.18359375 0.00703125 0.00703125
2 0.2546875 0.53515625 0.0265625 0.034375
2 0.17890625 0.5171875 0.01171875 0.01875
2 0.0234375 0.4265625 0.01484375 0.009375
2 0.6859375 0.38125 0.01328125 0.021875
2 0.93046875 0.56640625 0.015625 0.01875
2 0.40703125 0.68359375 0.00859375 0.01640625
2 0.87734375 0.23984375 0.00625 0.01171875
0 0.509375 0.0203125 0.02265625 0.02734375
2 0.20078125 0.43828125 0.00859375 0.01484375
2 0.41796875 0.84453125 0.00625 0.01640625
2 0.02578125 0.553125 0.02734375 0.03984375
2 0.0671875 0.2484375 0.0140625 0.01953125
2 0.70625 0.621875 0.04375 0.03671875
2 0.2109375 0.3171875 0.01015625 0.01796875
2 0.9640625 0.37578125 0.01484375 0.01796875
3 0.35546875 0.7796875 0.1359375 0.3875
2 0.70859375 0.32421875 0.0546875 0.08671875
2 0.3015625 0.9234375 0.034375 0.040625
2 0.32265625 0.24296875 0.04375 0.05234375
2 0.821875 0.0234375 0.01640625 0.02734375
2 0.30625 0.98359375 0.0140625 0.021875
2 0.8203125 0.9421875 0.0140625 0.04296875
2 0.909375 0.73203125 0.01796875 0.01796875
2 0.6078125 0.153125 0.0140625 0.021875
2 0.8921875 0.95234375 0.0140625 0.03671875
2 0.01171875 0.61640625 0.01484375 0.04296875
2 0.81875 0.6171875 0.009375 0.01328125
2 0.61953125 0.91015625 0.01640625 0.01953125
2 0.96015625 0.13828125 0.0140625 0.02265625
2 0.8296875 0.71328125 0.01796875 0.01484375
2 0.03984375 0.24609375 0.015625 0.021875
2 0.50546875 0.72890625 0.03359375 0.075
2 0.66953125 0.10703125 0.04609375 0.084375
2 0.875 0.72734375 0.02734375 0.025
2 0.34375 0.67109375 0.02890625 0.04375
2 0.7375 0.11875 0.028125 0.04609375
2 0.1953125 0.653125 0.015625 0.015625
2 0.9203125 0.26796875 0.0171875 0.03359375
2 0.64140625 0.72890625 0.0078125 0.015625
2 0.66171875 0.16015625 0.01328125 0.02421875
2 0.8140625 0.4796875 0.01796875 0.02421875
2 0.6765625 0.42890625 0.01328125 0.01875
8 0.63125 0.51796875 0.15 0.10703125
2 0.86875 0.090625 0.01171875 0.05
2 0.18984375 0.290625 0.02734375 0.059375
2 0.678125 0.8453125 0.01328125 0.02421875
2 0.0078125 0.72109375 0.009375 0.01875
2 0.1 0.69296875 0.08671875 0.09296875
2 0.81875 0.33515625 0.040625 0.04453125
0 0.5984375 0.37734375 0.03046875 0.04296875
2 0.178125 0.69140625 0.021875 0.02890625
2 0.9375 0.94296875 0.0109375 0.02265625
2 0.48359375 0.9640625 0.0265625 0.071875
2 0.7125 0.69140625 0.021875 0.03671875
2 0.140625 0.06640625 0.02421875 0.03046875
2 0.0328125 0.39296875 0.0359375 0.03125
2 0.4734375 0.0171875 0.028125 0.028125
2 0.9578125 0.28828125 0.0140625 0.02421875
2 0.3359375 0.990625 0.01875 0.01875
2 0.3484375 0.33125 0.0171875 0.02265625
2 0.478125 0.16015625 0.01328125 0.03515625
2 0.946875 0.2109375 0.01875 0.025
2 0.79140625 0.02578125 0.040625 0.046875
2 0.78125 0.13046875 0.06796875 0.09609375
2 0.2640625 0.7609375 0.01875 0.02421875
2 0.70625 0.73203125 0.01484375 0.015625
2 0.0453125 0.15546875 0.071875 0.08359375
2 0.5640625 0.02421875 0.01640625 0.01953125
2 0.9375 0.6390625 0.0296875 0.02890625
2 0.47734375 0.434375 0.01171875 0.02265625
2 0.78203125 0.92421875 0.0109375 0.02578125
2 0.934375 0.41171875 0.0140625 0.015625
2 0.1234375 0.21328125 0.053125 0.04765625
2 0.95 0.47578125 0.009375 0.01796875
2 0.9828125 0.28125 0.01875 0.021875
2 0.1796875 0.64609375 0.01015625 0.02265625
2 0.159375 0.23046875 0.01171875 0.02890625
2 0.8046875 0.0703125 0.01640625 0.015625
2 0.05625 0.04609375 0.01015625 0.028125
2 0.22578125 0.7125 0.0203125 0.02890625
2 0.8484375 0.24609375 0.01015625 0.01875
2 0.73984375 0.9515625 0.01171875 0.01640625
2 0.38515625 0.065625 0.028125 0.04296875
2 0.284375 0.72421875 0.0359375 0.01875