2 0.79296875 0.50234375 0.0453125 0.06328125
2 0.6140625 0.54765625 0.0453125 0.05546875
2 0.00859375 0.01171875 0.0171875 0.021875
0 0.71875 0.34609375 0.0390625 0.05234375
2 0.7546875 0.1828125 0.0421875 0.04609375
2 0.03125 0.48203125 0.0625 0.11875
2 0.7921875 0.44609375 0.028125 0.06171875
2 0.55625 0.06484375 0.1203125 0.12421875
2 0.475 0.3203125 0.03359375 0.084375
2 0.7796875 0.33359375 0.08046875 0.15859375
2 0.37734375 0.9046875 0.059375 0.05625
2 0.00703125 0.04765625 0.0140625 0.03125
2 0.8640625 0.5109375 0.13515625 0.10703125
2 0.4359375 0.78671875 0.03046875 0.03359375
2 0.7171875 0.53828125 0.021875 0.03671875
2 0.434375 0.1984375 0.0453125 0.05703125
2 0.1328125 0.26796875 0.0453125 0.08046875
2 0.7546875 0.41640625 0.025 0.02890625
2 0.215625 0.01953125 0.0359375 0.03671875
2 0.23203125 0.53671875 0.028125 0.04453125
2 0.3125 0.33125 0.11796875 0.13359375
2 0.73125 0.39765625 0.03046875 0.02734375
2 0.9859375 0.06484375 0.02734375 0.05703125
2 0.5296875 0.38671875 0.03828125 0.04609375
2 0.1390625 0.83515625 0.16953125 0.30546875
2 0.871875 0.8453125 0.034375 0.04296875
2 0.56875 0.5046875 0.05625 0.14921875
3 0.45859375 0.0234375 0.1046875 0.046875
2 0.9890625 0.71328125 0.02109375 0.05078125
2 0.64765625 0.4859375 0.0453125 0.06015625
2 0.94453125 0.321875 0.05078125 0.08203125
2 0.10390625 0.13828125 0.0484375 0.05703125
2 0.51953125 0.26796875 0.0296875 0.05234375
2 0.16875 0.009375 0.01640625 0.01640625
2 0.6984375 0.93515625 0.03125 0.03671875
2 0.953125 0.52265625 0.04609375 0.05234375
2 0.9203125 0.44140625 0.03515625 0.04453125
2 0.50625 0.815625 0.03359375 0.059375
2 0.33125 0.47109375 0.09921875 0.11484375
2 0.04765625 0.815625 0.03125 0.04765625
2 0.059375 0.30546875 0.0390625 0.04765625
2 0.63125 0.15703125 0.0265625 0.021875
2 0.4296875 0.70078125 0.0265625 0.04453125
2 0.259375 0.015625 0.0140625 0.03125
2 0.0734375 0.22578125 0.09453125 0.10546875
2 0.94140625 0.73203125 0.05625 0.09140625
10 0.5 0.47421875 1 0.35546875
2 0.928125 0.9046875 0.04921875 0.08671875
2 0.34453125 0.58359375 0.0546875 0.05546875
2 0.87890625 0.40703125 0.05625 0.10078125
2 0.72421875 0.65078125 0.02734375 0.040625
2 0.8734375 0.74609375 0.09375 0.16640625
2 0.56640625 0.6640625 0.0484375 0.08046875
2 0.478125 0.4609375 0.06015625 0.059375
2 0.69296875 0.37734375 0.0171875 0.03359375
2 0.453125 0.11015625 0.0765625 0.12109375
2 0.4171875 0.85546875 0.0359375 0.05
0 0.71171875 0.22109375 0.04453125 0.05546875
2 0.7125 0.00859375 0.025 0.0171875
2 0.821875 0.04609375 0.06875 0.09140625
2 0.065625 0.04375 0.02890625 0.028125
2 0.859375 0.30390625 0.0421875 0.06171875
2 0.36640625 0.19453125 0.0859375 0.1625
2 0.45 0.92890625 0.04609375 0.04921875
2 0.59140625 0.81171875 0.0796875 0.15625
2 0.74453125 0.5625 0.0390625 0.08203125
2 0.6671875 0.87109375 0.03046875 0.04296875
3 0.0625 0.51328125 0.0546875 0.12109375
2 0.459375 0.53828125 0.0703125 0.06328125
2 0.1109375 0.06328125 0.040625 0.02265625