14 0.41484375 0.41484375 0.0453125 0.10703125
2 0.33984375 0.2828125 0.01796875 0.02578125
2 0.2640625 0.17109375 0.021875 0.03125
2 0.3265625 0.75078125 0.0171875 0.02734375
16 0.7203125 0.14765625 0.36875 0.2953125
2 0.859375 0.3953125 0.02421875 0.02421875
0 0.415625 0.41953125 0.01484375 0.03125
2 0.665625 0.22890625 0.01640625 0.03671875
2 0.375 0.490625 0.01328125 0.021875
2 0.6078125 0.25703125 0.01640625 0.02578125
2 0.6734375 0.84453125 0.02109375 0.03046875
2 0.34375 0.47578125 0.0234375 0.03203125
2 0.05546875 0.09453125 0.0140625 0.02265625
2 0.9515625 0.23203125 0.02421875 0.02578125
2 0.6484375 0.45703125 0.02265625 0.03203125
2 0.90625 0.834375 0.021875 0.03203125
2 0.1984375 0.89609375 0.028125 0.02578125
2 0.4796875 0.94765625 0.0171875 0.02421875
2 0.346875 0.58125 0.0421875 0.04140625
9 0.06640625 0.28671875 0.0203125 0.04140625
2 0.625 0.740625 0.021875 0.021875
2 0.2875 0.16328125 0.01484375 0.02265625
2 0.6703125 0.5109375 0.0203125 0.03515625
2 0.06796875 0.06484375 0.01484375 0.03359375
2 0.509375 0.24296875 0.02109375 0.03125
2 0.60234375 0.57265625 0.0109375 0.02421875
2 0.9390625 0.0203125 0.01796875 0.02734375
2 0.390625 0.20859375 0.01484375 0.02734375