14 0.4875 0.49921875 0.1359375 0.99609375
9 0.078125 0.61328125 0.15625 0.240625
9 0.03125 0.18359375 0.06171875 0.065625
2 0.85390625 0.9 0.05078125 0.065625
2 0.7015625 0.21796875 0.10390625 0.121875
2 0.6890625 0.68203125 0.08046875 0.08984375
9 0.1046875 0.48984375 0.2015625 0.184375
2 0.7359375 0.4328125 0.06171875 0.08359375
2 0.859375 0.74140625 0.11015625 0.14765625
2 0.284375 0.41015625 0.0859375 0.11640625
9 0.2203125 0.22890625 0.43984375 0.215625
2 0.12109375 0.2796875 0.05625 0.05625
9 0.58515625 0.10625 0.0859375 0.1125
2 0.1875 0.371875 0.09609375 0.084375
9 0.64765625 0.12578125 0.12421875 0.03671875
9 0.04375 0.50703125 0.08671875 0.078125
2 0.0421875 0.034375 0.084375 0.065625
2 0.19921875 0.08515625 0.09609375 0.125
9 0.4078125 0.19609375 0.128125 0.234375
2 0.6453125 0.50234375 0.06484375 0.078125
9 0.34609375 0.23203125 0.20859375 0.04140625
2 0.4125 0.26796875 0.01484375 0.01484375
9 0.1234375 0.79375 0.24609375 0.084375