2 0.9203125 0.03671875 0.0375 0.02734375
2 0.8375 0.59921875 0.0703125 0.09375
2 0.9296875 0.83203125 0.0828125 0.12421875
2 0.5984375 0.45078125 0.01796875 0.028125
2 0.965625 0.90546875 0.028125 0.05078125
2 0.6875 0.60546875 0.04921875 0.05546875
2 0.140625 0.8015625 0.0578125 0.06015625
2 0.6203125 0.0421875 0.1421875 0.084375
2 0.6609375 0.28515625 0.03359375 0.05625
2 0.2109375 0.8453125 0.02421875 0.03515625
2 0.134375 0.17578125 0.10703125 0.11953125
2 0.05234375 0.76640625 0.1046875 0.196875
2 0.36875 0.04609375 0.07578125 0.08359375
2 0.18046875 0.81796875 0.0265625 0.03203125
2 0.3328125 0.67890625 0.1 0.10546875
2 0.08359375 0.96328125 0.03828125 0.05625
2 0.43125 0.6890625 0.05546875 0.07890625
2 0.040625 0.55390625 0.0234375 0.03046875
2 0.3265625 0.86796875 0.065625 0.259375
2 0.84375 0.3078125 0.090625 0.11875
2 0.5734375 0.859375 0.11875 0.20859375
2 0.853125 0.0296875 0.02265625 0.05625
2 0.94453125 0.44609375 0.05625 0.05390625
2 0.8515625 0.765625 0.0703125 0.19296875
4 0.4953125 0.61640625 0.66875 0.65078125
2 0.64765625 0.15546875 0.0921875 0.103125
2 0.43359375 0.3609375 0.14921875 0.11171875
2 0.96796875 0.4 0.0640625 0.1
2 0.2015625 0.63828125 0.11171875 0.09375
2 0.27265625 0.971875 0.053125 0.04765625
2 0.271875 0.52578125 0.04140625 0.11328125
2 0.49375 0.67265625 0.0453125 0.065625
2 0.8953125 0.59609375 0.04140625 0.05703125
2 0.79375 0.4390625 0.07265625 0.07109375
2 0.92421875 0.1734375 0.11875 0.11875
2 0.6421875 0.49296875 0.0546875 0.08359375
2 0.903125 0.4890625 0.08046875 0.078125
2 0.24453125 0.17578125 0.1078125 0.18359375
2 0.38359375 0.9046875 0.03359375 0.040625
2 0.3875 0.19921875 0.1203125 0.13515625
2 0.96328125 0.01796875 0.03125 0.03125
2 0.5015625 0.13359375 0.059375 0.09296875
2 0.9328125 0.29375 0.06015625 0.16015625
2 0.1890625 0.75 0.0234375 0.05078125
2 0.7921875 0.63984375 0.01953125 0.02421875
2 0.7421875 0.3140625 0.11328125 0.07734375
2 0.83046875 0.49609375 0.03046875 0.040625
2 0.79375 0.1203125 0.2265625 0.11640625
2 0.5890625 0.35 0.18671875 0.10625
2 0.5640625 0.97734375 0.05234375 0.040625
2 0.1171875 0.44140625 0.1390625 0.3
2 0.1265625 0.26171875 0.059375 0.065625
2 0.559375 0.24296875 0.08984375 0.096875
2 0.653125 0.740625 0.040625 0.04765625
2 0.69375 0.86171875 0.12265625 0.16484375
2 0.7171875 0.51328125 0.0765625 0.09296875