4 0.36796875 0.49921875 0.4390625 0.9984375
2 0.375 0.01796875 0.01953125 0.02890625
2 0.5984375 0.38125 0.028125 0.03359375
2 0.68203125 0.96484375 0.02890625 0.05390625
2 0.109375 0.5296875 0.03828125 0.03515625
2 0.91484375 0.97578125 0.01484375 0.02421875
16 0.9234375 0.128125 0.153125 0.25390625
2 0.7578125 0.340625 0.01640625 0.03359375
2 0.940625 0.80546875 0.02109375 0.040625
2 0.84375 0.440625 0.0984375 0.12421875
2 0.44453125 0.8453125 0.0609375 0.08828125
2 0.07265625 0.7109375 0.021875 0.03203125
2 0.765625 0.57265625 0.03046875 0.02421875
2 0.125 0.62578125 0.0171875 0.02265625
2 0.77421875 0.81484375 0.16328125 0.175
2 0.1015625 0.9890625 0.0171875 0.01875
2 0.121875 0.05234375 0.24375 0.09375
2 0.01875 0.98515625 0.0203125 0.02734375
2 0.96640625 0.93828125 0.01484375 0.02265625
2 0.07109375 0.68359375 0.0171875 0.021875
2 0.05234375 0.63828125 0.03359375 0.04609375
2 0.93359375 0.9578125 0.0203125 0.028125
2 0.0421875 0.17265625 0.0234375 0.02578125
2 0.1578125 0.246875 0.315625 0.184375
2 0.03515625 0.91875 0.01796875 0.028125
2 0.1328125 0.93671875 0.0234375 0.03203125
2 0.30859375 0.47109375 0.028125 0.03359375
2 0.578125 0.47578125 0.0140625 0.02421875
2 0.2234375 0.8875 0.01953125 0.03125
2 0.575 0.703125 0.025 0.02734375
2 0.84140625 0.2921875 0.01484375 0.03671875
2 0.1484375 0.59296875 0.02734375 0.02578125
2 0.7515625 0.18515625 0.16171875 0.12421875
2 0.640625 0.096875 0.0140625 0.02890625
2 0.91328125 0.62109375 0.1734375 0.19609375
2 0.9734375 0.36875 0.05234375 0.05234375
2 0.13828125 0.45859375 0.04609375 0.06484375
2 0.4609375 0.63515625 0.02265625 0.01953125
2 0.5546875 0.76328125 0.02890625 0.06796875