2 0.09375 0.53046875 0.065625 0.11640625
2 0.02734375 0.05859375 0.0546875 0.115625
2 0.778125 0.2390625 0.1140625 0.12109375
2 0.8171875 0.05546875 0.05859375 0.065625
2 0.0828125 0.3125 0.084375 0.10625
2 0.48671875 0.13046875 0.034375 0.021875
2 0.5421875 0.9703125 0.028125 0.03515625
2 0.525 0.5953125 0.04453125 0.06953125
2 0.0546875 0.04140625 0.01640625 0.028125
2 0.9609375 0.37890625 0.05546875 0.11875
2 0.47890625 0.02734375 0.0359375 0.03359375
2 0.4921875 0.56328125 0.01640625 0.02734375
2 0.1734375 0.04609375 0.06328125 0.09140625
2 0.03125 0.55234375 0.06171875 0.31171875
2 0.375 0.1984375 0.0484375 0.06015625
2 0.97578125 0.2484375 0.0484375 0.16171875
2 0.79453125 0.1390625 0.05625 0.07890625
2 0.3484375 0.90390625 0.059375 0.03828125
2 0.40625 0.17421875 0.01328125 0.02734375
0 0.84765625 0.7625 0.034375 0.04140625
2 0.9375 0.07578125 0.121875 0.1515625
2 0.2359375 0.85703125 0.10546875 0.10546875
2 0.8796875 0.2078125 0.09296875 0.13515625
2 0.2953125 0.52109375 0.075 0.09375
0 0.90625 0.46640625 0.05859375 0.059375
2 0.55 0.64296875 0.0203125 0.03359375
2 0.34140625 0.72265625 0.01953125 0.03203125
2 0.3234375 0.85390625 0.03359375 0.02578125
2 0.66484375 0.95390625 0.01484375 0.06875
2 0.16484375 0.16796875 0.03125 0.04296875
2 0.30546875 0.91796875 0.0265625 0.03515625
2 0.225 0.72578125 0.0453125 0.03515625
2 0.18125 0.64140625 0.0265625 0.084375
2 0.08984375 0.06171875 0.06640625 0.07265625
2 0.79140625 0.8078125 0.03828125 0.0375
8 0.39375 0.43984375 0.06640625 0.071875
2 0.3859375 0.0625 0.1390625 0.12265625
2 0.678125 0.17890625 0.03203125 0.04453125
2 0.7984375 0.9453125 0.15 0.10625
2 0.10625 0.8671875 0.0828125 0.075
0 0.9375 0.51484375 0.0671875 0.08125
2 0.2703125 0.05703125 0.06484375 0.03984375
2 0.6046875 0.26484375 0.08046875 0.15078125
2 0.64375 0.10703125 0.02265625 0.09140625
2 0.2734375 0.97890625 0.05546875 0.040625
2 0.54921875 0.79140625 0.090625 0.13828125
2 0.1453125 0.56171875 0.03203125 0.040625
2 0.2484375 0.68515625 0.1109375 0.10625
2 0.0171875 0.865625 0.034375 0.065625
2 0.428125 0.65078125 0.0796875 0.09765625
2 0.90625 0.78984375 0.15234375 0.10546875
2 0.2375 0.10859375 0.06328125 0.10703125
2 0.08359375 0.39765625 0.075 0.06171875
2 0.04921875 0.74375 0.0421875 0.08203125
2 0.159375 0.37265625 0.075 0.103125
0 0.61171875 0.56484375 0.0265625 0.040625
2 0.48046875 0.07109375 0.03515625 0.03203125
2 0.1296875 0.03203125 0.02421875 0.05234375
2 0.434375 0.7703125 0.01796875 0.03203125
2 0.184375 0.55546875 0.03515625 0.08671875
2 0.5765625 0.04921875 0.159375 0.096875
2 0.3078125 0.215625 0.0859375 0.28125
2 0.8359375 0.2984375 0.09453125 0.08828125
2 0.0734375 0.95390625 0.09765625 0.084375
2 0.47890625 0.70234375 0.01796875 0.03984375
2 0.128125 0.74765625 0.12421875 0.11875
2 0.53515625 0.42109375 0.0828125 0.25546875
16 0.7953125 0.51171875 0.3875 0.45625
0 0.6859375 0.64140625 0.03828125 0.04921875
2 0.6953125 0.1296875 0.0625 0.065625
2 0.4375 0.93515625 0.11796875 0.128125
2 0.178125 0.95078125 0.103125 0.09296875
0 0.6265625 0.5171875 0.02109375 0.03515625
2 0.65 0.83828125 0.103125 0.175
2 0.5015625 0.61328125 0.01171875 0.02734375
2 0.59375 0.1453125 0.05546875 0.05078125
2 0.1421875 0.50390625 0.05078125 0.06953125
2 0.403125 0.26640625 0.10859375 0.06875
2 0.27265625 0.63203125 0.02109375 0.01875
2 0.0203125 0.2734375 0.040625 0.0875
2 0.459375 0.47578125 0.05234375 0.14453125
2 0.2390625 0.01640625 0.01875 0.0328125
2 0.3953125 0.815625 0.075 0.08671875
2 0.90390625 0.340625 0.065625 0.109375
2 0.33125 0.67109375 0.05234375 0.06875
2 0.49375 0.3171875 0.0765625 0.040625
2 0.1625 0.221875 0.06953125 0.08359375
2 0.01328125 0.15390625 0.0265625 0.02578125
2 0.115625 0.63828125 0.11015625 0.10234375
2 0.378125 0.303125 0.0234375 0.03125
2 0.7296875 0.86015625 0.08046875 0.08359375
2 0.015625 0.7890625 0.03125 0.084375
2 0.0828125 0.18828125 0.090625 0.10078125
2 0.41484375 0.39296875 0.04921875 0.03828125
2 0.39609375 0.57578125 0.09453125 0.15234375
2 0.2328125 0.3078125 0.07890625 0.18046875
0 0.9703125 0.5625 0.04453125 0.07421875
2 0.5546875 0.615625 0.01328125 0.021875
2 0.9078125 0.86796875 0.14453125 0.08359375
2 0.0125 0.22890625 0.02421875 0.05234375
2 0.0203125 0.35234375 0.040625 0.06328125
2 0.49453125 0.8859375 0.03359375 0.040625
2 0.56015625 0.87734375 0.08359375 0.12421875
2 0.20625 0.1921875 0.0140625 0.04921875
2 0.23203125 0.46328125 0.084375 0.13984375