2 0.703125 0.78984375 0.025 0.03984375
2 0.51953125 0.9296875 0.0875 0.13828125
2 0.36875 0.46484375 0.0890625 0.128125
5 0.1984375 0.6328125 0.08203125 0.1125
2 0.36875 0.91953125 0.05546875 0.06875
2 0.1109375 0.70234375 0.0390625 0.046875
2 0.07421875 0.82421875 0.12421875 0.08671875
15 0.4078125 0.63203125 0.70859375 0.734375
2 0.02109375 0.64453125 0.0421875 0.103125
5 0.84453125 0.81328125 0.11328125 0.13828125
2 0.95625 0.5109375 0.08671875 0.37421875
2 0.24296875 0.36796875 0.0546875 0.14921875
2 0.80625 0.23359375 0.09375 0.10625
2 0.43046875 0.0765625 0.1109375 0.15078125
2 0.628125 0.08203125 0.0203125 0.021875
2 0.0109375 0.26875 0.02109375 0.08828125
2 0.640625 0.9765625 0.0453125 0.03828125
2 0.296875 0.2796875 0.05546875 0.12578125
2 0.43828125 0.53984375 0.05078125 0.04609375
2 0.3875 0.2453125 0.0484375 0.08203125
2 0.05859375 0.43984375 0.1171875 0.19296875
2 0.57265625 0.38828125 0.17578125 0.19375
5 0.8578125 0.41796875 0.1078125 0.14453125
2 0.0890625 0.6484375 0.01328125 0.03359375
2 0.109375 0.29140625 0.03125 0.07265625
2 0.153125 0.07109375 0.075 0.13203125
2 0.8125 0.03515625 0.1765625 0.06796875
2 0.79453125 0.61171875 0.25390625 0.2875
2 0.05625 0.72421875 0.0390625 0.059375
5 0.08203125 0.67421875 0.01953125 0.02265625
2 0.2671875 0.88984375 0.0765625 0.08828125
5 0.703125 0.56015625 0.02421875 0.075
5 0.92421875 0.27578125 0.12265625 0.153125
2 0.04140625 0.2078125 0.06875 0.06015625
2 0.3171875 0.36484375 0.01953125 0.03359375
2 0.328125 0.17421875 0.059375 0.04140625
2 0.971875 0.9421875 0.05546875 0.11015625
5 0.6015625 0.52421875 0.09921875 0.13125
2 0.77578125 0.92421875 0.20859375 0.146875
2 0.065625 0.6546875 0.0140625 0.0375
2 0.20625 0.7734375 0.03671875 0.071875
2 0.340625 0.61328125 0.10078125 0.175
2 0.3234375 0.0421875 0.1015625 0.08203125
2 0.171875 0.77578125 0.0203125 0.04296875
2 0.3765625 0.77734375 0.2328125 0.17109375
2 0.015625 0.12578125 0.03046875 0.07421875
2 0.58828125 0.60390625 0.03125 0.03125
2 0.5 0.65703125 0.02421875 0.04296875
2 0.0265625 0.92890625 0.05234375 0.10078125
2 0.56015625 0.046875 0.025 0.05390625
2 0.93203125 0.1234375 0.04921875 0.04609375
2 0.546875 0.15859375 0.06015625 0.08046875
2 0.184375 0.84609375 0.03828125 0.084375
2 0.21875 0.1875 0.08671875 0.11171875
5 0.021875 0.3390625 0.040625 0.05
2 0.078125 0.58984375 0.028125 0.04921875
2 0.3625 0.0734375 0.040625 0.121875
2 0.2140625 0.96015625 0.02109375 0.02265625
2 0.1578125 0.4953125 0.12734375 0.11953125
2 0.66640625 0.02734375 0.03828125 0.03125
2 0.66328125 0.76484375 0.040625 0.05390625
2 0.16015625 0.38203125 0.04609375 0.04140625
2 0.30625 0.10390625 0.08046875 0.084375
2 0.8015625 0.13359375 0.1953125 0.11640625
2 0.2390625 0.63671875 0.0421875 0.078125