2 0.8140625 0.365625 0.08046875 0.1
2 0.084375 0.76640625 0.0625 0.08828125
2 0.7703125 0.76953125 0.21640625 0.21640625
2 0.92265625 0.25546875 0.04765625 0.06171875
2 0.2328125 0.35 0.06328125 0.065625
2 0.1546875 0.10703125 0.06171875 0.06328125
4 0.5 0.5109375 1 0.209375
2 0.7421875 0.953125 0.04609375 0.05625
2 0.60078125 0.2515625 0.38515625 0.503125
2 0.54921875 0.8859375 0.03203125 0.06171875
2 0.2984375 0.2546875 0.04453125 0.09765625
2 0.021875 0.2484375 0.04296875 0.075
2 0.33515625 0.784375 0.34765625 0.42109375