2 0.3359375 0.79609375 0.05390625 0.06796875
2 0.45 0.53984375 0.09609375 0.11640625
2 0.9046875 0.35546875 0.06875 0.10625
2 0.16875 0.33671875 0.04140625 0.06015625
2 0.35390625 0.69453125 0.0546875 0.06953125
2 0.4296875 0.08828125 0.06171875 0.084375
2 0.828125 0.6921875 0.06484375 0.08046875
2 0.378125 0.03203125 0.04140625 0.05546875
14 0.72578125 0.4984375 0.32265625 0.996875
2 0.353125 0.32890625 0.04453125 0.05390625
2 0.5390625 0.62265625 0.08984375 0.13203125
2 0.7796875 0.878125 0.04765625 0.06328125
2 0.0765625 0.32265625 0.05078125 0.06171875
2 0.6265625 0.66640625 0.04453125 0.06875
2 0.5296875 0.13671875 0.0421875 0.06171875
2 0.0578125 0.87578125 0.0578125 0.09765625
2 0.1734375 0.6296875 0.04765625 0.07421875
2 0.246875 0.76640625 0.04921875 0.06328125
2 0.75703125 0.7796875 0.0625 0.09375
2 0.5171875 0.29140625 0.03828125 0.05234375
2 0.11875 0.38671875 0.04609375 0.06328125