2 0.0765625 0.58515625 0.0421875 0.065625
2 0.71875 0.96328125 0.0421875 0.04765625
2 0.575 0.21796875 0.0265625 0.03671875
2 0.734375 0.35703125 0.059375 0.090625
2 0.75 0.17578125 0.065625 0.07421875
2 0.5046875 0.16875 0.03828125 0.065625
2 0.021875 0.5953125 0.04296875 0.17734375
2 0.83125 0.428125 0.03046875 0.04140625
2 0.29375 0.346875 0.0578125 0.06953125
2 0.6421875 0.86953125 0.0734375 0.09375
2 0.0328125 0.75859375 0.065625 0.09765625
2 0.38125 0.58515625 0.05234375 0.06015625
2 0.7046875 0.8703125 0.04296875 0.05234375
2 0.53359375 0.5234375 0.0734375 0.109375
2 0.42734375 0.50546875 0.03203125 0.04296875
2 0.3390625 0.8515625 0.03125 0.05
2 0.5609375 0.0375 0.03359375 0.04765625
2 0.2828125 0.93125 0.02265625 0.04609375
2 0.0859375 0.28515625 0.04453125 0.06953125
2 0.040625 0.37578125 0.05625 0.10078125
14 0.1703125 0.4984375 0.340625 0.996875
2 0.79921875 0.08984375 0.14921875 0.11015625
0 0.40078125 0.10859375 0.1703125 0.215625
2 0.4125 0.89765625 0.1015625 0.14296875
2 0.74765625 0.75625 0.06953125 0.11171875
2 0.6671875 0.33828125 0.06953125 0.128125
2 0.665625 0.13828125 0.0484375 0.08125
2 0.1515625 0.79921875 0.04375 0.06796875
2 0.9875 0.88046875 0.025 0.04765625
2 0.72734375 0.6328125 0.0453125 0.059375
2 0.8453125 0.88046875 0.03046875 0.040625
2 0.559375 0.83359375 0.0484375 0.078125
2 0.121875 0.36640625 0.0578125 0.05546875
2 0.91875 0.17734375 0.1328125 0.14765625
2 0.4015625 0.77578125 0.04453125 0.075
2 0.3703125 0.5234375 0.0546875 0.09765625
2 0.015625 0.85234375 0.0265625 0.04296875
14 0.5 0.38125 1 0.69453125
2 0.5890625 0.97578125 0.05625 0.04609375
2 0.2640625 0.671875 0.03515625 0.04609375
2 0.103125 0.4625 0.06171875 0.05390625
2 0.67421875 0.75234375 0.0765625 0.09375
2 0.49453125 0.73671875 0.04921875 0.12109375
2 0.48046875 0.08828125 0.04921875 0.08671875
2 0.64453125 0.0484375 0.1140625 0.08828125
2 0.9234375 0.91015625 0.06328125 0.12890625
2 0.88125 0.82421875 0.03046875 0.03203125
2 0.6765625 0.21484375 0.0234375 0.03359375
2 0.61875 0.12109375 0.0375 0.03203125
2 0.603125 0.67421875 0.09140625 0.08984375
2 0.3953125 0.45703125 0.04921875 0.04609375
2 0.528125 0.60859375 0.0484375 0.06796875
2 0.603125 0.26640625 0.028125 0.04609375
2 0.78125 0.24375 0.0453125 0.04140625
2 0.240625 0.5484375 0.0890625 0.14296875
2 0.1796875 0.88046875 0.05078125 0.06796875
2 0.9046875 0.38828125 0.0828125 0.09375
2 0.96796875 0.5140625 0.0640625 0.1125
2 0.9171875 0.05546875 0.03515625 0.04453125
2 0.490625 0.8859375 0.06640625 0.12421875