2 0.1796875 0.0328125 0.01328125 0.01953125
2 0.9796875 0.60390625 0.0078125 0.01015625
2 0.0703125 0.64296875 0.0375 0.07734375
2 0.02890625 0.04609375 0.02890625 0.04140625
2 0.2984375 0.67265625 0.02421875 0.02265625
2 0.8203125 0.39765625 0.0421875 0.04609375
0 0.5953125 0.68359375 0.0265625 0.03203125
2 0.9015625 0.56640625 0.0203125 0.01953125
2 0.0484375 0.16953125 0.02109375 0.03515625
3 0.7765625 0.50859375 0.13984375 0.32890625
2 0.06875 0.80703125 0.096875 0.18671875
0 0.58203125 0.52890625 0.04375 0.04453125
2 0.484375 0.340625 0.0171875 0.02265625
2 0.315625 0.14140625 0.02109375 0.021875
2 0.01328125 0.35859375 0.0265625 0.02578125
14 0.5125 0.60390625 0.5421875 0.78359375
2 0.58671875 0.2640625 0.028125 0.02578125
2 0.8390625 0.7203125 0.040625 0.04296875
0 0.5984375 0.57265625 0.03671875 0.05625
2 0.2296875 0.68359375 0.02734375 0.02734375
2 0.353125 0.5203125 0.02265625 0.015625
2 0.1640625 0.525 0.01484375 0.01796875
0 0.6546875 0.6234375 0.06875 0.11875
2 0.475 0.3109375 0.025 0.028125
2 0.7359375 0.0203125 0.02109375 0.03046875
2 0.70546875 0.3015625 0.06875 0.09609375
2 0.87109375 0.55078125 0.03046875 0.03125
2 0.93515625 0.75859375 0.0578125 0.09609375
2 0.096875 0.91484375 0.0140625 0.01953125
2 0.1625 0.31015625 0.025 0.05625
2 0.00625 0.0625 0.0125 0.04375
2 0.5125 0.56015625 0.04453125 0.08671875
2 0.934375 0.60703125 0.01328125 0.046875
2 0.0921875 0.97421875 0.0171875 0.02265625
2 0.14296875 0.4484375 0.0359375 0.06328125
2 0.19765625 0.7484375 0.06484375 0.06796875
2 0.3875 0.17421875 0.040625 0.05625
2 0.1421875 0.85546875 0.0390625 0.03359375
2 0.75 0.25390625 0.0390625 0.05390625
2 0.9875 0.034375 0.0203125 0.03125
2 0.2203125 0.85625 0.0390625 0.04296875
2 0.4640625 0.67109375 0.02265625 0.02734375
2 0.95703125 0.25234375 0.02734375 0.03046875
2 0.4703125 0.98046875 0.0546875 0.03359375
2 0.3796875 0.07578125 0.05859375 0.08046875
2 0.43125 0.74765625 0.03203125 0.040625
2 0.86484375 0.20546875 0.01796875 0.03359375
3 0.596875 0.03046875 0.07421875 0.059375
2 0.0875 0.89140625 0.03046875 0.03203125
2 0.509375 0.12265625 0.01953125 0.02578125
2 0.1421875 0.33359375 0.0265625 0.03828125
3 0.58515625 0.1578125 0.29921875 0.27265625
2 0.45078125 0.36640625 0.03203125 0.03671875
2 0.878125 0.66953125 0.0265625 0.03046875
2 0.109375 0.378125 0.06171875 0.07421875
2 0.1828125 0.65078125 0.040625 0.03515625
2 0.7875 0.01953125 0.0265625 0.01953125
2 0.92421875 0.27578125 0.0359375 0.03671875
0 0.59609375 0.46484375 0.19453125 0.12421875
2 0.86953125 0.159375 0.01328125 0.01796875
2 0.17734375 0.11953125 0.0890625 0.075
2 0.9875 0.45703125 0.02421875 0.04609375
2 0.259375 0.42109375 0.04453125 0.02734375
2 0.74609375 0.31953125 0.01640625 0.02265625
2 0.121875 0.16171875 0.03359375 0.05625
2 0.06015625 0.3046875 0.04921875 0.05703125
2 0.77421875 0.76796875 0.028125 0.04296875
2 0.33828125 0.23125 0.01484375 0.02734375
2 0.9953125 0.75234375 0.009375 0.021875
2 0.4140625 0.971875 0.0265625 0.02734375
2 0.94296875 0.49453125 0.03515625 0.040625
2 0.015625 0.52734375 0.03125 0.09921875
2 0.0140625 0.01328125 0.028125 0.0265625
2 0.4171875 0.8890625 0.04453125 0.06875
0 0.553125 0.65703125 0.0265625 0.05703125
2 0.640625 0.42265625 0.01796875 0.02578125
2 0.17578125 0.68984375 0.0296875 0.03359375
2 0.4796875 0.45390625 0.01484375 0.01875
2 0.503125 0.48671875 0.021875 0.02890625
2 0.91953125 0.04765625 0.11875 0.09296875
2 0.6125 0.296875 0.02421875 0.03203125
2 0.2984375 0.94296875 0.04765625 0.03515625
2 0.2875 0.7734375 0.0265625 0.02578125
2 0.30546875 0.90390625 0.034375 0.04140625
2 0.2671875 0.89609375 0.04765625 0.03125
2 0.25234375 0.07734375 0.02734375 0.01953125
2 0.33125 0.621875 0.03125 0.03359375
2 0.3296875 0.96796875 0.0265625 0.05703125
2 0.1203125 0.66953125 0.05859375 0.05234375
2 0.5671875 0.1515625 0.02265625 0.03515625
2 0.2140625 0.8078125 0.01640625 0.021875
2 0.3875 0.48828125 0.03046875 0.04453125
2 0.4828125 0.61640625 0.0265625 0.04609375
2 0.01640625 0.23359375 0.0234375 0.03671875
2 0.1640625 0.17421875 0.0203125 0.01953125
2 0.7234375 0.08125 0.04609375 0.03984375
2 0.9203125 0.14453125 0.02890625 0.03359375
2 0.6046875 0.1546875 0.02109375 0.03203125
2 0.9359375 0.44609375 0.01640625 0.02734375
2 0.2390625 0.28515625 0.01796875 0.09140625
2 0.04375 0.59921875 0.03828125 0.05234375
2 0.4421875 0.80703125 0.02421875 0.03359375
2 0.83671875 0.29921875 0.04609375 0.08046875
2 0.7046875 0.77109375 0.0203125 0.03984375
2 0.11953125 0.90234375 0.025 0.01875
2 0.3 0.84609375 0.059375 0.05546875
0 0.67421875 0.5375 0.0546875 0.06796875
2 0.028125 0.66640625 0.05625 0.05625
2 0.28125 0.1875 0.04921875 0.05
0 0.6359375 0.7359375 0.04921875 0.06875
2 0.75234375 0.04609375 0.0171875 0.028125
2 0.2375 0.48125 0.01640625 0.021875
2 0.78828125 0.15703125 0.04609375 0.07265625
2 0.14375 0.96484375 0.04140625 0.06875
2 0.3625 0.60546875 0.028125 0.04140625
2 0.58515625 0.34296875 0.0171875 0.01953125
2 0.4671875 0.41953125 0.04765625 0.0375
2 0.7171875 0.15 0.028125 0.01953125
2 0.921875 0.2359375 0.03046875 0.02578125
2 0.9921875 0.20703125 0.01484375 0.07265625
2 0.859375 0.35390625 0.0171875 0.03125
2 0.971875 0.7421875 0.01640625 0.01875
2 0.0484375 0.253125 0.03203125 0.03359375
2 0.16015625 0.90859375 0.02421875 0.02734375
2 0.38125 0.32421875 0.0359375 0.05703125
2 0.18203125 0.39921875 0.01484375 0.021875
2 0.87734375 0.91484375 0.134375 0.13828125
0 0.7453125 0.5515625 0.06875 0.31328125
2 0.00703125 0.2640625 0.0140625 0.01953125
3 0.69375 0.46328125 0.04765625 0.24765625
2 0.20390625 0.17578125 0.03359375 0.05
2 0.1859375 0.971875 0.03828125 0.05078125
2 0.503125 0.33984375 0.01484375 0.021875
3 0.346875 0.43359375 0.06171875 0.14921875
2 0.6484375 0.15234375 0.01484375 0.02265625
2 0.9046875 0.30390625 0.01328125 0.02421875
2 0.0875 0.509375 0.0625 0.05390625
2 0.21328125 0.24296875 0.03515625 0.02265625
2 0.19375 0.92109375 0.025 0.04765625
2 0.1 0.45390625 0.02421875 0.040625
3 0.43984375 0.74921875 0.19453125 0.21640625
2 0.1640625 0.05625 0.0203125 0.01328125
2 0.7984375 0.08828125 0.0234375 0.03515625
2 0.0140625 0.40390625 0.028125 0.0546875
2 0.1296875 0.60234375 0.03828125 0.04609375
2 0.6515625 0.89609375 0.1546875 0.134375
2 0.221875 0.9125 0.0265625 0.04765625
2 0.296875 0.50546875 0.028125 0.078125
2 0.2421875 0.97421875 0.065625 0.04296875
2 0.025 0.11015625 0.0390625 0.02890625
2 0.1875 0.59453125 0.07734375 0.08828125