2 0.25859375 0.490625 0.053125 0.075
14 0.49453125 0.4984375 0.23671875 0.996875
2 0.1828125 0.340625 0.365625 0.66796875
2 0.26875 0.909375 0.13828125 0.17578125
2 0.5953125 0.45078125 0.06015625 0.06953125
2 0.803125 0.61796875 0.0859375 0.09765625
2 0.15078125 0.66484375 0.06953125 0.04921875
2 0.58828125 0.78671875 0.0875 0.11875
2 0.1578125 0.86328125 0.05859375 0.07734375
2 0.80703125 0.27890625 0.09765625 0.128125
2 0.78203125 0.74765625 0.07890625 0.08984375
2 0.6984375 0.33828125 0.06640625 0.09375
2 0.9734375 0.9359375 0.05234375 0.09765625
2 0.7625 0.390625 0.04921875 0.09296875
2 0.49453125 0.89921875 0.0671875 0.08046875
2 0.7 0.22734375 0.06875 0.10078125
2 0.746875 0.89609375 0.1140625 0.203125