9 0.0453125 0.03671875 0.08984375 0.06953125
2 0.0296875 0.62578125 0.040625 0.07421875
2 0.54375 0.68671875 0.03125 0.04921875
2 0.2078125 0.29921875 0.028125 0.02578125
2 0.5796875 0.1 0.03046875 0.03984375
9 0.05625 0.56796875 0.02421875 0.05859375
2 0.22578125 0.66015625 0.0359375 0.05390625
2 0.13515625 0.2703125 0.03828125 0.03515625
2 0.3609375 0.07578125 0.03125 0.04453125
2 0.64296875 0.51953125 0.04609375 0.028125
9 0.40625 0.83125 0.05234375 0.13046875
9 0.59765625 0.8953125 0.096875 0.20703125
2 0.1109375 0.65234375 0.03125 0.028125
9 0.01015625 0.25390625 0.0203125 0.04296875
2 0.2453125 0.77265625 0.0234375 0.02734375
9 0.05625 0.4 0.06328125 0.12265625
9 0.11953125 0.04140625 0.20234375 0.08203125
2 0.40625 0.92109375 0.03046875 0.04296875
9 0.5296875 0.42578125 0.24609375 0.559375
9 0.50390625 0.70390625 0.0140625 0.06015625
2 0.1 0.20390625 0.021875 0.04453125
9 0.4984375 0.975 0.0296875 0.046875
2 0.8609375 0.24296875 0.0265625 0.05390625
2 0.459375 0.77265625 0.03125 0.05703125
2 0.940625 0.2828125 0.11796875 0.121875
9 0.7125 0.06171875 0.2046875 0.11875
2 0.4609375 0.5203125 0.03125 0.04921875
2 0.98984375 0.90390625 0.0203125 0.03359375
2 0.33046875 0.4046875 0.034375 0.05078125
9 0.746875 0.171875 0.14921875 0.34375
2 0.9515625 0.66171875 0.04765625 0.075
2 0.175 0.14765625 0.034375 0.03828125
9 0.3140625 0.28203125 0.04765625 0.16953125
2 0.91796875 0.1546875 0.1625 0.12421875
2 0.4953125 0.58984375 0.03203125 0.0375
2 0.1 0.8171875 0.05078125 0.075
9 0.7921875 0.73828125 0.22109375 0.496875
2 0.16875 0.9609375 0.025 0.03203125
9 0.578125 0.58984375 0.05859375 0.08984375
2 0.43125 0.12265625 0.0234375 0.03125
2 0.2234375 0.928125 0.0484375 0.09765625
9 0.75234375 0.5203125 0.06171875 0.10234375
2 0.1328125 0.9375 0.03203125 0.03984375
2 0.4125 0.21953125 0.025 0.03359375
2 0.05 0.2265625 0.028125 0.02265625
9 0.3125 0.51953125 0.05390625 0.2
9 0.4453125 0.9859375 0.059375 0.02578125
2 0.28125 0.78671875 0.0359375 0.096875
2 0.125 0.73359375 0.0515625 0.078125
2 0.390625 0.53515625 0.025 0.05078125
9 0.7359375 0.42890625 0.309375 0.13984375
9 0.9375 0.890625 0.125 0.11484375
2 0.14453125 0.88828125 0.02734375 0.06484375
2 0.94609375 0.09453125 0.0171875 0.03515625
9 0.1984375 0.56328125 0.09453125 0.05625
2 0.5140625 0.64296875 0.021875 0.03359375
2 0.3296875 0.02265625 0.03046875 0.03203125
9 0.8359375 0.66953125 0.0875 0.14375
9 0.9453125 0.47265625 0.08359375 0.18984375
2 0.4390625 0.02578125 0.0296875 0.04921875