9 0.8921875 0.4984375 0.12421875 0.99453125
9 0.01796875 0.0234375 0.0359375 0.04453125
0 0.290625 0.14609375 0.040625 0.29140625
9 0.2265625 0.34296875 0.03671875 0.15234375
2 0.51796875 0.6375 0.028125 0.03671875
9 0.3734375 0.80546875 0.19765625 0.06953125
9 0.221875 0.94375 0.08046875 0.11015625
4 0.4453125 0.49453125 0.4640625 0.98671875
2 0.78125 0.29921875 0.07890625 0.10234375
2 0.97578125 0.3140625 0.0484375 0.11640625
9 0.3953125 0.06875 0.0859375 0.1375
9 0.47890625 0.6359375 0.034375 0.20390625
2 0.2375 0.87578125 0.040625 0.05234375
2 0.86875 0.03046875 0.028125 0.02734375
2 0.94140625 0.59609375 0.0421875 0.08984375
9 0.71875 0.07578125 0.07578125 0.15078125
9 0.203125 0.68046875 0.0890625 0.0875
9 0.8125 0.74296875 0.375 0.328125
2 0.928125 0.75234375 0.04140625 0.03984375
9 0.3890625 0.50234375 0.103125 0.02421875
9 0.6375 0.05625 0.209375 0.1125
9 0.4484375 0.33359375 0.0828125 0.11484375
9 0.5484375 0.3421875 0.1703125 0.29453125
9 0.1125 0.7171875 0.225 0.546875
9 0.2765625 0.21953125 0.028125 0.175
2 0.9046875 0.5046875 0.01953125 0.046875
2 0.865625 0.8171875 0.0453125 0.06796875
9 0.6765625 0.11796875 0.11015625 0.17890625
9 0.16875 0.13359375 0.16953125 0.2625
9 0.6109375 0.5875 0.1640625 0.08671875
2 0.9234375 0.33515625 0.0890625 0.14921875
2 0.559375 0.20390625 0.04921875 0.05234375
9 0.0359375 0.19765625 0.071875 0.134375
9 0.2765625 0.71015625 0.02890625 0.14921875