2 0.3453125 0.52109375 0.35859375 0.559375
2 0.1109375 0.7453125 0.03203125 0.05546875
2 0.57578125 0.86875 0.0703125 0.10625
2 0.8546875 0.93203125 0.02734375 0.03984375
2 0.1890625 0.09453125 0.0234375 0.040625
2 0.5921875 0.27265625 0.01796875 0.03828125
2 0.4921875 0.65546875 0.17421875 0.271875
2 0.7359375 0.6296875 0.1875 0.23203125
2 0.5984375 0.1359375 0.21484375 0.26875
2 0.13828125 0.86640625 0.05859375 0.18671875
2 0.1265625 0.46796875 0.25234375 0.39921875
2 0.940625 0.36875 0.11875 0.146875
2 0.08125 0.16171875 0.1625 0.31953125
2 0.85078125 0.1640625 0.2984375 0.328125
2 0.321875 0.1390625 0.29609375 0.27578125
2 0.6390625 0.39453125 0.1515625 0.19453125
2 0.91328125 0.6765625 0.1734375 0.271875
2 0.69375 0.8421875 0.11328125 0.31328125
2 0.95859375 0.9046875 0.04453125 0.096875