2 0.328125 0.80546875 0.0203125 0.02578125
9 0.7734375 0.69453125 0.11328125 0.09609375
2 0.43125 0.5171875 0.05078125 0.11015625
2 0.9625 0.56328125 0.03828125 0.08359375
2 0.3796875 0.28984375 0.0234375 0.05078125
2 0.93359375 0.64453125 0.03828125 0.11640625
2 0.76953125 0.21484375 0.0171875 0.02734375
9 0.27734375 0.39609375 0.0140625 0.02734375
2 0.87734375 0.59453125 0.02109375 0.028125
2 0.36171875 0.20390625 0.01796875 0.03671875
4 0.675 0.6375 0.10859375 0.25390625
2 0.8921875 0.43203125 0.0265625 0.08984375
2 0.4828125 0.72890625 0.01953125 0.02734375
2 0.51328125 0.17734375 0.07265625 0.11015625
2 0.75078125 0.14765625 0.03046875 0.04765625
2 0.3640625 0.8171875 0.021875 0.03046875
2 0.5046875 0.65 0.034375 0.05234375
2 0.56796875 0.18046875 0.0515625 0.06875
2 0.353125 0.7359375 0.028125 0.03671875
2 0.3125 0.14140625 0.02890625 0.03046875
2 0.10234375 0.1765625 0.03515625 0.05
2 0.75 0.08515625 0.04921875 0.05859375
2 0.4828125 0.95546875 0.0234375 0.028125
2 0.040625 0.06953125 0.04296875 0.04140625
2 0.80703125 0.59453125 0.025 0.03515625
2 0.63203125 0.38203125 0.04453125 0.08359375
2 0.859375 0.565625 0.02421875 0.021875
9 0.88515625 0.078125 0.10078125 0.12109375
2 0.41796875 0.14140625 0.0234375 0.03671875
2 0.3921875 0.54453125 0.03828125 0.04296875
2 0.28828125 0.10546875 0.04609375 0.06875
2 0.209375 0.490625 0.02109375 0.02421875
2 0.70078125 0.1671875 0.0265625 0.01953125
2 0.35078125 0.55078125 0.0203125 0.02734375
9 0.01875 0.765625 0.0375 0.01953125
2 0.209375 0.15546875 0.04140625 0.05390625
2 0.96484375 0.75078125 0.03046875 0.02734375
2 0.95 0.34765625 0.0484375 0.07890625
2 0.0359375 0.88671875 0.025 0.03203125
2 0.66171875 0.10546875 0.03125 0.03828125
2 0.53828125 0.59609375 0.03046875 0.05546875
9 0.1234375 0.66015625 0.0421875 0.06328125
2 0.8765625 0.74140625 0.0578125 0.06796875
2 0.1875 0.36640625 0.0265625 0.05
2 0.9109375 0.1890625 0.04140625 0.07890625
9 0.0328125 0.1875 0.065625 0.10078125
9 0.5609375 0.72734375 0.08046875 0.125
2 0.30625 0.77109375 0.02421875 0.04296875
2 0.65390625 0.85078125 0.01953125 0.03203125
2 0.09375 0.2640625 0.02109375 0.03125
2 0.396875 0.64921875 0.01953125 0.03203125
2 0.33125 0.59453125 0.0171875 0.02421875
2 0.18203125 0.03828125 0.02109375 0.03125
2 0.25390625 0.15703125 0.0203125 0.02890625
2 0.5 0.38203125 0.03125 0.04453125
2 0.7484375 0.31484375 0.04609375 0.04296875