2 0.2375 0.84453125 0.06171875 0.10625
2 0.50625 0.05546875 0.0765625 0.109375
2 0.5421875 0.15390625 0.025 0.05
9 0.37109375 0.0625 0.03203125 0.12265625
9 0.0765625 0.24296875 0.15234375 0.11875
2 0.8734375 0.13828125 0.04140625 0.059375
2 0.2546875 0.78046875 0.04609375 0.05546875
2 0.075 0.47890625 0.0578125 0.05078125
2 0.953125 0.26875 0.04765625 0.0375
2 0.0140625 0.48359375 0.028125 0.06796875
2 0.5140625 0.56171875 0.0390625 0.05078125
2 0.75703125 0.20078125 0.05859375 0.07421875
9 0.20078125 0.06953125 0.4015625 0.13359375
2 0.4984375 0.740625 0.06875 0.08125
2 0.534375 0.27265625 0.034375 0.04765625
2 0.321875 0.48359375 0.0734375 0.07890625
2 0.64296875 0.11328125 0.0765625 0.1625
9 0.26328125 0.0703125 0.12890625 0.13359375
2 0.4296875 0.6328125 0.10859375 0.1125
2 0.58828125 0.25703125 0.04765625 0.06015625
2 0.5015625 0.86328125 0.03671875 0.05
2 0.821875 0.73359375 0.0546875 0.13515625
2 0.065625 0.39609375 0.0375 0.046875
14 0.70390625 0.490625 0.5921875 0.98125
2 0.1859375 0.60078125 0.07421875 0.08046875
2 0.38359375 0.84921875 0.04921875 0.07109375
2 0.328125 0.22421875 0.03359375 0.03984375
2 0.3171875 0.73515625 0.05625 0.06171875
2 0.053125 0.98203125 0.028125 0.03203125
2 0.97890625 0.1625 0.0421875 0.05390625
2 0.146875 0.47578125 0.059375 0.07265625
2 0.30859375 0.8375 0.0828125 0.14765625