2 0.95 0.19453125 0.01484375 0.0375
3 0.74765625 0.328125 0.5046875 0.14296875
2 0.4296875 0.99375 0.04296875 0.0125
2 0.56484375 0.16484375 0.065625 0.08203125
2 0.659375 0.48359375 0.0234375 0.05625
2 0.3703125 0.296875 0.03359375 0.059375
0 0.8234375 0.578125 0.06796875 0.11015625
2 0.35625 0.36171875 0.0375 0.04765625
0 0.078125 0.2359375 0.15625 0.46875
2 0.48515625 0.35703125 0.0375 0.065625
2 0.6875 0.590625 0.025 0.08984375
2 0.7609375 0.55625 0.0625 0.07265625
2 0.2140625 0.16796875 0.025 0.096875
2 0.4015625 0.35546875 0.03515625 0.05703125
2 0.70625 0.14375 0.0890625 0.09140625
2 0.50234375 0.21953125 0.07734375 0.09921875
2 0.5 0.95703125 0.04140625 0.02890625
0 0.0578125 0.75859375 0.115625 0.31875
2 0.259375 0.57890625 0.05078125 0.05703125
2 0.32265625 0.07890625 0.02421875 0.02578125
2 0.64296875 0.2109375 0.0203125 0.021875
2 0.1828125 0.4484375 0.06640625 0.05234375
2 0.96328125 0.8078125 0.03359375 0.04296875
2 0.54375 0.421875 0.06875 0.07265625
2 0.7234375 0.821875 0.025 0.02578125
0 0.059375 0.98515625 0.07734375 0.021875
2 0.09375 0.36953125 0.06953125 0.05625
2 0.6609375 0.76796875 0.06484375 0.05
4 0.459375 0.57265625 0.42109375 0.134375
2 0.6890625 0.965625 0.03671875 0.06328125
2 0.5765625 0.759375 0.06328125 0.08671875
2 0.4546875 0.67421875 0.04765625 0.05546875
2 0.3734375 0.46953125 0.04453125 0.07109375
2 0.1078125 0.23125 0.1015625 0.14765625
2 0.534375 0.08359375 0.084375 0.08828125
2 0.23125 0.04296875 0.03359375 0.02421875
2 0.9140625 0.8828125 0.03828125 0.06953125
0 0.9546875 0.71953125 0.06640625 0.078125
2 0.3171875 0.9171875 0.06875 0.05
2 0.3078125 0.49140625 0.0453125 0.05546875
2 0.721875 0.7640625 0.0390625 0.05234375
2 0.31640625 0.12109375 0.0359375 0.06875
2 0.45546875 0.12265625 0.05625 0.08984375
2 0.7765625 0.48046875 0.0296875 0.05546875
2 0.3140625 0.6515625 0.0265625 0.0375
2 0.825 0.40234375 0.06015625 0.03671875
0 0.94765625 0.4953125 0.07265625 0.128125
2 0.13671875 0.703125 0.03359375 0.03203125
2 0.3984375 0.68984375 0.06328125 0.096875
2 0.534375 0.48828125 0.07265625 0.06953125
2 0.66875 0.85390625 0.0421875 0.05859375
2 0.6015625 0.04453125 0.04140625 0.05859375
2 0.68828125 0.015625 0.03671875 0.03125
3 0.334375 0.215625 0.31015625 0.43125
2 0.33125 0.5953125 0.0546875 0.04296875
2 0.40859375 0.81953125 0.03515625 0.05546875
2 0.88671875 0.82578125 0.0234375 0.02890625
2 0.8921875 0.23828125 0.0375 0.03203125
5 0.434375 0.39375 0.03828125 0.06796875
0 0.8234375 0.846875 0.07890625 0.228125
0 0.971875 0.94453125 0.05625 0.10703125
0 0.078125 0.50234375 0.1453125 0.22578125
2 0.22578125 0.73671875 0.12890625 0.21171875
2 0.13125 0.83828125 0.0421875 0.04765625
2 0.50625 0.6390625 0.04765625 0.05
2 0.7546875 0.67265625 0.0828125 0.07109375
2 0.81328125 0.49765625 0.03046875 0.02734375
2 0.6671875 0.4125 0.0359375 0.05078125
2 0.5484375 0.90703125 0.040625 0.090625