2 0.36015625 0.80546875 0.06796875 0.12421875
2 0.9578125 0.5515625 0.08359375 0.21328125
2 0.75859375 0.48671875 0.1203125 0.13125
2 0.1859375 0.12734375 0.12265625 0.10234375
2 0.1234375 0.04453125 0.13671875 0.08671875
2 0.3921875 0.0203125 0.04921875 0.040625
2 0.5375 0.73359375 0.08203125 0.12421875
2 0.0484375 0.17421875 0.09609375 0.09921875
2 0.578125 0.45546875 0.07578125 0.09140625
2 0.0859375 0.5703125 0.08515625 0.06875
2 0.4078125 0.11171875 0.07734375 0.05625
11 0.5 0.26640625 1 0.53203125
2 0.290625 0.06484375 0.09609375 0.05703125
2 0.490625 0.56015625 0.04296875 0.05234375