2 0.98671875 0.2734375 0.01640625 0.03828125
2 0.721875 0.115625 0.03125 0.02890625
2 0.203125 0.0375 0.090625 0.06953125
2 0.353125 0.69765625 0.0890625 0.08359375
2 0.08125 0.10234375 0.06953125 0.1
2 0.7453125 0.52734375 0.07890625 0.065625
2 0.828125 0.73828125 0.07578125 0.11171875
2 0.8203125 0.49765625 0.06171875 0.0375
2 0.6828125 0.246875 0.0671875 0.121875
2 0.8 0.6375 0.0921875 0.146875
2 0.2203125 0.35390625 0.0796875 0.10703125
2 0.40625 0.42109375 0.12578125 0.146875
2 0.2734375 0.253125 0.0796875 0.13046875
2 0.1296875 0.15 0.03046875 0.05859375
2 0.69296875 0.40703125 0.03359375 0.02421875
2 0.02890625 0.48359375 0.0578125 0.32109375
2 0.134375 0.03203125 0.04296875 0.040625
2 0.5359375 0.25078125 0.0484375 0.03828125
2 0.6671875 0.16484375 0.04453125 0.028125
2 0.76875 0.96796875 0.096875 0.06171875
2 0.3921875 0.29609375 0.090625 0.115625
2 0.03359375 0.25703125 0.0671875 0.075
2 0.7 0.46484375 0.06875 0.07265625
2 0.8671875 0.2640625 0.1140625 0.15703125
2 0.03984375 0.76953125 0.0796875 0.203125
2 0.653125 0.05859375 0.16796875 0.11171875
2 0.93046875 0.41484375 0.08046875 0.165625
2 0.96171875 0.58359375 0.028125 0.084375
2 0.4078125 0.07734375 0.21796875 0.15390625
2 0.778125 0.12734375 0.08046875 0.165625
2 0.13671875 0.8109375 0.09609375 0.19765625
2 0.10546875 0.64140625 0.1015625 0.13828125
2 0.96875 0.3265625 0.04609375 0.078125
2 0.5984375 0.25625 0.07890625 0.07890625
2 0.215625 0.88828125 0.1015625 0.16171875
2 0.2265625 0.18359375 0.1359375 0.19296875
2 0.815625 0.9078125 0.034375 0.06015625
2 0.94609375 0.79140625 0.1078125 0.1484375
2 0.3578125 0.89296875 0.14296875 0.18671875
2 0.88125 0.55390625 0.12578125 0.11328125
2 0.1109375 0.37890625 0.12734375 0.18046875
2 0.090625 0.21953125 0.03046875 0.04921875
2 0.74296875 0.83515625 0.11484375 0.18203125
2 0.890625 0.6890625 0.09609375 0.065625
2 0.02890625 0.0421875 0.0578125 0.084375
2 0.92890625 0.92265625 0.1421875 0.146875
2 0.9859375 0.6234375 0.028125 0.14765625
2 0.909375 0.09453125 0.18125 0.1890625
2 0.575 0.37265625 0.18359375 0.16953125
2 0.53515625 0.15703125 0.21171875 0.12890625
2 0.4671875 0.8765625 0.0171875 0.03515625
2 0.81796875 0.8203125 0.071875 0.06015625
2 0.45703125 0.3125 0.059375 0.084375
2 0.27734375 0.0609375 0.021875 0.02578125
2 0.93125 0.63203125 0.040625 0.03515625
8 0.478125 0.55390625 0.40703125 0.20703125
3 0.28515625 0.49765625 0.5703125 0.9953125
2 0.1265625 0.5203125 0.10078125 0.08046875
2 0.78125 0.32265625 0.12421875 0.246875
2 0.58515625 0.88125 0.20859375 0.23046875
2 0.34375 0.76171875 0.040625 0.0375
2 0.4515625 0.740625 0.06875 0.10234375
2 0.6421875 0.6640625 0.23359375 0.18515625