5 0.16328125 0.41484375 0.05234375 0.06875
5 0.54921875 0.39765625 0.05078125 0.046875
2 0.09921875 0.0375 0.10625 0.075
2 0.2140625 0.034375 0.0625 0.03984375
2 0.27109375 0.03515625 0.0609375 0.06953125
2 0.3953125 0.2578125 0.065625 0.06796875
2 0.3875 0.18671875 0.05546875 0.075
2 0.6078125 0.67578125 0.03125 0.04609375
2 0.221875 0.65703125 0.05625 0.084375
5 0.9796875 0.0859375 0.040625 0.10546875
2 0.275 0.59921875 0.06015625 0.06796875
2 0.11171875 0.21328125 0.1515625 0.13984375
2 0.3671875 0.08515625 0.1453125 0.13984375
2 0.19921875 0.53671875 0.1015625 0.15859375
3 0.521875 0.8515625 0.17421875 0.146875
5 0.915625 0.25234375 0.08203125 0.10703125
2 0.01796875 0.31640625 0.0359375 0.08984375
5 0.87890625 0.09609375 0.0421875 0.06328125
2 0.628125 0.12421875 0.04765625 0.07109375
5 0.41484375 0.49765625 0.0453125 0.06484375
5 0.684375 0.91953125 0.04140625 0.06328125
5 0.70625 0.38828125 0.08203125 0.1125
5 0.27265625 0.54140625 0.04375 0.05625
5 0.171875 0.14765625 0.0484375 0.05703125
2 0.1375 0.10390625 0.06640625 0.06953125
2 0.2421875 0.3734375 0.096875 0.08671875
2 0.940625 0.14921875 0.03359375 0.04296875
2 0.2984375 0.28203125 0.04921875 0.11015625
2 0.36328125 0.375 0.1359375 0.13984375
2 0.2015625 0.29140625 0.04296875 0.05703125
2 0.928125 0.93984375 0.14296875 0.109375
2 0.4671875 0.428125 0.0890625 0.103125
2 0.559375 0.03515625 0.10703125 0.06875
2 0.3375 0.91640625 0.1640625 0.15703125
2 0.084375 0.50703125 0.16796875 0.315625
2 0.63203125 0.903125 0.20390625 0.16953125
2 0.2484375 0.16484375 0.096875 0.19453125
2 0.0875 0.828125 0.17421875 0.33046875
3 0.7140625 0.47421875 0.246875 0.86328125
2 0.1359375 0.33515625 0.1078125 0.14453125
2 0.22578125 0.81328125 0.1234375 0.20859375
2 0.65859375 0.1546875 0.07578125 0.06484375
2 0.4765625 0.740625 0.22890625 0.19609375
2 0.8671875 0.72890625 0.26484375 0.25390625
2 0.5140625 0.1953125 0.14921875 0.23515625
2 0.6078125 0.29296875 0.08359375 0.16640625
2 0.0609375 0.11796875 0.0546875 0.05
14 0.6875 0.33515625 0.5359375 0.66953125
2 0.0359375 0.04921875 0.04765625 0.06484375
2 0.7828125 0.91015625 0.12890625 0.16953125
2 0.29140625 0.59140625 0.23203125 0.36015625