2 0.93359375 0.1359375 0.1328125 0.26875
2 0.865625 0.7734375 0.0234375 0.03125
2 0.040625 0.33515625 0.02890625 0.028125
2 0.34375 0.5859375 0.103125 0.15859375
2 0.77109375 0.1546875 0.13125 0.21796875
2 0.5203125 0.07890625 0.1171875 0.11484375
2 0.98203125 0.68359375 0.0359375 0.05390625
2 0.89921875 0.92421875 0.2015625 0.14375
2 0.0171875 0.45625 0.034375 0.046875
2 0.4171875 0.86640625 0.06328125 0.08359375
2 0.2640625 0.77265625 0.071875 0.08671875
2 0.61796875 0.75234375 0.0625 0.21796875
2 0.02578125 0.89765625 0.0515625 0.07734375
2 0.33203125 0.92578125 0.0375 0.06484375
2 0.3171875 0.80703125 0.06953125 0.128125
2 0.0921875 0.66796875 0.184375 0.3203125
2 0.6375 0.07578125 0.0734375 0.08828125
14 0.59609375 0.44453125 0.8078125 0.88828125
2 0.23984375 0.56796875 0.0609375 0.08359375
3 0.7328125 0.71953125 0.1828125 0.459375
2 0.64921875 0.940625 0.05625 0.115625
2 0.934375 0.5796875 0.05546875 0.11484375
2 0.83671875 0.39765625 0.04453125 0.07890625
2 0.9359375 0.48359375 0.04453125 0.04921875
3 0.1734375 0.18359375 0.346875 0.32265625
2 0.8875 0.58125 0.03203125 0.05234375