2 0.734375 0.7765625 0.05859375 0.06484375
2 0.94765625 0.0765625 0.0359375 0.04921875
2 0.940625 0.53671875 0.08359375 0.20703125
2 0.03125 0.38359375 0.0359375 0.04140625
2 0.596875 0.33359375 0.028125 0.03671875
2 0.7859375 0.04609375 0.025 0.03828125
2 0.7953125 0.9234375 0.090625 0.134375
2 0.9703125 0.71328125 0.05234375 0.08125
2 0.009375 0.33828125 0.01796875 0.09140625
2 0.8609375 0.70390625 0.0796875 0.11875
2 0.021875 0.1546875 0.04375 0.05
2 0.0640625 0.95546875 0.01796875 0.02734375
2 0.1734375 0.7125 0.02421875 0.03515625
2 0.14609375 0.034375 0.05859375 0.06328125
2 0.95625 0.94921875 0.0875 0.0875
2 0.459375 0.16953125 0.0390625 0.05
2 0.6390625 0.27890625 0.01953125 0.03125
2 0.7953125 0.27890625 0.125 0.259375
2 0.203125 0.909375 0.02421875 0.028125
2 0.753125 0.86640625 0.09609375 0.09609375
2 0.07421875 0.190625 0.0875 0.096875
2 0.29765625 0.80625 0.1765625 0.17734375
2 0.221875 0.5 0.0484375 0.04296875
4 0.3859375 0.44921875 0.771875 0.896875
3 0.0265625 0.66015625 0.053125 0.26875
2 0.0953125 0.6328125 0.121875 0.11875
2 0.14375 0.1734375 0.0546875 0.06484375
2 0.06875 0.465625 0.13671875 0.13359375
2 0.2984375 0.40234375 0.04296875 0.04765625
2 0.425 0.7265625 0.09765625 0.109375
2 0.54453125 0.88203125 0.1046875 0.23125
2 0.1109375 0.36875 0.0515625 0.07734375
2 0.1109375 0.2828125 0.07734375 0.09609375
2 0.028125 0.27578125 0.04140625 0.06015625
2 0.353125 0.22734375 0.125 0.3375
2 0.934375 0.78515625 0.0578125 0.09921875
2 0.4625 0.0875 0.06796875 0.04765625
2 0.753125 0.56796875 0.1765625 0.33359375
2 0.68359375 0.275 0.05078125 0.05234375
2 0.61796875 0.20390625 0.021875 0.02890625
2 0.371875 0.53984375 0.09375 0.13828125
2 0.5140625 0.61484375 0.21875 0.278125
2 0.528125 0.41953125 0.07578125 0.11484375
2 0.103125 0.0640625 0.03359375 0.07109375
2 0.7046875 0.36796875 0.0578125 0.09375
2 0.6421875 0.59296875 0.03046875 0.04296875
2 0.63203125 0.84765625 0.0484375 0.134375
2 0.9515625 0.3109375 0.09609375 0.25703125