2 0.140625 0.18359375 0.04140625 0.05234375
9 0.71015625 0.809375 0.115625 0.37890625
9 0.1015625 0.8828125 0.11875 0.23125
2 0.58203125 0.3375 0.0375 0.05625
2 0.4359375 0.146875 0.0484375 0.06875
2 0.38125 0.90703125 0.0390625 0.06171875
2 0.2203125 0.8546875 0.0703125 0.096875
2 0.23125 0.36796875 0.0421875 0.059375
2 0.62109375 0.5578125 0.06484375 0.08046875
14 0.76640625 0.4859375 0.4671875 0.971875
2 0.46171875 0.23515625 0.05234375 0.04296875
2 0.2890625 0.65859375 0.05390625 0.06796875
9 0.43359375 0.25078125 0.165625 0.49921875
9 0.84296875 0.22265625 0.0921875 0.4453125
9 0.771875 0.7578125 0.07265625 0.47109375
2 0.346875 0.41953125 0.04765625 0.06328125
2 0.05625 0.125 0.03203125 0.05390625
9 0.0359375 0.5296875 0.071875 0.68125
9 0.68125 0.64140625 0.29453125 0.71171875
9 0.3703125 0.53046875 0.47890625 0.93046875
2 0.45546875 0.62265625 0.04453125 0.059375
2 0.8734375 0.28046875 0.05234375 0.078125