2 0.70078125 0.14375 0.0421875 0.06796875
2 0.1625 0.6625 0.0390625 0.06484375
2 0.3515625 0.75859375 0.06328125 0.090625
2 0.6390625 0.21796875 0.06875 0.046875
2 0.271875 0.23671875 0.06171875 0.06328125
2 0.37734375 0.07890625 0.053125 0.06484375
14 0.5 0.39609375 1 0.44453125
2 0.1390625 0.9765625 0.05859375 0.04140625
2 0.425 0.88203125 0.04453125 0.078125
2 0.878125 0.7703125 0.0515625 0.075
2 0.78203125 0.77890625 0.02421875 0.04453125
2 0.9125 0.65703125 0.0359375 0.05390625
2 0.20546875 0.89765625 0.0765625 0.08359375
2 0.8234375 0.9296875 0.12734375 0.07890625