2 0.10703125 0.9234375 0.0203125 0.0375
2 0.521875 0.7796875 0.01484375 0.01171875
2 0.09453125 0.48515625 0.0203125 0.02421875
2 0.89921875 0.6140625 0.0203125 0.02265625
2 0.390625 0.81953125 0.01796875 0.015625
2 0.1171875 0.69921875 0.23359375 0.35234375
2 0.278125 0.45546875 0.01328125 0.0125
2 0.090625 0.00859375 0.03125 0.0171875
2 0.365625 0.50859375 0.03203125 0.04765625
2 0.825 0.98046875 0.03515625 0.03515625
2 0.0171875 0.0921875 0.034375 0.040625
2 0.18125 0.015625 0.02421875 0.03125
2 0.3421875 0.72890625 0.01484375 0.02578125
2 0.4875 0.27578125 0.0109375 0.01328125
2 0.628125 0.01328125 0.025 0.0265625
2 0.5453125 0.86796875 0.4703125 0.26328125
2 0.021875 0.9109375 0.0140625 0.034375
2 0.87109375 0.33203125 0.19140625 0.20546875
4 0.2328125 0.92109375 0.12265625 0.15390625
2 0.021875 0.86875 0.04375 0.059375
5 0.8421875 0.90703125 0.03828125 0.04765625
2 0.603125 0.2640625 0.0203125 0.03046875
2 0.35625 0.8109375 0.0265625 0.01796875
4 0.4078125 0.35234375 0.5078125 0.44375
16 0.925 0.8375 0.15 0.325
2 0.409375 0.26640625 0.025 0.03046875
2 0.515625 0.66484375 0.0203125 0.01953125
2 0.0671875 0.4359375 0.0109375 0.01796875
2 0.48984375 0.00546875 0.0375 0.01015625
2 0.73984375 0.01328125 0.01484375 0.01484375
2 0.80546875 0.58984375 0.06875 0.06953125
2 0.8359375 0.81328125 0.0375 0.03125
2 0.690625 0.09921875 0.01953125 0.0375
2 0.7734375 0.2484375 0.03046875 0.04296875
2 0.884375 0.11875 0.05 0.07265625
2 0.62578125 0.7046875 0.0234375 0.015625
2 0.2546875 0.46328125 0.01640625 0.015625
2 0.625 0.18359375 0.01484375 0.009375
2 0.44375 0.275 0.015625 0.015625
2 0.5515625 0.7171875 0.00546875 0.02734375
2 0.375 0.85859375 0.0171875 0.040625
2 0.4046875 0.86328125 0.01875 0.021875
2 0.6640625 0.68203125 0.0125 0.01328125
2 0.3171875 0.78359375 0.0203125 0.02578125
2 0.065625 0.87109375 0.0390625 0.059375
2 0.4921875 0.83125 0.0234375 0.02421875
2 0.1296875 0.29765625 0.015625 0.01953125
2 0.8265625 0.6578125 0.0265625 0.03359375
2 0.99375 0.271875 0.01015625 0.01328125
2 0.66875 0.07890625 0.034375 0.05390625
2 0.7703125 0.6734375 0.059375 0.04296875
2 0.7609375 0.4203125 0.01640625 0.03671875
2 0.715625 0.0375 0.01953125 0.02265625
2 0.8859375 0.51015625 0.0171875 0.02421875
2 0.6234375 0.2953125 0.03671875 0.03046875
2 0.990625 0.2953125 0.01796875 0.03515625
2 0.17421875 0.28515625 0.05078125 0.040625
2 0.9328125 0.196875 0.03046875 0.03046875
2 0.6171875 0.03359375 0.01640625 0.01796875
2 0.72109375 0.73203125 0.02734375 0.05078125
2 0.9109375 0.52421875 0.02734375 0.01875
2 0.825 0.071875 0.02109375 0.015625
2 0.8390625 0.49609375 0.0265625 0.040625
2 0.9609375 0.66796875 0.025 0.03203125
2 0.7359375 0.13515625 0.053125 0.07109375
2 0.9078125 0.55390625 0.021875 0.03125
2 0.846875 0.10078125 0.0203125 0.02734375
2 0.9875 0.4203125 0.02421875 0.04296875
2 0.8953125 0.17109375 0.0140625 0.01640625
2 0.4515625 0.646875 0.02578125 0.04765625
2 0.64609375 0.03203125 0.0265625 0.01328125
2 0.70390625 0.27734375 0.01328125 0.01796875
2 0.7765625 0.15546875 0.02578125 0.03125
2 0.5140625 0.290625 0.00703125 0.015625
2 0.83125 0.1734375 0.0125 0.034375
2 0.984375 0.184375 0.0171875 0.01015625
2 0.515625 0.25859375 0.0109375 0.015625
2 0.984375 0.23125 0.0171875 0.01328125
2 0.7375 0.29921875 0.02890625 0.08046875
2 0.7640625 0.0578125 0.009375 0.01484375
2 0.6125 0.35859375 0.02265625 0.02578125
2 0.95703125 0.16953125 0.03828125 0.03515625
2 0.884375 0.20625 0.01484375 0.01640625
2 0.85078125 0.5984375 0.021875 0.04140625
2 0.88515625 0.46484375 0.0265625 0.03203125
2 0.5828125 0.13515625 0.04140625 0.05390625
2 0.62890625 0.09921875 0.01484375 0.02890625
2 0.8640625 0.046875 0.03515625 0.025
2 0.9609375 0.22265625 0.0140625 0.02578125
2 0.93046875 0.1015625 0.0234375 0.03125
2 0.0421875 0.17109375 0.065625 0.08515625
2 0.23125 0.328125 0.03984375 0.06171875
2 0.25625 0.1890625 0.0171875 0.021875
2 0.265625 0.1578125 0.025 0.03359375
2 0.25703125 0.07890625 0.028125 0.02265625
2 0.30703125 0.11171875 0.0171875 0.03828125
2 0.3484375 0.41640625 0.0625 0.08203125
2 0.2375 0.63125 0.04921875 0.03515625
2 0.4734375 0.62265625 0.0203125 0.03125
2 0.546875 0.60625 0.03671875 0.06484375
2 0.6953125 0.14765625 0.0484375 0.078125
2 0.6296875 0.13203125 0.04140625 0.05
2 0.9921875 0.4828125 0.01484375 0.028125
2 0.76953125 0.08046875 0.0140625 0.02421875
2 0.8296875 0.04609375 0.009375 0.01953125
0 0.92890625 0.23671875 0.009375 0.0125
2 0.94765625 0.1109375 0.02578125 0.04609375
2 0.9484375 0.06953125 0.0453125 0.08828125
2 0.98203125 0.0671875 0.0359375 0.0875
2 0.07578125 0.4890625 0.0140625 0.01953125
2 0.1921875 0.11171875 0.02265625 0.01953125
2 0.3765625 0.3046875 0.02421875 0.02265625
2 0.5640625 0.303125 0.05546875 0.05859375
2 0.196875 0.5609375 0.0484375 0.0625
2 0.175 0.45546875 0.0171875 0.01875
2 0.203125 0.496875 0.0359375 0.02578125
2 0.546875 0.49921875 0.025 0.03984375
2 0.49375 0.3421875 0.04375 0.07578125
2 0.6890625 0.36796875 0.02109375 0.02265625
2 0.3296875 0.34453125 0.09140625 0.06953125
2 0.20859375 0.078125 0.040625 0.02734375
2 0.42578125 0.41015625 0.0125 0.01875
2 0.325 0.29453125 0.040625 0.025
2 0.6 0.50234375 0.07890625 0.07890625
2 0.28125 0.28828125 0.05078125 0.08671875
2 0.10625 0.44140625 0.0140625 0.02734375
2 0.6734375 0.3125 0.03828125 0.04921875
2 0.221875 0.128125 0.03046875 0.01640625
2 0.1328125 0.47890625 0.0296875 0.03984375
2 0.50703125 0.1421875 0.0703125 0.078125
2 0.19375 0.21875 0.0171875 0.02265625
2 0.10546875 0.09921875 0.03984375 0.034375
2 0.1625 0.12109375 0.015625 0.01796875
2 0.1046875 0.03828125 0.0171875 0.02109375
2 0.44453125 0.11640625 0.1375 0.23203125
2 0.24375 0.39453125 0.03828125 0.059375
2 0.13125 0.19453125 0.01640625 0.01875
2 0.3078125 0.56171875 0.02109375 0.03046875
2 0.4703125 0.4421875 0.04375 0.04765625
2 0.63203125 0.615625 0.0125 0.01953125
2 0.64375 0.24140625 0.05859375 0.06796875
2 0.540625 0.39140625 0.05859375 0.084375
2 0.178125 0.3734375 0.015625 0.03515625
2 0.1640625 0.08046875 0.01796875 0.03046875
2 0.1421875 0.33046875 0.02109375 0.03203125
2 0.71640625 0.46484375 0.0578125 0.0625
2 0.08515625 0.2234375 0.059375 0.12109375
2 0.00625 0.3234375 0.0125 0.01875
2 0.31875 0.16640625 0.0203125 0.02265625
2 0.11640625 0.3875 0.0296875 0.02421875
2 0.13984375 0.246875 0.03046875 0.059375
2 0.4234375 0.34609375 0.090625 0.11015625
2 0.7390625 0.228125 0.03359375 0.05546875