2 0.2515625 0.51484375 0.04609375 0.0375
2 0.24140625 0.03515625 0.0515625 0.0703125
2 0.7515625 0.26484375 0.059375 0.09140625
2 0.853125 0.78515625 0.0453125 0.05
2 0.0328125 0.390625 0.03203125 0.03125
2 0.47421875 0.4859375 0.06171875 0.06015625
16 0.04453125 0.1265625 0.0890625 0.253125
2 0.71875 0.54453125 0.075 0.10625
2 0.80703125 0.4 0.01484375 0.028125
2 0.6046875 0.01015625 0.02109375 0.01953125
2 0.76953125 0.85390625 0.0375 0.0375
2 0.3828125 0.90546875 0.03203125 0.05625
3 0.690625 0.46953125 0.090625 0.09296875
2 0.3515625 0.07578125 0.01640625 0.02890625
2 0.4171875 0.51484375 0.040625 0.05625
2 0.97265625 0.015625 0.0140625 0.01953125
2 0.33125 0.30390625 0.6625 0.40234375
3 0.06640625 0.85546875 0.1328125 0.146875
4 0.659375 0.71328125 0.509375 0.56953125
2 0.01015625 0.528125 0.0203125 0.03515625
2 0.1734375 0.05859375 0.06484375 0.11171875
2 0.2703125 0.33671875 0.04140625 0.05859375
2 0.3234375 0.48125 0.02890625 0.05078125
2 0.3078125 0.53359375 0.0453125 0.06484375
2 0.309375 0.35234375 0.02421875 0.02890625
2 0.34375 0.89375 0.03125 0.04609375
2 0.128125 0.990625 0.01796875 0.01328125
2 0.2359375 0.95859375 0.0453125 0.03125
2 0.9515625 0.59296875 0.04453125 0.128125
2 0.70390625 0.8859375 0.0234375 0.03203125
2 0.146875 0.759375 0.02734375 0.03203125
2 0.1515625 0.79921875 0.05078125 0.0375
2 0.73125 0.84296875 0.0265625 0.02578125
2 0.540625 0.69609375 0.02421875 0.04296875
2 0.59375 0.37265625 0.0140625 0.021875
2 0.534375 0.490625 0.05390625 0.08359375
2 0.54375 0.19921875 0.01796875 0.02578125
2 0.684375 0.84296875 0.01953125 0.02734375
2 0.15625 0.3375 0.01328125 0.02734375
2 0.90859375 0.85703125 0.0234375 0.04453125
2 0.65859375 0.01875 0.0375 0.03203125
2 0.08515625 0.5328125 0.025 0.02265625
2 0.75625 0.42578125 0.04453125 0.06328125
2 0.965625 0.83125 0.04140625 0.084375
2 0.5421875 0.1328125 0.04609375 0.075
2 0.65234375 0.06796875 0.03828125 0.05546875
2 0.625 0.83359375 0.02421875 0.03125
2 0.3921875 0.79453125 0.0453125 0.06796875
2 0.83671875 0.87578125 0.01796875 0.03828125
2 0.8171875 0.74453125 0.04296875 0.06953125
2 0.65625 0.65546875 0.0453125 0.04140625
2 0.4296875 0.24296875 0.028125 0.07109375
2 0.04921875 0.92578125 0.03828125 0.04453125
2 0.38203125 0.96640625 0.06640625 0.059375
2 0.6828125 0.11796875 0.03359375 0.06171875
2 0.65703125 0.24140625 0.0484375 0.06875
2 0.56875 0.83203125 0.0203125 0.02734375
2 0.75546875 0.13046875 0.02109375 0.05625
2 0.303125 0.98515625 0.0453125 0.02421875
2 0.25625 0.41484375 0.02734375 0.03203125
2 0.8625 0.86640625 0.01640625 0.02265625