2 0.021875 0.134375 0.04375 0.075
2 0.2703125 0.84609375 0.08671875 0.10625
2 0.859375 0.7609375 0.04921875 0.06171875
2 0.1609375 0.63046875 0.06640625 0.1375
2 0.0484375 0.31953125 0.096875 0.1625
2 0.7671875 0.625 0.12578125 0.08671875
2 0.8734375 0.64921875 0.03046875 0.0375
3 0.56953125 0.41328125 0.05234375 0.2375
2 0.9578125 0.76015625 0.06484375 0.146875
2 0.58359375 0.75234375 0.05078125 0.05390625
2 0.2484375 0.66171875 0.028125 0.03359375
2 0.86171875 0.86328125 0.0546875 0.046875
2 0.2890625 0.2890625 0.06328125 0.175
2 0.765625 0.48359375 0.040625 0.03515625
2 0.778125 0.41484375 0.03359375 0.04140625
0 0.696875 0.0953125 0.13515625 0.175
2 0.971875 0.44921875 0.0203125 0.03828125
2 0.846875 0.04296875 0.0578125 0.08359375
2 0.9625 0.21640625 0.03046875 0.04609375
2 0.95625 0.04609375 0.07578125 0.08125
2 0.7671875 0.9171875 0.065625 0.07890625
2 0.878125 0.39609375 0.03203125 0.06953125
2 0.75859375 0.7546875 0.1078125 0.071875
4 0.4515625 0.5328125 0.71875 0.38359375
2 0.3328125 0.76640625 0.0625 0.096875
2 0.31796875 0.05078125 0.0578125 0.1015625
2 0.1984375 0.03671875 0.0625 0.0734375
2 0.596875 0.28515625 0.11328125 0.12578125
2 0.7703125 0.2359375 0.03359375 0.05
2 0.58359375 0.19140625 0.08046875 0.09296875
3 0.0734375 0.48515625 0.14609375 0.634375
2 0.4234375 0.81328125 0.11640625 0.23125
2 0.1796875 0.81328125 0.10703125 0.16171875
2 0.3578125 0.41484375 0.04296875 0.040625
2 0.30234375 0.14609375 0.02421875 0.040625
2 0.840625 0.97734375 0.0375 0.03671875
2 0.5578125 0.09453125 0.0421875 0.04609375
2 0.1015625 0.12421875 0.01953125 0.01953125
2 0.3421875 0.97421875 0.03359375 0.04296875
2 0.453125 0.29140625 0.034375 0.04453125
2 0.021875 0.2234375 0.04375 0.028125
2 0.0421875 0.07734375 0.03359375 0.01796875
2 0.5609375 0.70078125 0.03046875 0.04296875
2 0.7640625 0.328125 0.0609375 0.1
2 0.7140625 0.221875 0.05078125 0.05390625
2 0.94140625 0.36328125 0.0265625 0.03125
2 0.96015625 0.140625 0.0453125 0.0875
2 0.8484375 0.33203125 0.08359375 0.06953125
2 0.4796875 0.18828125 0.08984375 0.15234375