2 0.4359375 0.27421875 0.03671875 0.10703125
2 0.7765625 0.65390625 0.06171875 0.06171875
2 0.5296875 0.97734375 0.02265625 0.04453125
2 0.6296875 0.83046875 0.05390625 0.05703125
2 0.803125 0.13359375 0.053125 0.06796875
2 0.7515625 0.5421875 0.09375 0.13203125
2 0.4453125 0.884375 0.15546875 0.228125
2 0.44140625 0.059375 0.0703125 0.09609375
2 0.48125 0.578125 0.0421875 0.04375
2 0.7765625 0.02734375 0.04453125 0.04765625
2 0.71953125 0.3453125 0.065625 0.05859375
2 0.8515625 0.03984375 0.0390625 0.075
2 0.621875 0.94765625 0.0203125 0.02109375
2 0.66328125 0.67421875 0.08671875 0.125
2 0.2890625 0.08203125 0.10703125 0.16328125
2 0.2859375 0.8984375 0.0875 0.16875
2 0.475 0.75234375 0.04296875 0.08046875
2 0.5734375 0.028125 0.04609375 0.05
2 0.48125 0.15625 0.03125 0.10390625
2 0.4359375 0.6375 0.0734375 0.14296875
2 0.38984375 0.57734375 0.05703125 0.05390625
2 0.3453125 0.9265625 0.0515625 0.09296875
2 0.0625 0.90546875 0.0203125 0.02890625
2 0.8703125 0.0515625 0.09765625 0.103125
2 0.4078125 0.425 0.0921875 0.12734375
2 0.5921875 0.96328125 0.0359375 0.05078125
2 0.63125 0.278125 0.034375 0.04140625
2 0.05 0.88125 0.0625 0.08515625
2 0.23046875 0.93203125 0.0296875 0.046875
2 0.72109375 0.80546875 0.059375 0.09453125
2 0.6328125 0.9921875 0.0125 0.015625
2 0.4421875 0.19296875 0.02421875 0.03671875
2 0.46875 0.3109375 0.03046875 0.03359375
2 0.24375 0.515625 0.08125 0.10625
2 0.3515625 0.771875 0.0578125 0.084375
2 0.07265625 0.9921875 0.0265625 0.015625
2 0.8203125 0.03515625 0.028125 0.05390625
2 0.58203125 0.09296875 0.0171875 0.02265625
2 0.540625 0.8890625 0.028125 0.0375
2 0.5890625 0.85546875 0.02890625 0.04609375
2 0.66328125 0.05390625 0.10859375 0.103125
2 0.5109375 0.67109375 0.06171875 0.08515625
2 0.83203125 0.09296875 0.028125 0.05234375
2 0.646875 0.171875 0.08125 0.09140625
2 0.559375 0.384375 0.14453125 0.12578125
2 0.7 0.721875 0.04765625 0.06484375
2 0.76875 0.21328125 0.0390625 0.04765625
2 0.68203125 0.2109375 0.08203125 0.090625
2 0.5890625 0.13515625 0.021875 0.02265625
2 0.3734375 0.08125 0.07734375 0.10078125
2 0.3578125 0.31171875 0.09921875 0.13046875
2 0.2203125 0.30859375 0.0671875 0.14765625
2 0.4078125 0.74375 0.01953125 0.03046875
2 0.1109375 0.975 0.053125 0.05
2 0.0625 0.35703125 0.12421875 0.11875
2 0.9125 0.38984375 0.05078125 0.128125
2 0.98984375 0.31484375 0.0203125 0.0515625
0 0.60625 0.5921875 0.06171875 0.07734375
2 0.978125 0.10703125 0.0203125 0.01796875
2 0.97578125 0.20625 0.0484375 0.0875
2 0.965625 0.14453125 0.021875 0.025
2 0.86171875 0.3734375 0.02734375 0.021875
2 0.9953125 0.61953125 0.00859375 0.03828125
2 0.928125 0.86875 0.02421875 0.025
2 0.9046875 0.85 0.0234375 0.046875
2 0.1953125 0.7359375 0.03203125 0.07734375
2 0.2265625 0.60390625 0.040625 0.06796875
2 0.0140625 0.5890625 0.02734375 0.05625
2 0.1703125 0.24609375 0.06875 0.04453125
0 0.7078125 0.40703125 0.04296875 0.06015625
2 0.959375 0.39609375 0.01640625 0.021875
2 0.890625 0.5265625 0.13515625 0.165625
2 0.97421875 0.86328125 0.0515625 0.08125
2 0.9046875 0.93671875 0.02734375 0.040625
2 0.8625 0.97421875 0.03046875 0.03828125
2 0.6796875 0.77578125 0.065625 0.08125
2 0.29921875 0.5890625 0.03359375 0.06796875
2 0.9015625 0.14921875 0.0359375 0.03515625
2 0.9140625 0.1984375 0.02578125 0.02734375
2 0.9625 0.30078125 0.04609375 0.06328125
2 0.896875 0.62890625 0.165625 0.078125
2 0.95859375 0.78359375 0.02578125 0.04140625
2 0.8953125 0.73828125 0.0265625 0.05
2 0.8078125 0.80390625 0.115625 0.11796875
2 0.82421875 0.70078125 0.0625 0.07890625
2 0.9421875 0.25546875 0.0296875 0.040625
2 0.8265625 0.93984375 0.06484375 0.08046875
2 0.078125 0.11015625 0.11015625 0.18984375
2 0.92734375 0.82734375 0.02578125 0.03828125
2 0.03984375 0.44609375 0.0796875 0.1375
2 0.9609375 0.49296875 0.0171875 0.01484375
2 0.984375 0.7765625 0.03125 0.06171875
2 0.8765625 0.271875 0.021875 0.02109375
2 0.9015625 0.97421875 0.03359375 0.02578125
2 0.290625 0.20390625 0.03671875 0.05859375
2 0.1515625 0.15859375 0.05859375 0.08984375
2 0.946875 0.89453125 0.01796875 0.02109375
2 0.0828125 0.69375 0.1109375 0.20546875
2 0.8453125 0.3359375 0.03671875 0.02734375
2 0.0703125 0.25859375 0.090625 0.09375
2 0.86875 0.69140625 0.03359375 0.06640625
2 0.99609375 0.11015625 0.0078125 0.025
2 0.89375 0.1859375 0.0171875 0.021875
11 0.3453125 0.4171875 0.45703125 0.26484375
2 0.9609375 0.6734375 0.07734375 0.14609375
2 0.8375 0.41875 0.03984375 0.06875
3 0.2578125 0.20390625 0.16015625 0.40625
2 0.9640625 0.93515625 0.046875 0.05625
2 0.91875 0.28203125 0.0484375 0.028125
2 0.88515625 0.31484375 0.0328125 0.034375
2 0.75625 0.71875 0.06015625 0.05703125
2 0.8640625 0.884375 0.03671875 0.075
2 0.9046875 0.2375 0.05 0.04921875
2 0.96640625 0.4390625 0.0671875 0.090625
2 0.9765625 0.3578125 0.028125 0.03671875
3 0.74140625 0.4734375 0.5140625 0.946875
2 0.884375 0.81796875 0.03515625 0.04140625
2 0.715625 0.921875 0.159375 0.15625
2 0.940625 0.17265625 0.02890625 0.02421875
2 0.97265625 0.56640625 0.0546875 0.0625
2 0.9203125 0.7828125 0.02734375 0.046875
2 0.9765625 0.51953125 0.03125 0.03515625