2 0.07421875 0.46875 0.03984375 0.040625
2 0.2125 0.0515625 0.04140625 0.04453125
2 0.034375 0.25625 0.0296875 0.04375
2 0.01484375 0.34453125 0.0296875 0.0375
2 0.0625 0.03828125 0.125 0.0765625
2 0.3796875 0.14609375 0.01953125 0.04453125
2 0.08125 0.2 0.02421875 0.03828125
2 0.18515625 0.984375 0.0515625 0.03125
2 0.08125 0.70859375 0.02890625 0.03828125
2 0.0109375 0.63828125 0.021875 0.0609375
2 0.18046875 0.18515625 0.0265625 0.05859375
2 0.3046875 0.0453125 0.02890625 0.04140625
2 0.0203125 0.41640625 0.0328125 0.03125
2 0.090625 0.37734375 0.02890625 0.03671875
2 0.89375 0.825 0.03515625 0.040625
2 0.0625 0.67109375 0.0421875 0.05390625
2 0.0484375 0.6203125 0.028125 0.034375
2 0.49609375 0.14375 0.03828125 0.05234375
2 0.96953125 0.3578125 0.0609375 0.103125
2 0.99140625 0.7421875 0.0171875 0.04375
2 0.16875 0.92265625 0.0625 0.05625
2 0.0421875 0.73671875 0.04453125 0.04765625
2 0.14765625 0.64140625 0.046875 0.05390625
2 0.128125 0.25390625 0.03203125 0.04140625
2 0.8875 0.9234375 0.03203125 0.040625
0 0.4453125 0.4859375 0.6640625 0.96640625
2 0.159375 0.721875 0.03515625 0.03203125
2 0.91328125 0.0921875 0.1734375 0.18125
2 0.984375 0.82109375 0.03125 0.05078125
2 0.00625 0.54453125 0.01171875 0.03671875
8 0.6046875 0.5109375 0.57265625 0.61328125
2 0.4140625 0.82265625 0.07265625 0.175