2 0.6921875 0.8109375 0.01796875 0.02265625
2 0.371875 0.75078125 0.0078125 0.0125
0 0.8 0.01171875 0.0171875 0.02265625
2 0.7359375 0.93828125 0.02421875 0.02109375
0 0.8875 0.0765625 0.0453125 0.096875
2 0.8875 0.62109375 0.0109375 0.015625
2 0.971875 0.55234375 0.01171875 0.015625
0 0.9796875 0.03671875 0.040625 0.07265625
0 0.1640625 0.7578125 0.025 0.03359375
0 0.465625 0.66796875 0.02421875 0.03203125
0 0.871875 0.459375 0.02109375 0.03203125
0 0.25 0.45625 0.03203125 0.071875
0 0.3265625 0.36640625 0.03671875 0.03828125
0 0.6171875 0.240625 0.01484375 0.021875
0 0.6125 0.19609375 0.02109375 0.03203125
0 0.6609375 0.10078125 0.021875 0.02421875
0 0.70625 0.18515625 0.021875 0.028125
0 0.934375 0.046875 0.04765625 0.09375
2 0.7546875 0.740625 0.01171875 0.009375
0 0.9484375 0.9609375 0.01015625 0.01328125
0 0.2609375 0.946875 0.0109375 0.01640625
2 0.08046875 0.93984375 0.0078125 0.01015625
0 0.21953125 0.51015625 0.0140625 0.02265625
2 0.8890625 0.45859375 0.01171875 0.01484375
0 0.38046875 0.99296875 0.0171875 0.01328125
0 0.6140625 0.65390625 0.01796875 0.02578125
0 0.9421875 0.3734375 0.028125 0.04296875
0 0.2734375 0.61640625 0.30390625 0.18515625
0 0.51328125 0.51640625 0.17734375 0.234375
0 0.75859375 0.34453125 0.0921875 0.11875
0 0.38046875 0.40234375 0.053125 0.05234375
0 0.48515625 0.340625 0.0546875 0.05390625
0 0.58046875 0.2796875 0.01015625 0.01484375
0 0.865625 0.0078125 0.021875 0.015625
2 0.75234375 0.92109375 0.01171875 0.0125
0 0.44921875 0.28203125 0.034375 0.03203125
0 0.5125 0.61796875 0.04453125 0.05
0 0.259375 0.69765625 0.03125 0.03046875
0 0.8546875 0.31015625 0.13828125 0.21640625
14 0.525 0.39921875 0.94921875 0.56171875
0 0.5 0.2578125 0.02109375 0.03125
0 0.565625 0.66484375 0.0171875 0.028125
0 0.98984375 0.375 0.0203125 0.04765625
0 0.63359375 0.44453125 0.0734375 0.15859375
0 0.5640625 0.23203125 0.046875 0.02578125
0 0.30625 0.3078125 0.03671875 0.0375
0 0.53125 0.29375 0.025 0.04453125
0 0.659375 0.17890625 0.03828125 0.06015625
0 0.71875 0.09921875 0.03828125 0.05546875
0 0.8390625 0.09375 0.05 0.096875
0 0.1609375 0.83046875 0.02265625 0.034375
0 0.7515625 0.15390625 0.03515625 0.04296875
0 0.309375 0.43671875 0.0578125 0.05546875
0 0.11328125 0.734375 0.021875 0.028125
0 0.609375 0.5234375 0.028125 0.07421875
0 0.2421875 0.765625 0.00859375 0.01640625
0 0.66640625 0.559375 0.03828125 0.05078125
0 0.3546875 0.6734375 0.0421875 0.06484375
0 0.7796875 0.0984375 0.05703125 0.115625
0 0.1765625 0.48515625 0.03515625 0.04375
0 0.42109375 0.35234375 0.0453125 0.084375
0 0.36484375 0.31953125 0.0265625 0.075
0 0.621875 0.59453125 0.025 0.04140625
0 0.76953125 0.53046875 0.0234375 0.040625
0 0.7515625 0.43515625 0.159375 0.22265625
0 0.2046875 0.4453125 0.0296875 0.0375
0 0.96328125 0.2453125 0.0734375 0.14375
0 0.9234375 0.4234375 0.025 0.03046875
0 0.30703125 0.6375 0.02734375 0.05078125
2 0.12265625 0.80546875 0.01796875 0.02265625
0 0.3359375 0.22265625 0.02421875 0.03515625
0 0.2046875 0.69375 0.0234375 0.03515625
0 0.26796875 0.36953125 0.046875 0.06875
0 0.68984375 0.14296875 0.0265625 0.046875