2 0.99140625 0.0546875 0.01484375 0.02109375
2 0.5703125 0.64765625 0.01796875 0.015625
2 0.875 0.39296875 0.03671875 0.03515625
3 0.9859375 0.09921875 0.028125 0.06328125
2 0.978125 0.4203125 0.00703125 0.01171875
2 0.61171875 0.8046875 0.015625 0.0125
2 0.64375 0.97265625 0.02109375 0.01796875
2 0.3625 0.26171875 0.01484375 0.025
2 0.184375 0.759375 0.0140625 0.01640625
0 0.3390625 0.88671875 0.0390625 0.11328125
2 0.1625 0.66015625 0.01640625 0.02734375
2 0.61328125 0.828125 0.02421875 0.01796875
2 0.2828125 0.53984375 0.02578125 0.028125
2 0.671875 0.15859375 0.0203125 0.02109375
2 0.4265625 0.24765625 0.02734375 0.02265625
2 0.39140625 0.53984375 0.03125 0.08515625
2 0.421875 0.64140625 0.0296875 0.02421875
2 0.13359375 0.71484375 0.01484375 0.01796875
2 0.4 0.0734375 0.01328125 0.01953125
2 0.5125 0.315625 0.0203125 0.01953125
2 0.62265625 0.47265625 0.01171875 0.01875
2 0.20625 0.38671875 0.03359375 0.034375
2 0.92890625 0.03359375 0.015625 0.01796875
2 0.8890625 0.70703125 0.03125 0.03515625
0 0.0875 0.9671875 0.0453125 0.046875
2 0.9671875 0.8296875 0.01640625 0.03984375
3 0.084375 0.596875 0.128125 0.06171875
2 0.5703125 0.75859375 0.0171875 0.01171875
2 0.9640625 0.74453125 0.00859375 0.01015625
2 0.4109375 0.446875 0.02578125 0.02578125
2 0.675 0.39140625 0.0421875 0.06484375
2 0.8796875 0.596875 0.0125 0.03125
2 0.678125 0.2546875 0.04375 0.02890625
2 0.6328125 0.7671875 0.01171875 0.01953125
0 0.1421875 0.93984375 0.05859375 0.11484375
2 0.7984375 0.359375 0.0125 0.0125
2 0.94140625 0.28828125 0.00625 0.0125
2 0.82890625 0.17578125 0.01484375 0.01484375
0 0.50859375 0.65546875 0.02734375 0.028125
2 0.33671875 0.95546875 0.02578125 0.03359375
2 0.5265625 0.78203125 0.00859375 0.00625
2 0.865625 0.83359375 0.01640625 0.02421875
2 0.278125 0.89296875 0.0140625 0.01796875
2 0.8734375 0.8 0.0203125 0.02890625
2 0.9046875 0.10390625 0.00546875 0.00859375
2 0.025 0.6203125 0.0171875 0.02421875
2 0.346875 0.66875 0.01953125 0.03203125
2 0.4765625 0.078125 0.021875 0.02109375
2 0.43203125 0.61796875 0.01015625 0.01640625
2 0.3171875 0.87421875 0.01328125 0.02734375
2 0.0140625 0.7375 0.0078125 0.00859375
2 0.22265625 0.56484375 0.00625 0.01484375
2 0.984375 0.38828125 0.00546875 0.00625
0 0.440625 0.66953125 0.03515625 0.05
2 0.553125 0.1046875 0.015625 0.01171875
2 0.45703125 0.31484375 0.01171875 0.01640625
0 0.259375 0.63203125 0.02109375 0.028125
2 0.99609375 0.7828125 0.0078125 0.01015625
2 0.95 0.84453125 0.0109375 0.01015625
2 0.65546875 0.91015625 0.01953125 0.015625
2 0.590625 0.66796875 0.0140625 0.01484375
2 0.003125 0.86484375 0.00625 0.02421875
2 0.665625 0.88671875 0.01171875 0.01015625
2 0.1796875 0.73203125 0.02109375 0.03125
2 0.7453125 0.01796875 0.0109375 0.02890625
2 0.8625 0.15078125 0.02109375 0.01640625
2 0.9640625 0.4 0.01796875 0.02265625
2 0.94453125 0.66640625 0.0140625 0.02421875
2 0.51953125 0.42734375 0.0171875 0.015625
2 0.82734375 0.5453125 0.01171875 0.01015625
2 0.603125 0.63515625 0.0203125 0.02109375
2 0.60859375 0.60546875 0.01171875 0.01484375
2 0.6515625 0.43125 0.00625 0.009375
2 0.3390625 0.53828125 0.01328125 0.01171875
2 0.2921875 0.56015625 0.01015625 0.01640625
2 0.3453125 0.59453125 0.01796875 0.025
0 0.4171875 0.60625 0.01171875 0.01015625
2 0.3671875 0.37734375 0.0234375 0.01796875
2 0.3734375 0.1359375 0.01171875 0.01875
2 0.6890625 0.17265625 0.015625 0.01953125
2 0.65 0.19140625 0.025 0.01640625
3 0.83125 0.62890625 0.103125 0.10546875
0 0.984375 0.16875 0.02421875 0.02265625
2 0.0671875 0.7703125 0.0171875 0.01796875
2 0.31328125 0.60859375 0.04296875 0.0625
2 0.1953125 0.41875 0.0296875 0.03359375
2 0.378125 0.28515625 0.015625 0.021875
2 0.6375 0.20859375 0.0125 0.015625
3 0.40859375 0.8421875 0.128125 0.21875
0 0.0390625 0.9609375 0.0546875 0.06953125
0 0.27734375 0.70859375 0.02421875 0.059375
0 0.478125 0.60390625 0.0265625 0.03046875
0 0.29375 0.82890625 0.25625 0.34140625
2 0.86015625 0.09453125 0.01640625 0.015625
2 0.8640625 0.01875 0.01640625 0.01484375
2 0.953125 0.31171875 0.02578125 0.03671875
2 0.9671875 0.32890625 0.00703125 0.01171875
2 0.78515625 0.72734375 0.01796875 0.03203125
2 0.65078125 0.35703125 0.040625 0.04140625
2 0.5625 0.34765625 0.009375 0.01796875
2 0.7515625 0.20703125 0.028125 0.02109375
2 0.48984375 0.6765625 0.0296875 0.01953125
2 0.57578125 0.559375 0.0078125 0.00703125
2 0.36875 0.9703125 0.03359375 0.059375
2 0.2234375 0.4921875 0.0109375 0.01640625
2 0.4125 0.1953125 0.01171875 0.0125
2 0.35859375 0.0640625 0.02265625 0.02109375
2 0.6453125 0.04296875 0.01875 0.021875
2 0.65390625 0.13828125 0.0125 0.01484375
2 0.65 0.2375 0.01484375 0.03359375
2 0.590625 0.78515625 0.00859375 0.01015625
2 0.81640625 0.72421875 0.01171875 0.015625
2 0.653125 0.51484375 0.01171875 0.01171875
2 0.55625 0.73671875 0.01015625 0.02109375
2 0.4671875 0.80390625 0.00703125 0.01171875
2 0.3015625 0.4734375 0.0078125 0.009375
2 0.1515625 0.41796875 0.0078125 0.01015625
2 0.53359375 0.55234375 0.00625 0.01015625
16 0.18046875 0.17265625 0.3609375 0.34296875
4 0.41875 0.60546875 0.1046875 0.25390625
2 0.77578125 0.9046875 0.0078125 0.01171875
2 0.7546875 0.84609375 0.0078125 0.00859375
2 0.5609375 0.92421875 0.01015625 0.01875
2 0.528125 0.7953125 0.01171875 0.01875
2 0.63046875 0.890625 0.03046875 0.04609375
2 0.5359375 0.89296875 0.009375 0.00859375
2 0.8921875 0.8765625 0.01328125 0.01796875
2 0.6078125 0.99453125 0.0328125 0.01015625
2 0.57421875 0.86953125 0.00859375 0.00859375
2 0.5171875 0.84921875 0.00546875 0.009375
2 0.5609375 0.78046875 0.01484375 0.02734375
2 0.69375 0.92421875 0.01171875 0.01875
2 0.86328125 0.97109375 0.01640625 0.02265625
2 0.91171875 0.84921875 0.009375 0.01171875
2 0.9328125 0.95859375 0.00703125 0.009375
2 0.7828125 0.87734375 0.00546875 0.00703125
2 0.5203125 0.97109375 0.13671875 0.05703125
2 0.77421875 0.85625 0.00859375 0.01015625
2 0.5421875 0.78671875 0.015625 0.02109375
2 0.9 0.08515625 0.0171875 0.01875
2 0.890625 0.1296875 0.00703125 0.00703125
2 0.7640625 0.1109375 0.01015625 0.0125
2 0.90859375 0.28671875 0.03125 0.02734375
2 0.8125 0.353125 0.02421875 0.03359375
2 0.9796875 0.37578125 0.00390625 0.00859375
2 0.9171875 0.6390625 0.01171875 0.021875
2 0.99765625 0.6015625 0.0046875 0.009375
2 0.8546875 0.71171875 0.01484375 0.01796875
2 0.65625 0.31875 0.0171875 0.03203125
2 0.7375 0.2390625 0.01640625 0.01328125
2 0.6421875 0.53515625 0.00859375 0.00703125
2 0.12109375 0.46328125 0.01953125 0.03359375
3 0.025 0.4421875 0.04921875 0.05390625
2 0.99453125 0.95625 0.0109375 0.0125
2 0.7390625 0.90703125 0.00703125 0.01015625
2 0.896875 0.85078125 0.00703125 0.0125
2 0.7390625 0.86953125 0.01015625 0.009375
2 0.571875 0.72578125 0.02734375 0.01953125
2 0.44609375 0.93828125 0.0171875 0.01328125
2 0.546875 0.98046875 0.021875 0.02265625
2 0.7109375 0.840625 0.0109375 0.01328125
2 0.86328125 0.91484375 0.01015625 0.01484375
2 0.7328125 0.85703125 0.0109375 0.01484375
2 0.26171875 0.93515625 0.0140625 0.01328125
3 0.096875 0.8265625 0.1703125 0.134375
2 0.678125 0.93359375 0.01328125 0.02578125
2 0.73046875 0.92109375 0.01640625 0.02109375
2 0.74765625 0.32109375 0.0140625 0.01953125
2 0.66640625 0.00703125 0.13046875 0.01328125
2 0.26875 0.48046875 0.009375 0.01171875
2 0.45859375 0.56171875 0.01171875 0.01328125
2 0.7421875 0.15390625 0.01015625 0.009375
2 0.553125 0.0578125 0.01640625 0.01875
2 0.38828125 0.4359375 0.0171875 0.01171875
2 0.371875 0.31796875 0.02890625 0.03828125
0 0.6390625 0.84765625 0.021875 0.028125
16 0.0421875 0.38515625 0.04921875 0.115625
2 0.765625 0.33828125 0.01484375 0.01796875
0 0.54453125 0.8375 0.1796875 0.325
2 0.37421875 0.7859375 0.01171875 0.01484375
2 0.2296875 0.8953125 0.028125 0.03828125
2 0.4046875 0.16328125 0.01875 0.01171875
2 0.8703125 0.51171875 0.01328125 0.01328125
2 0.9140625 0.60625 0.01484375 0.01484375
0 0.08359375 0.921875 0.0125 0.015625
2 0.8546875 0.78984375 0.021875 0.01796875
2 0.1140625 0.82109375 0.009375 0.02109375
0 0.22734375 0.70625 0.04140625 0.03984375
2 0.5390625 0.028125 0.0203125 0.01640625
2 0.996875 0.03046875 0.00625 0.03828125
2 0.31640625 0.98125 0.0171875 0.0375
2 0.9578125 0.9859375 0.01953125 0.025
2 0.884375 0.31171875 0.01796875 0.021875
2 0.753125 0.9578125 0.01796875 0.021875
2 0.72421875 0.78046875 0.02421875 0.01328125
0 0.2234375 0.77734375 0.0796875 0.05
2 0.98671875 0.89921875 0.02265625 0.03671875
2 0.5765625 0.32734375 0.0203125 0.02734375
2 0.79921875 0.78203125 0.01640625 0.01875
2 0.37578125 0.10234375 0.02578125 0.04140625
2 0.96484375 0.89765625 0.01484375 0.01796875
2 0.3625 0.43828125 0.103125 0.09375
2 0.81484375 0.51484375 0.01171875 0.0375
2 0.978125 0.62109375 0.00546875 0.01015625
2 0.00859375 0.34921875 0.0171875 0.01953125
2 0.646875 0.15859375 0.009375 0.01953125
2 0.1421875 0.48046875 0.01953125 0.01484375