2 0.7875 0.31796875 0.02734375 0.04609375
3 0.565625 0.69453125 0.46328125 0.31171875
0 0.4609375 0.77734375 0.0171875 0.02421875
2 0.31875 0.51171875 0.0140625 0.02265625
0 0.97421875 0.27734375 0.021875 0.01953125
0 0.19296875 0.190625 0.046875 0.11796875
0 0.1578125 0.13203125 0.0234375 0.0625
0 0.109375 0.13203125 0.02734375 0.0375
0 0.44296875 0.41484375 0.2046875 0.2375
2 0.8515625 0.05390625 0.02421875 0.03671875
2 0.5625 0.10625 0.03125 0.02734375
5 0.7984375 0.76953125 0.0203125 0.02890625
0 0.7046875 0.67890625 0.02734375 0.04609375
0 0.11875 0.5484375 0.01640625 0.02265625
0 0.15703125 0.53515625 0.02578125 0.03671875
0 0.665625 0.68671875 0.0328125 0.04296875
0 0.08671875 0.39296875 0.07265625 0.14765625
0 0.465625 0.259375 0.01328125 0.01875
2 0.98515625 0.784375 0.01328125 0.02265625
0 0.9265625 0.40078125 0.01796875 0.02890625
0 0.740625 0.29375 0.021875 0.034375
0 0.81875 0.41328125 0.1265625 0.13984375
0 0.2375 0.2359375 0.0625 0.08828125
0 0.51796875 0.9015625 0.20625 0.196875
0 0.6890625 0.271875 0.021875 0.03984375
0 0.334375 0.27734375 0.0625 0.13046875
0 0.8515625 0.47890625 0.08046875 0.11015625
2 0.07890625 0.68515625 0.01328125 0.01640625
0 0.0625 0.52578125 0.01796875 0.02109375
0 0.0296875 0.3484375 0.059375 0.11640625
0 0.1609375 0.39609375 0.11875 0.19609375
0 0.29140625 0.48203125 0.18515625 0.16796875
0 0.94375 0.90390625 0.021875 0.03203125
0 0.56953125 0.25390625 0.01953125 0.021875
0 0.0671875 0.1296875 0.03203125 0.06015625
0 0.7015625 0.38828125 0.10703125 0.12890625
0 0.58671875 0.36328125 0.1234375 0.12890625
14 0.32578125 0.41484375 0.64765625 0.41015625
0 0.31328125 0.2 0.03046875 0.03125
2 0.07421875 0.54140625 0.01328125 0.01640625
0 0.2765625 0.6109375 0.0984375 0.13671875
0 0.1921875 0.58203125 0.0296875 0.04609375
0 0.42265625 0.6703125 0.225 0.19375
0 0.0578125 0.35859375 0.05703125 0.096875
0 0.28125 0.7015625 0.015625 0.025
0 0.671875 0.98125 0.1234375 0.0375
0 0.0140625 0.44296875 0.02734375 0.08515625
0 0.0078125 0.12578125 0.01484375 0.02421875
0 0.94375 0.29296875 0.01953125 0.02578125
2 0.85234375 0.14375 0.0109375 0.01640625
0 0.1109375 0.07421875 0.0234375 0.01640625
0 0.38828125 0.87578125 0.025 0.09921875
0 0.6828125 0.66796875 0.0203125 0.040625
2 0.678125 0.0296875 0.025 0.040625
0 0.5375 0.4890625 0.2734375 0.16953125
0 0.5046875 0.28984375 0.01953125 0.040625
2 0.89609375 0.296875 0.01015625 0.021875
0 0.6140625 0.8515625 0.01640625 0.03203125
0 0.48515625 0.15703125 0.01328125 0.01484375
0 0.140625 0.19765625 0.0265625 0.0375
0 0.025 0.08984375 0.02734375 0.03671875
0 0.40625 0.26953125 0.0359375 0.04609375
2 0.96328125 0.75 0.025 0.03515625
0 0.7625 0.34375 0.03046875 0.05703125
0 0.92734375 0.51484375 0.0703125 0.13984375
0 0.25625 0.14609375 0.01640625 0.02890625
2 0.875 0.86328125 0.02421875 0.02421875
0 0.275 0.271875 0.05703125 0.06796875
0 0.6171875 0.2515625 0.04453125 0.05
0 0.625 0.76640625 0.034375 0.0625
0 0.86328125 0.90703125 0.2734375 0.18515625
0 0.65625 0.740625 0.02890625 0.05390625
0 0.98125 0.509375 0.0375 0.175
0 0.09375 0.16953125 0.0234375 0.02734375