2 0.8625 0.0484375 0.03828125 0.03203125
2 0.8734375 0.2875 0.02421875 0.04921875
2 0.60859375 0.17578125 0.0984375 0.09140625
2 0.4078125 0.08515625 0.01640625 0.02421875
2 0.5078125 0.309375 0.06484375 0.06796875
2 0.3109375 0.15859375 0.06484375 0.10234375
2 0.2296875 0.171875 0.09375 0.08984375
2 0.2515625 0.0078125 0.009375 0.015625
2 0.7 0.16484375 0.046875 0.053125
2 0.4796875 0.11015625 0.0140625 0.01875
2 0.5859375 0.284375 0.02578125 0.053125
2 0.66015625 0.19609375 0.015625 0.02890625
2 0.61875 0.53359375 0.0109375 0.01875
2 0.82265625 0.140625 0.0234375 0.02578125
2 0.884375 0.24375 0.03984375 0.03828125
2 0.80859375 0.22265625 0.0203125 0.021875
2 0.6671875 0.26171875 0.02109375 0.0375
2 0.5171875 0.15 0.046875 0.05234375
2 0.43671875 0.07578125 0.0140625 0.01875
2 0.45390625 0.28046875 0.0125 0.02421875
2 0.221875 0.25234375 0.01953125 0.028125
2 0.3875 0.1328125 0.0171875 0.02578125
2 0.1484375 0.26640625 0.0203125 0.028125
2 0.0671875 0.08984375 0.025 0.03359375
2 0.653125 0.7765625 0.0296875 0.05078125
2 0.7609375 0.07890625 0.02265625 0.01953125
2 0.5359375 0.23203125 0.02109375 0.03046875
2 0.70234375 0.34296875 0.0265625 0.02890625
2 0.3671875 0.17421875 0.02265625 0.01953125
2 0.26796875 0.2609375 0.025 0.02734375
2 0.16875 0.17578125 0.01953125 0.025
2 0.04375 0.14609375 0.0171875 0.025
2 0.83046875 0.38203125 0.0109375 0.0125
2 0.7984375 0.69453125 0.01484375 0.0125
2 0.8015625 0.82109375 0.03671875 0.04375
2 0.709375 0.28828125 0.0375 0.0625
2 0.23125 0.0296875 0.0328125 0.04140625
2 0.684375 0.07890625 0.02265625 0.02421875
2 0.6359375 0.07578125 0.0171875 0.02734375
2 0.3296875 0.04453125 0.10546875 0.08828125
2 0.40625 0.13828125 0.0234375 0.03515625
2 0.12109375 0.14140625 0.01328125 0.01796875
2 0.2453125 0.278125 0.0265625 0.03515625
2 0.00625 0.15234375 0.0125 0.02265625
2 0.7828125 0.21328125 0.0140625 0.01640625
2 0.27421875 0.14765625 0.0109375 0.01953125
2 0.784375 0.259375 0.0484375 0.071875
2 0.409375 0.20859375 0.0546875 0.06328125
2 0.84375 0.09140625 0.03828125 0.06484375
2 0.61015625 0.84765625 0.01796875 0.025
2 0.09375 0.26015625 0.04140625 0.05546875
2 0.815625 0.05546875 0.0171875 0.01953125
2 0.79921875 0.11640625 0.021875 0.02265625
2 0.77890625 0.16953125 0.01484375 0.015625
2 0.6625 0.0296875 0.02734375 0.03359375
2 0.98515625 0.2734375 0.0296875 0.065625
2 0.1609375 0.55859375 0.021875 0.025
2 0.14921875 0.35078125 0.05859375 0.10234375
2 0.6078125 0.33984375 0.0234375 0.02578125
2 0.64453125 0.42578125 0.02421875 0.02578125
2 0.8953125 0.67265625 0.09296875 0.075
2 0.7390625 0.44765625 0.03203125 0.02421875
2 0.15859375 0.48671875 0.02421875 0.02421875
2 0.646875 0.45078125 0.01328125 0.01796875
2 0.725 0.37109375 0.02421875 0.02421875
2 0.68046875 0.55 0.021875 0.034375
2 0.6546875 0.61171875 0.0484375 0.096875
2 0.721875 0.71953125 0.04921875 0.07734375
2 0.946875 0.95546875 0.0578125 0.08828125
2 0.8265625 0.3609375 0.01015625 0.0125
2 0.05 0.50390625 0.06328125 0.06015625
2 0.8484375 0.5484375 0.0390625 0.040625
2 0.15 0.68125 0.02890625 0.071875
2 0.4984375 0.9828125 0.034375 0.034375
2 0.26171875 0.56171875 0.021875 0.01875
2 0.35625 0.55 0.01640625 0.02890625
2 0.2921875 0.57109375 0.01484375 0.01953125
2 0.8828125 0.4796875 0.0234375 0.04609375
2 0.6953125 0.93046875 0.02421875 0.025
2 0.28046875 0.87265625 0.06640625 0.05703125
2 0.49296875 0.86953125 0.0078125 0.01328125
14 0.4109375 0.64609375 0.4078125 0.41015625
2 0.1609375 0.40234375 0.015625 0.02109375
2 0.165625 0.45078125 0.0328125 0.028125
2 0.1890625 0.91171875 0.01875 0.025
2 0.41875 0.584375 0.03046875 0.03125
2 0.2546875 0.76015625 0.096875 0.09921875
2 0.3921875 0.70703125 0.01484375 0.01640625
2 0.2875 0.9765625 0.06875 0.046875
2 0.353125 0.98984375 0.03671875 0.01953125
2 0.01953125 0.53359375 0.03046875 0.04609375
2 0.47578125 0.646875 0.04140625 0.0625
2 0.5625 0.9625 0.01953125 0.040625
2 0.459375 0.9578125 0.021875 0.01875
2 0.378125 0.95703125 0.0296875 0.04609375
2 0.403125 0.76171875 0.0265625 0.04140625
2 0.33125 0.63359375 0.08125 0.115625
2 0.3828125 0.821875 0.07578125 0.06328125
2 0.159375 0.6203125 0.05390625 0.05859375
2 0.01796875 0.77421875 0.0359375 0.059375
2 0.3765625 0.58671875 0.05859375 0.05546875
2 0.9828125 0.0578125 0.03359375 0.115625
2 0.0578125 0.834375 0.021875 0.02890625
2 0.259375 0.93359375 0.03671875 0.03515625
2 0.11875 0.95390625 0.06015625 0.07421875
2 0.33828125 0.70859375 0.025 0.021875
2 0.95 0.08203125 0.021875 0.05078125
2 0.3171875 0.72421875 0.015625 0.01796875
2 0.3875 0.92265625 0.03125 0.03515625
2 0.5390625 0.57734375 0.015625 0.0125
2 0.40078125 0.8875 0.02578125 0.01640625
2 0.028125 0.865625 0.0484375 0.05859375
2 0.50625 0.8625 0.01484375 0.01875
2 0.18671875 0.546875 0.0109375 0.02734375
2 0.440625 0.38984375 0.01640625 0.021875
2 0.7015625 0.44921875 0.01875 0.03984375
2 0.6578125 0.47578125 0.02421875 0.03515625
2 0.7109375 0.546875 0.0421875 0.07265625
2 0.9515625 0.88828125 0.01953125 0.01953125
2 0.0078125 0.9203125 0.015625 0.046875
2 0.19375 0.0671875 0.021875 0.0375
2 0.8203125 0.30703125 0.034375 0.04375
2 0.03125 0.66796875 0.01796875 0.01875
2 0.0765625 0.31796875 0.0421875 0.05
2 0.6375 0.36640625 0.0328125 0.05625
2 0.2625 0.66796875 0.01953125 0.03046875
2 0.10625 0.740625 0.0140625 0.01796875
2 0.2265625 0.57734375 0.03515625 0.021875
2 0.484375 0.8 0.00703125 0.01953125
2 0.025 0.59765625 0.040625 0.03203125
2 0.075 0.9828125 0.034375 0.034375
2 0.4328125 0.79921875 0.01953125 0.01953125
2 0.3375 0.76953125 0.0140625 0.015625
2 0.221875 0.68984375 0.0296875 0.03359375
2 0.10859375 0.43671875 0.046875 0.08046875
2 0.2703125 0.38515625 0.01015625 0.015625
2 0.9046875 0.840625 0.0296875 0.04453125
2 0.8015625 0.57578125 0.0296875 0.04140625
2 0.7546875 0.57578125 0.0125 0.02265625
2 0.93359375 0.5921875 0.01171875 0.01875
2 0.8296875 0.43671875 0.01796875 0.02578125
2 0.95 0.7578125 0.0578125 0.08984375
2 0.2203125 0.409375 0.02109375 0.02578125
2 0.015625 0.3953125 0.015625 0.03515625
2 0.209375 0.434375 0.0171875 0.02421875
2 0.6375 0.70390625 0.0140625 0.02265625
2 0.3796875 0.35234375 0.0203125 0.0125
2 0.853125 0.51640625 0.01875 0.02421875
2 0.61328125 0.37890625 0.01484375 0.02421875
2 0.0125 0.22578125 0.025 0.0359375
2 0.09296875 0.52734375 0.01953125 0.01953125
2 0.86875 0.92421875 0.0265625 0.06953125
2 0.70234375 0.01953125 0.0453125 0.03828125
2 0.40859375 0.503125 0.01875 0.04453125
2 0.0625 0.54140625 0.03125 0.03671875
2 0.6828125 0.50859375 0.01875 0.04375
2 0.45 0.35390625 0.0265625 0.040625
2 0.1203125 0.55078125 0.03828125 0.03671875
2 0.671875 0.42890625 0.02421875 0.02421875
2 0.42265625 0.36640625 0.01171875 0.01640625
2 0.8421875 0.86015625 0.04375 0.05234375
2 0.8578125 0.61015625 0.0375 0.03671875
2 0.3953125 0.3734375 0.01796875 0.01171875
2 0.79609375 0.775 0.0109375 0.009375
2 0.4984375 0.38359375 0.0140625 0.01328125
2 0.2578125 0.3375 0.01875 0.02421875
2 0.9875 0.61640625 0.00859375 0.01640625
2 0.87265625 0.365625 0.02109375 0.03515625
2 0.9671875 0.63671875 0.015625 0.02265625
2 0.89453125 0.575 0.01640625 0.02890625
2 0.95078125 0.8578125 0.015625 0.01953125
2 0.009375 0.46796875 0.01875 0.034375
2 0.94375 0.41171875 0.0671875 0.059375
2 0.7640625 0.66171875 0.03125 0.04453125
2 0.0796875 0.446875 0.01796875 0.03046875
2 0.83515625 0.98125 0.0859375 0.0375
2 0.6546875 0.52109375 0.01875 0.03984375
2 0.4703125 0.09140625 0.009375 0.01953125
2 0.81875 0.6125 0.0140625 0.034375
2 0.778125 0.134375 0.03125 0.02421875
2 0.81015625 0.42734375 0.0125 0.01875
2 0.2640625 0.5046875 0.0546875 0.04296875
2 0.0375 0.3109375 0.03828125 0.03125
2 0.9859375 0.8734375 0.028125 0.03203125
2 0.65625 0.896875 0.04296875 0.04140625