14 0.0328125 0.06875 0.065625 0.065625
14 0.6171875 0.38203125 0.61640625 0.76328125
2 0.9625 0.15234375 0.07421875 0.30390625
2 0.7359375 0.303125 0.025 0.03125
2 0.109375 0.534375 0.02421875 0.03984375
2 0.32265625 0.15 0.0890625 0.10625
2 0.67265625 0.603125 0.03125 0.03203125
2 0.809375 0.48515625 0.0171875 0.03515625
2 0.66640625 0.47578125 0.01484375 0.02890625
2 0.0953125 0.92890625 0.03125 0.0375
2 0.278125 0.45625 0.29140625 0.43125
2 0.2078125 0.1453125 0.3015625 0.290625
2 0.8453125 0.55546875 0.034375 0.04609375
2 0.5671875 0.53046875 0.02890625 0.04921875
2 0.3953125 0.21796875 0.0453125 0.04765625
2 0.4046875 0.1578125 0.040625 0.03984375
2 0.01015625 0.6328125 0.0203125 0.040625
2 0.8484375 0.88671875 0.16953125 0.22578125
2 0.7453125 0.09140625 0.2296875 0.18203125
2 0.95 0.6234375 0.1 0.62890625
2 0.2421875 0.6828125 0.04921875 0.05390625
2 0.24296875 0.815625 0.021875 0.040625
2 0.4015625 0.10234375 0.040625 0.03515625
2 0.95859375 0.9890625 0.0265625 0.021875
2 0.60078125 0.39140625 0.0265625 0.03125
2 0.0921875 0.38046875 0.034375 0.05078125
2 0.48671875 0.60859375 0.01640625 0.05078125
2 0.35859375 0.85625 0.2296875 0.2875
2 0.73515625 0.37265625 0.02734375 0.02578125
2 0.49296875 0.24453125 0.03828125 0.06796875
2 0.5875 0.11171875 0.07265625 0.115625
2 0.028125 0.92734375 0.028125 0.04296875
2 0.45546875 0.63984375 0.040625 0.10390625
2 0.00546875 0.72890625 0.0109375 0.04296875
2 0.0421875 0.42109375 0.034375 0.03125
2 0.3796875 0.3421875 0.03125 0.07890625
2 0.45546875 0.48828125 0.103125 0.19296875
2 0.2078125 0.940625 0.06640625 0.096875
2 0.45625 0.29921875 0.06484375 0.06953125
2 0.9078125 0.07890625 0.04609375 0.08828125
2 0.5203125 0.35 0.04140625 0.05
2 0.61171875 0.82890625 0.290625 0.340625
2 0.8796875 0.61015625 0.03125 0.028125
2 0.01640625 0.21171875 0.0234375 0.03828125
3 0.871875 0.28046875 0.2359375 0.278125
2 0.578125 0.04375 0.02109375 0.01796875