2 0.534375 0.4890625 0.01953125 0.05
2 0.05 0.24375 0.0234375 0.04296875
2 0.828125 0.9953125 0.009375 0.009375
2 0.6140625 0.271875 0.07265625 0.071875
2 0.8703125 0.828125 0.04375 0.11015625
2 0.7109375 0.0921875 0.01953125 0.01796875
2 0.171875 0.86875 0.040625 0.04140625
2 0.47890625 0.0109375 0.02109375 0.021875
2 0.73125 0.96953125 0.034375 0.053125
2 0.07734375 0.19765625 0.01796875 0.03828125
2 0.14453125 0.36953125 0.02421875 0.04296875
2 0.04765625 0.19765625 0.01796875 0.03515625
2 0.5953125 0.009375 0.059375 0.01875
2 0.415625 0.1453125 0.04140625 0.06640625
2 0.540625 0.69921875 0.37578125 0.27109375
2 0.090625 0.47578125 0.02421875 0.02578125
2 0.01875 0.1546875 0.015625 0.03125
2 0.065625 0.98046875 0.03828125 0.03125
2 0.5625 0.03828125 0.03515625 0.02734375
2 0.64375 0.0640625 0.01796875 0.02890625
2 0.1109375 0.3359375 0.0484375 0.084375
2 0.8890625 0.11640625 0.02890625 0.07109375
2 0.1828125 0.63984375 0.0265625 0.03125
2 0.83125 0.84453125 0.0171875 0.03828125
2 0.67890625 0.90703125 0.0390625 0.053125
2 0.7671875 0.1 0.08515625 0.2
2 0.553125 0.0140625 0.01015625 0.009375
2 0.08828125 0.58046875 0.0203125 0.02734375
2 0.83125 0.0328125 0.03125 0.01953125
2 0.7984375 0.02890625 0.03359375 0.03125
2 0.45703125 0.05078125 0.03203125 0.03359375
2 0.14453125 0.975 0.02578125 0.04765625
2 0.10234375 0.97265625 0.01796875 0.02109375
2 0.0421875 0.946875 0.01953125 0.025
2 0.115625 0.81484375 0.0203125 0.025
2 0.17109375 0.53203125 0.015625 0.01640625
2 0.04609375 0.15390625 0.0171875 0.01875
2 0.078125 0.10546875 0.0125 0.02578125
2 0.203125 0.9890625 0.021875 0.021875
2 0.68359375 0.04921875 0.0609375 0.0984375
2 0.4953125 0.25234375 0.140625 0.09765625
2 0.784375 0.9125 0.05703125 0.07265625
2 0.7609375 0.54296875 0.06640625 0.05625
2 0.5875 0.8984375 0.1734375 0.203125
2 0.7421875 0.59296875 0.009375 0.01953125
2 0.25078125 0.96953125 0.04296875 0.05703125
2 0.0546875 0.85390625 0.04140625 0.06953125
2 0.0265625 0.86484375 0.01015625 0.0125
2 0.028125 0.04921875 0.01328125 0.02265625
2 0.08125 0.03671875 0.0125 0.01328125
2 0.090625 0.07109375 0.01015625 0.01015625
2 0.8453125 0.75703125 0.09921875 0.07890625
2 0.684375 0.7828125 0.05078125 0.06015625
2 0.5640625 0.39921875 0.03671875 0.05078125
2 0.0390625 0.02265625 0.0140625 0.028125
2 0.1359375 0.5625 0.02890625 0.028125
2 0.86875 0.40078125 0.0453125 0.046875
2 0.859375 0.54375 0.021875 0.02265625
5 0.740625 0.8015625 0.16796875 0.128125
5 0.96875 0.90078125 0.06171875 0.090625
2 0.9140625 0.83203125 0.04921875 0.11953125
2 0.80390625 0.46953125 0.00859375 0.01328125
2 0.7390625 0.73671875 0.01484375 0.025
5 0.490625 0.70859375 0.06796875 0.353125
2 0.9265625 0.56171875 0.0078125 0.0125
2 0.6734375 0.5390625 0.0609375 0.05703125
2 0.815625 0.5765625 0.0046875 0.00625
2 0.825 0.55078125 0.0125 0.01015625
2 0.63125 0.67265625 0.03515625 0.03515625
5 0.696875 0.159375 0.09140625 0.12265625
2 0.8 0.57578125 0.0125 0.015625
2 0.8875 0.53125 0.00625 0.01015625
2 0.9359375 0.65078125 0.0234375 0.03203125
2 0.96796875 0.8375 0.0640625 0.071875
5 0.95390625 0.10703125 0.0921875 0.21328125
5 0.146875 0.17421875 0.10078125 0.13359375
2 0.8875 0.92421875 0.06796875 0.09609375
2 0.7015625 0.70625 0.0796875 0.11015625
2 0.9890625 0.64375 0.02109375 0.05546875
5 0.95859375 0.95625 0.0828125 0.084375
5 0.6015625 0.74453125 0.090625 0.10703125
5 0.790625 0.37109375 0.11953125 0.14140625
2 0.7765625 0.2546875 0.16015625 0.11328125
2 0.9140625 0.2328125 0.1703125 0.175
2 0.8625 0.365625 0.0140625 0.01796875
2 0.8875 0.575 0.01484375 0.01875
2 0.72265625 0.49296875 0.01640625 0.02265625
2 0.65390625 0.73125 0.03515625 0.07109375
2 0.990625 0.44765625 0.01796875 0.02578125
14 0.30234375 0.5 0.40078125 1
2 0.8859375 0.434375 0.01796875 0.025
2 0.9578125 0.65390625 0.021875 0.03203125
2 0.8171875 0.175 0.034375 0.06484375
5 0.95703125 0.73515625 0.0859375 0.13828125
5 0.5953125 0.4796875 0.103125 0.13984375
2 0.95 0.49140625 0.04453125 0.103125
2 0.99140625 0.6015625 0.0171875 0.0375
2 0.85546875 0.68828125 0.05703125 0.06640625
2 0.8953125 0.45703125 0.0234375 0.034375
2 0.9546875 0.36796875 0.0796875 0.11796875
2 0.896875 0.9859375 0.0484375 0.028125
2 0.8609375 0.62109375 0.05234375 0.07578125
2 0.77734375 0.46484375 0.01328125 0.01875
2 0.93515625 0.60859375 0.0125 0.01953125
5 0.67265625 0.38828125 0.134375 0.17265625
2 0.88203125 0.3390625 0.0453125 0.04375
2 0.65703125 0.59609375 0.140625 0.11484375
2 0.7765625 0.65390625 0.14921875 0.153125
2 0.63671875 0.82265625 0.040625 0.07578125
2 0.71484375 0.50703125 0.01328125 0.0125