2 0.0640625 0.49765625 0.00703125 0.01171875
2 0.68359375 0.1546875 0.01328125 0.0125
2 0.0234375 0.3828125 0.00625 0.009375
2 0.0328125 0.03515625 0.00859375 0.01015625
2 0.0359375 0.46953125 0.00625 0.01015625
2 0.1890625 0.57890625 0.0140625 0.01171875
2 0.0171875 0.3203125 0.00546875 0.009375
2 0.0515625 0.53828125 0.00703125 0.01171875
2 0.0828125 0.37421875 0.01484375 0.02578125
2 0.028125 0.371875 0.00625 0.00703125
2 0.1203125 0.3046875 0.0078125 0.009375
2 0.4109375 0.73359375 0.01953125 0.01640625
2 0.028125 0.58203125 0.009375 0.0125
2 0.103125 0.403125 0.015625 0.01796875
2 0.071875 0.325 0.0078125 0.009375
2 0.809375 0.17890625 0.01171875 0.0125
2 0.140625 0.5828125 0.00546875 0.01171875
2 0.046875 0.18671875 0.0078125 0.01015625
2 0.84375 0.0359375 0.0078125 0.01015625
2 0.98359375 0.09609375 0.0203125 0.021875
2 0.2234375 0.51015625 0.01796875 0.025
2 0.128125 0.53671875 0.0078125 0.009375
2 0.1125 0.5796875 0.00625 0.009375
2 0.20859375 0.575 0.0109375 0.01484375
2 0.009375 0.47890625 0.00546875 0.01015625
2 0.078125 0.49140625 0.00859375 0.01640625
2 0.0375 0.35546875 0.00234375 0.00546875
2 0.13515625 0.234375 0.009375 0.01484375
2 0.94765625 0.2296875 0.009375 0.01015625
2 0.73515625 0.17734375 0.0125 0.015625
2 0.128125 0.57265625 0.0109375 0.01328125
2 0.14609375 0.6453125 0.00703125 0.01015625
2 0.01953125 0.51015625 0.00703125 0.01171875
2 0.01015625 0.546875 0.00859375 0.01015625
2 0.01875 0.35390625 0.0171875 0.021875
2 0.16015625 0.32734375 0.0109375 0.015625
2 0.121875 0.24453125 0.00703125 0.01171875
2 0.7453125 0.03828125 0.0140625 0.021875
2 0.65625 0.04609375 0.0171875 0.01953125
2 0.8265625 0.02734375 0.0140625 0.01875
2 0.8734375 0.109375 0.01015625 0.02265625
2 0.8796875 0.15703125 0.01484375 0.02734375
2 0.3359375 0.87890625 0.0078125 0.0125
2 0.26875 0.87578125 0.0203125 0.025
2 0.23828125 0.9078125 0.01953125 0.021875
2 0.0984375 0.69765625 0.01015625 0.01484375
2 0.16875 0.19453125 0.01484375 0.021875
2 0.0625 0.1140625 0.02265625 0.01640625
2 0.10625 0.98046875 0.0078125 0.009375
2 0.1109375 0.02109375 0.05546875 0.04140625
2 0.4546875 0.69140625 0.01484375 0.01640625
2 0.209375 0.52890625 0.009375 0.0125
2 0.2 0.51796875 0.0109375 0.0125
2 0.05703125 0.78125 0.01171875 0.009375
2 0.15546875 0.48359375 0.0140625 0.015625
2 0.2609375 0.28515625 0.01484375 0.03125
2 0.296875 0.93515625 0.02109375 0.03828125
2 0.35625 0.465625 0.0140625 0.01796875
2 0.3046875 0.7390625 0.0078125 0.01328125
2 0.240625 0.32109375 0.00546875 0.009375
2 0.08828125 0.6796875 0.00703125 0.00703125
2 0.9234375 0.18359375 0.00859375 0.015625
2 0.9390625 0.20078125 0.00703125 0.009375
2 0.9171875 0.10390625 0.01796875 0.02734375
2 0.0765625 0.56796875 0.01015625 0.01484375
2 0.00859375 0.22265625 0.01328125 0.01484375
14 0.48359375 0.49921875 0.2015625 0.9984375
2 0.2515625 0.81875 0.01328125 0.01328125
2 0.13828125 0.76640625 0.01015625 0.01484375
2 0.090625 0.09375 0.0046875 0.01015625
2 0.1390625 0.41171875 0.034375 0.04765625
2 0.08203125 0.2234375 0.00625 0.01171875
2 0.3140625 0.76953125 0.015625 0.01484375
2 0.025 0.87421875 0.0296875 0.0375
2 0.1140625 0.6546875 0.0125 0.01171875
2 0.79375 0.5328125 0.01171875 0.01640625
2 0.6078125 0.803125 0.0140625 0.01953125
2 0.6625 0.95546875 0.01796875 0.01796875
2 0.35546875 0.859375 0.01875 0.02578125
2 0.3765625 0.33671875 0.009375 0.00859375
2 0.19609375 0.18515625 0.01953125 0.01484375
2 0.86875 0.19609375 0.0125 0.0125
2 0.18125 0.1921875 0.00703125 0.01171875
2 0.746875 0.109375 0.01484375 0.015625
2 0.71953125 0.04609375 0.015625 0.02109375
2 0.01953125 0.48359375 0.01328125 0.0125
2 0.228125 0.28125 0.034375 0.05234375
2 0.040625 0.196875 0.009375 0.009375
2 0.3328125 0.76171875 0.0109375 0.0125
2 0.375 0.06796875 0.01328125 0.021875
2 0.06640625 0.41328125 0.04921875 0.08515625
2 0.81875 0.12734375 0.009375 0.01171875
2 0.1296875 0.83046875 0.0078125 0.00859375
2 0.71015625 0.10859375 0.01484375 0.02109375
2 0.63515625 0.14765625 0.01171875 0.01484375
2 0.56796875 0.27109375 0.00625 0.009375
2 0.1265625 0.55078125 0.01328125 0.01640625
2 0.1640625 0.634375 0.00703125 0.009375
2 0.040625 0.51015625 0.0125 0.01484375
2 0.3734375 0.959375 0.01015625 0.01953125
2 0.3421875 0.04453125 0.01484375 0.02421875
2 0.43828125 0.1140625 0.0125 0.025
2 0.96875 0.61171875 0.01640625 0.01953125
2 0.6484375 0.91484375 0.021875 0.03046875
2 0.225 0.12890625 0.00625 0.009375
2 0.6046875 0.83125 0.009375 0.01015625
2 0.37890625 0.27109375 0.01484375 0.01640625
2 0.48671875 0.93828125 0.00703125 0.00859375
5 0.54375 0.08125 0.08125 0.1625
2 0.27578125 0.2125 0.01640625 0.02265625
2 0.634375 0.865625 0.00703125 0.00703125
2 0.5953125 0.275 0.021875 0.07734375
2 0.89375 0.37734375 0.0203125 0.034375
0 0.46484375 0.796875 0.2046875 0.40625
2 0.74375 0.75234375 0.0828125 0.10625
2 0.3015625 0.17109375 0.0328125 0.053125
2 0.328125 0.1203125 0.02421875 0.03125
2 0.8046875 0.96953125 0.01875 0.02890625
2 0.7109375 0.20078125 0.0140625 0.02890625
0 0.384375 0.5140625 0.08203125 0.08515625
2 0.3703125 0.24296875 0.01484375 0.01953125
2 0.33125 0.23828125 0.0125 0.01171875
2 0.1828125 0.12421875 0.0078125 0.01875
2 0.959375 0.97421875 0.01953125 0.04375
2 0.771875 0.51328125 0.015625 0.028125
2 0.23828125 0.04609375 0.00703125 0.01171875
2 0.83671875 0.57421875 0.021875 0.02890625
2 0.671875 0.16796875 0.015625 0.01953125
2 0.5796875 0.28046875 0.01015625 0.015625
2 0.7296875 0.9828125 0.0109375 0.01328125
2 0.65625 0.63671875 0.040625 0.06328125
2 0.36875 0.1828125 0.0078125 0.01015625
2 0.190625 0.078125 0.01328125 0.025
2 0.99375 0.78203125 0.01171875 0.03828125
2 0.096875 0.79296875 0.0078125 0.01328125
2 0.24375 0.3984375 0.01015625 0.0125
2 0.634375 0.8484375 0.01875 0.01640625
2 0.67578125 0.35390625 0.01484375 0.0125
2 0.9828125 0.91328125 0.015625 0.02578125
2 0.25703125 0.18046875 0.015625 0.01796875
2 0.22109375 0.01875 0.00546875 0.00703125
2 0.290625 0.01796875 0.015625 0.01953125
2 0.03828125 0.2234375 0.02734375 0.028125
2 0.1609375 0.54765625 0.00625 0.009375
0 0.74296875 0.76640625 0.228125 0.31171875
2 0.97109375 0.84296875 0.0578125 0.06484375
2 0.04453125 0.484375 0.00859375 0.015625
2 0.0546875 0.51015625 0.01015625 0.009375
2 0.0078125 0.44609375 0.0109375 0.009375
2 0.0265625 0.41953125 0.01171875 0.01484375
2 0.02421875 0.396875 0.0140625 0.01640625
2 0.09375 0.38671875 0.01171875 0.01484375
2 0.115625 0.41953125 0.00703125 0.009375
2 0.128125 0.3421875 0.040625 0.05859375
2 0.015625 0.22890625 0.03046875 0.03515625
2 0.95625 0.15703125 0.0109375 0.01796875
2 0.9640625 0.2015625 0.0109375 0.025
2 0.98046875 0.70625 0.0390625 0.065625
2 0.471875 0.15703125 0.01171875 0.015625
2 0.7703125 0.2359375 0.01328125 0.01796875
2 0.2296875 0.009375 0.00859375 0.0125
0 0.7953125 0.6109375 0.409375 0.7625
2 0.321875 0.90078125 0.01171875 0.01875
2 0.20625 0.85625 0.03828125 0.05
2 0.32265625 0.7859375 0.01328125 0.01484375
2 0.1609375 0.94296875 0.015625 0.01328125
2 0.14375 0.8875 0.0109375 0.01015625
2 0.04375 0.90234375 0.009375 0.00859375
2 0.025 0.84140625 0.0125 0.01484375
2 0.05 0.703125 0.0109375 0.01484375
2 0.0578125 0.62109375 0.01796875 0.021875
2 0.0109375 0.59453125 0.009375 0.01484375
2 0.0078125 0.1796875 0.0078125 0.00703125
2 0.021875 0.10859375 0.01796875 0.02734375
2 0.00703125 0.09609375 0.0078125 0.009375
2 0.009375 0.08359375 0.0046875 0.00546875
2 0.0453125 0.08828125 0.0125 0.0125
2 0.09765625 0.06328125 0.0109375 0.01796875
2 0.48046875 0.71953125 0.0109375 0.009375
2 0.24765625 0.65390625 0.0421875 0.04453125
2 0.325 0.3625 0.0109375 0.01328125
5 0.475 0.49765625 0.0640625 0.08203125
0 0.290625 0.89375 0.03984375 0.04453125
0 0.3375 0.6921875 0.10703125 0.12734375
0 0.4484375 0.35390625 0.10078125 0.1125
2 0.915625 0.46328125 0.015625 0.02265625
2 0.97734375 0.39453125 0.01875 0.02421875
2 0.7515625 0.37578125 0.01484375 0.01796875
2 0.4078125 0.7890625 0.01484375 0.025
2 0.2578125 0.23984375 0.0140625 0.01640625
2 0.20703125 0.0265625 0.0109375 0.0125
2 0.353125 0.09765625 0.02734375 0.034375
2 0.6015625 0.2 0.0515625 0.10859375
2 0.6625 0.2390625 0.01796875 0.015625
2 0.725 0.1921875 0.01640625 0.02421875
2 0.5828125 0.35625 0.0234375 0.01953125
2 0.634375 0.38359375 0.01015625 0.01640625
2 0.4984375 0.9578125 0.0046875 0.009375
2 0.3859375 0.84453125 0.00703125 0.01328125
2 0.18125 0.959375 0.00625 0.009375
2 0.065625 0.75 0.0078125 0.01796875
2 0.0546875 0.65078125 0.01015625 0.01171875
2 0.0609375 0.58828125 0.01171875 0.01328125
2 0.1171875 0.23515625 0.00390625 0.00703125
2 0.08359375 0.30546875 0.0078125 0.0125
2 0.04375 0.07421875 0.015625 0.01640625
2 0.48203125 0.5953125 0.0171875 0.01796875
2 0.23203125 0.696875 0.00625 0.01015625
2 0.18984375 0.290625 0.01015625 0.02109375
0 0.58671875 0.8859375 0.0703125 0.228125
2 0.859375 0.38984375 0.01796875 0.015625
2 0.7109375 0.8984375 0.03046875 0.0375
2 0.39375 0.25859375 0.01640625 0.025
2 0.40859375 0.20390625 0.009375 0.015625
2 0.2203125 0.1609375 0.009375 0.015625
2 0.26015625 0.08046875 0.01171875 0.028125
2 0.6734375 0.12265625 0.0171875 0.015625
2 0.49765625 0.1125 0.01484375 0.01953125
2 0.41953125 0.06171875 0.025 0.02265625
2 0.7046875 0.359375 0.0171875 0.02578125
2 0.8515625 0.24609375 0.0109375 0.00859375
2 0.384375 0.05390625 0.009375 0.01953125
2 0.33359375 0.2125 0.00546875 0.00859375
2 0.3421875 0.33515625 0.00625 0.009375
2 0.240625 0.5984375 0.021875 0.02578125
2 0.259375 0.55 0.01015625 0.01484375
2 0.59296875 0.69609375 0.04296875 0.03671875
2 0.2546875 0.11640625 0.01796875 0.01953125
2 0.6265625 0.92578125 0.0140625 0.01640625
2 0.0703125 0.19375 0.0078125 0.00546875
2 0.453125 0.16953125 0.01328125 0.01796875
2 0.67265625 0.45390625 0.01875 0.021875
2 0.078125 0.18359375 0.00703125 0.01015625
2 0.36953125 0.91953125 0.01875 0.015625
2 0.03203125 0.56484375 0.0125 0.01484375
2 0.059375 0.1890625 0.0140625 0.01875
2 0.065625 0.51796875 0.00703125 0.0125
2 0.128125 0.51171875 0.01015625 0.01640625
2 0.0046875 0.38671875 0.00625 0.01171875
2 0.1375 0.62890625 0.0078125 0.01171875
2 0.10859375 0.84609375 0.0078125 0.01328125
2 0.028125 0.79765625 0.009375 0.01875
0 0.925 0.98984375 0.0453125 0.01953125
2 0.4734375 0.69921875 0.01328125 0.015625
2 0.43046875 0.42265625 0.009375 0.01484375
2 0.171875 0.10859375 0.00859375 0.0125
2 0.23828125 0.49921875 0.00859375 0.01640625
2 0.2828125 0.5703125 0.01015625 0.01328125
2 0.22890625 0.88828125 0.01171875 0.02109375
2 0.26875 0.82421875 0.01953125 0.02265625
2 0.075 0.146875 0.01171875 0.0125
2 0.0734375 0.96484375 0.01015625 0.01171875
2 0.065625 0.665625 0.00546875 0.00859375
2 0.42734375 0.76015625 0.01796875 0.025
2 0.0078125 0.03125 0.0109375 0.015625
2 0.39375 0.30546875 0.01015625 0.01640625
2 0.07109375 0.85546875 0.00859375 0.01015625
2 0.521875 0.57734375 0.0125 0.01640625
2 0.103125 0.87421875 0.0296875 0.0375
2 0.41015625 0.56484375 0.0125 0.015625
2 0.003125 0.00859375 0.00625 0.0140625
2 0.13359375 0.8171875 0.01171875 0.01484375
2 0.309375 0.80546875 0.01015625 0.00625
2 0.18125 0.81015625 0.00859375 0.009375
2 0.040625 0.83984375 0.01015625 0.01875
2 0.2515625 0.98828125 0.02578125 0.02265625
2 0.121875 0.96640625 0.00625 0.00859375
2 0.01328125 0.75078125 0.009375 0.0125
2 0.25 0.86328125 0.0078125 0.009375
2 0.1234375 0.10703125 0.0046875 0.009375
2 0.07421875 0.73203125 0.01015625 0.01484375
2 0.2125 0.4078125 0.0109375 0.015625
2 0.146875 0.846875 0.00546875 0.01015625
2 0.1421875 0.96640625 0.00859375 0.01015625
2 0.153125 0.25859375 0.01171875 0.03046875
2 0.103125 0.10703125 0.0078125 0.01484375
2 0.2015625 0.32734375 0.0390625 0.05390625
2 0.1234375 0.67578125 0.01171875 0.01328125
2 0.071875 0.63203125 0.00703125 0.0125
2 0.35625 0.39375 0.00703125 0.01171875
2 0.253125 0.74921875 0.009375 0.0125