2 0.5484375 0.05078125 0.01796875 0.02109375
2 0.309375 0.10703125 0.01015625 0.01484375
2 0.47265625 0.35546875 0.0375 0.03203125
2 0.7765625 0.1359375 0.07421875 0.05625
2 0.57734375 0.03984375 0.0171875 0.01953125
2 0.7203125 0.4390625 0.10078125 0.11015625
2 0.03828125 0.47890625 0.04375 0.07265625
2 0.5625 0.37734375 0.02109375 0.01953125
2 0.88125 0.365625 0.01875 0.0375
2 0.2265625 0.55859375 0.0328125 0.03203125
2 0.565625 0.103125 0.02578125 0.04609375
2 0.125 0.36171875 0.05078125 0.10390625
2 0.1375 0.07578125 0.05234375 0.04375
2 0.06171875 0.321875 0.034375 0.04921875
2 0.253125 0.24296875 0.03828125 0.03671875
2 0.9625 0.49609375 0.02734375 0.040625
2 0.6921875 0.06015625 0.0578125 0.07890625
2 0.2875 0.3390625 0.01875 0.02109375
2 0.2875 0.0375 0.025 0.03203125
2 0.184375 0.02109375 0.05703125 0.04140625
14 0.45234375 0.53203125 0.9046875 0.728125
2 0.803125 0.065625 0.0265625 0.02109375
2 0.64609375 0.08046875 0.03125 0.03828125
2 0.6 0.253125 0.03515625 0.03359375
2 0.5265625 0.228125 0.02421875 0.03125
2 0.32734375 0.271875 0.0859375 0.125
2 0.259375 0.48203125 0.0375 0.03984375
2 0.9234375 0.5015625 0.0796875 0.10546875
2 0.9015625 0.3265625 0.0203125 0.021875
2 0.2109375 0.19921875 0.02265625 0.028125
2 0.2078125 0.43046875 0.01484375 0.01875
2 0.9453125 0.34765625 0.01484375 0.01640625
2 0.3921875 0.04296875 0.10078125 0.08515625
2 0.45 0.34296875 0.01328125 0.02578125
2 0.184375 0.20078125 0.0125 0.01953125
2 0.10234375 0.15078125 0.02578125 0.03359375
2 0.19375 0.45703125 0.05859375 0.034375
2 0.075 0.490625 0.02578125 0.06328125
2 0.2625 0.15 0.04296875 0.05
2 0.053125 0.425 0.0171875 0.025
2 0.8890625 0.41640625 0.01484375 0.02734375
2 0.97265625 0.3796875 0.03515625 0.046875
2 0.24453125 0.19765625 0.01796875 0.01953125
2 0.36875 0.13515625 0.10625 0.10703125
2 0.7828125 0.54609375 0.02890625 0.028125
2 0.8921875 0.23046875 0.02109375 0.02265625
2 0.259375 0.89453125 0.0484375 0.03515625
2 0.4890625 0.51796875 0.03828125 0.04375
2 0.5671875 0.55234375 0.01171875 0.021875
2 0.71796875 0.77265625 0.01796875 0.021875
2 0.97421875 0.63984375 0.02109375 0.02265625
2 0.115625 0.95390625 0.06171875 0.09140625
2 0.1125 0.78828125 0.078125 0.13828125
2 0.28359375 0.59765625 0.01328125 0.015625
2 0.484375 0.91171875 0.07734375 0.12265625
2 0.5875 0.94765625 0.0421875 0.059375
2 0.4921875 0.77265625 0.02734375 0.034375
2 0.4828125 0.63828125 0.0140625 0.01953125
2 0.846875 0.9578125 0.04765625 0.05546875
2 0.6453125 0.6453125 0.02265625 0.025
2 0.4078125 0.7625 0.009375 0.02265625
2 0.94921875 0.80234375 0.0328125 0.03984375
2 0.128125 0.64765625 0.02734375 0.03828125
2 0.1890625 0.52578125 0.0140625 0.02578125
2 0.540625 0.95703125 0.02109375 0.02578125
2 0.309375 0.84765625 0.03125 0.034375
2 0.5828125 0.6359375 0.0171875 0.021875
2 0.54765625 0.51015625 0.05703125 0.05234375
2 0.46015625 0.81640625 0.02421875 0.021875
2 0.8046875 0.71484375 0.04140625 0.09609375
2 0.43671875 0.56015625 0.02734375 0.03125
2 0.85390625 0.615625 0.08984375 0.11015625
2 0.4625 0.5453125 0.0171875 0.02734375
2 0.0765625 0.64765625 0.03359375 0.03828125
2 0.9109375 0.79296875 0.03046875 0.04296875
2 0.59765625 0.73671875 0.05859375 0.08046875
2 0.565625 0.28359375 0.0390625 0.05234375
2 0.784375 0.18671875 0.0203125 0.02265625
2 0.33125 0.97109375 0.00859375 0.021875
2 0.39921875 0.9859375 0.03203125 0.028125
2 0.259375 0.9296875 0.01484375 0.01015625
2 0.046875 0.7703125 0.03046875 0.03125
2 0.915625 0.69453125 0.01796875 0.034375
2 0.36953125 0.94453125 0.0171875 0.015625
2 0.0234375 0.90546875 0.0125 0.02421875
2 0.4046875 0.87734375 0.08203125 0.109375
2 0.515625 0.71484375 0.03046875 0.03046875
2 0.2640625 0.81796875 0.04296875 0.04765625
2 0.55078125 0.7765625 0.01015625 0.009375
2 0.25703125 0.74921875 0.01875 0.01328125
2 0.55703125 0.590625 0.0265625 0.03203125
2 0.98984375 0.03671875 0.01328125 0.03203125
2 0.63125 0.91796875 0.03828125 0.0375
2 0.340625 0.67578125 0.05546875 0.046875
2 0.29453125 0.43828125 0.02890625 0.034375
2 0.2265625 0.29140625 0.025 0.03125
2 0.24453125 0.521875 0.01875 0.03203125
2 0.228125 0.92265625 0.0140625 0.028125
2 0.4046875 0.69765625 0.06328125 0.05390625
2 0.46875 0.03671875 0.04609375 0.07265625
2 0.45625 0.64765625 0.02421875 0.03125