2 0.9640625 0.8234375 0.00703125 0.01015625
2 0.4625 0.68203125 0.01875 0.03828125
2 0.4328125 0.6890625 0.00625 0.009375
2 0.303125 0.34609375 0.0265625 0.03125
2 0.7140625 0.4328125 0.0109375 0.00703125
2 0.67890625 0.396875 0.00703125 0.009375
2 0.66875 0.7671875 0.0375 0.04453125
2 0.6515625 0.69296875 0.0296875 0.02890625
2 0.6203125 0.74375 0.00703125 0.00859375
2 0.678125 0.66484375 0.0203125 0.025
2 0.41328125 0.69765625 0.00625 0.00703125
2 0.309375 0.7328125 0.00859375 0.00859375
2 0.2296875 0.81796875 0.00859375 0.015625
2 0.6296875 0.35703125 0.00625 0.015625
2 0.715625 0.23046875 0.02265625 0.03125
2 0.928125 0.2578125 0.00390625 0.00546875
2 0.9875 0.56875 0.02109375 0.02734375
3 0.86953125 0.5625 0.05546875 0.12265625
2 0.90546875 0.53359375 0.01796875 0.028125
2 0.92265625 0.7703125 0.00703125 0.00703125
2 0.959375 0.875 0.0125 0.01484375
2 0.953125 0.97578125 0.02421875 0.04765625
2 0.82734375 0.89296875 0.015625 0.021875
2 0.79921875 0.81953125 0.02421875 0.03046875
2 0.78125 0.91953125 0.00625 0.009375
2 0.4484375 0.96015625 0.0203125 0.034375
2 0.26640625 0.90234375 0.00625 0.00703125
2 0.92890625 0.40078125 0.00546875 0.00703125
2 0.85546875 0.53125 0.01015625 0.01015625
2 0.68125 0.68828125 0.0109375 0.01328125
2 0.89375 0.43828125 0.0171875 0.02109375
2 0.384375 0.75 0.00703125 0.00859375
2 0.2828125 0.840625 0.00546875 0.00859375
2 0.35625 0.78671875 0.01171875 0.01171875
2 0.57578125 0.42890625 0.025 0.02421875
2 0.496875 0.73515625 0.03046875 0.04609375
2 0.4578125 0.65078125 0.00859375 0.00625
2 0.721875 0.63984375 0.03125 0.040625
2 0.096875 0.47421875 0.009375 0.01015625
2 0.70390625 0.1125 0.00390625 0.00625
2 0.709375 0.54453125 0.025 0.09140625
2 0.7171875 0.48046875 0.01015625 0.01796875
2 0.6203125 0.0578125 0.0484375 0.06328125
2 0.1734375 0.7015625 0.00703125 0.00625
2 0.5546875 0.41640625 0.01171875 0.01796875
2 0.36171875 0.64375 0.0109375 0.01484375
2 0.35625 0.81328125 0.02109375 0.028125
2 0.5296875 0.3 0.0171875 0.02734375
2 0.6734375 0.24921875 0.021875 0.02890625
2 0.3375 0.69609375 0.00859375 0.009375
2 0.75078125 0.38515625 0.0203125 0.01328125
2 0.2890625 0.5890625 0.03828125 0.040625
2 0.69375 0.45078125 0.00859375 0.00703125
2 0.996875 0.45859375 0.00625 0.00703125
2 0.9453125 0.4953125 0.00625 0.00859375
2 0.921875 0.6359375 0.00546875 0.00625
2 0.8140625 0.96015625 0.0078125 0.009375
2 0.8265625 0.92109375 0.0078125 0.01171875
2 0.74140625 0.74921875 0.0125 0.01171875
2 0.53125 0.9296875 0.00703125 0.00703125
2 0.378125 0.96328125 0.01171875 0.01328125
2 0.365625 0.95546875 0.01015625 0.01171875
2 0.1875 0.96640625 0.0078125 0.00859375
2 0.4203125 0.68828125 0.003125 0.00625
2 0.58828125 0.7734375 0.00625 0.01015625
2 0.5890625 0.74765625 0.0046875 0.00546875
2 0.4375 0.6265625 0.00703125 0.01015625
2 0.33515625 0.52265625 0.00546875 0.009375
2 0.28359375 0.28359375 0.0140625 0.02578125
2 0.734375 0.72578125 0.00390625 0.00703125
2 0.2421875 0.778125 0.034375 0.04921875
2 0.553125 0.8578125 0.015625 0.01875
2 0.3671875 0.89296875 0.0421875 0.03828125
2 0.52734375 0.99453125 0.0046875 0.00859375
2 0.234375 0.89140625 0.0125 0.02265625
2 0.9265625 0.45546875 0.00703125 0.00859375
2 0.8171875 0.7703125 0.0078125 0.00859375
2 0.925 0.53828125 0.01015625 0.0125
2 0.76171875 0.13515625 0.009375 0.01015625
2 0.6140625 0.15234375 0.003125 0.00546875
2 0.9125 0.93203125 0.05078125 0.06015625
2 0.759375 0.784375 0.00390625 0.00625
2 0.95625 0.5265625 0.009375 0.015625
2 0.0359375 0.29140625 0.00546875 0.00625
2 0.9734375 0.49296875 0.00390625 0.00625
2 0.1609375 0.41796875 0.01796875 0.02265625
2 0.8171875 0.98984375 0.01484375 0.01796875
2 0.9453125 0.3375 0.0046875 0.00703125
2 0.5234375 0.940625 0.01171875 0.01171875
2 0.5921875 0.0328125 0.02109375 0.02734375
2 0.6203125 0.259375 0.00546875 0.00546875
2 0.70859375 0.95546875 0.00625 0.01015625
2 0.9875 0.465625 0.0078125 0.0125
2 0.58125 0.07578125 0.00703125 0.00859375
2 0.859375 0.0859375 0.01171875 0.01796875
2 0.99609375 0.81796875 0.0078125 0.01484375
2 0.0359375 0.38046875 0.034375 0.06796875
2 0.85078125 0.56875 0.0046875 0.00703125
2 0.309375 0.94453125 0.00546875 0.00546875
2 0.2171875 0.96640625 0.0078125 0.01015625
2 0.94375 0.30078125 0.0078125 0.00703125
2 0.9796875 0.884375 0.01328125 0.01640625
2 0.48359375 0.97265625 0.00546875 0.00546875
2 0.403125 0.96484375 0.01796875 0.01328125
2 0.8765625 0.7921875 0.01171875 0.01484375
2 0.86953125 0.85390625 0.00859375 0.00625
2 0.9640625 0.90546875 0.00859375 0.01171875
2 0.73359375 0.00234375 0.0078125 0.0046875
2 0.85625 0.41015625 0.01796875 0.02109375
2 0.36640625 0.90546875 0.00390625 0.00546875
2 0.3390625 0.45625 0.0109375 0.01796875
2 0.84375 0.88671875 0.00859375 0.009375
2 0.9953125 0.88203125 0.0046875 0.00859375
2 0.975 0.51015625 0.00625 0.009375
2 0.9171875 0.0171875 0.0375 0.034375
2 0.48515625 0.890625 0.0140625 0.02109375
2 0.9328125 0.50546875 0.0046875 0.00703125
2 0.7078125 0.67578125 0.0078125 0.01640625
2 0.63125 0.09765625 0.00390625 0.00546875
2 0.9859375 0.27421875 0.01171875 0.01953125
2 0.7046875 0.353125 0.01796875 0.028125
2 0.6046875 0.69296875 0.009375 0.00859375
2 0.6015625 0.7828125 0.00703125 0.00625
2 0.70625 0.39296875 0.02421875 0.03046875
2 0.26875 0.43046875 0.0203125 0.03125
2 0.215625 0.67890625 0.03125 0.03984375
2 0.303125 0.2859375 0.0140625 0.0125
2 0.5546875 0.828125 0.00859375 0.01171875
2 0.26875 0.7109375 0.01953125 0.034375
2 0.9859375 0.6046875 0.00234375 0.00390625
2 0.878125 0.47109375 0.0234375 0.025
2 0.290625 0.70234375 0.01640625 0.02421875
2 0.3421875 0.76875 0.0140625 0.01484375
2 0.1890625 0.77421875 0.0234375 0.03359375
2 0.246875 0.27578125 0.00625 0.00859375
2 0.76875 0.14921875 0.0078125 0.009375
2 0.228125 0.40703125 0.0046875 0.00546875
2 0.909375 0.32578125 0.015625 0.02265625
2 0.0734375 0.24453125 0.0078125 0.00859375
2 0.559375 0.1328125 0.03359375 0.053125
2 0.98359375 0.90859375 0.00390625 0.00703125
2 0.0765625 0.39296875 0.02109375 0.03046875
2 0.8515625 0.128125 0.00859375 0.01015625
3 0.48125 0.21484375 0.14375 0.33515625
2 0.7890625 0.02578125 0.00703125 0.00703125
8 0.6203125 0.57109375 0.128125 0.19140625
2 0.9828125 0.1078125 0.01015625 0.01328125
2 0.98828125 0.0859375 0.0234375 0.028125
2 0.4921875 0.22734375 0.01171875 0.01328125
2 0.60546875 0.234375 0.01953125 0.02265625
2 0.65078125 0.221875 0.0078125 0.01484375
2 0.83671875 0.19375 0.0046875 0.00859375
2 0.8609375 0.10546875 0.00390625 0.01015625
2 0.871875 0.33671875 0.0078125 0.01171875
2 0.46171875 0.02109375 0.0453125 0.0421875
2 0.296875 0.06484375 0.01328125 0.0125
2 0.44609375 0.09296875 0.00859375 0.009375
2 0.0703125 0.828125 0.01328125 0.021875
2 0.23515625 0.37734375 0.0078125 0.009375
2 0.140625 0.27265625 0.00625 0.009375
2 0.0234375 0.4484375 0.009375 0.009375
2 0.940625 0.28828125 0.00859375 0.01171875
2 0.890625 0.25390625 0.00703125 0.00625
2 0.959375 0.37265625 0.00390625 0.00703125
2 0.9765625 0.41640625 0.003125 0.00546875
2 0.9609375 0.50234375 0.0046875 0.00625
2 0.9890625 0.83359375 0.01328125 0.02109375
2 0.8703125 0.8671875 0.0046875 0.00625
2 0.8359375 0.82578125 0.00390625 0.00546875
2 0.734375 0.8703125 0.0171875 0.03203125
2 0.809375 0.8890625 0.00546875 0.00625
2 0.778125 0.94609375 0.00703125 0.01484375
2 0.62734375 0.846875 0.0078125 0.00625
2 0.659375 0.82421875 0.0234375 0.02890625
2 0.565625 0.96484375 0.0078125 0.00703125
2 0.3078125 0.95859375 0.00625 0.00703125
2 0.7359375 0.6015625 0.03125 0.04140625
2 0.80625 0.65546875 0.009375 0.01875
2 0.7578125 0.09375 0.00546875 0.00625
2 0.60390625 0.1296875 0.01171875 0.021875
2 0.91796875 0.24140625 0.0171875 0.03359375
2 0.5265625 0.48515625 0.01328125 0.02734375
2 0.01875 0.21328125 0.03203125 0.040625
2 0.15859375 0.61796875 0.021875 0.01796875
2 0.06875 0.315625 0.00703125 0.00546875
2 0.9453125 0.35625 0.00703125 0.00859375
2 0.9421875 0.271875 0.003125 0.00390625
2 0.928125 0.275 0.00625 0.00546875
2 0.95703125 0.6875 0.0234375 0.02421875
2 0.87734375 0.690625 0.0203125 0.01953125
2 0.971875 0.85078125 0.015625 0.015625
2 0.82734375 0.79375 0.00703125 0.00859375
2 0.7203125 0.753125 0.00703125 0.0125
2 0.65390625 0.91328125 0.0875 0.09453125
2 0.5921875 0.91953125 0.01015625 0.015625
2 0.8265625 0.9390625 0.0046875 0.00703125
2 0.7609375 0.878125 0.0078125 0.0125
2 0.884375 0.81328125 0.0515625 0.06875
2 0.840625 0.52890625 0.00546875 0.009375
2 0.7515625 0.92734375 0.04765625 0.078125
2 0.328125 0.98359375 0.0234375 0.03203125
2 0.60234375 0.86171875 0.0046875 0.00546875
2 0.59375 0.85234375 0.009375 0.01171875
2 0.875 0.43828125 0.00859375 0.00859375
2 0.75859375 0.55078125 0.04140625 0.06953125
2 0.5453125 0.93984375 0.015625 0.01640625
2 0.73359375 0.43203125 0.00546875 0.01171875
2 0.2296875 0.26171875 0.02109375 0.02421875
2 0.3609375 0.59921875 0.0140625 0.02109375
2 0.7703125 0.87421875 0.0046875 0.01484375
2 0.95078125 0.409375 0.01015625 0.02421875
2 0.26796875 0.95625 0.0125 0.01796875
2 0.76953125 0.125 0.00546875 0.00859375
2 0.8109375 0.04375 0.00625 0.00703125
2 0.89296875 0.11484375 0.0359375 0.03828125
2 0.6640625 0.08828125 0.0046875 0.00625
2 0.634375 0.240625 0.00859375 0.01015625
2 0.596875 0.83046875 0.00703125 0.00546875
2 0.80234375 0.57265625 0.01796875 0.02578125
2 0.3515625 0.91171875 0.0078125 0.009375
2 0.953125 0.7265625 0.009375 0.009375
2 0.1375 0.4140625 0.02421875 0.021875
3 0.2375 0.16015625 0.28828125 0.125
2 0.8421875 0.05078125 0.00546875 0.00625
2 0.8015625 0.103125 0.0125 0.015625
2 0.68125 0.05390625 0.0078125 0.009375
2 0.5609375 0.0109375 0.01015625 0.01171875
2 0.5515625 0.23984375 0.009375 0.0125
2 0.67421875 0.20625 0.0265625 0.04609375
2 0.86875 0.1984375 0.01953125 0.02265625
2 0.76484375 0.203125 0.0109375 0.01015625
2 0.9578125 0.07890625 0.01484375 0.028125
2 0.4078125 0.01796875 0.0375 0.0359375
2 0.2453125 0.04921875 0.0140625 0.02109375
2 0.05234375 0.21640625 0.01875 0.03515625
2 0.0765625 0.0453125 0.0203125 0.02734375
2 0.07109375 0.71875 0.01953125 0.02890625
2 0.16875 0.63984375 0.01640625 0.03046875
2 0.14296875 0.59609375 0.02578125 0.025
2 0.13828125 0.37265625 0.02890625 0.03828125
2 0.203125 0.56171875 0.0265625 0.03125
2 0.059375 0.52734375 0.00703125 0.01171875
2 0.415625 0.11328125 0.03984375 0.059375
2 0.4578125 0.13046875 0.01953125 0.02734375
2 0.0890625 0.0859375 0.01484375 0.03046875
2 0.146875 0.071875 0.0140625 0.01640625
2 0.6890625 0.10234375 0.00390625 0.00703125
2 0.5703125 0.0953125 0.0171875 0.01953125
2 0.4234375 0.76328125 0.02890625 0.0375
2 0.078125 0.35078125 0.00625 0.01015625
2 0.9859375 0.334375 0.00390625 0.00625
2 0.13046875 0.3078125 0.009375 0.01171875
2 0.61015625 0.21015625 0.0140625 0.02109375
2 0.8265625 0.31484375 0.04765625 0.13984375
2 0.3015625 0.08828125 0.01015625 0.01171875
2 0.315625 0.01484375 0.01796875 0.0125
2 0.8390625 0.20859375 0.01328125 0.02578125
2 0.0875 0.67265625 0.01328125 0.01875
2 0.9625 0.22265625 0.01875 0.02109375
2 0.79765625 0.03046875 0.01015625 0.0125
2 0.4328125 0.03828125 0.01171875 0.02890625
2 0.16484375 0.446875 0.01796875 0.02265625
2 0.4375 0.06796875 0.00546875 0.00703125
2 0.16796875 0.66484375 0.0203125 0.01484375
2 0.9234375 0.31328125 0.0078125 0.01484375
2 0.05546875 0.15546875 0.01015625 0.00859375
2 0.371875 0.00703125 0.025 0.0140625
2 0.7953125 0.16484375 0.01796875 0.034375
2 0.4453125 0.1640625 0.00859375 0.01328125
2 0.346875 0.02734375 0.034375 0.03046875
2 0.5984375 0.11640625 0.0078125 0.009375
2 0.4671875 0.4734375 0.01953125 0.03046875
2 0.496875 0.0515625 0.0078125 0.00703125
2 0.9109375 0.36015625 0.02109375 0.03203125
2 0.1609375 0.22890625 0.0046875 0.00546875