2 0.596875 0.55078125 0.0359375 0.05
2 0.29140625 0.86875 0.0421875 0.03984375
2 0.7828125 0.43046875 0.02109375 0.04140625
2 0.14375 0.0484375 0.06640625 0.096875
0 0.771875 0.05078125 0.2734375 0.1
2 0.7796875 0.215625 0.09609375 0.24609375
2 0.40078125 0.73125 0.06953125 0.09375
2 0.21875 0.93828125 0.05078125 0.04296875
2 0.2 0.4625 0.0375 0.06953125
2 0.0453125 0.11796875 0.01953125 0.03515625
2 0.20703125 0.39453125 0.0125 0.01796875
2 0.0484375 0.51484375 0.0609375 0.08125
2 0.8125 0.51171875 0.02890625 0.05546875
2 0.4296875 0.97265625 0.0375 0.040625
14 0.5921875 0.48828125 0.81484375 0.97421875
2 0.98046875 0.09296875 0.0296875 0.04296875
2 0.1046875 0.575 0.0484375 0.06484375
2 0.246875 0.5203125 0.05234375 0.08359375
2 0.4703125 0.784375 0.06171875 0.07421875
2 0.57109375 0.69765625 0.0390625 0.0375
2 0.85546875 0.35 0.10625 0.14140625
2 0.6578125 0.921875 0.06328125 0.09375
2 0.1390625 0.82421875 0.0859375 0.09609375
2 0.540625 0.15859375 0.06484375 0.08359375
2 0.921875 0.16796875 0.06640625 0.096875
2 0.35 0.95625 0.05625 0.065625
2 0.346875 0.88359375 0.0484375 0.07734375
2 0.703125 0.98203125 0.028125 0.03359375
2 0.015625 0.15 0.03125 0.071875
2 0.746875 0.8125 0.03359375 0.04140625
2 0.4359375 0.49921875 0.0875 0.10625
2 0.0703125 0.83046875 0.06015625 0.11015625
2 0.778125 0.87265625 0.09375 0.07421875
2 0.0390625 0.94453125 0.0203125 0.0375
2 0.54140625 0.05546875 0.08671875 0.08671875
2 0.45390625 0.5953125 0.0515625 0.08046875
2 0.965625 0.3234375 0.01796875 0.02578125
2 0.1109375 0.96484375 0.0546875 0.06171875
2 0.959375 0.16015625 0.0484375 0.06484375
2 0.5484375 0.4796875 0.05625 0.075
2 0.3296875 0.47421875 0.06640625 0.09921875
2 0.984375 0.37734375 0.03125 0.040625
2 0.2921875 0.31484375 0.02421875 0.02734375
2 0.5203125 0.96796875 0.065625 0.06328125
2 0.190625 0.6296875 0.02109375 0.03671875
2 0.140625 0.50078125 0.02421875 0.03359375