2 0.31171875 0.84609375 0.03046875 0.04765625
2 0.64296875 0.78828125 0.02734375 0.02578125
2 0.59296875 0.83671875 0.02265625 0.028125
2 0.2015625 0.8140625 0.0078125 0.01171875
2 0.1796875 0.540625 0.03671875 0.040625
2 0.065625 0.3984375 0.01953125 0.02734375
2 0.053125 0.41484375 0.009375 0.01953125
2 0.0203125 0.31171875 0.0171875 0.02109375
2 0.590625 0.74921875 0.01953125 0.02734375
2 0.54140625 0.71328125 0.01875 0.01796875
2 0.2390625 0.8546875 0.03828125 0.04140625
2 0.175 0.709375 0.021875 0.021875
2 0.2375 0.39375 0.0109375 0.015625
2 0.2453125 0.21171875 0.0140625 0.034375
2 0.15546875 0.05625 0.02265625 0.03046875
2 0.459375 0.69453125 0.03359375 0.03984375
2 0.54921875 0.66953125 0.03203125 0.03203125
2 0.3359375 0.80546875 0.028125 0.04296875
2 0.175 0.81796875 0.02265625 0.04609375
2 0.1125 0.34453125 0.0171875 0.01796875
2 0.57578125 0.4734375 0.03046875 0.028125
2 0.09765625 0.77109375 0.01875 0.02734375
2 0.0515625 0.59296875 0.0140625 0.02109375
2 0.2234375 0.5421875 0.01796875 0.01640625
2 0.68125 0.50390625 0.02421875 0.06953125
2 0.24296875 0.45625 0.021875 0.01875
2 0.1421875 0.0953125 0.01015625 0.0125
2 0.39453125 0.54140625 0.01484375 0.01484375
2 0.4203125 0.5359375 0.0359375 0.0625
2 0.44765625 0.87109375 0.01640625 0.021875
2 0.6765625 0.5703125 0.021875 0.03671875
2 0.4203125 0.70703125 0.03828125 0.03671875
2 0.21171875 0.48828125 0.03828125 0.02421875
2 0.08203125 0.3375 0.01328125 0.01484375
2 0.621875 0.653125 0.03046875 0.03359375
2 0.7265625 0.01171875 0.01875 0.01640625
2 0.48125 0.40078125 0.01640625 0.02421875
2 0.31328125 0.74296875 0.034375 0.03984375
2 0.6109375 0.32109375 0.021875 0.05390625
2 0.7703125 0.91484375 0.04296875 0.04140625
2 0.8015625 0.44921875 0.02890625 0.03359375
2 0.8484375 0.45546875 0.01875 0.025
2 0.82265625 0.2421875 0.0296875 0.02421875
2 0.9828125 0.56953125 0.01875 0.028125
2 0.4296875 0.9296875 0.04375 0.03515625
2 0.95546875 0.93125 0.03828125 0.03203125
2 0.7234375 0.7921875 0.03515625 0.03359375
2 0.66015625 0.9859375 0.0546875 0.028125
2 0.359375 0.92578125 0.015625 0.02421875
2 0.40078125 0.828125 0.02421875 0.02265625
16 0.98203125 0.1328125 0.0359375 0.26328125
2 0.9421875 0.75546875 0.115625 0.14296875
2 0.846875 0.90859375 0.05546875 0.05625
2 0.20625 0.6 0.08671875 0.05703125
2 0.5796875 0.3734375 0.0265625 0.02734375
2 0.8359375 0.69921875 0.05078125 0.03203125
2 0.6625 0.93125 0.02109375 0.03203125
2 0.515625 0.225 0.0390625 0.04140625
4 0.7453125 0.55546875 0.09765625 0.32890625
2 0.1875 0.95078125 0.021875 0.02421875
2 0.2328125 0.74921875 0.01953125 0.04765625
2 0.67890625 0.02109375 0.02421875 0.04140625
2 0.78125 0.09609375 0.05390625 0.03203125
2 0.9796875 0.33359375 0.028125 0.02421875
2 0.91875 0.57890625 0.02109375 0.0375
2 0.84921875 0.6484375 0.0453125 0.03828125
2 0.13125 0.84921875 0.015625 0.025
2 0.7 0.72421875 0.02890625 0.04453125
2 0.403125 0.79453125 0.040625 0.04296875
2 0.79375 0.35859375 0.021875 0.03046875
2 0.57734375 0.9828125 0.0140625 0.034375
2 0.98125 0.6734375 0.0296875 0.04140625
2 0.909375 0.49609375 0.015625 0.01875
2 0.4734375 0.74296875 0.01953125 0.02578125
2 0.6578125 0.175 0.021875 0.02265625
2 0.8046875 0.26328125 0.01953125 0.03203125
2 0.80859375 0.38671875 0.015625 0.02265625
2 0.378125 0.89140625 0.01953125 0.03125
2 0.346875 0.86015625 0.0453125 0.05625
2 0.57734375 0.7203125 0.01171875 0.02578125
2 0.2890625 0.48671875 0.04609375 0.0625
2 0.72109375 0.85234375 0.04921875 0.06953125
2 0.065625 0.9890625 0.034375 0.021875
2 0.465625 0.846875 0.01640625 0.021875
2 0.22421875 0.21953125 0.01484375 0.01484375
2 0.346875 0.4640625 0.03359375 0.025
2 0.015625 0.83515625 0.03046875 0.04609375
2 0.83125 0.1578125 0.04921875 0.03359375
2 0.6515625 0.246875 0.0375 0.03203125
2 0.115625 0.86640625 0.0109375 0.0125
2 0.1859375 0.36796875 0.021875 0.02890625
2 0.275 0.80546875 0.021875 0.02890625