3 0.7125 0.73125 0.090625 0.21796875
2 0.371875 0.83515625 0.0234375 0.02265625
2 0.9703125 0.03671875 0.0140625 0.02421875
2 0.1859375 0.14609375 0.01953125 0.02265625
2 0.1984375 0.48671875 0.021875 0.02421875
2 0.16796875 0.68515625 0.02734375 0.03515625
0 0.5765625 0.92109375 0.03203125 0.04296875
2 0.05078125 0.67421875 0.01953125 0.028125
2 0.44375 0.1671875 0.04140625 0.065625
2 0.309375 0.4375 0.0171875 0.01484375
2 0.0609375 0.76328125 0.025 0.040625
2 0.1234375 0.325 0.01328125 0.021875
2 0.4171875 0.03671875 0.021875 0.03125
0 0.7609375 0.56484375 0.04296875 0.04140625
2 0.140625 0.19140625 0.03203125 0.03359375
2 0.3046875 0.615625 0.01171875 0.02890625
2 0.6828125 0.38515625 0.02109375 0.04453125
2 0.521875 0.20625 0.0421875 0.046875
2 0.2421875 0.0828125 0.01796875 0.03671875
2 0.9078125 0.1140625 0.0171875 0.02421875
2 0.99453125 0.08203125 0.0109375 0.02734375
0 0.828125 0.76875 0.12734375 0.234375
2 0.9875 0.75 0.02421875 0.0375
2 0.3171875 0.13671875 0.01953125 0.03671875
2 0.05 0.028125 0.03671875 0.02890625
2 0.1453125 0.48203125 0.02109375 0.02578125
2 0.42578125 0.87578125 0.02890625 0.028125
0 0.76171875 0.953125 0.08203125 0.08671875
2 0.9453125 0.38046875 0.01640625 0.02265625
2 0.25 0.88359375 0.02109375 0.028125
2 0.9203125 0.3640625 0.01328125 0.02734375
2 0.0140625 0.015625 0.028125 0.03125
2 0.1484375 0.0859375 0.0203125 0.04296875
2 0.25078125 0.29921875 0.02421875 0.021875
2 0.54375 0.01171875 0.0140625 0.01953125
2 0.953125 0.315625 0.01640625 0.02421875
2 0.11875 0.41015625 0.025 0.03515625
2 0.10625 0.525 0.0171875 0.02265625
3 0.8421875 0.91953125 0.1671875 0.15859375
2 0.33671875 0.453125 0.0203125 0.04765625
2 0.8671875 0.86953125 0.01640625 0.02734375
2 0.66484375 0.26640625 0.02109375 0.01875
0 0.76953125 0.64140625 0.06328125 0.05859375
2 0.41328125 0.80859375 0.0140625 0.028125
2 0.2859375 0.1984375 0.02109375 0.03359375
0 0.65859375 0.95390625 0.09375 0.06875
2 0.1859375 0.9046875 0.040625 0.05625
2 0.209375 0.57890625 0.01953125 0.028125
2 0.0125 0.33046875 0.02421875 0.021875
2 0.340625 0.58515625 0.02734375 0.03125
2 0.2203125 0.10390625 0.0234375 0.03671875
0 0.6375 0.75 0.1140625 0.271875
3 0.8359375 0.3359375 0.26796875 0.09375
2 0.484375 0.8390625 0.02421875 0.03125
2 0.1 0.28984375 0.0203125 0.03125
2 0.00625 0.12734375 0.01171875 0.02578125
2 0.38515625 0.75625 0.03046875 0.028125
2 0.44296875 0.81328125 0.0234375 0.02734375
2 0.196875 0.60078125 0.0203125 0.02421875
4 0.40625 0.45546875 0.1015625 0.16796875
16 0.0359375 0.5265625 0.071875 0.20703125
2 0.3140625 0.84921875 0.028125 0.02421875
2 0.3734375 0.90234375 0.0203125 0.02890625
2 0.42734375 0.84453125 0.0265625 0.03125
2 0.9359375 0.25703125 0.02421875 0.03125
2 0.209375 0.71640625 0.0265625 0.05078125
2 0.3390625 0.89609375 0.01484375 0.02421875
0 0.55703125 0.86328125 0.01953125 0.015625
2 0.0078125 0.246875 0.015625 0.03125