2 0.5765625 0.190625 0.0578125 0.05390625
2 0.821875 0.41796875 0.040625 0.05390625
2 0.26015625 0.82421875 0.0296875 0.05
2 0.103125 0.80546875 0.02734375 0.02734375
2 0.0609375 0.70234375 0.05859375 0.07265625
2 0.0078125 0.03671875 0.01484375 0.04296875
2 0.11875 0.75625 0.0234375 0.04453125
2 0.77265625 0.309375 0.0453125 0.075
2 0.5421875 0.4375 0.08203125 0.05546875
2 0.5140625 0.12734375 0.06171875 0.06171875
2 0.7484375 0.4171875 0.03671875 0.071875
2 0.20546875 0.97890625 0.02421875 0.02265625
2 0.15703125 0.72421875 0.01640625 0.028125
2 0.228125 0.65703125 0.02421875 0.02265625
2 0.2734375 0.93515625 0.015625 0.01328125
2 0.25625 0.66015625 0.01953125 0.040625
2 0.6140625 0.0578125 0.0359375 0.04921875
2 0.2421875 0.95 0.0140625 0.01328125
2 0.00859375 0.071875 0.0171875 0.021875
2 0.2140625 0.946875 0.01875 0.040625
2 0.5265625 0.05859375 0.0765625 0.0875
2 0.4390625 0.253125 0.03828125 0.046875
2 0.221875 0.784375 0.0296875 0.05
2 0.1171875 0.7 0.03046875 0.03828125
2 0.4171875 0.33671875 0.06484375 0.10078125
2 0.246875 0.71640625 0.02578125 0.05234375
2 0.2359375 0.21796875 0.0109375 0.03359375
2 0.08671875 0.51640625 0.03515625 0.04765625
2 0.8875 0.1484375 0.0421875 0.065625
2 0.715625 0.48203125 0.0390625 0.04609375
2 0.428125 0.4265625 0.1203125 0.109375
2 0.66328125 0.39140625 0.05234375 0.06484375
2 0.040625 0.55 0.05234375 0.084375
2 0.6515625 0.27421875 0.04140625 0.06484375
2 0.1 0.8984375 0.2 0.203125
2 0.71484375 0.02578125 0.0359375 0.0515625
2 0.9515625 0.05859375 0.0234375 0.03671875
2 0.0203125 0.78515625 0.040625 0.0484375
2 0.00546875 0.61640625 0.0109375 0.01640625
2 0.07734375 0.02734375 0.0921875 0.0546875
2 0.0859375 0.1546875 0.01328125 0.01328125
2 0.2078125 0.1484375 0.01640625 0.025
2 0.15 0.56171875 0.03046875 0.03515625
2 0.53515625 0.31640625 0.1453125 0.165625
2 0.69375 0.12578125 0.05078125 0.08671875
2 0.065625 0.60234375 0.0234375 0.03515625
2 0.078125 0.64921875 0.02421875 0.01484375
2 0.17109375 0.62578125 0.0234375 0.03828125
2 0.10234375 0.14453125 0.015625 0.01484375
2 0.9609375 0.24296875 0.034375 0.0375
2 0.76953125 0.02265625 0.0640625 0.0453125
2 0.78125 0.56328125 0.07578125 0.175
2 0.01015625 0.990625 0.0203125 0.01875
2 0.2234375 0.70625 0.02890625 0.0625
2 0.1546875 0.77578125 0.04921875 0.06796875
2 0.0859375 0.75 0.028125 0.03515625
2 0.2328125 0.1734375 0.01328125 0.021875
2 0.01875 0.4390625 0.02578125 0.02734375
2 0.10703125 0.4046875 0.01328125 0.01484375
2 0.190625 0.36640625 0.03984375 0.04921875
2 0.0890625 0.28046875 0.025 0.01875
2 0.2640625 0.1515625 0.009375 0.025
2 0.696875 0.98125 0.0703125 0.0375
2 0.015625 0.7296875 0.01328125 0.01875
2 0.115625 0.54765625 0.0140625 0.01953125
2 0.88125 0.86953125 0.13671875 0.20234375
2 0.959375 0.73125 0.0421875 0.04765625
2 0.09375 0.62421875 0.02109375 0.02890625
2 0.09921875 0.58046875 0.01484375 0.02734375
2 0.1015625 0.37890625 0.0171875 0.01015625
2 0.21875 0.39140625 0.0171875 0.02265625
2 0.1875 0.1109375 0.03203125 0.02421875
2 0.09921875 0.07578125 0.0234375 0.01953125
2 0.00390625 0.35078125 0.0078125 0.03515625
2 0.1296875 0.621875 0.01328125 0.01796875
2 0.0453125 0.084375 0.028125 0.04609375
2 0.053125 0.1140625 0.00625 0.0125
2 0.07734375 0.2515625 0.0140625 0.02421875
2 0.52734375 0.73203125 0.06640625 0.10234375
2 0.97265625 0.890625 0.0515625 0.21875
2 0.94296875 0.45 0.071875 0.096875
2 0.08203125 0.58125 0.0125 0.01328125
2 0.2484375 0.559375 0.021875 0.03203125
2 0.09375 0.45546875 0.01640625 0.01640625
2 0.08984375 0.3890625 0.01015625 0.01328125
2 0.23203125 0.3296875 0.0453125 0.06015625
2 0.0171875 0.2703125 0.03359375 0.05078125
2 0.15703125 0.0609375 0.04453125 0.05625
2 0.3625 0.48828125 0.0421875 0.08671875
2 0.2015625 0.60859375 0.009375 0.015625
2 0.0046875 0.49765625 0.00859375 0.01171875
2 0.1484375 0.44453125 0.02421875 0.03125
2 0.1453125 0.52734375 0.01953125 0.025
2 0.7390625 0.73203125 0.0984375 0.090625
2 0.02734375 0.13046875 0.0171875 0.02578125
2 0.0578125 0.37109375 0.03515625 0.01953125
2 0.4875 0.55546875 0.096875 0.115625
2 0.153125 0.39765625 0.02109375 0.03828125
2 0.071875 0.29140625 0.0125 0.01171875
2 0.18359375 0.27890625 0.01328125 0.02109375
2 0.4953125 0.89296875 0.08984375 0.2
2 0.45703125 0.73515625 0.0734375 0.11015625
2 0.05625 0.43515625 0.0453125 0.05
2 0.17890625 0.4109375 0.0234375 0.03984375
2 0.0078125 0.415625 0.01484375 0.01796875
2 0.146875 0.33671875 0.02265625 0.0375
2 0.02734375 0.1625 0.02890625 0.03125
2 0.6671875 0.7984375 0.02890625 0.05390625
2 0.18828125 0.19453125 0.03203125 0.05703125
2 0.02890625 0.23359375 0.01484375 0.0125
2 0.1796875 0.67109375 0.01171875 0.015625
2 0.121875 0.35078125 0.01328125 0.01328125
2 0.2359375 0.6015625 0.0125 0.02578125
2 0.2328125 0.04140625 0.06875 0.08203125
2 0.215625 0.09609375 0.015625 0.02578125
2 0.0765625 0.321875 0.02265625 0.01640625
2 0.1546875 0.24921875 0.053125 0.06875
2 0.1421875 0.11328125 0.02109375 0.03671875
2 0.04765625 0.2484375 0.01953125 0.01796875
14 0.32265625 0.5 0.11875 1
2 0.71640625 0.796875 0.04921875 0.08359375
2 0.65078125 0.89609375 0.09609375 0.084375
2 0.40859375 0.9453125 0.0375 0.05
2 0.56796875 0.61015625 0.059375 0.1375
2 0.2140625 0.478125 0.03359375 0.06796875
2 0.1390625 0.48046875 0.03828125 0.03671875
2 0.053125 0.47578125 0.03203125 0.025
2 0.078125 0.41953125 0.01015625 0.01328125
2 0.0046875 0.20625 0.009375 0.0375
2 0.1953125 0.684375 0.0109375 0.01953125
2 0.25625 0.46953125 0.02109375 0.040625
2 0.1234375 0.66015625 0.01953125 0.03359375
2 0.215625 0.27265625 0.02109375 0.03359375