2 0.1703125 0.91796875 0.0625 0.134375
2 0.8703125 0.85234375 0.1078125 0.15390625
2 0.9046875 0.203125 0.07890625 0.06953125
2 0.79296875 0.034375 0.1078125 0.06875
2 0.45625 0.3984375 0.04921875 0.07421875
2 0.1890625 0.1953125 0.0375 0.06328125
2 0.24296875 0.85234375 0.1109375 0.175
2 0.08125 0.49921875 0.14140625 0.109375
2 0.13125 0.63828125 0.1046875 0.128125
2 0.3828125 0.01640625 0.04375 0.03203125
2 0.3546875 0.68046875 0.0609375 0.109375
2 0.91640625 0.37890625 0.05078125 0.08125
2 0.3609375 0.38203125 0.06171875 0.04921875
2 0.7015625 0.34140625 0.0296875 0.06015625
2 0.8609375 0.3328125 0.05234375 0.07734375
2 0.628125 0.29765625 0.09296875 0.109375
2 0.48125 0.31171875 0.1015625 0.09375
2 0.55859375 0.70546875 0.0453125 0.090625
2 0.96015625 0.8546875 0.0796875 0.146875
2 0.678125 0.1890625 0.06171875 0.065625
2 0.4890625 0.52265625 0.09765625 0.14609375
2 0.115625 0.01484375 0.05078125 0.02890625
2 0.309375 0.58984375 0.06328125 0.06953125
2 0.27734375 0.67890625 0.09453125 0.0875
2 0.778125 0.34921875 0.05078125 0.103125
2 0.3859375 0.15546875 0.1328125 0.16328125
2 0.1296875 0.12890625 0.07265625 0.22109375
2 0.29765625 0.96875 0.0828125 0.0625
2 0.7546875 0.25078125 0.1046875 0.12578125
2 0.7015625 0.12734375 0.034375 0.046875
2 0.421875 0.934375 0.1328125 0.13125
2 0.784375 0.95859375 0.12734375 0.08203125
2 0.728125 0.58359375 0.18984375 0.353125
2 0.6375 0.7015625 0.03984375 0.0375
2 0.51875 0.19453125 0.06640625 0.078125
2 0.0734375 0.78046875 0.146875 0.22109375
2 0.703125 0.87265625 0.23828125 0.25390625
2 0.0578125 0.13203125 0.07109375 0.10234375
2 0.94140625 0.58203125 0.1171875 0.253125
2 0.80625 0.4234375 0.0484375 0.06796875
2 0.215625 0.63671875 0.0546875 0.08984375
2 0.0453125 0.35390625 0.06640625 0.11953125
2 0.846875 0.62890625 0.08984375 0.16484375
2 0.9703125 0.21015625 0.059375 0.19453125
2 0.578125 0.45546875 0.0625 0.04609375
2 0.3015625 0.34921875 0.0421875 0.05234375
0 0.4421875 0.825 0.175 0.35
2 0.2203125 0.5046875 0.03203125 0.03125
2 0.053125 0.59765625 0.0390625 0.03671875
2 0.0765625 0.9484375 0.06796875 0.103125
14 0.28828125 0.5890625 0.5765625 0.821875