2 0.82734375 0.63828125 0.02421875 0.03828125
2 0.5984375 0.32109375 0.08203125 0.10859375
2 0.9609375 0.66484375 0.078125 0.09453125
2 0.359375 0.2375 0.0828125 0.04609375
2 0.34296875 0.43203125 0.01640625 0.02265625
2 0.509375 0.1984375 0.0140625 0.01875
2 0.26640625 0.1671875 0.0578125 0.08359375
2 0.2140625 0.95859375 0.0609375 0.0375
2 0.1515625 0.9546875 0.0625 0.090625
2 0.475 0.22421875 0.0140625 0.01875
2 0.8578125 0.4421875 0.08359375 0.08515625
2 0.140625 0.80078125 0.0203125 0.01640625
2 0.440625 0.30859375 0.01796875 0.015625
2 0.3046875 0.3765625 0.04921875 0.07265625
2 0.3875 0.44609375 0.028125 0.046875
2 0.3171875 0.0125 0.040625 0.025
2 0.22421875 0.0140625 0.0453125 0.028125
2 0.1390625 0.44296875 0.03125 0.06640625
2 0.078125 0.55234375 0.02734375 0.04296875
2 0.2234375 0.79765625 0.1625 0.25859375
2 0.06875 0.9390625 0.13671875 0.121875
2 0.41796875 0.9484375 0.0921875 0.103125
2 0.525 0.32421875 0.05078125 0.06015625
2 0.375 0.61484375 0.084375 0.26953125
2 0.090625 0.17109375 0.18125 0.3
2 0.1234375 0.83515625 0.034375 0.03671875
2 0.3203125 0.80625 0.0796875 0.10234375
2 0.3 0.73359375 0.03984375 0.05546875
2 0.1828125 0.58359375 0.1359375 0.10078125
2 0.1234375 0.02578125 0.08203125 0.05078125
2 0.44140625 0.10234375 0.1984375 0.20390625
2 0.49453125 0.97421875 0.065625 0.05078125
2 0.225 0.14921875 0.0609375 0.10078125
2 0.0578125 0.59921875 0.0203125 0.03671875
2 0.621875 0.1625 0.015625 0.01640625
2 0.278125 0.49453125 0.0875 0.12109375
2 0.2171875 0.06640625 0.04765625 0.03359375
2 0.06796875 0.44765625 0.0890625 0.115625
2 0.01171875 0.56796875 0.0234375 0.034375
2 0.121875 0.7375 0.0296875 0.05078125
2 0.0609375 0.7609375 0.121875 0.2375
2 0.465625 0.26875 0.015625 0.02265625
2 0.93203125 0.31875 0.1359375 0.303125
5 0.89609375 0.7609375 0.11484375 0.16328125
2 0.92421875 0.5515625 0.1515625 0.125
2 0.4890625 0.3203125 0.02578125 0.04375
2 0.81875 0.04609375 0.05859375 0.08515625
2 0.55546875 0.165625 0.08359375 0.14453125
2 0.2328125 0.38984375 0.14609375 0.25390625
2 0.290625 0.58515625 0.040625 0.078125
2 0.6265625 0.20546875 0.01484375 0.01484375
2 0.90625 0.85703125 0.01328125 0.01796875
2 0.778125 0.04453125 0.021875 0.03984375
5 0.6609375 0.059375 0.19765625 0.11875
2 0.96640625 0.96875 0.0671875 0.0625
2 0.93828125 0.8609375 0.04765625 0.04296875
2 0.9765625 0.77265625 0.046875 0.14140625
2 0.56796875 0.975 0.08125 0.05
4 0.625 0.5 0.74765625 1
5 0.5125 0.4921875 0.2125 0.30625
5 0.546875 0.74140625 0.09765625 0.1375
2 0.52265625 0.86640625 0.1515625 0.11484375
2 0.68828125 0.953125 0.06953125 0.09296875
5 0.19453125 0.28984375 0.0765625 0.09765625
2 0.85 0.62890625 0.028125 0.04609375
2 0.6875 0.61640625 0.21484375 0.42265625
2 0.64296875 0.890625 0.090625 0.15859375
2 0.8078125 0.853125 0.175 0.29375
2 0.71875 0.21640625 0.16015625 0.21328125