2 0.39453125 0.28515625 0.1484375 0.14453125
0 0.10078125 0.71328125 0.2015625 0.53125
2 0.99453125 0.13671875 0.0109375 0.02265625
2 0.86953125 0.13828125 0.01015625 0.01640625
2 0.8921875 0.05 0.01796875 0.01953125
2 0.190625 0.41484375 0.0625 0.07265625
2 0.625 0.85625 0.03359375 0.03515625
2 0.246875 0.88203125 0.06953125 0.09296875
2 0.5015625 0.4671875 0.03828125 0.05234375
2 0.821875 0.01328125 0.03203125 0.02578125
2 0.2203125 0.16953125 0.16171875 0.17890625
2 0.94140625 0.14296875 0.01015625 0.01640625
2 0.9921875 0.31640625 0.015625 0.02578125
0 0.0203125 0.034375 0.040625 0.06875
2 0.97421875 0.09609375 0.01015625 0.02265625
2 0.69296875 0.36953125 0.6140625 0.68359375
2 0.078125 0.5421875 0.02734375 0.02578125
2 0.04375 0.2703125 0.0265625 0.03515625
2 0.9453125 0.0546875 0.01640625 0.015625
2 0.83359375 0.08515625 0.01015625 0.02421875
0 0.32265625 0.953125 0.1109375 0.09375
2 0.23046875 0.06953125 0.253125 0.084375
2 0.4015625 0.83828125 0.09609375 0.15546875
14 0.5 0.43984375 1 0.79296875
2 0.97734375 0.01015625 0.0234375 0.0203125