2 0.109375 0.88828125 0.03828125 0.04765625
2 0.33984375 0.6078125 0.11640625 0.18046875
2 0.253125 0.70234375 0.009375 0.01640625
2 0.77421875 0.93828125 0.0296875 0.05078125
2 0.05 0.80234375 0.00859375 0.01171875
2 0.81171875 0.9890625 0.04375 0.021875
2 0.6375 0.96796875 0.025 0.03046875
2 0.6140625 0.88046875 0.0578125 0.053125
2 0.38203125 0.21796875 0.034375 0.025
2 0.1953125 0.76328125 0.04921875 0.06015625
2 0.89921875 0.91875 0.0125 0.0125
0 0.5546875 0.5296875 0.03671875 0.02265625
0 0.98515625 0.7078125 0.0296875 0.0375
0 0.671875 0.38828125 0.0359375 0.059375
2 0.2046875 0.83515625 0.0609375 0.05859375
2 0.4640625 0.9765625 0.046875 0.046875
2 0.1234375 0.0640625 0.0375 0.03359375
5 0.825 0.5765625 0.01171875 0.01875
5 0.740625 0.5484375 0.0109375 0.01484375
0 0.2375 0.92890625 0.1265625 0.14140625
2 0.29375 0.72109375 0.03203125 0.0625
2 0.54140625 0.35546875 0.01328125 0.02265625
2 0.31875 0.20703125 0.00625 0.00859375
2 0.1984375 0.1734375 0.02265625 0.021875
2 0.36875 0.9578125 0.01484375 0.06953125
0 0.98515625 0.628125 0.0296875 0.05625
2 0.578125 0.85234375 0.03125 0.03359375
2 0.3875 0.765625 0.02890625 0.04765625
0 0.5296875 0.48671875 0.2625 0.05703125
0 0.7296875 0.3375 0.02265625 0.03359375
5 0.8296875 0.53828125 0.01171875 0.01328125
0 0.46875 0.57890625 0.03828125 0.03671875
2 0.41484375 0.69609375 0.01484375 0.01875
2 0.0359375 0.0578125 0.07109375 0.115625
2 0.0109375 0.25078125 0.01015625 0.015625
2 0.3125 0.23984375 0.00703125 0.00703125
4 0.4609375 0.51875 0.50703125 0.20703125
0 0.91015625 0.7375 0.01015625 0.01640625
2 0.9921875 0.91640625 0.01484375 0.034375
5 0.565625 0.63515625 0.0171875 0.025
0 0.13125 0.7640625 0.02421875 0.04140625
5 0.7515625 0.4734375 0.01015625 0.01875
0 0.9796875 0.56171875 0.03515625 0.04375
0 0.7265625 0.38359375 0.0265625 0.03125
0 0.14375 0.84765625 0.028125 0.05
0 0.2296875 0.64296875 0.0578125 0.08203125
0 0.1640625 0.41015625 0.0296875 0.028125
0 0.98359375 0.87578125 0.0328125 0.059375
2 0.08828125 0.77890625 0.01015625 0.01328125
0 0.70703125 0.36640625 0.03671875 0.05390625
0 0.96875 0.828125 0.0625 0.05703125
5 0.5375 0.58984375 0.01484375 0.01875
2 0.1625 0.725 0.02265625 0.03125
2 0.86875 0.52578125 0.01484375 0.01875
2 0.0828125 0.61875 0.05703125 0.09765625
2 0.87890625 0.74921875 0.01484375 0.028125
2 0.6515625 0.6921875 0.01484375 0.0125
2 0.4984375 0.8828125 0.03515625 0.03671875
2 0.425 0.9171875 0.0625 0.03359375
2 0.2953125 0.978125 0.05859375 0.04375
2 0.415625 0.83125 0.01875 0.01796875
2 0.2109375 0.7125 0.0109375 0.01328125
2 0.2984375 0.82578125 0.040625 0.04140625
2 0.63984375 0.54765625 0.01171875 0.01796875
2 0.42109375 0.11796875 0.01328125 0.015625
2 0.796875 0.325 0.02421875 0.03203125
2 0.084375 0.85 0.05390625 0.03125
2 0.84609375 0.2734375 0.009375 0.009375
2 0.2984375 0.10859375 0.01796875 0.01875
2 0.7140625 0.959375 0.025 0.02421875
2 0.75703125 0.86640625 0.03125 0.065625
2 0.4515625 0.16953125 0.0359375 0.03828125
2 0.27578125 0.44921875 0.01953125 0.028125
2 0.0875 0.48671875 0.02890625 0.04140625
2 0.9046875 0.26875 0.009375 0.00859375
2 0.93046875 0.59296875 0.03125 0.05546875
2 0.95625 0.35 0.00859375 0.01484375
2 0.7 0.89921875 0.05234375 0.08046875
2 0.3171875 0.1578125 0.0265625 0.065625
2 0.61171875 0.79296875 0.0328125 0.04140625
2 0.384375 0.26484375 0.0421875 0.08359375
2 0.4828125 0.11328125 0.01484375 0.025
2 0.6578125 0.79921875 0.0234375 0.0875
2 0.3265625 0.69609375 0.02734375 0.04375
2 0.87734375 0.890625 0.01875 0.01640625
2 0.5921875 0.97265625 0.0140625 0.01640625
2 0.4265625 0.27265625 0.03828125 0.09453125
2 0.3640625 0.24921875 0.034375 0.03359375
2 0.8078125 0.97578125 0.01015625 0.01875
2 0.6125 0.83515625 0.01484375 0.01640625
0 0.509375 0.84296875 0.03515625 0.04140625
2 0.49609375 0.94609375 0.025 0.06015625
2 0.38828125 0.86640625 0.025 0.05234375
2 0.346875 0.8453125 0.05625 0.06328125
2 0.41875 0.57421875 0.0265625 0.04765625
2 0.271875 0.609375 0.0421875 0.04609375
0 0.153125 0.91015625 0.025 0.03515625
2 0.10390625 0.94296875 0.0203125 0.015625
2 0.071875 0.88125 0.04375 0.05078125
2 0.1328125 0.025 0.115625 0.03671875
2 0.3546875 0.19140625 0.00703125 0.01171875
2 0.38515625 0.08671875 0.01484375 0.02421875
2 0.7546875 0.52421875 0.0140625 0.00859375
2 0.5328125 0.978125 0.01484375 0.021875
2 0.5 0.70703125 0.06015625 0.10703125
2 0.4078125 0.96484375 0.0421875 0.05859375
2 0.30625 0.22421875 0.00703125 0.01171875
2 0.3375 0.90234375 0.02265625 0.01484375
2 0.109375 0.96796875 0.04765625 0.06328125
2 0.9015625 0.015625 0.02265625 0.02265625
2 0.9734375 0.40859375 0.01875 0.03203125
2 0.0390625 0.73828125 0.0171875 0.03359375
5 0.334375 0.09921875 0.01484375 0.01796875
2 0.41171875 0.05078125 0.04140625 0.05234375
0 0.128125 0.3265625 0.0609375 0.109375
2 0.1234375 0.23515625 0.046875 0.05859375
2 0.05703125 0.9875 0.0171875 0.025
2 0.89375 0.38515625 0.04140625 0.046875
2 0.21796875 0.190625 0.02265625 0.03515625
2 0.76484375 0.70078125 0.0140625 0.01953125
0 0.06796875 0.24921875 0.03203125 0.03046875
0 0.5734375 0.721875 0.6515625 0.25703125
2 0.9796875 0.334375 0.0125 0.028125
2 0.940625 0.35 0.009375 0.00859375
2 0.7390625 0.4640625 0.01640625 0.01171875
2 0.940625 0.78828125 0.06953125 0.08125
2 0.1015625 0.67890625 0.01875 0.01484375
2 0.0046875 0.665625 0.00859375 0.02265625
2 0.1 0.44296875 0.025 0.01640625
2 0.1125 0.41875 0.02734375 0.021875
2 0.18203125 0.3421875 0.02734375 0.03515625
2 0.5765625 0.19921875 0.0453125 0.05078125
2 0.36953125 0.08203125 0.0078125 0.01640625
2 0.86953125 0.71015625 0.025 0.02734375
5 0.13125 0.678125 0.0109375 0.01796875
2 0.8140625 0.4328125 0.05703125 0.03125
2 0.70703125 0.440625 0.0453125 0.05703125
2 0.26796875 0.490625 0.01328125 0.01328125
2 0.3109375 0.3578125 0.04921875 0.08671875
2 0.371875 0.01875 0.0546875 0.0375
2 0.5125 0.21875 0.03671875 0.05546875
2 0.465625 0.38046875 0.04296875 0.07890625
2 0.2671875 0.03359375 0.084375 0.06640625
2 0.0234375 0.57734375 0.0328125 0.04921875
2 0.9359375 0.52734375 0.01640625 0.01171875
2 0.80703125 0.52421875 0.05390625 0.040625
2 0.12421875 0.1890625 0.2484375 0.21484375
2 0.875 0.25078125 0.01171875 0.01484375
2 0.934375 0.18359375 0.01640625 0.02578125
2 0.109375 0.8125 0.02421875 0.0375
2 0.246875 0.4484375 0.01953125 0.02578125
2 0.04375 0.859375 0.0203125 0.03046875
2 0.003125 0.78671875 0.00546875 0.00859375
2 0.5453125 0.93984375 0.06640625 0.05703125
2 0.946875 0.98671875 0.01875 0.02578125
2 0.9203125 0.94140625 0.015625 0.01796875
2 0.615625 0.71796875 0.02265625 0.01953125
2 0.4171875 0.16015625 0.00859375 0.009375
2 0.80078125 0.83828125 0.02890625 0.03203125
2 0.3375 0.95078125 0.02421875 0.02734375
2 0.45625 0.5390625 0.01953125 0.040625
2 0.965625 0.48515625 0.01953125 0.03046875
2 0.5921875 0.54453125 0.03046875 0.0375
2 0.17890625 0.0859375 0.04296875 0.03203125
2 0.321875 0.06484375 0.04921875 0.065625
2 0.9015625 0.68046875 0.07421875 0.06015625
2 0.7203125 0.68203125 0.0109375 0.01796875
2 0.2 0.31640625 0.02890625 0.02734375
2 0.9890625 0.36484375 0.02109375 0.053125
5 0.98125 0.428125 0.0140625 0.01953125
0 0.628125 0.4046875 0.028125 0.02890625
0 0.178125 0.95859375 0.01796875 0.03203125
0 0.2140625 0.45546875 0.0546875 0.03515625
2 0.9234375 0.06484375 0.01484375 0.01484375
2 0.99375 0.51875 0.01171875 0.03203125
2 0.86875 0.4421875 0.06875 0.07421875
2 0.7328125 0.5265625 0.02578125 0.01796875
2 0.71328125 0.5078125 0.01796875 0.01953125
2 0.753125 0.58984375 0.04609375 0.03515625
2 0.81875 0.64375 0.03828125 0.01953125
2 0.85 0.61953125 0.0171875 0.03359375
2 0.159375 0.87265625 0.01953125 0.02109375
2 0.0046875 0.6390625 0.009375 0.025
2 0.1203125 0.45234375 0.02421875 0.02890625
2 0.2515625 0.48203125 0.00703125 0.0125
2 0.4515625 0.10546875 0.01328125 0.01875
2 0.35625 0.16484375 0.034375 0.03515625
2 0.9578125 0.39296875 0.01640625 0.025
2 0.0109375 0.9609375 0.01796875 0.0125
2 0.8953125 0.09453125 0.078125 0.07890625
2 0.903125 0.14765625 0.05234375 0.06796875
2 0.8421875 0.225 0.0265625 0.04296875
2 0.96796875 0.30703125 0.0234375 0.03359375
2 0.965625 0.20703125 0.0125 0.00703125
2 0.9921875 0.39921875 0.01015625 0.01484375
2 0.846875 0.5625 0.04453125 0.0375
2 0.84375 0.51484375 0.009375 0.01015625
2 0.8421875 0.75234375 0.06015625 0.059375
2 0.0765625 0.93515625 0.01171875 0.01640625
2 0.00859375 0.93046875 0.0171875 0.02734375
2 0.10625 0.71328125 0.0234375 0.03203125
2 0.12734375 0.59921875 0.0125 0.02109375
2 0.03125 0.67421875 0.040625 0.03671875
2 0.06875 0.38671875 0.0125 0.0125
2 0.22421875 0.38671875 0.0640625 0.06796875
2 0.05625 0.95703125 0.0296875 0.034375
2 0.34921875 0.31796875 0.05078125 0.12734375
2 0.2453125 0.165625 0.03203125 0.078125
5 0.146875 0.10390625 0.034375 0.0375
2 0.88984375 0.55234375 0.0234375 0.046875
2 0.05 0.32890625 0.0421875 0.0375
2 0.934375 0.459375 0.06484375 0.03828125
2 0.859375 0.8359375 0.04453125 0.03828125
2 0.72734375 0.4734375 0.01015625 0.01015625
2 0.665625 0.0875 0.16015625 0.175
2 0.915625 0.32421875 0.0296875 0.01875
2 0.8171875 0.3765625 0.13203125 0.10390625
2 0.8078125 0.46953125 0.01640625 0.02265625
2 0.8875 0.50234375 0.03125 0.04453125