2 0.00390625 0.20703125 0.0078125 0.01875
2 0.75625 0.65703125 0.03359375 0.06953125
2 0.1515625 0.2765625 0.040625 0.05390625
2 0.171875 0.61953125 0.01015625 0.01328125
2 0.9921875 0.6046875 0.015625 0.09296875
8 0.4296875 0.55859375 0.52890625 0.6
2 0.9421875 0.23203125 0.06015625 0.109375
2 0.05234375 0.16328125 0.0140625 0.01796875
2 0.0171875 0.55234375 0.02578125 0.04453125
2 0.99375 0.13203125 0.0125 0.01875
2 0.3484375 0.12890625 0.06015625 0.05078125
2 0.034375 0.6796875 0.02578125 0.025
2 0.35390625 0.04140625 0.021875 0.03359375
2 0.584375 0.15703125 0.03671875 0.0375
2 0.22265625 0.86875 0.05859375 0.109375
17 0.1078125 0.09921875 0.04609375 0.07109375
2 0.83046875 0.6640625 0.0171875 0.02109375
2 0.0734375 0.01953125 0.0609375 0.03828125
2 0.88984375 0.840625 0.2203125 0.31875
2 0.784375 0.58984375 0.0359375 0.03828125
2 0.1921875 0.6984375 0.02421875 0.025
2 0.18359375 0.028125 0.0125 0.02734375
2 0.665625 0.50859375 0.01640625 0.028125
2 0.903125 0.61640625 0.02734375 0.03515625
2 0.15234375 0.56484375 0.04609375 0.06484375
2 0.37578125 0.01171875 0.0234375 0.0234375
2 0.77109375 0.9875 0.0234375 0.025
2 0.59765625 0.8859375 0.2734375 0.228125
2 0.07265625 0.81484375 0.03203125 0.05234375
2 0.3921875 0.890625 0.0453125 0.065625
2 0.5421875 0.03828125 0.0203125 0.02265625
2 0.40625 0.24609375 0.13046875 0.10234375
8 0.7578125 0.19453125 0.29765625 0.3875
2 0.5078125 0.20703125 0.06484375 0.04609375
2 0.959375 0.040625 0.02734375 0.04765625
2 0.47890625 0.24765625 0.0125 0.021875
2 0.47265625 0.13671875 0.0125 0.02109375
2 0.77265625 0.43046875 0.121875 0.15
2 0.95625 0.13046875 0.0234375 0.025
2 0.4828125 0.01015625 0.0125 0.015625
2 0.7234375 0.74765625 0.02265625 0.03203125