2 0.153125 0.91484375 0.04921875 0.05390625
2 0.73125 0.721875 0.06640625 0.06484375
2 0.41875 0.51953125 0.11171875 0.09765625
2 0.16484375 0.97265625 0.02734375 0.03359375
2 0.0484375 0.503125 0.0578125 0.08984375
2 0.93125 0.92421875 0.13671875 0.15078125
2 0.7265625 0.89765625 0.06015625 0.078125
2 0.0171875 0.1953125 0.034375 0.053125
2 0.321875 0.08359375 0.05625 0.10234375
2 0.6125 0.53046875 0.06328125 0.084375
2 0.1609375 0.13046875 0.0484375 0.08828125
2 0.86484375 0.7625 0.10703125 0.16015625
2 0.265625 0.20390625 0.096875 0.06953125
2 0.515625 0.95390625 0.12890625 0.09140625
2 0.0640625 0.878125 0.128125 0.13515625
2 0.1921875 0.4859375 0.159375 0.11953125
2 0.040625 0.08359375 0.08046875 0.09375
2 0.596875 0.90078125 0.05390625 0.134375
2 0.3515625 0.91484375 0.11875 0.10234375
2 0.85859375 0.05703125 0.0796875 0.1140625
2 0.6953125 0.08203125 0.1828125 0.16171875
2 0.9296875 0.72109375 0.06953125 0.065625
2 0.6984375 0.3890625 0.05390625 0.06328125
2 0.12734375 0.38046875 0.0421875 0.0375
2 0.03359375 0.96328125 0.04140625 0.02734375
4 0.5 0.5984375 1 0.371875
2 0.96015625 0.81015625 0.0796875 0.07890625
2 0.459375 0.23046875 0.26015625 0.45546875
2 0.3828125 0.80078125 0.09453125 0.13046875
2 0.23515625 0.3796875 0.06796875 0.071875
2 0.6625 0.25625 0.14375 0.17265625
2 0.80234375 0.30859375 0.12109375 0.125
2 0.76640625 0.17265625 0.0515625 0.08984375
2 0.48125 0.8734375 0.08671875 0.12421875
2 0.8078125 0.43125 0.0859375 0.09140625
2 0.9296875 0.278125 0.13984375 0.38984375