2 0.05625 0.92734375 0.11171875 0.14453125
2 0.4515625 0.66640625 0.05234375 0.04453125
2 0.15 0.53046875 0.04296875 0.05390625
2 0.1484375 0.7421875 0.15546875 0.190625
2 0.3734375 0.971875 0.06484375 0.05625
2 0.425 0.58046875 0.125 0.10703125
2 0.5328125 0.8828125 0.12265625 0.15859375
2 0.03125 0.79609375 0.0625 0.11015625
2 0.95 0.31484375 0.0625 0.08671875
2 0.93359375 0.64609375 0.0125 0.01484375
2 0.8328125 0.60703125 0.0265625 0.05625
2 0.8640625 0.2609375 0.05390625 0.06796875
2 0.296875 0.55078125 0.0203125 0.01796875
2 0.0375 0.61015625 0.0375 0.06171875
2 0.7125 0.81328125 0.23984375 0.271875
2 0.2171875 0.95625 0.06875 0.0875
2 0.5265625 0.9765625 0.15 0.046875
2 0.365625 0.33359375 0.05546875 0.07265625
2 0.409375 0.08203125 0.03046875 0.02734375
2 0.921875 0.4234375 0.128125 0.13984375
5 0.1296875 0.91640625 0.10859375 0.16171875
2 0.43125 0.18046875 0.06796875 0.08671875
2 0.98984375 0.40859375 0.0203125 0.05078125
2 0.209375 0.56484375 0.01171875 0.01484375
2 0.9421875 0.9453125 0.0453125 0.065625
2 0.0078125 0.55546875 0.015625 0.0484375
2 0.3484375 0.53671875 0.071875 0.190625
2 0.975 0.259375 0.034375 0.059375
2 0.4609375 0.0609375 0.06953125 0.08203125
2 0.28359375 0.30625 0.09140625 0.075
2 0.5296875 0.40859375 0.12421875 0.115625
2 0.41171875 0.28828125 0.0578125 0.06875
2 0.37734375 0.1921875 0.05546875 0.10546875
2 0.3921875 0.02109375 0.040625 0.04140625
2 0.96953125 0.04609375 0.0578125 0.0921875
5 0.7328125 0.34453125 0.18046875 0.20234375
2 0.82578125 0.06796875 0.021875 0.03203125
2 0.95390625 0.6515625 0.01328125 0.02734375
2 0.5078125 0.59765625 0.03671875 0.115625
5 0.5671875 0.08125 0.14140625 0.1625
5 0.5765625 0.62421875 0.10546875 0.11953125
2 0.2171875 0.2921875 0.0265625 0.046875
2 0.70078125 0.12734375 0.2234375 0.2546875
2 0.61875 0.28046875 0.0375 0.0375
2 0.98203125 0.9125 0.0359375 0.0625
2 0.9125 0.79140625 0.17421875 0.203125
2 0.87734375 0.978125 0.0515625 0.04375
2 0.334375 0.90546875 0.26953125 0.09140625
2 0.484375 0.515625 0.0703125 0.07109375
2 0.228125 0.64609375 0.053125 0.08203125
2 0.325 0.046875 0.06875 0.08125
2 0.0609375 0.44921875 0.11875 0.17109375
4 0.5 0.4765625 1 0.36015625
2 0.89609375 0.04296875 0.0921875 0.0859375
2 0.2015625 0.15390625 0.3859375 0.30703125
2 0.08984375 0.28671875 0.11328125 0.05078125
2 0.5078125 0.17578125 0.03828125 0.07890625
2 0.5796875 0.52578125 0.05859375 0.06484375
2 0.25 0.01953125 0.08359375 0.03828125
2 0.65625 0.2640625 0.04609375 0.05234375
2 0.8109375 0.68046875 0.06640625 0.08203125
2 0.375 0.7453125 0.15703125 0.21640625
2 0.0296875 0.68828125 0.059375 0.08046875
2 0.1625 0.44296875 0.0875 0.09296875
2 0.0921875 0.63203125 0.06484375 0.17734375
2 0.97734375 0.16171875 0.02109375 0.115625
5 0.6921875 0.56328125 0.165625 0.14453125