2 0.975 0.60078125 0.03125 0.06484375
9 0.8140625 0.11171875 0.33046875 0.22265625
2 0.93984375 0.55859375 0.025 0.03984375
2 0.07265625 0.009375 0.0328125 0.01875
2 0.8703125 0.98125 0.03046875 0.0375
2 0.5015625 0.28984375 0.03828125 0.05078125
2 0.4828125 0.19609375 0.0453125 0.04375
2 0.7234375 0.23515625 0.0203125 0.02109375
9 0.69375 0.0515625 0.084375 0.025
2 0.29140625 0.02109375 0.01484375 0.021875
2 0.1921875 0.51640625 0.0203125 0.03046875
2 0.0296875 0.7265625 0.059375 0.0875
4 0.32421875 0.51640625 0.2453125 0.959375
2 0.4328125 0.17421875 0.0265625 0.03828125
2 0.54609375 0.05234375 0.0359375 0.03359375
2 0.8640625 0.04765625 0.01484375 0.01640625
2 0.753125 0.00703125 0.01640625 0.01328125
2 0.35625 0.44765625 0.01484375 0.025
2 0.06484375 0.84453125 0.02734375 0.03046875
2 0.096875 0.0859375 0.01640625 0.01640625
2 0.05234375 0.1125 0.034375 0.03515625
2 0.571875 0.91640625 0.02578125 0.034375
2 0.73515625 0.371875 0.0234375 0.02890625
2 0.2703125 0.01796875 0.0203125 0.0125
2 0.1953125 0.69921875 0.04140625 0.04609375
2 0.5359375 0.0109375 0.02734375 0.021875
2 0.1515625 0.72265625 0.025 0.03046875
2 0.11171875 0.8234375 0.03125 0.025
2 0.35078125 0.52109375 0.02890625 0.04453125
2 0.3515625 0.39765625 0.02421875 0.02734375
2 0.1359375 0.56640625 0.02265625 0.021875
2 0.63984375 0.1171875 0.0328125 0.04453125
2 0.9078125 0.26796875 0.03984375 0.05546875
2 0.753125 0.05 0.015625 0.01796875
2 0.26875 0.60234375 0.0328125 0.065625
2 0.2890625 0.34140625 0.02578125 0.02578125
2 0.33984375 0.11484375 0.03203125 0.03515625
2 0.09609375 0.58984375 0.0390625 0.04609375
2 0.1359375 0.20390625 0.04375 0.05234375
2 0.09296875 0.95859375 0.04375 0.05625
2 0.0171875 0.15234375 0.034375 0.05625
2 0.134375 0.865625 0.03515625 0.046875
2 0.2625 0.94453125 0.0328125 0.03671875
9 0.23046875 0.68203125 0.015625 0.02421875
2 0.009375 0.27265625 0.01875 0.0375
2 0.3515625 0.60546875 0.02734375 0.034375
2 0.96484375 0.71796875 0.03203125 0.040625
2 0.7671875 0.878125 0.0265625 0.03125
2 0.3953125 0.82265625 0.03515625 0.040625
2 0.84453125 0.69140625 0.0125 0.021875
9 0.465625 0.6453125 0.0546875 0.153125
9 0.509375 0.49296875 0.0515625 0.046875
2 0.5640625 0.79296875 0.06015625 0.06796875
2 0.43203125 0.784375 0.0453125 0.05234375
9 0.8828125 0.79375 0.04296875 0.06015625
2 0.9578125 0.86015625 0.03046875 0.04296875
2 0.5296875 0.625 0.02421875 0.0375
2 0.56875 0.59140625 0.03046875 0.03515625
2 0.59375 0.3703125 0.0390625 0.04140625
2 0.91953125 0.5328125 0.021875 0.03359375
9 0.8953125 0.16328125 0.03125 0.02265625
9 0.75703125 0.18203125 0.0265625 0.04453125
9 0.6859375 0.309375 0.52734375 0.20390625
2 0.653125 0.828125 0.0515625 0.04609375
2 0.940625 0.6140625 0.03046875 0.040625
9 0.3046875 0.18515625 0.0484375 0.12109375
2 0.5640625 0.41953125 0.03828125 0.04296875
2 0.95703125 0.29140625 0.03046875 0.04609375
9 0.8703125 0.30390625 0.05859375 0.171875
9 0.16328125 0.17890625 0.2296875 0.12890625
2 0.621875 0.49140625 0.04765625 0.07265625
2 0.9 0.70390625 0.06015625 0.07265625
9 0.6359375 0.0375 0.03828125 0.075
2 0.50625 0.73046875 0.03359375 0.04140625
2 0.628125 0.86171875 0.0453125 0.0375
2 0.840625 0.79453125 0.0203125 0.02578125
2 0.959375 0.6640625 0.02734375 0.03046875
2 0.9484375 0.49296875 0.0375 0.03984375
2 0.85234375 0.61640625 0.02578125 0.03671875
9 0.26171875 0.32890625 0.275 0.17109375
2 0.83046875 0.41171875 0.03828125 0.04765625
2 0.875 0.47890625 0.02890625 0.03984375
2 0.6421875 0.43203125 0.025 0.03984375
2 0.86484375 0.803125 0.02421875 0.02265625
2 0.778125 0.50546875 0.0109375 0.02578125
2 0.73203125 0.9796875 0.0921875 0.040625