2 0.271875 0.9453125 0.07578125 0.096875
2 0.3515625 0.8921875 0.0828125 0.05703125
2 0.2875 0.7703125 0.0265625 0.01953125
2 0.90078125 0.4546875 0.06953125 0.07421875
2 0.51796875 0.809375 0.0109375 0.040625
2 0.721875 0.009375 0.02421875 0.01875
2 0.3 0.17265625 0.07421875 0.11484375
2 0.3734375 0.41640625 0.0859375 0.12578125
2 0.4109375 0.871875 0.0421875 0.04453125
2 0.609375 0.98671875 0.01328125 0.015625
2 0.4484375 0.14375 0.0765625 0.12890625
2 0.23125 0.49453125 0.04453125 0.07265625
2 0.665625 0.91171875 0.0171875 0.015625
2 0.40625 0.91875 0.03125 0.02421875
2 0.60234375 0.9578125 0.0109375 0.01171875
2 0.55625 0.91171875 0.0078125 0.01328125
2 0.0296875 0.5578125 0.059375 0.134375
2 0.61484375 0.12734375 0.10859375 0.115625
2 0.46875 0.5046875 0.07890625 0.140625
2 0.2953125 0.7984375 0.01328125 0.0125
2 0.86796875 0.28203125 0.06484375 0.09609375
2 0.56875 0.58203125 0.13125 0.34375
2 0.1015625 0.02421875 0.09375 0.04765625
2 0.965625 0.39609375 0.0359375 0.165625
2 0.5265625 0.8828125 0.028125 0.03125
2 0.3375 0.8203125 0.05703125 0.08359375
2 0.59453125 0.93125 0.01875 0.01875
2 0.64375 0.0390625 0.0890625 0.078125
2 0.57421875 0.9953125 0.0109375 0.009375
2 0.39140625 0.8078125 0.034375 0.109375
2 0.5484375 0.33203125 0.1765625 0.13203125
2 0.4734375 0.771875 0.0484375 0.08203125
2 0.88671875 0.73359375 0.2265625 0.43046875
2 0.5 0.790625 0.01640625 0.021875
2 0.5703125 0.9546875 0.0203125 0.01796875
2 0.428125 0.9625 0.10625 0.075
2 0.06015625 0.384375 0.1203125 0.15625
2 0.7546875 0.0765625 0.03125 0.05390625
2 0.728125 0.56796875 0.10546875 0.15234375
2 0.4546875 0.896875 0.0453125 0.05
2 0.62890625 0.95625 0.01015625 0.0125
2 0.8171875 0.40703125 0.06171875 0.07265625
2 0.53828125 0.9671875 0.03125 0.034375
2 0.421875 0.78984375 0.02890625 0.05546875
5 0.05859375 0.07890625 0.10703125 0.12890625
2 0.3453125 0.11015625 0.08046875 0.14765625
2 0.3953125 0.26796875 0.1390625 0.1625
2 0.14375 0.49921875 0.03984375 0.0625
2 0.1796875 0.40234375 0.02265625 0.03984375
4 0.5 0.55390625 0.99921875 0.43984375
2 0.18203125 0.61328125 0.01484375 0.02265625
2 0.0875 0.83515625 0.11171875 0.10546875
2 0.846875 0.05859375 0.01328125 0.01328125
2 0.8171875 0.10390625 0.01171875 0.01328125
2 0.2015625 0.23515625 0.03046875 0.03828125
2 0.7 0.09921875 0.0203125 0.025
2 0.10234375 0.20078125 0.04453125 0.059375
2 0.93203125 0.06953125 0.03203125 0.03671875
2 0.02109375 0.01015625 0.0390625 0.0203125
2 0.0328125 0.15078125 0.01484375 0.01953125
2 0.22265625 0.85234375 0.05390625 0.06484375
2 0.35625 0.96796875 0.03828125 0.06328125
2 0.01171875 0.9578125 0.0234375 0.04609375
2 0.1015625 0.76328125 0.02578125 0.0375
2 0.15234375 0.6625 0.0265625 0.025
2 0.11875 0.67421875 0.01875 0.02734375
2 0.875 0.02421875 0.01640625 0.025
2 0.1625 0.23125 0.01484375 0.01484375
2 0.0453125 0.25390625 0.02109375 0.025