2 0.50625 0.56328125 0.040625 0.05625
2 0.559375 0.33359375 0.0375 0.03515625
2 0.6890625 0.10859375 0.0875 0.128125
2 0.5921875 0.46484375 0.01640625 0.025
2 0.68046875 0.31171875 0.034375 0.02890625
2 0.5359375 0.53984375 0.02109375 0.03359375
2 0.6234375 0.3984375 0.03046875 0.02578125
2 0.734375 0.0140625 0.02421875 0.028125
2 0.66875 0.73515625 0.02890625 0.078125
2 0.6828125 0.390625 0.02421875 0.03984375
2 0.6390625 0.9765625 0.053125 0.046875
2 0.65078125 0.8859375 0.065625 0.115625
2 0.96796875 0.09921875 0.0609375 0.1984375
2 0.6 0.78046875 0.02109375 0.03125
2 0.5515625 0.57421875 0.02109375 0.01796875
2 0.51015625 0.38984375 0.03203125 0.02421875
2 0.70625 0.91015625 0.0265625 0.05625
2 0.734375 0.53046875 0.2359375 0.2375
2 0.5734375 0.49296875 0.01484375 0.02578125
2 0.6625 0.21640625 0.02734375 0.05546875
2 0.48828125 0.93515625 0.01484375 0.025
2 0.07421875 0.459375 0.08203125 0.090625
2 0.9140625 0.3515625 0.17109375 0.50078125
2 0.86796875 0.784375 0.2640625 0.428125
2 0.68359375 0.9734375 0.0359375 0.053125
2 0.97890625 0.309375 0.0421875 0.090625
2 0.22890625 0.70078125 0.06796875 0.06328125
2 0.1390625 0.35078125 0.1546875 0.15
2 0.353125 0.77890625 0.07421875 0.32265625
2 0.034375 0.7296875 0.06796875 0.4375
2 0.7078125 0.47734375 0.01640625 0.021875
2 0.3421875 0.93828125 0.0453125 0.04765625
2 0.3921875 0.9765625 0.03828125 0.04453125
2 0.22578125 0.76953125 0.0140625 0.03125
2 0.409375 0.1859375 0.08125 0.371875
14 0.3046875 0.50625 0.609375 0.9875
2 0.54375 0.38046875 0.03984375 0.0375
2 0.59609375 0.16953125 0.01484375 0.028125
2 0.278125 0.0625 0.02890625 0.03515625
2 0.46171875 0.96171875 0.01953125 0.05
2 0.2890625 0.97265625 0.05234375 0.05390625
2 0.4546875 0.81171875 0.0578125 0.07109375
2 0.284375 0.6703125 0.0609375 0.36953125
2 0.6234375 0.31015625 0.01015625 0.01171875
2 0.853125 0.11640625 0.03515625 0.028125
2 0.2328125 0.8875 0.11015625 0.09609375
2 0.15 0.7953125 0.0625 0.11875
2 0.534375 0.10859375 0.0640625 0.08828125
2 0.98125 0.39609375 0.03671875 0.046875
2 0.79921875 0.34921875 0.02109375 0.01875
2 0.31875 0.03203125 0.04375 0.0640625
2 0.84609375 0.39140625 0.02421875 0.034375