2 0.153125 0.66640625 0.04140625 0.04609375
2 0.90859375 0.83515625 0.11015625 0.075
2 0.97578125 0.703125 0.03828125 0.04765625
2 0.7453125 0.621875 0.03046875 0.046875
2 0.75625 0.16640625 0.03515625 0.06875
3 0.58984375 0.85234375 0.06640625 0.28671875
2 0.109375 0.8125 0.0578125 0.07734375
2 0.4046875 0.0703125 0.05859375 0.06015625
2 0.7875 0.08203125 0.04921875 0.06171875
2 0.8046875 0.69765625 0.1390625 0.265625
2 0.8703125 0.9015625 0.12265625 0.10546875
2 0.8171875 0.97265625 0.04765625 0.05
2 0.5921875 0.08046875 0.03828125 0.046875
2 0.97421875 0.37421875 0.0515625 0.090625
2 0.7234375 0.9890625 0.04140625 0.01875
2 0.2296875 0.14140625 0.03203125 0.04296875
2 0.7078125 0.1625 0.0234375 0.03203125
2 0.0390625 0.39765625 0.06328125 0.07109375
2 0.6578125 0.03046875 0.028125 0.03203125
2 0.81953125 0.25 0.0421875 0.05078125
2 0.7453125 0.30546875 0.034375 0.03359375
2 0.56796875 0.66328125 0.05546875 0.06875
2 0.03125 0.80234375 0.0375 0.06953125
2 0.27109375 0.93359375 0.03828125 0.04140625
2 0.26796875 0.1109375 0.028125 0.05
3 0.9390625 0.52734375 0.12109375 0.13828125
2 0.01328125 0.69140625 0.0265625 0.03671875
2 0.2984375 0.77265625 0.03203125 0.02734375
2 0.61796875 0.13515625 0.10859375 0.10625
2 0.6953125 0.86015625 0.0171875 0.02421875
2 0.9203125 0.20390625 0.025 0.02890625
2 0.81640625 0.35390625 0.02421875 0.03984375
2 0.875 0.04609375 0.03125 0.05
8 0.340625 0.46796875 0.528125 0.56796875
2 0.38125 0.14140625 0.0265625 0.03203125
2 0.8796875 0.15546875 0.04140625 0.08671875
2 0.33125 0.98203125 0.06484375 0.03515625
2 0.01953125 0.503125 0.0390625 0.07421875
2 0.0453125 0.08359375 0.090625 0.13984375
2 0.4828125 0.90546875 0.028125 0.028125
2 0.728125 0.93515625 0.02734375 0.03203125
2 0.11953125 0.19296875 0.1 0.17890625
2 0.95078125 0.02578125 0.03828125 0.04453125
2 0.95703125 0.14765625 0.0296875 0.03828125
2 0.846875 0.07890625 0.05625 0.05078125
2 0.53515625 0.88671875 0.0625 0.10234375
2 0.190625 0.77265625 0.02734375 0.03359375
2 0.18203125 0.61328125 0.0375 0.05859375
2 0.1828125 0.0828125 0.0578125 0.05546875
2 0.4484375 0.8609375 0.0359375 0.05234375
2 0.29140625 0.88046875 0.028125 0.04765625
2 0.6203125 0.528125 0.0375 0.05078125
2 0.6640625 0.403125 0.03046875 0.04609375
2 0.1859375 0.71015625 0.03125 0.05234375