2 0.98984375 0.153125 0.0203125 0.08046875
2 0.9234375 0.32734375 0.0625 0.06875
2 0.715625 0.79296875 0.12421875 0.14453125
2 0.13203125 0.50546875 0.04609375 0.059375
3 0.35625 0.81328125 0.70859375 0.36875
2 0.82265625 0.24765625 0.07265625 0.09375
2 0.23828125 0.95 0.04765625 0.059375
2 0.1421875 0.9859375 0.03203125 0.02265625
3 0.1515625 0.44921875 0.30234375 0.54765625
2 0.2859375 0.48125 0.0578125 0.06171875
2 0.2625 0.8375 0.065625 0.11015625
2 0.11875 0.4359375 0.025 0.02578125
2 0.721875 0.909375 0.1 0.07734375
3 0.3796875 0.91328125 0.128125 0.16796875
2 0.58203125 0.48203125 0.065625 0.16640625
2 0.503125 0.46796875 0.06328125 0.07265625
2 0.52421875 0.18828125 0.2078125 0.36875
2 0.9828125 0.715625 0.03359375 0.084375
2 0.78359375 0.55859375 0.20703125 0.14296875
2 0.80859375 0.340625 0.08046875 0.10078125
2 0.78828125 0.43671875 0.06484375 0.09140625
2 0.878125 0.09453125 0.159375 0.18515625
2 0.6828125 0.24140625 0.12421875 0.16015625
2 0.4828125 0.71015625 0.12109375 0.12578125
2 0.1953125 0.2359375 0.06953125 0.084375
2 0.93515625 0.94765625 0.1296875 0.0984375
2 0.3046875 0.33203125 0.08515625 0.15859375
2 0.8296875 0.76015625 0.08359375 0.23046875
2 0.7046875 0.38828125 0.10390625 0.12890625
2 0.96171875 0.28046875 0.0765625 0.09609375
2 0.16875 0.06640625 0.025 0.02265625
2 0.234375 0.02265625 0.03203125 0.04296875
2 0.340625 0.47734375 0.0375 0.059375
2 0.9171875 0.7390625 0.07734375 0.196875
2 0.3765625 0.16015625 0.05234375 0.07421875
2 0.1078125 0.0421875 0.0734375 0.08203125
2 0.23125 0.31953125 0.0515625 0.08671875
2 0.35625 0.628125 0.0234375 0.02578125
2 0.39609375 0.50546875 0.06875 0.11953125
2 0.89296875 0.5265625 0.0359375 0.07265625
2 0.9625 0.44375 0.034375 0.06171875
2 0.4171875 0.5875 0.04609375 0.04765625
2 0.31328125 0.1453125 0.034375 0.05078125
2 0.328125 0.5421875 0.04453125 0.05703125
2 0.0203125 0.51953125 0.040625 0.09296875
2 0.3734375 0.26640625 0.06015625 0.12265625
2 0.7015625 0.09765625 0.14453125 0.19453125
2 0.75390625 0.64140625 0.1046875 0.13828125
2 0.5171875 0.59453125 0.05390625 0.09921875
2 0.14765625 0.03359375 0.01953125 0.021875
2 0.41953125 0.421875 0.05625 0.06953125
2 0.8484375 0.42421875 0.05234375 0.11171875
2 0.059375 0.4265625 0.0359375 0.065625
2 0.03125 0.33515625 0.06171875 0.11640625
2 0.246875 0.51875 0.0265625 0.03515625
2 0.296875 0.43671875 0.0453125 0.04296875
2 0.034375 0.85078125 0.06875 0.209375
2 0.3796875 0.36484375 0.0734375 0.07421875
2 0.7703125 0.94453125 0.08046875 0.090625
2 0.1265625 0.134375 0.0703125 0.078125
2 0.228125 0.12109375 0.0828125 0.125
15 0.525 0.725 0.21875 0.31015625