2 0.60390625 0.48203125 0.02421875 0.028125
2 0.21171875 0.10703125 0.0359375 0.0375
2 0.3265625 0.1015625 0.0203125 0.02265625
2 0.2765625 0.15390625 0.01171875 0.01171875
2 0.1609375 0.70078125 0.01484375 0.02265625
2 0.753125 0.5421875 0.02109375 0.03671875
2 0.65 0.23046875 0.0109375 0.0125
2 0.5984375 0.62109375 0.0203125 0.02421875
2 0.1515625 0.5046875 0.03125 0.03359375
2 0.19140625 0.81640625 0.01796875 0.028125
2 0.19453125 0.71484375 0.021875 0.02734375
0 0.41875 0.54921875 0.03046875 0.04296875
2 0.64140625 0.490625 0.034375 0.03203125
2 0.675 0.46953125 0.021875 0.02578125
2 0.9515625 0.50234375 0.03046875 0.05546875
2 0.5640625 0.1765625 0.0390625 0.03359375
2 0.91328125 0.196875 0.03203125 0.02578125
0 0.9703125 0.70078125 0.01484375 0.025
0 0.2828125 0.6421875 0.021875 0.040625
2 0.171875 0.87734375 0.0265625 0.02421875
2 0.9640625 0.840625 0.01796875 0.028125
2 0.60234375 0.29375 0.0234375 0.03984375
2 0.15546875 0.05234375 0.03359375 0.03671875
2 0.20703125 0.49140625 0.01484375 0.015625
2 0.38984375 0.40703125 0.01796875 0.01875
2 0.40390625 0.634375 0.01875 0.02734375
2 0.47421875 0.95234375 0.0265625 0.02734375
2 0.9734375 0.21015625 0.01796875 0.040625
2 0.97890625 0.07890625 0.01484375 0.02109375
2 0.84375 0.490625 0.01328125 0.01796875
2 0.5484375 0.640625 0.04140625 0.046875
2 0.6859375 0.30546875 0.02734375 0.01875
2 0.63828125 0.20625 0.02578125 0.06484375
2 0.5640625 0.228125 0.0140625 0.01875
2 0.6078125 0.0234375 0.009375 0.01015625
2 0.3171875 0.43046875 0.02421875 0.040625
2 0.7609375 0.4890625 0.01171875 0.01484375
2 0.11953125 0.35546875 0.0921875 0.15234375
2 0.9015625 0.78671875 0.021875 0.04453125
2 0.878125 0.5640625 0.01484375 0.02109375
2 0.97109375 0.74609375 0.0109375 0.0125
2 0.49921875 0.45546875 0.01875 0.02578125
2 0.59140625 0.5890625 0.01796875 0.01875
2 0.9359375 0.81484375 0.034375 0.04140625
2 0.37578125 0.02578125 0.0515625 0.0515625
2 0.6203125 0.16484375 0.02890625 0.053125
2 0.9796875 0.04765625 0.040625 0.046875
2 0.3890625 0.2640625 0.03203125 0.04140625
2 0.69375 0.7453125 0.01796875 0.028125
2 0.921875 0.85078125 0.0265625 0.034375
2 0.7765625 0.55390625 0.02109375 0.02734375
2 0.54375 0.01640625 0.02265625 0.03203125
2 0.84375 0.7484375 0.04609375 0.05390625
2 0.1734375 0.31328125 0.02734375 0.03515625
2 0.9953125 0.640625 0.00703125 0.01015625
2 0.8 0.62109375 0.02109375 0.03046875
2 0.2671875 0.19140625 0.0078125 0.01171875
2 0.29453125 0.290625 0.0421875 0.07734375
2 0.5859375 0.15859375 0.03359375 0.03203125
2 0.6015625 0.12265625 0.01796875 0.01640625
2 0.896875 0.98046875 0.03671875 0.02578125
2 0.965625 0.6171875 0.0140625 0.01640625
2 0.2296875 0.39296875 0.0125 0.02421875
2 0.7015625 0.61640625 0.01953125 0.03671875
2 0.9296875 0.39375 0.08515625 0.10234375
2 0.96875 0.9046875 0.01796875 0.02421875
2 0.3546875 0.06484375 0.03203125 0.02578125
2 0.5453125 0.33125 0.0140625 0.02109375
2 0.2375 0.053125 0.034375 0.05078125
2 0.2546875 0.27890625 0.01953125 0.03125
2 0.1484375 0.4296875 0.02265625 0.04140625
2 0.45703125 0.703125 0.0328125 0.025
0 0.34296875 0.690625 0.00859375 0.01328125
2 0.1734375 0.78984375 0.0171875 0.01953125
2 0.0640625 0.87421875 0.02265625 0.02578125
3 0.2890625 0.94296875 0.0625 0.11171875
2 0.13125 0.63046875 0.028125 0.03203125
2 0.2203125 0.19765625 0.05234375 0.0375
2 0.09609375 0.21015625 0.025 0.02890625
2 0.99375 0.603125 0.0125 0.02578125
2 0.66171875 0.74140625 0.025 0.04609375
2 0.678125 0.2828125 0.03046875 0.03046875
2 0.5890625 0.36953125 0.02109375 0.03125
2 0.709375 0.325 0.00625 0.00859375
2 0.915625 0.89375 0.01171875 0.01796875
2 0.02421875 0.63046875 0.0203125 0.021875
2 0.584375 0.10078125 0.00625 0.00703125
2 0.27734375 0.24765625 0.009375 0.015625
2 0.46640625 0.2140625 0.0140625 0.02421875
2 0.140625 0.090625 0.009375 0.01171875
2 0.0953125 0.25078125 0.0203125 0.01796875
2 0.83359375 0.3921875 0.0265625 0.03203125
2 0.9453125 0.87734375 0.028125 0.03125
2 0.29609375 0.12421875 0.00390625 0.01015625
2 0.4359375 0.428125 0.0421875 0.06015625
2 0.24375 0.1 0.028125 0.04921875
2 0.1734375 0.2546875 0.0390625 0.04140625
2 0.775 0.91953125 0.03984375 0.053125
2 0.2703125 0.75390625 0.025 0.01484375
2 0.16015625 0.1859375 0.07890625 0.11484375
2 0.63125 0.975 0.059375 0.05
2 0.40234375 0.88828125 0.02890625 0.02265625
2 0.16875 0.94765625 0.0390625 0.05390625
2 0.0515625 0.58359375 0.0203125 0.02265625
2 0.03125 0.4296875 0.03828125 0.01953125
2 0.303125 0.01484375 0.00546875 0.01171875
2 0.109375 0.4515625 0.02734375 0.03046875
2 0.090625 0.93203125 0.03046875 0.025
2 0.096875 0.78984375 0.075 0.06015625
2 0.078125 0.48359375 0.01796875 0.028125
0 0.290625 0.553125 0.02421875 0.046875
2 0.078125 0.72265625 0.02421875 0.05078125
0 0.515625 0.34609375 0.02421875 0.065625
2 0.09375 0.01953125 0.025 0.03046875
2 0.20625 0.98359375 0.02578125 0.02734375
2 0.1890625 0.35703125 0.00625 0.01328125
2 0.4953125 0.278125 0.0078125 0.01171875
2 0.225 0.1484375 0.0359375 0.053125
2 0.2 0.0390625 0.01328125 0.02421875
2 0.009375 0.1328125 0.0140625 0.025
2 0.140625 0.3015625 0.01796875 0.01875
2 0.3375 0.38984375 0.0125 0.025
2 0.30546875 0.88515625 0.03984375 0.02734375
2 0.4328125 0.38515625 0.01875 0.021875
2 0.24375 0.94296875 0.02265625 0.025
2 0.4609375 0.8828125 0.01015625 0.02109375
2 0.6265625 0.72734375 0.0203125 0.028125
2 0.30546875 0.05234375 0.02734375 0.02109375
2 0.234375 0.43515625 0.015625 0.02890625
2 0.059375 0.21171875 0.00859375 0.0125
2 0.3125 0.07421875 0.01171875 0.01796875
2 0.6296875 0.8609375 0.01484375 0.03125
4 0.5484375 0.46015625 0.58359375 0.52421875
2 0.2109375 0.32421875 0.009375 0.01484375
5 0.86328125 0.178125 0.0234375 0.03359375
16 0.7984375 0.14921875 0.36484375 0.29609375
2 0.2078125 0.28515625 0.02890625 0.053125
2 0.07890625 0.21953125 0.03671875 0.04609375
2 0.1265625 0.278125 0.021875 0.03984375
2 0.14765625 0.33515625 0.00625 0.01171875
0 0.5875 0.9078125 0.0125 0.01875
2 0.3984375 0.39375 0.01875 0.01796875
0 0.31484375 0.48359375 0.06171875 0.0375
2 0.9625 0.96015625 0.02109375 0.034375
2 0.08046875 0.9578125 0.01640625 0.02109375
2 0.6359375 0.77734375 0.0203125 0.01953125
2 0.946875 0.125 0.01484375 0.02890625
0 0.44375 0.0421875 0.02421875 0.028125
2 0.78828125 0.3625 0.03515625 0.03125
2 0.1921875 0.75703125 0.01015625 0.021875
2 0.1140625 0.84296875 0.028125 0.04375
2 0.0140625 0.82265625 0.01484375 0.03046875
2 0.68984375 0.65078125 0.021875 0.02421875
2 0.8984375 0.26171875 0.0390625 0.03359375
2 0.81484375 0.26015625 0.01171875 0.01171875
2 0.0546875 0.009375 0.0421875 0.01875
2 0.3484375 0.27265625 0.0109375 0.01171875
2 0.0796875 0.08203125 0.0171875 0.03515625
2 0.021875 0.00703125 0.01875 0.01328125
2 0.01953125 0.19765625 0.0125 0.01484375
2 0.1171875 0.228125 0.02265625 0.02421875
2 0.00625 0.26796875 0.01171875 0.01484375
2 0.14296875 0.32109375 0.009375 0.01015625
2 0.271875 0.8015625 0.034375 0.034375
2 0.1671875 0.7625 0.0171875 0.02265625
2 0.215625 0.94609375 0.0234375 0.028125
3 0.3546875 0.5078125 0.0484375 0.1125
2 0.6140625 0.96484375 0.015625 0.02265625
2 0.4515625 0.78046875 0.021875 0.03125
2 0.3640625 0.27578125 0.0109375 0.0125
2 0.3609375 0.21484375 0.00625 0.00859375
2 0.3328125 0.0171875 0.00859375 0.01171875
2 0.2625 0.15859375 0.0203125 0.05546875
2 0.20859375 0.77109375 0.01640625 0.01953125
2 0.1078125 0.06015625 0.01953125 0.03515625
2 0.27421875 0.37421875 0.0140625 0.01640625
0 0.45625 0.62265625 0.0140625 0.02734375
0 0.321875 0.67890625 0.025 0.040625
0 0.225 0.66484375 0.04765625 0.03359375
2 0.60078125 0.86875 0.02421875 0.03125
2 0.59375 0.66484375 0.0515625 0.05
2 0.16796875 0.03046875 0.0296875 0.03984375
2 0.7234375 0.31796875 0.0109375 0.01484375
2 0.5578125 0.1359375 0.015625 0.02265625
2 0.18984375 0.42109375 0.065625 0.06328125
2 0.203125 0.59296875 0.05625 0.06953125
2 0.228125 0.34453125 0.028125 0.03125
2 0.128125 0.071875 0.0171875 0.02578125
2 0.4828125 0.55703125 0.06953125 0.05
0 0.03125 0.49453125 0.06171875 0.06953125
2 0.79140625 0.55625 0.0140625 0.02578125
2 0.5546875 0.40390625 0.01015625 0.0125
2 0.65625 0.35 0.01328125 0.01875
2 0.6078125 0.25625 0.01796875 0.05234375
2 0.609375 0.08984375 0.01328125 0.01953125
2 0.6046875 0.1125 0.009375 0.01328125
2 0.59453125 0.04140625 0.009375 0.01484375
2 0.6046875 0.0046875 0.0125 0.009375
2 0.896875 0.8890625 0.01796875 0.021875
2 0.26875 0.02265625 0.04296875 0.04453125
2 0.0484375 0.75078125 0.0234375 0.02734375
0 0.0421875 0.14921875 0.01796875 0.03515625
0 0.0203125 0.0765625 0.0390625 0.10703125
2 0.13828125 0.56484375 0.03203125 0.02890625
2 0.16875 0.66640625 0.0140625 0.02578125
2 0.22265625 0.2484375 0.0265625 0.03203125
2 0.040625 0.2265625 0.03125 0.04140625
2 0.9765625 0.5859375 0.0125 0.01953125
2 0.53671875 0.59296875 0.034375 0.04921875
2 0.734375 0.36640625 0.0203125 0.02890625
2 0.5234375 0.23046875 0.0265625 0.03046875
2 0.5484375 0.11328125 0.0125 0.01328125
2 0.4515625 0.07734375 0.00625 0.01328125
2 0.3890625 0.08984375 0.01953125 0.03515625
2 0.6515625 0.68984375 0.04375 0.04140625
2 0.3703125 0.3546875 0.02421875 0.03203125
2 0.83828125 0.32890625 0.03359375 0.05390625
0 0.0375 0.3296875 0.075 0.18125
2 0.45859375 0.015625 0.034375 0.03125
2 0.2078125 0.85078125 0.01953125 0.03203125
0 0.278125 0.44140625 0.02421875 0.03359375
2 0.27421875 0.0703125 0.03203125 0.046875
2 0.5703125 0.4765625 0.00859375 0.01015625
2 0.08671875 0.1140625 0.0421875 0.03203125
3 0.2421875 0.803125 0.04765625 0.17265625
2 0.53125 0.11953125 0.0140625 0.02109375
2 0.5890625 0.09140625 0.00390625 0.00859375
2 0.4234375 0.18203125 0.0078125 0.01015625
2 0.09609375 0.66484375 0.01484375 0.03984375
2 0.71640625 0.30234375 0.01171875 0.01796875
2 0.5921875 0.234375 0.00703125 0.01171875
2 0.4640625 0.26484375 0.02265625 0.03125
2 0.43125 0.02578125 0.01015625 0.0125
2 0.4703125 0.16953125 0.021875 0.03359375