3 0.028125 0.0390625 0.05546875 0.075
2 0.05703125 0.08125 0.0390625 0.04453125
2 0.1390625 0.23359375 0.028125 0.03515625
2 0.19140625 0.9578125 0.01796875 0.03359375
2 0.5578125 0.421875 0.02265625 0.02890625
2 0.471875 0.42109375 0.03203125 0.046875
2 0.8421875 0.20859375 0.0140625 0.01796875
2 0.240625 0.64609375 0.01796875 0.03203125
2 0.496875 0.80859375 0.0453125 0.04609375
2 0.35859375 0.50546875 0.0171875 0.01484375
2 0.2734375 0.246875 0.02421875 0.02734375
2 0.7703125 0.57734375 0.01328125 0.01328125
2 0.865625 0.434375 0.03125 0.03359375
2 0.509375 0.971875 0.06328125 0.05078125
2 0.88125 0.61953125 0.015625 0.01171875
2 0.4546875 0.28046875 0.0109375 0.01328125
2 0.275 0.3375 0.0125 0.02421875
2 0.20859375 0.1921875 0.0171875 0.028125
2 0.453125 0.47890625 0.02578125 0.02734375
2 0.43671875 0.51484375 0.01015625 0.01875
2 0.39375 0.63203125 0.01640625 0.0125
2 0.31875 0.57421875 0.01328125 0.01484375
2 0.5828125 0.72265625 0.02578125 0.04921875
2 0.9296875 0.33515625 0.01796875 0.03125
2 0.846875 0.25078125 0.02890625 0.03828125
2 0.2609375 0.22265625 0.0171875 0.01875
2 0.2203125 0.33203125 0.0140625 0.01875
2 0.40234375 0.45390625 0.0390625 0.04453125
2 0.1546875 0.17109375 0.028125 0.046875
2 0.59140625 0.13125 0.0421875 0.04765625
2 0.3890625 0.14609375 0.01171875 0.01328125
2 0.35625 0.628125 0.01640625 0.02421875
2 0.2828125 0.70859375 0.03828125 0.04921875
2 0.46328125 0.85234375 0.0203125 0.02578125
2 0.396875 0.19921875 0.01171875 0.01640625
2 0.3828125 0.271875 0.02578125 0.02265625
2 0.5265625 0.54140625 0.02734375 0.046875
2 0.5578125 0.4859375 0.0453125 0.07421875
2 0.5015625 0.490625 0.0265625 0.03203125
2 0.253125 0.41484375 0.01484375 0.021875
0 0.33671875 0.95078125 0.09296875 0.07109375
2 0.3625 0.29453125 0.01328125 0.025
14 0.5375 0.4703125 0.45703125 0.940625
2 0.0859375 0.49453125 0.03046875 0.040625
2 0.31640625 0.50703125 0.0609375 0.096875
2 0.0875 0.11796875 0.03046875 0.03671875
2 0.19140625 0.21953125 0.0203125 0.02578125
2 0.7203125 0.23359375 0.01640625 0.06328125
2 0.59375 0.7796875 0.03046875 0.04609375
2 0.1875 0.29765625 0.02109375 0.040625
2 0.1328125 0.9890625 0.03359375 0.01875
2 0.32421875 0.29296875 0.04375 0.04921875
2 0.39375 0.57578125 0.01953125 0.025
2 0.390625 0.31953125 0.01484375 0.02421875
2 0.13203125 0.07265625 0.0125 0.02109375
2 0.546875 0.809375 0.02734375 0.05625
2 0.353125 0.59140625 0.01640625 0.01953125
2 0.9234375 0.38046875 0.01328125 0.021875
2 0.621875 0.77890625 0.00625 0.025
2 0.203125 0.8546875 0.0484375 0.04609375
2 0.35625 0.2578125 0.00703125 0.01015625
2 0.27265625 0.62109375 0.01328125 0.01796875
2 0.4421875 0.42265625 0.0171875 0.02421875
2 0.5 0.14921875 0.01953125 0.03359375
2 0.83671875 0.34921875 0.03359375 0.03359375
2 0.38828125 0.22109375 0.01484375 0.01484375
2 0.3703125 0.21328125 0.0078125 0.02734375
2 0.325 0.20546875 0.02265625 0.03203125
2 0.1921875 0.15234375 0.0328125 0.03828125
2 0.1921875 0.11875 0.01484375 0.01640625
2 0.1421875 0.1265625 0.0359375 0.03515625
2 0.3546875 0.26953125 0.00703125 0.0125
2 0.4921875 0.53359375 0.0234375 0.028125
2 0.4703125 0.54765625 0.0140625 0.01640625
2 0.28046875 0.59140625 0.03515625 0.034375
2 0.5046875 0.86484375 0.0140625 0.02578125
2 0.2515625 0.70859375 0.0171875 0.02890625
2 0.2953125 0.63359375 0.02109375 0.03671875
2 0.2484375 0.9796875 0.01875 0.040625
2 0.3671875 0.3359375 0.03203125 0.03515625
2 0.6078125 0.38203125 0.02890625 0.05546875
2 0.578125 0.91015625 0.01953125 0.021875
2 0.2234375 0.66015625 0.01484375 0.03125
2 0.0953125 0.41953125 0.028125 0.0375
2 0.1171875 0.32890625 0.01875 0.028125
2 0.1015625 0.26796875 0.01640625 0.028125
2 0.015625 0.1078125 0.03125 0.059375
2 0.60625 0.559375 0.01953125 0.0375
2 0.23828125 0.59765625 0.02734375 0.03828125
2 0.05390625 0.9859375 0.05234375 0.028125
2 0.62890625 0.91171875 0.028125 0.04296875
3 0.70546875 0.84609375 0.1046875 0.30546875
2 0.1046875 0.94609375 0.0125 0.02578125
2 0.1765625 0.36328125 0.0359375 0.03359375
2 0.21640625 0.44375 0.02109375 0.02890625
2 0.38203125 0.24140625 0.01328125 0.01796875
2 0.0875 0.190625 0.03125 0.0375
2 0.0625 0.29921875 0.03515625 0.02734375
2 0.225 0.26015625 0.01796875 0.03671875
2 0.3578125 0.89453125 0.02109375 0.02265625
2 0.2015625 0.75390625 0.01171875 0.02734375
2 0.2078125 0.7234375 0.01640625 0.015625
2 0.128125 0.909375 0.028125 0.02265625
2 0.065625 0.94765625 0.00625 0.00859375
2 0.021875 0.3296875 0.0171875 0.02734375
2 0.640625 0.8234375 0.034375 0.04140625
2 0.1546875 0.64609375 0.01640625 0.02265625
2 0.1234375 0.46953125 0.0140625 0.01953125
2 0.1984375 0.05234375 0.0578125 0.04921875
2 0.2578125 0.28046875 0.02734375 0.03984375
2 0.19765625 0.40078125 0.02578125 0.03125
2 0.6609375 0.59453125 0.0265625 0.040625
2 0.5125 0.25859375 0.02421875 0.03359375
2 0.475 0.26875 0.03125 0.02890625
2 0.7296875 0.06796875 0.02421875 0.03515625
2 0.96328125 0.659375 0.01796875 0.0625
2 0.9703125 0.57578125 0.0125 0.02109375
2 0.98671875 0.90703125 0.0265625 0.05390625
2 0.7546875 0.88828125 0.015625 0.015625
2 0.8546875 0.68515625 0.04453125 0.05703125
2 0.49296875 0.31328125 0.03203125 0.04453125
2 0.8421875 0.56484375 0.06015625 0.06484375
2 0.9625 0.96484375 0.0140625 0.02421875
2 0.8546875 0.93359375 0.046875 0.040625
2 0.7828125 0.753125 0.01640625 0.02578125
2 0.978125 0.47734375 0.0171875 0.01875
2 0.4421875 0.225 0.0265625 0.046875
2 0.4609375 0.18359375 0.06640625 0.084375
2 0.98984375 0.6015625 0.0203125 0.04375
2 0.86953125 0.13203125 0.02734375 0.0375
2 0.46171875 0.81328125 0.028125 0.03046875
2 0.8828125 0.4375 0.0234375 0.03984375
2 0.1578125 0.88125 0.02265625 0.028125
2 0.9484375 0.69296875 0.02578125 0.03046875
2 0.8203125 0.5328125 0.01796875 0.01796875
2 0.95625 0.46875 0.021875 0.01953125
2 0.4796875 0.4546875 0.01796875 0.021875
2 0.09375 0.22109375 0.0203125 0.02890625
2 0.1265625 0.41015625 0.01796875 0.03203125
2 0.4734375 0.06796875 0.040625 0.03671875
2 0.93125 0.75078125 0.0359375 0.06796875
2 0.7921875 0.49140625 0.01328125 0.02734375
2 0.90078125 0.703125 0.02734375 0.040625
2 0.7 0.2875 0.0265625 0.03203125
2 0.7765625 0.50234375 0.02109375 0.02265625
2 0.83515625 0.4953125 0.0171875 0.01484375
2 0.4265625 0.0921875 0.0171875 0.02265625
2 0.79921875 0.675 0.03984375 0.05546875
2 0.390625 0.3828125 0.01953125 0.03203125
2 0.45 0.5328125 0.0203125 0.03125
2 0.353125 0.2265625 0.02109375 0.03359375
2 0.9921875 0.7890625 0.01484375 0.059375
2 0.81328125 0.98125 0.0265625 0.0375
2 0.609375 0.07578125 0.01796875 0.05234375
2 0.559375 0.02578125 0.034375 0.04921875
2 0.3609375 0.153125 0.02109375 0.04296875
2 0.7453125 0.5421875 0.0390625 0.07421875
2 0.84375 0.41640625 0.01953125 0.03828125
2 0.4046875 0.11171875 0.0171875 0.02578125
2 0.8671875 0.9875 0.025 0.025
2 0.5859375 0.8234375 0.02109375 0.03125