2 0.39453125 0.60859375 0.025 0.021875
2 0.9875 0.74375 0.025 0.046875
2 0.6609375 0.71953125 0.025 0.03203125
2 0.58125 0.61328125 0.0203125 0.02734375
2 0.8046875 0.71328125 0.02734375 0.0375
2 0.08984375 0.16328125 0.090625 0.16015625
2 0.41484375 0.50390625 0.053125 0.04765625
2 0.45703125 0.13515625 0.0453125 0.05546875
2 0.1515625 0.14765625 0.0828125 0.23203125
2 0.859375 0.58671875 0.0421875 0.05859375
2 0.1296875 0.02265625 0.09921875 0.03828125
2 0.965625 0.78046875 0.02734375 0.03359375
2 0.871875 0.76484375 0.0203125 0.0375
2 0.98984375 0.4921875 0.0203125 0.0375
2 0.51171875 0.896875 0.06171875 0.090625
2 0.9890625 0.66875 0.01953125 0.02265625
2 0.95625 0.67734375 0.025 0.03046875
2 0.778125 0.78046875 0.03203125 0.06484375
2 0.36171875 0.1171875 0.04453125 0.04296875
2 0.246875 0.86328125 0.08203125 0.07734375
2 0.565625 0.5625 0.0484375 0.07421875
2 0.6703125 0.92265625 0.06328125 0.13515625
0 0.8265625 0.42578125 0.1625 0.128125
2 0.40625 0.85390625 0.071875 0.04453125
14 0.415625 0.57734375 0.684375 0.54140625
2 0.8625 0.66328125 0.07265625 0.084375
0 0.453125 0.3640625 0.0453125 0.04921875
5 0.796875 0.91015625 0.05234375 0.06484375
2 0.878125 0.91640625 0.04453125 0.06328125