14 0.5 0.46796875 1 0.33671875
2 0.4828125 0.81015625 0.1296875 0.17734375
2 0.0578125 0.08828125 0.090625 0.171875
2 0.2234375 0.16953125 0.028125 0.10546875
2 0.6125 0.93828125 0.0484375 0.0875
0 0.90390625 0.81875 0.1921875 0.353125
2 0.7484375 0.0265625 0.0421875 0.04609375
14 0.0234375 0.746875 0.046875 0.5
2 0.4375 0.259375 0.04140625 0.059375
14 0.5 0.51796875 1 0.23671875
0 0.034375 0.253125 0.06875 0.0875
2 0.5875 0.05390625 0.09140625 0.096875
2 0.465625 0.03203125 0.06875 0.0640625
2 0.96328125 0.05546875 0.0609375 0.1109375
2 0.80234375 0.04296875 0.05234375 0.05078125
2 0.5125 0.18984375 0.1375 0.11953125
2 0.16484375 0.875 0.06328125 0.13125
2 0.36953125 0.0609375 0.025 0.04140625
0 0.08359375 0.66953125 0.11875 0.1625
2 0.196875 0.08125 0.07421875 0.0875
2 0.684375 0.08828125 0.09609375 0.07421875
2 0.5078125 0.1140625 0.04765625 0.059375
2 0.23125 0.87109375 0.09296875 0.08359375
2 0.42734375 0.93828125 0.040625 0.115625
2 0.1265625 0.0765625 0.040625 0.13984375
2 0.10546875 0.92109375 0.04921875 0.08671875
14 0.86953125 0.67890625 0.2609375 0.6359375
2 0.80546875 0.55390625 0.35859375 0.8875
2 0.38203125 0.87421875 0.04609375 0.07734375
2 0.6140625 0.8171875 0.0421875 0.09921875
0 0.4953125 0.62109375 0.5578125 0.190625
2 0.2890625 0.128125 0.0625 0.103125
2 0.2203125 0.73671875 0.0453125 0.04765625
2 0.2484375 0.94296875 0.0265625 0.03359375
2 0.27421875 0.03984375 0.034375 0.07265625
2 0.69375 0.19765625 0.0875 0.09921875
2 0.8625 0.07734375 0.0390625 0.07734375
2 0.1484375 0.1765625 0.0484375 0.06328125
2 0.296875 0.828125 0.0703125 0.09375
2 0.3765625 0.11328125 0.07265625 0.05625
0 0.16640625 0.44765625 0.3125 0.13984375
0 0.565625 0.27109375 0.61875 0.17890625
14 0.5 0.64140625 1 0.69921875