2 0.26796875 0.58515625 0.05859375 0.103125
2 0.98046875 0.6890625 0.0390625 0.10625
2 0.6390625 0.11328125 0.0453125 0.05078125
2 0.83125 0.0125 0.034375 0.02265625
2 0.05 0.2796875 0.0765625 0.075
2 0.70703125 0.63359375 0.06328125 0.13046875
2 0.3875 0.04140625 0.02421875 0.02734375
2 0.1125 0.178125 0.03828125 0.11953125
2 0.94140625 0.53671875 0.1171875 0.19765625
2 0.8765625 0.96015625 0.084375 0.075
2 0.0890625 0.6140625 0.08046875 0.096875
2 0.9890625 0.91015625 0.02109375 0.03203125
2 0.9328125 0.08203125 0.0578125 0.09375
2 0.3 0.05859375 0.0546875 0.078125
2 0.7109375 0.92109375 0.07421875 0.07421875
2 0.515625 0.33359375 0.19453125 0.23828125
2 0.10546875 0.765625 0.01953125 0.028125
2 0.46484375 0.01796875 0.0421875 0.0359375
4 0.45 0.5578125 0.44453125 0.80078125
2 0.16796875 0.8453125 0.03515625 0.0375
2 0.2109375 0.8640625 0.05390625 0.03515625
2 0.8296875 0.35625 0.340625 0.43046875
2 0.20546875 0.45546875 0.05625 0.046875
2 0.8453125 0.67890625 0.134375 0.10078125
2 0.2828125 0.8296875 0.03203125 0.07421875
2 0.3078125 0.984375 0.0453125 0.02578125
2 0.6421875 0.59453125 0.0484375 0.13359375
2 0.1796875 0.21640625 0.06171875 0.08046875
2 0.0328125 0.56796875 0.06484375 0.21640625
2 0.2046875 0.3171875 0.09140625 0.08359375
2 0.34765625 0.24921875 0.05625 0.09765625
2 0.0234375 0.35859375 0.04609375 0.07890625
2 0.43125 0.046875 0.03046875 0.03203125
2 0.1453125 0.91640625 0.0734375 0.040625
2 0.0890625 0.92109375 0.03203125 0.065625
2 0.91640625 0.77265625 0.0984375 0.15390625
2 0.3453125 0.77734375 0.03515625 0.09375
2 0.3265625 0.8609375 0.025 0.04140625
2 0.578125 0.55390625 0.053125 0.04453125
2 0.615625 0.703125 0.02734375 0.02734375
2 0.23203125 0.94140625 0.05078125 0.07421875
2 0.36484375 0.66328125 0.12109375 0.16015625
2 0.403125 0.9421875 0.040625 0.10703125
2 0.2640625 0.90703125 0.028125 0.05703125
2 0.1046875 0.4765625 0.121875 0.21875
2 0.76875 0.89296875 0.0234375 0.028125
2 0.1640625 0.08671875 0.06796875 0.1625
2 0.7859375 0.55703125 0.09765625 0.14140625
2 0.0171875 0.9140625 0.034375 0.0375
2 0.7578125 0.21015625 0.06171875 0.084375
2 0.3140625 0.43984375 0.07265625 0.09609375
2 0.74296875 0.7578125 0.1109375 0.13125