2 0.98359375 0.35546875 0.0328125 0.0546875
2 0.14296875 0.821875 0.028125 0.02265625
2 0.22265625 0.92265625 0.02109375 0.03125
2 0.80390625 0.9921875 0.0078125 0.015625
5 0.23828125 0.0421875 0.01484375 0.01953125
2 0.8296875 0.6546875 0.0796875 0.09140625
2 0.578125 0.9875 0.015625 0.025
3 0.8921875 0.32578125 0.08671875 0.11484375
0 0.04453125 0.43984375 0.0890625 0.31171875
2 0.50546875 0.51796875 0.0375 0.04296875
2 0.85546875 0.4796875 0.03125 0.03515625
2 0.74375 0.9234375 0.0359375 0.02734375
2 0.54921875 0.61640625 0.034375 0.05703125
2 0.5890625 0.63203125 0.04140625 0.06328125
2 0.4359375 0.32734375 0.05546875 0.07421875
5 0.6703125 0.6828125 0.03203125 0.040625
5 0.390625 0.6109375 0.025 0.03671875
2 0.82421875 0.590625 0.0375 0.03671875
2 0.93125 0.6234375 0.07265625 0.06953125
2 0.828125 0.82734375 0.0203125 0.03125
2 0.890625 0.4015625 0.025 0.02734375
2 0.99140625 0.2890625 0.0171875 0.078125
2 0.846875 0.42890625 0.0234375 0.03125
0 0.04140625 0.23671875 0.0828125 0.128125
2 0.296875 0.94296875 0.0171875 0.025
2 0.1234375 0.8921875 0.0171875 0.02734375
2 0.59609375 0.90078125 0.0234375 0.03125
5 0.065625 0.36328125 0.02421875 0.02734375
5 0.64453125 0.8171875 0.03125 0.040625
2 0.65 0.60625 0.01484375 0.01640625
2 0.71640625 0.565625 0.0078125 0.01015625
0 0.3609375 0.18671875 0.04453125 0.11015625
16 0.6546875 0.3515625 0.31015625 0.378125
5 0.03125 0.59921875 0.02890625 0.03671875
5 0.1 0.01328125 0.025 0.0265625
0 0.08828125 0.87265625 0.07734375 0.09375
0 0.0078125 0.678125 0.015625 0.0375
2 0.25 0.80546875 0.01328125 0.01171875
5 0.3140625 0.2484375 0.01640625 0.021875
2 0.384375 0.94765625 0.015625 0.021875
2 0.23984375 0.91796875 0.01484375 0.01875
2 0.14765625 0.90546875 0.0078125 0.015625
2 0.74765625 0.59765625 0.02890625 0.05078125
5 0.9625 0.67109375 0.021875 0.03515625
2 0.71875 0.0734375 0.0140625 0.01640625
2 0.3921875 0.56875 0.0125 0.0125
2 0.7078125 0.12734375 0.0203125 0.02734375
2 0.8796875 0.6125 0.009375 0.01171875
2 0.25546875 0.76796875 0.04921875 0.06796875
5 0.7875 0.77578125 0.0171875 0.02421875
5 0.9546875 0.14609375 0.03515625 0.05390625
2 0.60625 0.85625 0.02421875 0.04296875
2 0.6859375 0.59453125 0.0375 0.05
2 0.6734375 0.5484375 0.0453125 0.04296875
2 0.98671875 0.47890625 0.0265625 0.05234375
2 0.90078125 0.896875 0.021875 0.02109375
2 0.784375 0.82890625 0.0203125 0.02421875
2 0.778125 0.61484375 0.01015625 0.01015625
2 0.815625 0.5296875 0.01015625 0.02734375
2 0.48671875 0.30390625 0.01328125 0.021875
2 0.39375 0.3921875 0.0234375 0.02734375
2 0.4921875 0.6046875 0.00859375 0.01640625
2 0.396875 0.5484375 0.01796875 0.021875
2 0.2921875 0.68203125 0.0140625 0.02890625
2 0.2859375 0.70703125 0.00859375 0.01015625
2 0.5859375 0.7859375 0.01484375 0.01953125
2 0.71953125 0.72734375 0.01640625 0.01796875
2 0.684375 0.8390625 0.040625 0.04375
2 0.4609375 0.840625 0.01015625 0.01171875
2 0.61171875 0.80703125 0.03828125 0.04140625
2 0.234375 0.86015625 0.01484375 0.059375
2 0.59453125 0.99140625 0.00703125 0.01640625
2 0.82109375 0.48203125 0.0296875 0.02734375
2 0.80390625 0.88828125 0.01484375 0.02265625
2 0.78671875 0.5734375 0.02109375 0.02578125
2 0.9671875 0.890625 0.02421875 0.04453125
2 0.9515625 0.5265625 0.06953125 0.08359375
3 0.925 0.78046875 0.14921875 0.17109375
5 0.4171875 0.934375 0.028125 0.0375
2 0.8015625 0.60859375 0.00859375 0.0125
2 0.365625 0.85234375 0.025 0.02421875
2 0.19453125 0.8421875 0.0140625 0.015625
2 0.909375 0.03203125 0.01796875 0.01796875
2 0.153125 0.434375 0.040625 0.04296875
2 0.08203125 0.45078125 0.0578125 0.1125
2 0.978125 0.321875 0.01796875 0.02109375
2 0.9953125 0.2015625 0.009375 0.02109375
2 0.3921875 0.0984375 0.01953125 0.03515625
2 0.23984375 0.61484375 0.0234375 0.01796875
5 0.1515625 0.98671875 0.0203125 0.02265625
5 0.01015625 0.2296875 0.0203125 0.02734375
5 0.10390625 0.16171875 0.021875 0.02734375
2 0.01875 0.9421875 0.0375 0.109375
2 0.15859375 0.1328125 0.08359375 0.06953125
2 0.1265625 0.3328125 0.03359375 0.03359375
2 0.2703125 0.5171875 0.075 0.06484375
2 0.31953125 0.98671875 0.0421875 0.02421875
2 0.8890625 0.12578125 0.06171875 0.078125
2 0.128125 0.796875 0.02421875 0.02890625
2 0.1765625 0.2734375 0.021875 0.02578125
2 0.0984375 0.77109375 0.0125 0.028125
2 0.47578125 0.33359375 0.00859375 0.0125
2 0.95390625 0.33984375 0.009375 0.01484375
2 0.68125 0.134375 0.01015625 0.01484375
2 0.7671875 0.10859375 0.0109375 0.009375
2 0.0734375 0.26328125 0.0796875 0.06796875
2 0.125 0.21953125 0.04140625 0.046875
2 0.97109375 0.4328125 0.0140625 0.01328125
2 0.3328125 0.4765625 0.0359375 0.04453125
2 0.3296875 0.93984375 0.05390625 0.07890625
2 0.5 0.2109375 0.02421875 0.03203125
2 0.83515625 0.1 0.0453125 0.06328125
2 0.39453125 0.2609375 0.01328125 0.028125
5 0.19375 0.01875 0.025 0.02890625
2 0.95078125 0.29375 0.01640625 0.02734375
2 0.82109375 0.38671875 0.00703125 0.00703125
2 0.0953125 0.953125 0.084375 0.08671875
2 0.14765625 0.70078125 0.025 0.02578125
2 0.1296875 0.74296875 0.025 0.03125
2 0.25 0.68046875 0.01953125 0.02421875
2 0.98671875 0.01640625 0.0265625 0.03125
2 0.27265625 0.909375 0.04296875 0.07890625
0 0.2203125 0.20859375 0.08515625 0.090625
2 0.18984375 0.5140625 0.0859375 0.09765625
4 0.2703125 0.584375 0.02890625 0.02734375
2 0.95078125 0.46796875 0.02890625 0.02734375
2 0.91875 0.57734375 0.01640625 0.0125
2 0.3765625 0.1265625 0.01796875 0.01484375
2 0.40859375 0.23828125 0.0203125 0.03125
2 0.7984375 0.05078125 0.00859375 0.01640625
0 0.1875 0.59453125 0.0328125 0.040625
2 0.01796875 0.15390625 0.0359375 0.08984375
2 0.059375 0.07578125 0.0234375 0.04140625
2 0.53515625 0.09609375 0.0125 0.01953125
2 0.2515625 0.58828125 0.00859375 0.01796875
2 0.54296875 0.71484375 0.08984375 0.09765625
2 0.1453125 0.5953125 0.08046875 0.05625
0 0.0140625 0.84609375 0.0203125 0.03671875
2 0.35078125 0.75078125 0.084375 0.103125
2 0.4640625 0.08828125 0.0546875 0.06953125
2 0.58984375 0.13828125 0.04609375 0.065625
2 0.39609375 0.4609375 0.05625 0.08828125
2 0.75859375 0.14140625 0.0171875 0.021875
2 0.928125 0.0703125 0.04453125 0.07734375
2 0.9859375 0.40078125 0.01640625 0.015625
2 0.95234375 0.35859375 0.01171875 0.01875
2 0.8734375 0.03203125 0.01640625 0.01328125
2 0.6984375 0.10546875 0.01484375 0.01640625
2 0.509375 0.96953125 0.059375 0.05078125
2 0.6265625 0.10859375 0.01796875 0.03125
2 0.38515625 0.01328125 0.034375 0.02578125
2 0.4171875 0.2703125 0.0296875 0.03203125
2 0.09765625 0.12265625 0.0296875 0.046875
2 0.0609375 0.1484375 0.02109375 0.025
2 0.278125 0.03671875 0.04140625 0.059375
2 0.27578125 0.309375 0.04765625 0.04296875
2 0.13125 0.29453125 0.0109375 0.01796875
2 0.225 0.31328125 0.0296875 0.04921875
2 0.203125 0.0515625 0.0203125 0.02734375
2 0.975 0.2828125 0.0046875 0.009375
2 0.47578125 0.00390625 0.0359375 0.0078125
2 0.3453125 0.51484375 0.01640625 0.01640625
5 0.0203125 0.87265625 0.02109375 0.021875
2 0.01015625 0.034375 0.0203125 0.04140625
2 0.26171875 0.42265625 0.08203125 0.10625
2 0.840625 0.39921875 0.0078125 0.01796875
2 0.81875 0.42890625 0.0203125 0.03671875
2 0.9046875 0.31796875 0.0109375 0.01484375
2 0.9765625 0.16953125 0.0359375 0.03046875
2 0.853125 0.24609375 0.009375 0.01171875
0 0.1546875 0.62578125 0.07578125 0.04140625
2 0.28125 0.34765625 0.015625 0.02890625
2 0.61953125 0.01015625 0.0203125 0.0203125
2 0.9140625 0.396875 0.01953125 0.02265625
2 0.72109375 0.17578125 0.0234375 0.0375
2 0.8109375 0.18359375 0.040625 0.05
2 0.834375 0.22109375 0.028125 0.06328125
2 0.3484375 0.546875 0.034375 0.040625
2 0.3484375 0.07578125 0.034375 0.03359375
2 0.41640625 0.77890625 0.034375 0.03671875
2 0.65 0.14140625 0.034375 0.05390625
2 0.11015625 0.84140625 0.01015625 0.02421875
2 0.190625 0.86796875 0.0078125 0.0125
2 0.215625 0.64296875 0.02734375 0.028125
2 0.55078125 0.79296875 0.03359375 0.02890625
2 0.4640625 0.70625 0.0578125 0.065625
2 0.321875 0.53046875 0.01796875 0.02578125
2 0.659375 0.0734375 0.0359375 0.05703125
2 0.1171875 0.52890625 0.02734375 0.04140625
2 0.18125 0.91953125 0.05546875 0.05078125
2 0.34765625 0.87890625 0.021875 0.02890625
2 0.45625 0.42578125 0.07890625 0.075
2 0.8296875 0.28046875 0.04296875 0.05078125
2 0.8484375 0.0421875 0.04375 0.08203125
2 0.3765625 0.91171875 0.021875 0.03671875
2 0.4421875 0.00703125 0.01328125 0.01328125
2 0.440625 0.15703125 0.0703125 0.07265625
2 0.96875 0.403125 0.01640625 0.025
2 0.9484375 0.10859375 0.01015625 0.00859375
2 0.303125 0.83671875 0.03515625 0.09609375
2 0.42578125 0.7015625 0.01484375 0.01875
2 0.51953125 0.78359375 0.0234375 0.02734375
2 0.56875 0.67265625 0.03125 0.04140625
2 0.45 0.475 0.03671875 0.065625
2 0.40625 0.19921875 0.06953125 0.03828125
2 0.48984375 0.33828125 0.02578125 0.01796875
2 0.221875 0.7859375 0.02578125 0.02421875
2 0.63203125 0.73671875 0.10703125 0.09609375
2 0.7421875 0.70859375 0.01015625 0.01796875
2 0.7125 0.62265625 0.025 0.02578125
2 0.9921875 0.9421875 0.01484375 0.02734375
2 0.63359375 0.93125 0.0234375 0.03203125
2 0.83671875 0.5265625 0.028125 0.03515625
2 0.903125 0.453125 0.05546875 0.04296875
2 0.725 0.9515625 0.0875 0.08828125
2 0.78359375 0.965625 0.02734375 0.02578125
2 0.8203125 0.9859375 0.01171875 0.01484375
2 0.80078125 0.96640625 0.0078125 0.015625
2 0.76875 0.93515625 0.01328125 0.0125
2 0.971875 0.92265625 0.021875 0.025
2 0.328125 0.42734375 0.01328125 0.02578125
2 0.47109375 0.54765625 0.01328125 0.02265625
2 0.459375 0.634375 0.01328125 0.01640625
2 0.32265625 0.63828125 0.00859375 0.01796875
2 0.3 0.740625 0.01484375 0.01875
2 0.3265625 0.84140625 0.01953125 0.03046875
2 0.25625 0.83515625 0.00546875 0.009375
2 0.54375 0.9640625 0.02265625 0.02265625
2 0.44609375 0.9671875 0.0234375 0.02734375
2 0.61875 0.984375 0.0203125 0.01953125
2 0.9453125 0.44453125 0.01796875 0.01796875
2 0.828125 0.40703125 0.00625 0.00703125
2 0.88515625 0.30234375 0.015625 0.021875
2 0.9484375 0.003125 0.00625 0.00625
2 0.7296875 0.09609375 0.01328125 0.02265625
0 0.7390625 0.00546875 0.0484375 0.01015625
2 0.6828125 0.0046875 0.01875 0.009375
2 0.25625 0.653125 0.0109375 0.01328125
2 0.2296875 0.58671875 0.01796875 0.02265625
2 0.14296875 0.3625 0.0125 0.02578125
2 0.2078125 0.09453125 0.02734375 0.0375
2 0.0453125 0.1046875 0.03046875 0.03828125
2 0.4046875 0.03984375 0.0171875 0.015625
2 0.89765625 0.56875 0.00546875 0.00859375
2 0.46875 0.0203125 0.01171875 0.01015625
2 0.90625 0.42421875 0.0078125 0.009375
2 0.8359375 0.88828125 0.0296875 0.0625
2 0.86875 0.971875 0.034375 0.03671875
2 0.75 0.76328125 0.0140625 0.01953125
2 0.7625 0.57109375 0.0078125 0.01015625
2 0.81328125 0.56484375 0.0125 0.01796875
2 0.8625 0.51015625 0.0203125 0.02421875
2 0.359375 0.4390625 0.01328125 0.021875
2 0.3125 0.67421875 0.01953125 0.04375
2 0.4171875 0.61484375 0.0109375 0.01171875
2 0.4 0.584375 0.01328125 0.02265625
2 0.30078125 0.63359375 0.01640625 0.01875
2 0.3046875 0.578125 0.01171875 0.02421875
2 0.46796875 0.76796875 0.0109375 0.01796875
2 0.428125 0.82734375 0.015625 0.01640625
2 0.38984375 0.9703125 0.0203125 0.021875
2 0.17421875 0.96171875 0.01640625 0.021875
5 0.34140625 0.01640625 0.02890625 0.03125
2 0.0640625 0.72421875 0.0296875 0.03984375
2 0.28359375 0.190625 0.0453125 0.03515625
2 0.8140625 0.40234375 0.00546875 0.00859375
2 0.9421875 0.3828125 0.01015625 0.01015625
2 0.93359375 0.00546875 0.0109375 0.0109375
2 0.9546875 0.01953125 0.015625 0.01796875
2 0.69609375 0.03984375 0.0171875 0.02578125
2 0.659375 0.028125 0.0203125 0.02578125
2 0.0375 0.65234375 0.01796875 0.02109375
2 0.34609375 0.11484375 0.01328125 0.028125
2 0.05625 0.63046875 0.034375 0.03828125
2 0.2671875 0.12421875 0.025 0.02421875
2 0.825 0.96796875 0.009375 0.01484375
2 0.503125 0.92734375 0.02890625 0.05078125
2 0.64375 0.65390625 0.03046875 0.04453125
2 0.3734375 0.63515625 0.025 0.04296875
2 0.52265625 0.48359375 0.01953125 0.02578125
2 0.90859375 0.55546875 0.0078125 0.01171875
2 0.8953125 0.2359375 0.03125 0.046875
2 0.828125 0.94296875 0.0203125 0.03984375
2 0.80625 0.93828125 0.00859375 0.009375
2 0.99140625 0.8890625 0.0171875 0.015625
2 0.75859375 0.69609375 0.01640625 0.01796875
2 0.64921875 0.58359375 0.009375 0.01953125
2 0.47421875 0.65546875 0.00859375 0.00859375
2 0.325 0.571875 0.01015625 0.01171875
2 0.553125 0.88828125 0.08515625 0.15078125
2 0.6984375 0.79921875 0.03359375 0.04140625
2 0.9375 0.9609375 0.084375 0.07265625
2 0.865625 0.55546875 0.02421875 0.03203125
2 0.89375 0.51875 0.0203125 0.06171875
2 0.7078125 0.68203125 0.03515625 0.07421875
2 0.74296875 0.84453125 0.0625 0.12890625
2 0.659375 0.884375 0.034375 0.078125
2 0.8671875 0.93046875 0.0421875 0.05234375
2 0.1734375 0.63671875 0.0140625 0.025
2 0.459375 0.90703125 0.02109375 0.02890625
2 0.39375 0.7484375 0.015625 0.0125
2 0.2796875 0.64453125 0.0125 0.01796875
2 0.78125 0.91171875 0.02890625 0.02890625
2 0.4109375 0.8546875 0.00546875 0.009375
2 0.37109375 0.321875 0.01796875 0.02421875
2 0.3484375 0.4296875 0.00703125 0.009375
2 0.940625 0.87578125 0.021875 0.028125
2 0.03359375 0.05703125 0.0578125 0.06484375
2 0.1828125 0.67109375 0.01171875 0.01015625
2 0.78125 0.8640625 0.0125 0.01640625
2 0.734375 0.640625 0.01328125 0.02265625
2 0.434375 0.74453125 0.00625 0.01015625
2 0.3625 0.28203125 0.01484375 0.01640625
2 0.5828125 0.54296875 0.06875 0.09375
2 0.4015625 0.91171875 0.0140625 0.02578125
2 0.25078125 0.96640625 0.01875 0.02265625
2 0.50234375 0.7796875 0.01171875 0.01171875
2 0.46484375 0.34609375 0.009375 0.01796875