2 0.1234375 0.29296875 0.24609375 0.23671875
2 0.02578125 0.0625 0.0515625 0.10078125
2 0.6140625 0.91015625 0.1328125 0.16640625
2 0.82265625 0.28828125 0.28203125 0.43984375
2 0.30078125 0.24375 0.22265625 0.2
14 0.48828125 0.67421875 0.97109375 0.646875
2 0.98515625 0.534375 0.0296875 0.053125
2 0.253125 0.08203125 0.11640625 0.11875
2 0.9859375 0.69609375 0.028125 0.24140625
2 0.06953125 0.7203125 0.1390625 0.54609375
2 0.8421875 0.67109375 0.159375 0.24140625
2 0.28671875 0.7109375 0.43828125 0.35546875
2 0.94296875 0.815625 0.06328125 0.09140625
2 0.55078125 0.34765625 0.41015625 0.690625
2 0.1234375 0.17265625 0.1734375 0.16796875
2 0.9046875 0.08515625 0.17265625 0.16796875
2 0.9390625 0.2984375 0.121875 0.22578125
2 0.528125 0.86953125 0.071875 0.12421875
2 0.328125 0.9234375 0.1453125 0.14765625