2 0.640625 0.88359375 0.0171875 0.01953125
2 0.728125 0.3796875 0.0125 0.01953125
0 0.121875 0.09296875 0.0390625 0.17734375
5 0.38515625 0.23359375 0.02421875 0.03125
2 0.82578125 0.57890625 0.0390625 0.05625
2 0.55859375 0.57734375 0.03046875 0.021875
0 0.41875 0.25390625 0.0578125 0.12890625
14 0.4625 0.3078125 0.1796875 0.33359375
2 0.73125 0.92734375 0.015625 0.021875
2 0.5046875 0.875 0.02109375 0.03046875
2 0.45625 0.07890625 0.02265625 0.04296875
2 0.5421875 0.1296875 0.0453125 0.07421875
2 0.4859375 0.66484375 0.0203125 0.0375
2 0.46640625 0.60078125 0.03515625 0.05078125
2 0.678125 0.56171875 0.05078125 0.06171875
16 0.81640625 0.10859375 0.3671875 0.21328125
5 0.8453125 0.61328125 0.034375 0.03984375
5 0.94375 0.55546875 0.028125 0.04296875
2 0.95859375 0.95234375 0.025 0.03359375
2 0.803125 0.9453125 0.01953125 0.03125
2 0.8359375 0.92421875 0.0390625 0.01953125
2 0.6296875 0.93828125 0.0171875 0.02421875
2 0.50625 0.70625 0.01796875 0.01953125
2 0.5375 0.7015625 0.01796875 0.01953125
2 0.61328125 0.69296875 0.0171875 0.03125
2 0.7171875 0.34296875 0.0140625 0.02578125
2 0.63671875 0.35625 0.0125 0.02421875
2 0.615625 0.25546875 0.0171875 0.01640625
2 0.5875 0.23828125 0.0203125 0.01796875
2 0.63203125 0.8453125 0.06484375 0.05390625
2 0.6625 0.3265625 0.03828125 0.059375
2 0.7875 0.32578125 0.09375 0.12265625
2 0.628125 0.659375 0.0109375 0.01328125
2 0.97265625 0.42265625 0.0421875 0.046875
2 0.959375 0.69296875 0.02578125 0.03359375
2 0.534375 0.89453125 0.01171875 0.01015625
0 0.7421875 0.4921875 0.0296875 0.04765625
2 0.328125 0.49140625 0.05859375 0.04609375
2 0.3125 0.43984375 0.04921875 0.05546875
2 0.284375 0.39765625 0.03125 0.028125
2 0.4015625 0.46328125 0.0171875 0.03203125
2 0.428125 0.6046875 0.0265625 0.040625
2 0.39453125 0.04609375 0.0171875 0.01640625
2 0.46171875 0.6484375 0.04453125 0.05
5 0.6859375 0.84453125 0.03515625 0.04453125
0 0.00546875 0.12734375 0.0109375 0.02578125
0 0.19140625 0.08046875 0.034375 0.04609375
3 0.778125 0.6203125 0.06484375 0.28359375
16 0.246875 0.60234375 0.49375 0.7875
5 0.70703125 0.88671875 0.03515625 0.04609375
5 0.8953125 0.28203125 0.02421875 0.03515625
2 0.709375 0.278125 0.02265625 0.03203125
0 0.221875 0.20546875 0.26640625 0.25859375
5 0.5625 0.19921875 0.0203125 0.02421875
5 0.23046875 0.2046875 0.03125 0.04453125
2 0.6484375 0.40859375 0.01796875 0.01796875
2 0.659375 0.7765625 0.04921875 0.059375
2 0.703125 0.53359375 0.01796875 0.02421875
2 0.91484375 0.621875 0.02421875 0.01875
2 0.88125 0.76328125 0.0171875 0.01875
5 0.875 0.303125 0.01640625 0.02578125
2 0.86875 0.9828125 0.0234375 0.034375
0 0.54453125 0.9609375 0.17890625 0.078125
0 0.9578125 0.4984375 0.03515625 0.06171875
2 0.93515625 0.97890625 0.00625 0.01015625
0 0.24140625 0.04453125 0.0734375 0.0890625
2 0.3859375 0.29140625 0.0265625 0.03125
5 0.9859375 0.97890625 0.028125 0.03359375
2 0.4234375 0.3828125 0.028125 0.040625
2 0.1828125 0.21015625 0.02109375 0.01953125
2 0.071875 0.00625 0.02265625 0.0125
2 0.31875 0.03515625 0.0390625 0.06875
2 0.54375 0.6421875 0.115625 0.1
2 0.05625 0.10703125 0.01484375 0.01875
5 0.44921875 0.2703125 0.0296875 0.040625
2 0.9828125 0.56328125 0.03359375 0.04765625
2 0.534375 0.0625 0.03671875 0.04453125
2 0.08671875 0.1703125 0.00703125 0.00703125
2 0.9609375 0.27734375 0.03125 0.03125
2 0.9484375 0.76875 0.025 0.03125
2 0.3796875 0.03046875 0.05 0.0609375
2 0.15625 0.096875 0.01484375 0.01640625
2 0.2765625 0.37578125 0.02734375 0.02734375
2 0.9609375 0.74375 0.01171875 0.0125
2 0.79921875 0.9953125 0.0109375 0.009375
0 0.653125 0.9859375 0.0375 0.028125
2 0.65234375 0.9359375 0.01796875 0.02734375
2 0.7234375 0.51328125 0.046875 0.03828125
2 0.6921875 0.39765625 0.015625 0.01953125
2 0.021875 0.09453125 0.0203125 0.03671875
2 0.18984375 0.3265625 0.01953125 0.03046875
2 0.36953125 0.58828125 0.053125 0.0875
2 0.2859375 0.13359375 0.03203125 0.028125
2 0.33515625 0.16484375 0.04375 0.03515625
2 0.4578125 0.12265625 0.021875 0.04140625
2 0.44609375 0.58046875 0.03359375 0.03203125
2 0.9859375 0.48828125 0.0125 0.015625
2 0.86796875 0.42265625 0.01796875 0.01171875
2 0.3703125 0.5265625 0.02265625 0.03515625
2 0.65 0.48203125 0.0484375 0.103125
2 0.390625 0.18828125 0.01484375 0.02109375
2 0.50703125 0.29453125 0.0265625 0.03203125
2 0.0828125 0.06328125 0.02890625 0.05390625
2 0.278125 0.48515625 0.0171875 0.03203125
2 0.140625 0.34609375 0.03046875 0.02265625
2 0.3546875 0.53203125 0.01484375 0.02578125
2 0.40625 0.5234375 0.04140625 0.084375
2 0.22578125 0.4484375 0.0359375 0.03828125
2 0.1671875 0.3640625 0.0375 0.04921875
2 0.8609375 0.38984375 0.0265625 0.02734375
2 0.1921875 0.48359375 0.04140625 0.05
2 0.0453125 0.1671875 0.015625 0.0125
2 0.171875 0.17578125 0.0265625 0.021875
2 0.090625 0.1421875 0.0171875 0.02734375
5 0.98984375 0.8640625 0.0203125 0.02734375
2 0.31796875 0.53203125 0.03125 0.03359375
2 0.484375 0.11796875 0.02421875 0.02421875
2 0.4984375 0.46953125 0.028125 0.04140625
2 0.01875 0.05859375 0.01953125 0.03671875
2 0.153125 0.034375 0.0140625 0.015625
2 0.21328125 0.325 0.00625 0.009375
2 0.08125 0.221875 0.02890625 0.03515625
2 0.20703125 0.390625 0.01328125 0.01875
2 0.42265625 0.35390625 0.02265625 0.03046875
2 0.16796875 0.2875 0.05078125 0.06953125
2 0.53203125 0.43828125 0.02265625 0.04296875
2 0.9375 0.32265625 0.05234375 0.059375
5 0.35625 0.21796875 0.025 0.03828125
2 0.02734375 0.14453125 0.01484375 0.01484375
2 0.15 0.15859375 0.01875 0.01953125
2 0.31015625 0.571875 0.025 0.03125
2 0.3796875 0.47890625 0.009375 0.01640625
0 0.67421875 0.19921875 0.05078125 0.07890625
0 0.884375 0.534375 0.1140625 0.09765625
2 0.259375 0.50625 0.0234375 0.028125
2 0.7828125 0.94921875 0.0171875 0.02890625
2 0.765625 0.85859375 0.02265625 0.02734375
2 0.68671875 0.4703125 0.025 0.03203125
2 0.446875 0.0171875 0.01796875 0.021875
2 0.921875 0.21328125 0.0421875 0.04765625
2 0.90234375 0.76796875 0.025 0.02421875
5 0.41328125 0.13828125 0.0265625 0.03828125
2 0.871875 0.59375 0.015625 0.021875
2 0.62265625 0.88984375 0.02265625 0.02265625
2 0.6890625 0.97421875 0.01171875 0.01484375
2 0.296875 0.25234375 0.06015625 0.11171875
2 0.2421875 0.37109375 0.0234375 0.021875
2 0.83515625 0.95390625 0.03046875 0.03359375
2 0.7203125 0.30859375 0.03203125 0.03203125
2 0.9625 0.91953125 0.03125 0.03046875
2 0.98359375 0.66875 0.02109375 0.028125
2 0.6109375 0.1578125 0.0578125 0.09296875
2 0.72734375 0.55625 0.0375 0.0375
2 0.7328125 0.41640625 0.0703125 0.07265625
2 0.5953125 0.95 0.01484375 0.02734375
2 0.5796875 0.765625 0.0859375 0.11640625
2 0.5375 0.38828125 0.02890625 0.04296875
2 0.56328125 0.26171875 0.03671875 0.0375
5 0.875 0.78984375 0.0234375 0.03203125
2 0.66875 0.9546875 0.0203125 0.03671875
2 0.69609375 0.72734375 0.059375 0.075
2 0.93515625 0.1765625 0.02890625 0.03125
2 0.159375 0.43125 0.05078125 0.06484375
2 0.49375 0.584375 0.01953125 0.02734375
5 0.05859375 0.04609375 0.021875 0.03671875
2 0.4890625 0.06640625 0.0375 0.04140625
2 0.30625 0.16484375 0.02421875 0.028125
2 0.3546875 0.12421875 0.06640625 0.06328125
2 0.35234375 0.425 0.0171875 0.01953125
2 0.0875 0.10078125 0.01796875 0.01953125
2 0.346875 0.45703125 0.03203125 0.028125
2 0.509375 0.23984375 0.03984375 0.04296875
2 0.5953125 0.10859375 0.05234375 0.07421875
3 0.38125 0.33359375 0.2359375 0.05234375
0 0.9015625 0.690625 0.028125 0.08671875
2 0.5015625 0.54921875 0.0140625 0.02421875
2 0.459375 0.40703125 0.03515625 0.02890625
2 0.746875 0.29921875 0.02109375 0.0375
2 0.5234375 0.753125 0.03046875 0.05
2 0.59375 0.9 0.0203125 0.02265625
2 0.71484375 0.81015625 0.040625 0.06953125
2 0.79375 0.77421875 0.090625 0.171875
2 0.9546875 0.8953125 0.040625 0.03203125
2 0.70546875 0.59765625 0.028125 0.04453125
2 0.565625 0.01015625 0.0375 0.01953125
2 0.5 0.79609375 0.0125 0.03203125
2 0.1984375 0.12265625 0.02734375 0.02734375
2 0.01484375 0.0125 0.0140625 0.01171875
2 0.1671875 0.05234375 0.01953125 0.01640625
5 0.34609375 0.39375 0.0234375 0.040625
2 0.8921875 0.7859375 0.0109375 0.01484375
2 0.93125 0.83125 0.02890625 0.03359375
2 0.053125 0.2078125 0.009375 0.0125
2 0.21640625 0.109375 0.021875 0.02890625
2 0.04375 0.09140625 0.00625 0.01796875
2 0.3734375 0.44765625 0.0140625 0.02421875
2 0.9765625 0.325 0.02890625 0.03046875
2 0.4046875 0.08359375 0.040625 0.04453125
2 0.7328125 0.95703125 0.028125 0.04765625
2 0.915625 0.92421875 0.0546875 0.06015625
2 0.7890625 0.97265625 0.0171875 0.01015625
2 0.571875 0.33125 0.0703125 0.0875
2 0.6109375 0.578125 0.071875 0.096875
2 0.52421875 0.53359375 0.03203125 0.08671875
2 0.5 0.52578125 0.0109375 0.01875
2 0.5390625 0.83828125 0.040625 0.028125
2 0.98203125 0.70859375 0.0203125 0.01484375
2 0.6109375 0.321875 0.01796875 0.0125
2 0.62109375 0.34765625 0.015625 0.015625
2 0.6375 0.33125 0.01484375 0.01796875
2 0.4203125 0.02578125 0.025 0.03515625
2 0.89375 0.60390625 0.02265625 0.01640625
0 0.9875 0.45859375 0.02421875 0.03984375
3 0.6796875 0.303125 0.04453125 0.11484375
2 0.43046875 0.43984375 0.02421875 0.04765625
2 0.76171875 0.91171875 0.0296875 0.040625
2 0.584375 0.8640625 0.025 0.0375
2 0.93125 0.6609375 0.01015625 0.02109375
2 0.9 0.98359375 0.021875 0.01640625
2 0.9890625 0.953125 0.009375 0.015625
2 0.86953125 0.85234375 0.0296875 0.046875
2 0.478125 0.525 0.0109375 0.028125
2 0.60625 0.384375 0.08671875 0.040625
2 0.7203125 0.23515625 0.02734375 0.02890625
2 0.640625 0.72734375 0.03203125 0.04296875
2 0.75 0.81171875 0.025 0.04296875
2 0.85 0.721875 0.04765625 0.13984375
2 0.80625 0.44453125 0.05625 0.08828125
2 0.884375 0.23671875 0.01484375 0.02734375
2 0.5171875 0.20234375 0.021875 0.03203125
2 0.515625 0.03828125 0.02578125 0.02890625
2 0.51796875 0.01015625 0.0109375 0.0203125
2 0.484375 0.0046875 0.01484375 0.009375
2 0.10078125 0.25859375 0.025 0.03984375
2 0.953125 0.37734375 0.053125 0.06796875
3 0.58046875 0.475 0.0890625 0.13046875
2 0.1671875 0.01171875 0.028125 0.0234375
2 0.8984375 0.40234375 0.03828125 0.05703125
2 0.0046875 0.053125 0.009375 0.01875
0 0.9828125 0.80546875 0.03359375 0.09296875