2 0.40625 0.65703125 0.0796875 0.06796875
2 0.4703125 0.9046875 0.0890625 0.10703125
2 0.6734375 0.8359375 0.08359375 0.16640625
5 0.85 0.77734375 0.25 0.13046875
2 0.58046875 0.2796875 0.0484375 0.06484375
2 0.653125 0.70859375 0.05546875 0.09140625
5 0.47890625 0.76328125 0.14296875 0.18671875
2 0.9046875 0.15078125 0.1671875 0.196875
2 0.5265625 0.18046875 0.08515625 0.121875
2 0.7078125 0.4265625 0.075 0.09765625
2 0.3484375 0.45078125 0.29140625 0.42734375
2 0.95546875 0.840625 0.0890625 0.30703125
2 0.27109375 0.14921875 0.42734375 0.29609375
5 0.8984375 0.32890625 0.1171875 0.15546875
5 0.9734375 0.06328125 0.05234375 0.10078125
5 0.140625 0.0421875 0.04609375 0.046875
2 0.65 0.56953125 0.06953125 0.1
2 0.57109375 0.7109375 0.0375 0.05390625
2 0.94921875 0.57734375 0.1015625 0.2234375
2 0.80546875 0.46328125 0.0421875 0.06796875
2 0.8859375 0.58515625 0.05234375 0.06953125
2 0.1375 0.34765625 0.103125 0.10546875
5 0.8859375 0.034375 0.1640625 0.06328125
2 0.0296875 0.03828125 0.059375 0.0765625
5 0.590625 0.96953125 0.1328125 0.05703125
2 0.65078125 0.31484375 0.059375 0.125
2 0.76875 0.36484375 0.0296875 0.05703125
5 0.7703125 0.06484375 0.096875 0.11953125
2 0.859375 0.66796875 0.08671875 0.08828125
2 0.18125 0.71328125 0.346875 0.46484375
2 0.7828125 0.2125 0.06484375 0.11875
2 0.79375 0.609375 0.03125 0.046875
2 0.75 0.70546875 0.08359375 0.084375
2 0.375 0.828125 0.0375 0.05625
2 0.5015625 0.64765625 0.03671875 0.05234375
2 0.215625 0.95546875 0.0359375 0.05234375
2 0.8515625 0.453125 0.03515625 0.12890625
14 0.46875 0.6234375 0.9375 0.696875
2 0.01796875 0.19296875 0.0359375 0.10078125
2 0.3765625 0.9515625 0.05234375 0.08671875
2 0.60390625 0.08671875 0.228125 0.17109375