2 0.8796875 0.74296875 0.01328125 0.02578125
2 0.6375 0.6765625 0.025 0.028125
2 0.428125 0.7109375 0.0109375 0.021875
2 0.678125 0.16875 0.034375 0.04140625
2 0.90625 0.61328125 0.04609375 0.06015625
2 0.8921875 0.05234375 0.0421875 0.02734375
0 0.96875 0.878125 0.06171875 0.09296875
2 0.10546875 0.23359375 0.0171875 0.021875
0 0.97109375 0.596875 0.0578125 0.07265625
2 0.12109375 0.37578125 0.02421875 0.028125
2 0.640625 0.2390625 0.0234375 0.03046875
2 0.78359375 0.11171875 0.0234375 0.0375
2 0.8875 0.13828125 0.025 0.03515625
2 0.55546875 0.7890625 0.03203125 0.06796875
2 0.54375 0.27421875 0.01640625 0.02734375
2 0.58671875 0.271875 0.05625 0.05546875
2 0.321875 0.79921875 0.0234375 0.028125
2 0.2328125 0.89921875 0.0234375 0.021875
2 0.1484375 0.35234375 0.01640625 0.01484375
2 0.175 0.05546875 0.01953125 0.02421875
2 0.559375 0.01484375 0.0453125 0.02890625
2 0.5125 0.33046875 0.01640625 0.01953125
2 0.23984375 0.93359375 0.0203125 0.02734375
2 0.2515625 0.60859375 0.02265625 0.03359375
2 0.38828125 0.534375 0.0140625 0.01953125
2 0.50859375 0.85234375 0.04375 0.06875
2 0.2234375 0.18046875 0.04140625 0.05
2 0.23125 0.3875 0.01953125 0.02265625
2 0.4984375 0.046875 0.01640625 0.04296875
2 0.51875 0.21953125 0.0453125 0.03671875
0 0.9640625 0.0171875 0.071875 0.03203125
2 0.2265625 0.51328125 0.01796875 0.021875
2 0.0390625 0.5203125 0.02265625 0.02734375
0 0.90625 0.9453125 0.0515625 0.10625
2 0.1421875 0.06015625 0.01953125 0.03125
0 0.9375 0.39765625 0.06796875 0.13125
0 0.990625 0.0328125 0.01796875 0.03828125
2 0.05 0.25625 0.03671875 0.046875
2 0.171875 0.01640625 0.01796875 0.03046875
0 0.96484375 0.76640625 0.0703125 0.13203125
0 0.91171875 0.55390625 0.04765625 0.06328125
2 0.4546875 0.9265625 0.0453125 0.06015625
2 0.7640625 0.034375 0.05390625 0.06328125
2 0.58671875 0.21953125 0.0265625 0.0375
2 0.584375 0.87265625 0.02421875 0.021875
2 0.5296875 0.10078125 0.0140625 0.02734375
2 0.146875 0.89921875 0.01484375 0.021875
2 0.30546875 0.25234375 0.06484375 0.06171875
2 0.484375 0.44296875 0.0296875 0.02734375
2 0.0703125 0.771875 0.01796875 0.02578125
2 0.00859375 0.96640625 0.0171875 0.02734375
2 0.08515625 0.4515625 0.0234375 0.03046875
2 0.14453125 0.628125 0.02734375 0.03828125
0 0.965625 0.1 0.06875 0.10078125
2 0.2625 0.91640625 0.01640625 0.01953125
2 0.27421875 0.80703125 0.0203125 0.02265625
2 0.528125 0.64609375 0.02734375 0.021875
2 0.2234375 0.33828125 0.02421875 0.03671875
2 0.35078125 0.2578125 0.02421875 0.02890625
2 0.2578125 0.13828125 0.03359375 0.03515625
2 0.559375 0.06875 0.02890625 0.0375
2 0.721875 0.07109375 0.01640625 0.03203125
2 0.8109375 0.06328125 0.02421875 0.03515625
2 0.8515625 0.028125 0.059375 0.05390625
2 0.8359375 0.128125 0.0375 0.03671875
2 0.021875 0.28359375 0.01953125 0.0375
0 0.965625 0.67109375 0.06875 0.06484375
2 0.1625 0.190625 0.02890625 0.040625
2 0.2078125 0.53671875 0.01640625 0.01875
0 0.96875 0.5046875 0.0625 0.10625
2 0.32578125 0.5578125 0.0140625 0.015625
2 0.4609375 0.7890625 0.02109375 0.03046875
2 0.515625 0.690625 0.0203125 0.02734375
2 0.434375 0.03046875 0.040625 0.05859375
2 0.6484375 0.01171875 0.02109375 0.021875
2 0.02578125 0.57265625 0.0296875 0.02421875
2 0.396875 0.67265625 0.0171875 0.03125
0 0.97734375 0.1796875 0.0453125 0.059375
0 0.98671875 0.41640625 0.0265625 0.06171875
0 0.934375 0.2296875 0.06484375 0.10234375
2 0.00546875 0.66015625 0.0109375 0.03984375
2 0.2046875 0.859375 0.0359375 0.06328125
2 0.64921875 0.1015625 0.0265625 0.03671875
2 0.47421875 0.609375 0.02109375 0.06015625
2 0.27109375 0.73671875 0.03203125 0.046875
2 0.18828125 0.5703125 0.04453125 0.03125
0 0.97265625 0.9609375 0.0546875 0.07265625
2 0.2640625 0.85859375 0.02890625 0.04921875
2 0.6375 0.14140625 0.0203125 0.03125
2 0.428125 0.81328125 0.01640625 0.02578125
0 0.9765625 0.27109375 0.04609375 0.115625
2 0.01171875 0.028125 0.0234375 0.05625
2 0.0546875 0.81328125 0.0203125 0.02421875
2 0.16015625 0.609375 0.021875 0.02265625
2 0.44921875 0.33203125 0.03125 0.04296875
0 0.98671875 0.35703125 0.0265625 0.05078125
2 0.45 0.44296875 0.03359375 0.03984375
2 0.51640625 0.29296875 0.05546875 0.02890625
2 0.8453125 0.85390625 0.01875 0.0375
2 0.6265625 0.36328125 0.025 0.03671875
2 0.87734375 0.86875 0.0234375 0.01796875
2 0.72578125 0.22421875 0.07890625 0.09296875
2 0.8078125 0.40390625 0.0203125 0.03359375
2 0.8140625 0.828125 0.01796875 0.02421875
2 0.8453125 0.346875 0.025 0.03515625
2 0.8671875 0.2078125 0.02109375 0.01953125
2 0.809375 0.7265625 0.0265625 0.03125
2 0.609375 0.39296875 0.03046875 0.046875
2 0.6640625 0.6234375 0.02265625 0.021875
2 0.384375 0.74453125 0.02734375 0.04296875
2 0.721875 0.72421875 0.02421875 0.06953125
2 0.3078125 0.025 0.01484375 0.02578125
2 0.10625 0.725 0.0203125 0.02265625
2 0.7734375 0.6625 0.01640625 0.01015625
2 0.678125 0.29921875 0.01640625 0.02578125
2 0.66171875 0.3234375 0.03125 0.05234375
2 0.80703125 0.50703125 0.0234375 0.03515625
2 0.7015625 0.67265625 0.025 0.03125
2 0.7390625 0.92890625 0.0234375 0.03203125
2 0.8796875 0.6734375 0.0234375 0.03203125
2 0.734375 0.97578125 0.040625 0.040625
2 0.7890625 0.47890625 0.01796875 0.02734375
2 0.87734375 0.5234375 0.04375 0.03125
2 0.19296875 0.25234375 0.0171875 0.021875
2 0.77578125 0.61875 0.00703125 0.02265625
2 0.13828125 0.225 0.01796875 0.04140625
14 0.38515625 0.50078125 0.459375 0.99375
2 0.59375 0.553125 0.0203125 0.03984375
2 0.5828125 0.41171875 0.0203125 0.03515625
2 0.8796875 0.31015625 0.0140625 0.02734375
2 0.790625 0.59765625 0.0140625 0.03359375
2 0.8453125 0.78046875 0.03125 0.05234375
2 0.734375 0.83828125 0.0234375 0.040625
2 0.8984375 0.80546875 0.02421875 0.021875
2 0.178125 0.9046875 0.03125 0.04296875
2 0.825 0.25078125 0.02265625 0.028125
2 0.76171875 0.49140625 0.01953125 0.03515625
2 0.6875 0.75234375 0.02734375 0.03203125
2 0.76015625 0.878125 0.028125 0.04140625
2 0.2890625 0.0546875 0.0203125 0.01953125
2 0.63671875 0.83359375 0.0453125 0.05390625
2 0.70546875 0.57421875 0.0546875 0.06953125
2 0.7046875 0.10234375 0.0234375 0.01953125
2 0.3140625 0.96328125 0.0140625 0.01640625
2 0.47421875 0.71796875 0.0234375 0.05078125
2 0.06875 0.0578125 0.05078125 0.04921875
2 0.7046875 0.42578125 0.0171875 0.03203125
2 0.8296875 0.56015625 0.025 0.03203125
2 0.78203125 0.19453125 0.034375 0.03203125
2 0.8453125 0.22578125 0.02265625 0.02421875
2 0.671875 0.94296875 0.028125 0.03515625
2 0.78125 0.77109375 0.0390625 0.06328125
2 0.825 0.38671875 0.01953125 0.03671875
2 0.3640625 0.1890625 0.0265625 0.03359375