2 0.2921875 0.50078125 0.03515625 0.03671875
2 0.5453125 0.68984375 0.0265625 0.02578125
2 0.5734375 0.04921875 0.01328125 0.0125
2 0.296875 0.06953125 0.03046875 0.021875
2 0.4953125 0.53515625 0.02265625 0.03671875
2 0.6875 0.0203125 0.021875 0.03046875
2 0.70625 0.1671875 0.00625 0.0125
2 0.90078125 0.02421875 0.01796875 0.01875
2 0.46875 0.95859375 0.0203125 0.02421875
2 0.61640625 0.07734375 0.01640625 0.01796875
2 0.8703125 0.44375 0.01953125 0.01875
2 0.559375 0.92265625 0.0203125 0.05546875
2 0.1921875 0.27109375 0.06171875 0.04453125
2 0.30390625 0.88671875 0.0109375 0.01640625
2 0.30078125 0.95703125 0.009375 0.009375
2 0.28203125 0.859375 0.0171875 0.01875
2 0.7640625 0.97265625 0.0171875 0.015625
2 0.2359375 0.40625 0.01328125 0.015625
2 0.6734375 0.15859375 0.01015625 0.02421875
2 0.80078125 0.05390625 0.0109375 0.02109375
2 0.91796875 0.5484375 0.0375 0.03515625
2 0.303125 0.23828125 0.03203125 0.03203125
2 0.6515625 0.06484375 0.03515625 0.03359375
2 0.7609375 0.14296875 0.01328125 0.02578125
2 0.3953125 0.303125 0.02421875 0.028125
2 0.35625 0.86875 0.0140625 0.02578125
2 0.2671875 0.37734375 0.01484375 0.03046875
2 0.6453125 0.92109375 0.015625 0.021875
2 0.3828125 0.98203125 0.01328125 0.02265625
2 0.22734375 0.63671875 0.015625 0.01015625
2 0.22109375 0.20078125 0.0203125 0.015625
2 0.44921875 0.43984375 0.01015625 0.01328125
2 0.8359375 0.07578125 0.00625 0.01015625
2 0.5015625 0.7984375 0.02734375 0.03515625
2 0.478125 0.6328125 0.01796875 0.02421875
2 0.55234375 0.28203125 0.0203125 0.028125
2 0.9265625 0.33203125 0.0234375 0.02734375
2 0.9203125 0.28984375 0.0171875 0.02265625
2 0.32421875 0.49765625 0.0171875 0.01875
2 0.7125 0.61875 0.02265625 0.021875
2 0.98125 0.13046875 0.0203125 0.021875
2 0.3328125 0.5609375 0.02421875 0.03125
2 0.646875 0.72734375 0.01640625 0.03203125
2 0.9 0.9484375 0.01796875 0.028125
2 0.99453125 0.4375 0.0109375 0.01875
2 0.9046875 0.39140625 0.01953125 0.015625
0 0.0734375 0.45859375 0.021875 0.03203125
2 0.6640625 0.284375 0.01796875 0.028125
2 0.57734375 0.98203125 0.0171875 0.021875
2 0.7328125 0.05078125 0.021875 0.02890625
2 0.6375 0.85625 0.01640625 0.015625
2 0.4859375 0.97890625 0.015625 0.0125
2 0.31015625 0.97109375 0.0109375 0.01015625
2 0.203125 0.95234375 0.01484375 0.025
2 0.234375 0.596875 0.01328125 0.02109375
2 0.91953125 0.58359375 0.028125 0.02421875
0 0.2109375 0.8203125 0.0203125 0.05
2 0.4203125 0.43359375 0.01953125 0.02734375
2 0.7484375 0.67421875 0.02265625 0.03046875
2 0.609375 0.71015625 0.01171875 0.02265625
3 0.9140625 0.21328125 0.13984375 0.08125
3 0.96328125 0.9609375 0.0375 0.075
2 0.128125 0.24375 0.01796875 0.02578125
2 0.4125 0.08828125 0.028125 0.02890625
2 0.446875 0.49765625 0.0390625 0.04453125
2 0.27734375 0.90703125 0.01796875 0.02734375
2 0.7359375 0.28828125 0.02109375 0.03359375
2 0.7328125 0.12109375 0.01640625 0.02421875
2 0.2078125 0.0125 0.01953125 0.02265625
2 0.93046875 0.14609375 0.0125 0.03828125
2 0.41640625 0.99375 0.0171875 0.0125
2 0.9578125 0.88671875 0.0203125 0.028125
2 0.665625 0.89140625 0.0125 0.01875
2 0.796875 0.43125 0.0515625 0.06484375
2 0.60078125 0.4171875 0.03046875 0.04140625
2 0.9 0.31015625 0.0203125 0.02734375
2 0.321875 0.33046875 0.0171875 0.02421875
2 0.284375 0.26796875 0.0171875 0.02890625
0 0.0703125 0.5609375 0.0234375 0.03125
2 0.52734375 0.49765625 0.021875 0.01875
2 0.2703125 0.46015625 0.01796875 0.028125
2 0.5 0.04453125 0.01640625 0.04140625
2 0.60703125 0.85234375 0.021875 0.03515625
2 0.825 0.62890625 0.0203125 0.03515625
2 0.30234375 0.55078125 0.01640625 0.02890625
2 0.8890625 0.42890625 0.01640625 0.02734375
2 0.75546875 0.39140625 0.01328125 0.0125
2 0.3875 0.09765625 0.01015625 0.02265625
2 0.2734375 0.8109375 0.01484375 0.01015625
2 0.97578125 0.39375 0.01640625 0.01875
2 0.65 0.4953125 0.01953125 0.02578125
2 0.859375 0.5953125 0.02421875 0.02421875
2 0.015625 0.69296875 0.03125 0.06875
2 0.853125 0.1671875 0.015625 0.02421875
2 0.6890625 0.52890625 0.0171875 0.01953125
2 0.3921875 0.32734375 0.0109375 0.015625
2 0.4265625 0.05625 0.02109375 0.02734375
2 0.0484375 0.07265625 0.00625 0.015625
2 0.73984375 0.36796875 0.00859375 0.0125
2 0.8671875 0.73984375 0.025 0.046875
2 0.709375 0.78125 0.0203125 0.01484375
2 0.99453125 0.6234375 0.0109375 0.021875
2 0.6921875 0.38828125 0.02265625 0.01640625
2 0.9 0.89140625 0.0234375 0.03984375
2 0.43125 0.88984375 0.01171875 0.01640625
2 0.9234375 0.83359375 0.01640625 0.02421875
2 0.77265625 0.70234375 0.0234375 0.03125
2 0.8578125 0.41796875 0.0171875 0.02421875
2 0.57109375 0.16953125 0.01328125 0.01875
2 0.27578125 0.6875 0.0171875 0.01171875
2 0.6875 0.71015625 0.01328125 0.02265625
2 0.525 0.946875 0.0125 0.01484375
2 0.2484375 0.53984375 0.01328125 0.01484375
2 0.4109375 0.6015625 0.01484375 0.02109375
2 0.0125 0.17578125 0.0140625 0.015625
2 0.596875 0.078125 0.01640625 0.01484375
2 0.7421875 0.08828125 0.01796875 0.01875
2 0.5640625 0.22421875 0.0140625 0.028125
2 0.53203125 0.13671875 0.01640625 0.03125
2 0.6390625 0.771875 0.025 0.03125
2 0.2703125 0.18125 0.0109375 0.015625
2 0.846875 0.90078125 0.01796875 0.01953125
2 0.58125 0.4671875 0.0109375 0.01640625
2 0.546875 0.44296875 0.01015625 0.01796875
2 0.128125 0.271875 0.0125 0.02109375
2 0.7625 0.94921875 0.0125 0.01171875
2 0.534375 0.98515625 0.015625 0.01796875
2 0.6265625 0.84140625 0.009375 0.01484375
2 0.5 0.9953125 0.01328125 0.009375
2 0.4578125 0.99453125 0.0140625 0.01015625
2 0.4671875 0.86484375 0.01171875 0.0125
2 0.30703125 0.66796875 0.01328125 0.02109375
2 0.3734375 0.48125 0.0265625 0.03203125
2 0.4984375 0.10546875 0.01484375 0.01640625
2 0.64140625 0.00390625 0.0203125 0.0078125
2 0.4359375 0.67578125 0.01953125 0.02421875
2 0.54375 0.84140625 0.0140625 0.01328125
2 0.43125 0.1984375 0.02109375 0.02265625
2 0.5046875 0.37109375 0.01953125 0.03203125
2 0.99140625 0.78515625 0.0171875 0.06171875
2 0.9453125 0.74609375 0.0265625 0.02421875
2 0.88359375 0.609375 0.0234375 0.03125
2 0.940625 0.4953125 0.0140625 0.02265625
2 0.984375 0.69140625 0.00859375 0.02265625
2 0.2875 0.6671875 0.0125 0.015625
2 0.1390625 0.68359375 0.02109375 0.02265625
2 0.63671875 0.3453125 0.0296875 0.059375
2 0.70234375 0.97421875 0.009375 0.01015625
2 0.73671875 0.97109375 0.03828125 0.03125
2 0.0609375 0.18359375 0.0140625 0.01875
2 0.19921875 0.41171875 0.02109375 0.02109375
2 0.04375 0.25390625 0.015625 0.01953125
2 0.3375 0.00390625 0.01328125 0.00703125
2 0.159375 0.684375 0.015625 0.02109375
2 0.71484375 0.9890625 0.0109375 0.021875
2 0.24375 0.03515625 0.009375 0.01015625
2 0.809375 0.39375 0.02109375 0.02734375
2 0.6015625 0.96953125 0.0125 0.01640625
2 0.5890625 0.94140625 0.0078125 0.00625
2 0.6640625 0.996875 0.0078125 0.00625
2 0.878125 0.01171875 0.01015625 0.0125
2 0.4875 0.86796875 0.009375 0.015625
2 0.1859375 0.22265625 0.01015625 0.01328125
2 0.93359375 0.11015625 0.01640625 0.02890625
2 0.1875 0.66328125 0.02109375 0.05234375
2 0.859375 0.05 0.0078125 0.01171875
2 0.24140625 0.56875 0.025 0.02890625
2 0.84140625 0.86640625 0.0078125 0.021875
2 0.57109375 0.428125 0.0234375 0.03984375
2 0.10859375 0.2109375 0.009375 0.01796875
3 0.7328125 0.42109375 0.0796875 0.18359375
2 0.77265625 0.61953125 0.01015625 0.01640625
2 0.84453125 0.125 0.0203125 0.03203125
14 0.296875 0.6296875 0.353125 0.59765625
2 0.1015625 0.996875 0.0078125 0.00625
2 0.7625 0.44765625 0.01796875 0.03125
2 0.815625 0.990625 0.0421875 0.01875
2 0.1328125 0.115625 0.01953125 0.01953125
2 0.8671875 0.978125 0.01328125 0.015625
2 0.6859375 0.47109375 0.00859375 0.00859375
2 0.8390625 0.9859375 0.0171875 0.01875
2 0.84140625 0.52265625 0.015625 0.015625
2 0.615625 0.53515625 0.00859375 0.01328125
2 0.584375 0.29609375 0.02109375 0.01796875
2 0.384375 0.94453125 0.0109375 0.01484375
2 0.74609375 0.16640625 0.028125 0.02734375
2 0.6234375 0.996875 0.01171875 0.00625
2 0.540625 0.41015625 0.0109375 0.01796875
2 0.8921875 0.66796875 0.01015625 0.01640625
2 0.915625 0.1265625 0.0203125 0.02421875
2 0.82265625 0.32421875 0.0203125 0.02890625
2 0.4453125 0.9609375 0.02734375 0.03515625
2 0.38359375 0.378125 0.025 0.028125
2 0.3578125 0.146875 0.01796875 0.02265625
2 0.3640625 0.1125 0.00859375 0.01484375
2 0.4390625 0.2625 0.0078125 0.01171875
2 0.003125 0.8 0.00625 0.021875
2 0.8984375 0.103125 0.009375 0.015625
2 0.5671875 0.39453125 0.0203125 0.02109375
2 0.125 0.62109375 0.03125 0.04453125
2 0.10234375 0.27109375 0.01953125 0.02421875
2 0.0265625 0.37265625 0.02734375 0.03125
2 0.340625 0.35859375 0.0171875 0.01796875
2 0.28125 0.10390625 0.0171875 0.02265625
2 0.68203125 0.296875 0.0171875 0.02421875
2 0.6953125 0.09609375 0.02109375 0.03359375
2 0.659375 0.11015625 0.01640625 0.02734375
2 0.2953125 0.80390625 0.0171875 0.02578125
2 0.421875 0.81328125 0.0109375 0.02109375
2 0.9109375 0.98515625 0.01328125 0.02109375
2 0.10234375 0.97734375 0.01484375 0.01328125
2 0.1125 0.78359375 0.01171875 0.01796875
2 0.025 0.74609375 0.0125 0.01484375
2 0.01328125 0.40234375 0.01484375 0.01640625
2 0.953125 0.7921875 0.009375 0.009375
2 0.5171875 0.60078125 0.0109375 0.01796875
2 0.059375 0.22890625 0.01953125 0.02265625
2 0.3828125 0.13203125 0.01640625 0.02578125
2 0.203125 0.44765625 0.034375 0.0375
3 0.5609375 0.33359375 0.07265625 0.06328125
0 0.00625 0.21796875 0.01171875 0.04453125
2 0.76875 0.21328125 0.0265625 0.0375
2 0.4375 0.60234375 0.0203125 0.03203125
2 0.1546875 0.21484375 0.02109375 0.03046875
2 0.0421875 0.196875 0.01953125 0.02578125
2 0.29375 0.3265625 0.0171875 0.015625
2 0.3125 0.74765625 0.0203125 0.02265625
2 0.0484375 0.88671875 0.01484375 0.01875
2 0.0921875 0.82734375 0.02421875 0.028125
2 0.5984375 0.17578125 0.02109375 0.01953125
2 0.7453125 0.63671875 0.0125 0.0125
2 0.715625 0.66328125 0.015625 0.01875
2 0.1421875 0.51875 0.01953125 0.01796875
2 0.0953125 0.44765625 0.01015625 0.01484375
2 0.315625 0.52421875 0.00625 0.01171875
2 0.4109375 0.38828125 0.009375 0.0125
2 0.4515625 0.20859375 0.01015625 0.01640625
2 0.521875 0.08671875 0.0125 0.02109375
2 0.72265625 0.18203125 0.01171875 0.01328125
2 0.8328125 0.15234375 0.01328125 0.025
2 0.63359375 0.9703125 0.03359375 0.01875
2 0.51875 0.39609375 0.0203125 0.028125
2 0.48828125 0.2546875 0.025 0.02578125
2 0.54140625 0.18515625 0.01796875 0.02890625
2 0.6328125 0.59609375 0.04140625 0.046875
2 0.6125 0.66953125 0.01484375 0.03515625
2 0.93515625 0.87265625 0.02109375 0.04296875
2 0.9609375 0.6921875 0.03125 0.0375
2 0.8921875 0.5078125 0.009375 0.0125
2 0.2953125 0.63828125 0.01484375 0.02734375
2 0.04296875 0.29453125 0.01953125 0.02734375
2 0.32890625 0.10078125 0.01953125 0.02734375
2 0.78125 0.021875 0.015625 0.02890625
3 0.4203125 0.39765625 0.08203125 0.028125
2 0.775 0.93125 0.01015625 0.015625
2 0.20390625 0.09453125 0.00859375 0.01484375
2 0.1125 0.87734375 0.015625 0.02890625
2 0.2078125 0.75390625 0.01640625 0.01484375
2 0.16015625 0.18359375 0.01015625 0.01171875
2 0.99609375 0.17109375 0.0078125 0.0171875
2 0.99375 0.0875 0.0125 0.01875
0 0.5015625 0.859375 0.01796875 0.02578125
2 0.0609375 0.9328125 0.01953125 0.01875
2 0.98984375 0.22265625 0.01640625 0.015625
2 0.03125 0.81953125 0.01640625 0.02421875
0 0.421875 0.93515625 0.0140625 0.01875
0 0.21171875 0.91640625 0.0203125 0.02578125
2 0.1828125 0.47734375 0.01796875 0.02578125
2 0.8125 0.71328125 0.0140625 0.01953125
2 0.72109375 0.10390625 0.025 0.03125
2 0.08125 0.02734375 0.0109375 0.015625
2 0.0296875 0.54296875 0.015625 0.01328125
2 0.8796875 0.81640625 0.015625 0.04609375
2 0.6375 0.7078125 0.01015625 0.01640625
0 0.8734375 0.1296875 0.01953125 0.02265625