2 0.10625 0.57109375 0.02734375 0.0375
2 0.678125 0.68203125 0.02109375 0.07890625
2 0.1921875 0.67109375 0.0515625 0.04140625
2 0.93984375 0.16015625 0.025 0.03125
2 0.09765625 0.78984375 0.04609375 0.08203125
2 0.4734375 0.27734375 0.103125 0.15703125
2 0.99296875 0.01171875 0.0109375 0.0234375
2 0.2828125 0.90703125 0.084375 0.09140625
2 0.2390625 0.98203125 0.034375 0.03203125
2 0.5984375 0.39375 0.10859375 0.08671875
2 0.63515625 0.71171875 0.03203125 0.06171875
2 0.7796875 0.615625 0.015625 0.01328125
2 0.5734375 0.57265625 0.065625 0.05390625
4 0.5 0.49453125 1 0.1125
2 0.928125 0.71328125 0.05625 0.04921875
2 0.3234375 0.80703125 0.04140625 0.05234375
2 0.1078125 0.42421875 0.0125 0.02734375
2 0.684375 0.55625 0.02890625 0.03515625
2 0.8765625 0.26953125 0.08359375 0.17109375
2 0.3109375 0.33203125 0.22421875 0.19921875
2 0.31640625 0.07109375 0.1953125 0.13984375
2 0.996875 0.17578125 0.00625 0.02734375
2 0.25 0.73828125 0.03515625 0.065625
2 0.2703125 0.571875 0.02421875 0.03359375
2 0.0359375 0.13203125 0.071875 0.10625
2 0.4234375 0.746875 0.02109375 0.03984375
2 0.5578125 0.3140625 0.07734375 0.07890625
2 0.134375 0.84921875 0.03515625 0.03984375
2 0.175 0.31953125 0.12890625 0.15859375
2 0.47578125 0.04375 0.0421875 0.05
2 0.7765625 0.69609375 0.02734375 0.059375
2 0.7890625 0.16171875 0.06796875 0.115625
2 0.5703125 0.71953125 0.08671875 0.21796875
2 0.88125 0.08671875 0.11328125 0.165625
2 0.6875 0.16875 0.1109375 0.109375
2 0.1 0.62890625 0.0265625 0.0375
2 0.78125 0.9328125 0.06953125 0.07265625
2 0.3515625 0.56015625 0.0578125 0.04453125
2 0.396875 0.19296875 0.03359375 0.03515625
2 0.74140625 0.38671875 0.0515625 0.05234375
2 0.5765625 0.18984375 0.10546875 0.1375
2 0.6515625 0.5484375 0.02265625 0.02734375
2 0.03671875 0.45703125 0.0734375 0.08671875
2 0.953125 0.8421875 0.09296875 0.19765625
2 0.940625 0.96953125 0.03515625 0.03203125
2 0.0328125 0.8796875 0.0265625 0.03828125
2 0.5796875 0.0609375 0.1078125 0.121875
2 0.646875 0.9078125 0.20546875 0.17890625
2 0.396875 0.6609375 0.02890625 0.0375
2 0.140625 0.1 0.153125 0.19765625
2 0.0765625 0.37578125 0.03046875 0.040625
2 0.83203125 0.753125 0.025 0.03359375
2 0.284375 0.4671875 0.03671875 0.04296875
2 0.8078125 0.8109375 0.0171875 0.02734375
2 0.2328125 0.91875 0.04140625 0.04453125
2 0.225 0.19140625 0.11171875 0.11171875
2 0.946875 0.62421875 0.05859375 0.090625
2 0.41953125 0.9359375 0.26171875 0.128125
2 0.7484375 0.2203125 0.03046875 0.040625
2 0.7 0.6265625 0.04453125 0.05625
2 0.625 0.64453125 0.01484375 0.01875
2 0.4796875 0.590625 0.0265625 0.04609375
2 0.840625 0.90078125 0.05390625 0.06875
2 0.05625 0.778125 0.02421875 0.03515625
2 0.009375 0.07734375 0.01796875 0.07421875
2 0.71875 0.0515625 0.14921875 0.103125