2 0.83984375 0.42109375 0.18125 0.19296875
2 0.6078125 0.6015625 0.03515625 0.028125
2 0.32421875 0.0703125 0.02109375 0.03125
2 0.234375 0.9125 0.22578125 0.16171875
2 0.5234375 0.828125 0.0734375 0.1
2 0.4140625 0.921875 0.0421875 0.059375
2 0.7515625 0.56328125 0.03203125 0.040625
0 0.2796875 0.35703125 0.1109375 0.10703125
2 0.634375 0.63046875 0.01953125 0.03125
2 0.90625 0.68828125 0.06171875 0.06171875
2 0.38359375 0.1546875 0.0578125 0.05625
2 0.646875 0.43359375 0.0234375 0.028125
2 0.5296875 0.20390625 0.05859375 0.065625
2 0.7375 0.20859375 0.10078125 0.20390625
0 0.3609375 0.54140625 0.06328125 0.08203125
2 0.746875 0.83828125 0.08203125 0.115625
2 0.9140625 0.84921875 0.05234375 0.06875
2 0.89140625 0.10234375 0.2171875 0.2046875
2 0.95078125 0.74609375 0.05625 0.0375
2 0.475 0.07890625 0.1203125 0.14375
2 0.8171875 0.71640625 0.11015625 0.15625
2 0.1515625 0.25859375 0.13515625 0.321875
2 0.59375 0.1640625 0.05546875 0.059375
2 0.9765625 0.79296875 0.04609375 0.15078125
2 0.36875 0.85234375 0.02890625 0.04140625
2 0.0296875 0.921875 0.059375 0.096875
2 0.32890625 0.128125 0.0375 0.03359375
2 0.825 0.54921875 0.0703125 0.05390625
2 0.26796875 0.63515625 0.0265625 0.04140625
2 0.1234375 0.6171875 0.0515625 0.05078125
2 0.30703125 0.56328125 0.0515625 0.05078125
14 0.45625 0.5 0.86171875 0.996875
2 0.6171875 0.2390625 0.13046875 0.08828125
2 0.2 0.56328125 0.09296875 0.27578125
3 0.0546875 0.4234375 0.109375 0.834375
2 0.3234375 0.94765625 0.08203125 0.04296875
2 0.2421875 0.02421875 0.04609375 0.04609375
2 0.6859375 0.46328125 0.0765625 0.11953125
2 0.47421875 0.653125 0.059375 0.03515625
2 0.93828125 0.584375 0.1109375 0.06484375
2 0.14921875 0.746875 0.040625 0.046875
2 0.0125 0.16875 0.025 0.05546875
2 0.08125 0.42890625 0.05078125 0.10234375
2 0.54375 0.74296875 0.06640625 0.096875
2 0.51953125 0.45234375 0.03125 0.07421875
2 0.5765625 0.32421875 0.11640625 0.10703125
2 0.0953125 0.52890625 0.11015625 0.07890625
2 0.83515625 0.29921875 0.03359375 0.065625
2 0.38515625 0.2921875 0.03046875 0.03359375
2 0.434375 0.41953125 0.075 0.06484375
2 0.48828125 0.43984375 0.0234375 0.06328125
2 0.603125 0.85234375 0.07578125 0.09140625
2 0.4578125 0.20234375 0.08203125 0.11171875
2 0.2890625 0.8125 0.028125 0.03359375
2 0.703125 0.9671875 0.096875 0.06328125
2 0.43125 0.66015625 0.0578125 0.03125
2 0.2828125 0.20546875 0.05859375 0.04296875
2 0.5421875 0.56796875 0.02890625 0.03515625
2 0.415625 0.809375 0.03359375 0.06796875
2 0.3171875 0.740625 0.06875 0.1125
2 0.665625 0.34921875 0.0375 0.03515625
2 0.6703125 0.7046875 0.0390625 0.07734375
2 0.94453125 0.93984375 0.0546875 0.05703125
2 0.53515625 0.9046875 0.06484375 0.05390625
2 0.06875 0.75 0.07265625 0.11015625
2 0.9875 0.40546875 0.02421875 0.03671875
2 0.878125 0.23828125 0.11171875 0.075
2 0.3625 0.6140625 0.0390625 0.040625
2 0.3546875 0.06015625 0.06640625 0.06015625