2 0.61875 0.82578125 0.01640625 0.02578125
2 0.759375 0.61953125 0.05546875 0.04296875
2 0.8 0.58515625 0.03984375 0.040625
2 0.8421875 0.5109375 0.01640625 0.02421875
2 0.78359375 0.30234375 0.065625 0.09921875
2 0.5234375 0.334375 0.046875 0.059375
2 0.953125 0.80703125 0.0671875 0.04453125
3 0.17421875 0.25078125 0.19140625 0.121875
2 0.6359375 0.55546875 0.12734375 0.23203125
2 0.3609375 0.690625 0.01484375 0.015625
2 0.6671875 0.28125 0.009375 0.01953125
2 0.4765625 0.3875 0.05625 0.015625
2 0.6875 0.81796875 0.02734375 0.04140625
0 0.0828125 0.08125 0.03359375 0.06328125
3 0.0640625 0.9453125 0.128125 0.07421875
2 0.984375 0.875 0.02421875 0.04765625
0 0.28125 0.58515625 0.02421875 0.0375
0 0.31484375 0.77578125 0.025 0.03359375
2 0.9484375 0.68203125 0.0171875 0.075
2 0.74375 0.86171875 0.02890625 0.04453125
2 0.67734375 0.93046875 0.02421875 0.13046875
2 0.83125 0.96171875 0.02265625 0.021875
2 0.625 0.43671875 0.02890625 0.0375
2 0.7625 0.11328125 0.0234375 0.03984375
2 0.99375 0.76328125 0.0125 0.13671875
2 0.66328125 0.50859375 0.0125 0.02421875
0 0.7171875 0.0640625 0.0234375 0.03359375
2 0.434375 0.80859375 0.04765625 0.06875
0 0.315625 0.61328125 0.02109375 0.03125
0 0.38125 0.62265625 0.03203125 0.0375
0 0.35625 0.89140625 0.01328125 0.01875
0 0.4015625 0.2 0.24609375 0.39765625
0 0.04140625 0.83984375 0.0828125 0.13203125
2 0.896875 0.46328125 0.034375 0.046875
5 0.334375 0.74140625 0.02421875 0.03359375
2 0.33984375 0.65234375 0.02734375 0.01796875
2 0.9125 0.94765625 0.02265625 0.03046875
2 0.9703125 0.72578125 0.02109375 0.01796875
2 0.2546875 0.9671875 0.05078125 0.03671875
2 0.35078125 0.42109375 0.05234375 0.05
0 0.3171875 0.70703125 0.025 0.040625
0 0.3828125 0.7703125 0.0578125 0.059375
0 0.44921875 0.63984375 0.0515625 0.05078125
2 0.8328125 0.98984375 0.0390625 0.01953125
0 0.5984375 0.60625 0.0171875 0.02734375
2 0.98359375 0.6171875 0.0328125 0.06875
2 0.8703125 0.91171875 0.0296875 0.02578125
2 0.9921875 0.93359375 0.01484375 0.059375
2 0.87890625 0.17890625 0.0265625 0.040625
2 0.28125 0.91796875 0.01328125 0.01953125
2 0.3859375 0.37734375 0.01328125 0.02578125
2 0.4078125 0.88828125 0.02265625 0.015625
2 0.6828125 0.5109375 0.01328125 0.01796875
2 0.56875 0.97734375 0.1 0.04453125
2 0.69140625 0.54765625 0.03125 0.04453125
2 0.7265625 0.36015625 0.0125 0.01171875
2 0.325 0.82734375 0.00859375 0.01484375
0 0.2546875 0.71484375 0.03359375 0.06171875
2 0.953125 0.95078125 0.009375 0.01484375
0 0.0171875 0.00703125 0.025 0.01328125
16 0.146875 0.6046875 0.29375 0.715625
3 0.6375 0.884375 0.28125 0.22578125
0 0.34765625 0.515625 0.021875 0.028125
2 0.7453125 0.3796875 0.015625 0.02265625
0 0.7890625 0.23984375 0.01796875 0.028125
2 0.6953125 0.06796875 0.015625 0.02890625
2 0.54296875 0.64609375 0.021875 0.02421875
2 0.6421875 0.8234375 0.0171875 0.01953125
2 0.3109375 0.9953125 0.01328125 0.009375
2 0.27109375 0.76328125 0.03828125 0.06484375
2 0.7578125 0.49140625 0.03671875 0.065625
3 0.4390625 0.24609375 0.153125 0.10234375
0 0.25 0.80625 0.02734375 0.0375
2 0.29375 0.7984375 0.03515625 0.04296875
2 0.7125 0.71171875 0.0484375 0.109375
2 0.8421875 0.66640625 0.03203125 0.08125
2 0.99296875 0.096875 0.0140625 0.05625
2 0.70234375 0.4796875 0.02421875 0.028125
2 0.6578125 0.37890625 0.01171875 0.01796875
2 0.7234375 0.103125 0.0328125 0.05703125
2 0.6734375 0.01640625 0.01328125 0.02265625
2 0.3828125 0.89140625 0.01484375 0.02265625
2 0.53515625 0.021875 0.05234375 0.04296875
2 0.6359375 0.27734375 0.03828125 0.059375
2 0.8796875 0.5609375 0.01640625 0.04140625
2 0.25 0.10625 0.21953125 0.19921875
3 0.5015625 0.18515625 0.12890625 0.309375
2 0.94296875 0.97421875 0.01015625 0.0125
0 0.2984375 0.65390625 0.02890625 0.028125
0 0.3796875 0.94453125 0.05859375 0.09140625
2 0.6953125 0.86171875 0.02734375 0.03203125
3 0.5609375 0.4171875 0.0921875 0.06328125
2 0.94765625 0.99375 0.0140625 0.0125
14 0.43125 0.4265625 0.034375 0.11171875
0 0.16171875 0.08828125 0.12421875 0.175
2 0.7984375 0.85234375 0.025 0.03359375
2 0.3765625 0.12734375 0.034375 0.06484375
0 0.5515625 0.22734375 0.03359375 0.05625
2 0.309375 0.35546875 0.0234375 0.025
0 0.7390625 0.2546875 0.03828125 0.04453125
0 0.8546875 0.15546875 0.13671875 0.10546875
2 0.3171875 0.54453125 0.04609375 0.06953125
2 0.0671875 0.21484375 0.01328125 0.01875
2 0.453125 0.55859375 0.02421875 0.021875
2 0.3890625 0.5203125 0.07578125 0.134375
2 0.025 0.1984375 0.05 0.090625
0 0.54375 0.49921875 0.06015625 0.090625
0 0.56796875 0.6203125 0.0390625 0.05546875
0 0.6796875 0.73046875 0.03125 0.046875
0 0.74375 0.67421875 0.02734375 0.03984375
0 0.4734375 0.36171875 0.06015625 0.0375
2 0.2875 0.52890625 0.0171875 0.03046875
2 0.490625 0.14453125 0.0390625 0.109375
2 0.08828125 0.02109375 0.0125 0.02578125
0 0.94453125 0.55546875 0.03203125 0.065625
0 0.553125 0.32265625 0.03046875 0.06796875
0 0.909375 0.975 0.02421875 0.028125
2 0.225 0.74453125 0.02578125 0.03515625
0 0.69453125 0.39140625 0.04609375 0.10234375
0 0.5734375 0.75390625 0.0453125 0.06484375
0 0.5265625 0.9171875 0.10703125 0.090625
0 0.8234375 0.76328125 0.03828125 0.04765625
0 0.7921875 0.53984375 0.025 0.03125
2 0.46953125 0.4421875 0.040625 0.040625
0 0.83671875 0.5484375 0.0203125 0.02421875
0 0.553125 0.68984375 0.0265625 0.03515625
2 0.4875 0.83828125 0.02421875 0.034375
0 0.6203125 0.6765625 0.0453125 0.046875
2 0.4140625 0.61953125 0.01875 0.028125
0 0.95390625 0.890625 0.03359375 0.103125
0 0.728125 0.92578125 0.028125 0.03515625
0 0.8875 0.79140625 0.02421875 0.03359375
0 0.7546875 0.034375 0.0578125 0.06875
2 0.3125 0.25859375 0.03046875 0.04140625
2 0.38203125 0.66015625 0.021875 0.01953125
2 0.39609375 0.18828125 0.028125 0.07265625
2 0.02265625 0.03828125 0.01328125 0.01875
2 0.003125 0.103125 0.00625 0.028125
2 0.12890625 0.9921875 0.0203125 0.015625
2 0.5828125 0.8515625 0.01875 0.02578125
0 0.728125 0.47421875 0.02109375 0.03125
2 0.4578125 0.1078125 0.0296875 0.03125
2 0.18671875 0.31640625 0.01953125 0.028125
2 0.4671875 0.50078125 0.0734375 0.09765625
0 0.6375 0.86328125 0.05625 0.03046875
0 0.72578125 0.31796875 0.05234375 0.06328125
0 0.634375 0.1546875 0.0765625 0.04921875
2 0.4140625 0.65546875 0.02421875 0.02734375
2 0.4234375 0.05625 0.0390625 0.078125
2 0.1515625 0.09296875 0.021875 0.03046875
0 0.64140625 0.93984375 0.04765625 0.08125
0 0.82421875 0.26484375 0.0296875 0.04296875
2 0.77578125 0.22890625 0.0203125 0.028125
0 0.9609375 0.7453125 0.025 0.028125
2 0.14140625 0.95078125 0.03359375 0.04375
0 0.89453125 0.38125 0.2109375 0.278125
2 0.12890625 0.11640625 0.01640625 0.01640625
2 0.68125 0.11796875 0.02734375 0.07890625
2 0.6015625 0.65 0.0109375 0.02890625
2 0.36484375 0.73515625 0.0109375 0.015625
2 0.33125 0.97734375 0.02265625 0.01796875
2 0.896875 0.66640625 0.0125 0.01640625
2 0.528125 0.27578125 0.03125 0.03828125
2 0.2609375 0.20625 0.01484375 0.01796875
2 0.8015625 0.88359375 0.01640625 0.01875
2 0.31484375 0.4640625 0.0203125 0.02265625
2 0.396875 0.85234375 0.03671875 0.03671875
2 0.85625 0.38359375 0.03828125 0.03984375
2 0.0734375 0.15 0.0546875 0.06328125
2 0.378125 0.3296875 0.01640625 0.01640625
2 0.984375 0.56015625 0.025 0.0375
2 0.3359375 0.9203125 0.015625 0.02578125
2 0.10390625 0.21875 0.03515625 0.028125
2 0.02578125 0.95546875 0.01171875 0.02265625
2 0.440625 0.14921875 0.02890625 0.04609375
2 0.34921875 0.95546875 0.009375 0.01015625
2 0.0296875 0.98828125 0.01484375 0.01875
2 0.5984375 0.23828125 0.03515625 0.06328125
2 0.97109375 0.39609375 0.0578125 0.059375
2 0.85625 0.22265625 0.0484375 0.05078125
2 0.91953125 0.34921875 0.03203125 0.06484375
2 0.34375 0.39140625 0.0328125 0.053125
2 0.8734375 0.02109375 0.09921875 0.03984375
2 0.8625 0.31015625 0.0515625 0.10234375
2 0.87734375 0.646875 0.01953125 0.03671875
2 0.27578125 0.63203125 0.0203125 0.02890625
2 0.771875 0.37421875 0.01953125 0.04140625
2 0.75390625 0.71796875 0.0171875 0.04453125
2 0.7875 0.21015625 0.01640625 0.01015625
2 0.465625 0.96015625 0.0515625 0.078125
2 0.040625 0.05390625 0.01015625 0.01875
2 0.028125 0.35234375 0.04453125 0.065625
2 0.7 0.96640625 0.0234375 0.03828125
2 0.86328125 0.86640625 0.0171875 0.04140625
0 0.56875 0.12421875 0.01640625 0.01953125
0 0.3671875 0.19140625 0.0265625 0.05
2 0.509375 0.98984375 0.01328125 0.01328125
0 0.76171875 0.41953125 0.025 0.040625
0 0.9546875 0.06640625 0.06953125 0.09609375
0 0.6796875 0.20859375 0.034375 0.07421875
2 0.015625 0.49296875 0.03125 0.04921875
0 0.5015625 0.59609375 0.05625 0.08203125
0 0.4734375 0.78828125 0.134375 0.21640625
2 0.353125 0.61015625 0.02578125 0.03046875
2 0.415625 0.1171875 0.040625 0.04296875
2 0.27734375 0.3359375 0.02578125 0.04140625
2 0.9640625 0.98984375 0.0234375 0.01484375
2 0.93515625 0.65234375 0.00703125 0.0125
2 0.55703125 0.27421875 0.021875 0.021875
2 0.79375 0.61796875 0.02734375 0.03203125
2 0.9265625 0.225 0.059375 0.05859375
2 0.61875 0.74765625 0.05546875 0.08984375
2 0.5890625 0.16171875 0.0171875 0.025
2 0.96484375 0.1625 0.0703125 0.109375
2 0.5484375 0.56640625 0.04453125 0.05
2 0.8046875 0.6578125 0.0453125 0.05234375
2 0.859375 0.59765625 0.06640625 0.04296875
2 0.6375 0.20234375 0.025 0.03984375
2 0.90078125 0.84453125 0.01953125 0.07734375
2 0.5984375 0.36328125 0.06015625 0.10546875
2 0.9015625 0.40859375 0.0421875 0.05234375
2 0.9125 0.17421875 0.021875 0.03515625
2 0.93125 0.61015625 0.02734375 0.02109375
2 0.7328125 0.39765625 0.01171875 0.021875
2 0.70546875 0.51015625 0.01796875 0.03671875
2 0.6265625 0.053125 0.0703125 0.06015625
2 0.0671875 0.015625 0.03125 0.03125
0 0.7328125 0.18671875 0.03359375 0.059375
2 0.48125 0.6828125 0.0890625 0.08671875
2 0.7078125 0.234375 0.03125 0.03515625
2 0.909375 0.60703125 0.003125 0.00859375
2 0.403125 0.740625 0.06796875 0.07265625
2 0.43125 0.021875 0.021875 0.025
2 0.23203125 0.34296875 0.0359375 0.08125
2 0.290625 0.22421875 0.0125 0.034375
5 0.40078125 0.38203125 0.02109375 0.03046875
2 0.1265625 0.26328125 0.028125 0.04296875
2 0.97734375 0.2515625 0.0453125 0.0625