2 0.36875 0.45859375 0.1078125 0.0875
2 0.96328125 0.4046875 0.065625 0.075
2 0.20078125 0.115625 0.05078125 0.10546875
2 0.25703125 0.9390625 0.096875 0.121875
2 0.61796875 0.4234375 0.0703125 0.1375
2 0.3375 0.9625 0.02890625 0.04296875
2 0.971875 0.58671875 0.05625 0.23203125
2 0.8796875 0.83828125 0.04921875 0.07734375
4 0.225 0.49765625 0.26484375 0.99453125
2 0.7328125 0.80859375 0.10859375 0.1
2 0.0421875 0.86484375 0.084375 0.25625
2 0.80625 0.34453125 0.09609375 0.11640625
2 0.7203125 0.134375 0.059375 0.04765625
2 0.94375 0.89296875 0.03828125 0.0875
2 0.93125 0.27109375 0.11328125 0.10546875
2 0.6734375 0.65703125 0.07890625 0.06328125
2 0.7546875 0.69296875 0.0890625 0.096875
2 0.3890625 0.709375 0.26328125 0.44375
2 0.4734375 0.22578125 0.06875 0.1
2 0.559375 0.03203125 0.121875 0.06015625
2 0.1203125 0.61953125 0.03125 0.04296875
2 0.7375 0.49609375 0.05625 0.06484375
2 0.13359375 0.1140625 0.0515625 0.06484375
2 0.9546875 0.97265625 0.021875 0.040625
2 0.546875 0.10859375 0.084375 0.1375
2 0.040625 0.52734375 0.03125 0.03671875
2 0.11328125 0.33828125 0.04765625 0.07421875
2 0.75703125 0.39609375 0.03828125 0.04921875
2 0.7078125 0.25 0.134375 0.14453125
14 0.5 0.45234375 1 0.82890625
2 0.871875 0.52890625 0.11875 0.20546875
2 0.428125 0.1328125 0.1359375 0.25
2 0.484375 0.328125 0.05546875 0.05390625
0 0.6578125 0.93046875 0.228125 0.1375
2 0.96015625 0.0375 0.059375 0.06953125
2 0.5734375 0.559375 0.065625 0.075
2 0.5828125 0.24921875 0.11171875 0.15234375
2 0.1203125 0.55625 0.0578125 0.04609375
2 0.48125 0.78046875 0.18828125 0.43515625