9 0.8109375 0.11875 0.11328125 0.23203125
9 0.103125 0.2109375 0.20546875 0.421875
9 0.0296875 0.96015625 0.053125 0.06875
2 0.44453125 0.3828125 0.07265625 0.096875
9 0.853125 0.10859375 0.03515625 0.21640625
4 0.73203125 0.390625 0.5359375 0.778125
9 0.6546875 0.96328125 0.1390625 0.06015625
2 0.45 0.2078125 0.040625 0.046875
2 0.371875 0.3640625 0.0515625 0.08046875
2 0.0359375 0.25546875 0.04140625 0.05546875
9 0.328125 0.56171875 0.09609375 0.09140625
2 0.1484375 0.25703125 0.03125 0.040625
9 0.6890625 0.81640625 0.1390625 0.359375
0 0.6421875 0.59921875 0.61171875 0.78984375
0 0.0375 0.9 0.07421875 0.19765625
2 0.53984375 0.19921875 0.04921875 0.07421875
2 0.5109375 0.39296875 0.03125 0.03828125
2 0.08515625 0.29921875 0.0390625 0.05390625
9 0.93671875 0.12734375 0.1265625 0.2453125
9 0.84375 0.71015625 0.165625 0.18984375
2 0.14765625 0.9515625 0.053125 0.08359375
0 0.19140625 0.45625 0.25625 0.33984375
2 0.0296875 0.43984375 0.059375 0.06015625
2 0.0609375 0.60390625 0.0484375 0.08671875
2 0.109375 0.75078125 0.053125 0.06875
0 0.43359375 0.03046875 0.1359375 0.0609375