2 0.696875 0.93984375 0.040625 0.05
2 0.2984375 0.36875 0.03828125 0.03671875
2 0.6 0.93515625 0.0421875 0.059375
2 0.57265625 0.984375 0.09296875 0.03125
2 0.78828125 0.5921875 0.028125 0.05
2 0.184375 0.20546875 0.03359375 0.05234375
2 0.3015625 0.73671875 0.04921875 0.06875
2 0.403125 0.49765625 0.08203125 0.08671875
2 0.94296875 0.94921875 0.1140625 0.1
2 0.30625 0.5125 0.03203125 0.04140625
2 0.715625 0.52421875 0.0359375 0.040625
2 0.2171875 0.88046875 0.0484375 0.04765625
2 0.5140625 0.49921875 0.065625 0.046875
2 0.2375 0.94453125 0.040625 0.059375
2 0.190625 0.74453125 0.0265625 0.04609375
2 0.5609375 0.8515625 0.04765625 0.06328125
2 0.965625 0.27578125 0.06875 0.07890625
4 0.5 0.5109375 1 0.44375
2 0.596875 0.534375 0.09609375 0.15234375
2 0.846875 0.15703125 0.15625 0.18671875
2 0.3609375 0.87109375 0.0375 0.06328125
2 0.3953125 0.20625 0.19453125 0.27265625
2 0.3859375 0.65078125 0.034375 0.06171875
2 0.553125 0.12578125 0.07890625 0.24453125
2 0.3296875 0.80546875 0.05234375 0.059375
2 0.628125 0.18046875 0.03828125 0.05
2 0.171875 0.590625 0.06171875 0.07734375
2 0.759375 0.85234375 0.06875 0.11484375
2 0.1609375 0.3765625 0.0765625 0.1125
2 0.09375 0.76015625 0.05546875 0.06328125
2 0.028125 0.80546875 0.05625 0.13125
2 0.4421875 0.696875 0.07421875 0.128125
2 0.43125 0.94921875 0.04765625 0.06171875
2 0.7171875 0.1390625 0.05625 0.0875
2 0.5578125 0.7765625 0.03515625 0.040625
2 0.0375 0.421875 0.075 0.134375
2 0.74296875 0.0390625 0.11484375 0.075