0 0.94140625 0.54140625 0.07421875 0.2
0 0.97421875 0.19140625 0.0515625 0.2546875
0 0.4203125 0.95390625 0.21484375 0.08984375
0 0.94765625 0.81171875 0.1046875 0.20703125
0 0.75 0.896875 0.1703125 0.146875
0 0.840625 0.42578125 0.0765625 0.11953125
0 0.6875 0.63046875 0.06796875 0.09609375
0 0.2 0.02890625 0.06875 0.05234375
14 0.484375 0.49921875 0.72578125 0.99609375
0 0.7953125 0.64140625 0.1421875 0.32890625
0 0.0625 0.06953125 0.0234375 0.028125
0 0.921875 0.171875 0.0203125 0.021875
2 0.446875 0.4125 0.03828125 0.059375
0 0.55390625 0.840625 0.12421875 0.1625