2 0.2203125 0.22109375 0.07421875 0.10078125
2 0.5375 0.77578125 0.021875 0.04140625
2 0.578125 0.734375 0.06015625 0.065625
2 0.025 0.72890625 0.03828125 0.03515625
2 0.06953125 0.66640625 0.0609375 0.08359375
2 0.98359375 0.4234375 0.0328125 0.071875
2 0.8921875 0.8609375 0.04765625 0.06328125
2 0.05703125 0.01796875 0.0296875 0.0359375
2 0.1484375 0.14609375 0.04921875 0.06796875
2 0.1171875 0.2078125 0.03828125 0.05703125
2 0.0765625 0.2828125 0.05625 0.090625
2 0.95234375 0.55 0.0953125 0.190625
2 0.42890625 0.04609375 0.1078125 0.0921875
2 0.196875 0.03515625 0.05234375 0.040625
2 0.0671875 0.11328125 0.03828125 0.04609375
3 0.125 0.69296875 0.25 0.6078125
2 0.3234375 0.74609375 0.0796875 0.125
2 0.01796875 0.51484375 0.0359375 0.10234375
2 0.75625 0.20390625 0.44921875 0.40078125
2 0.2953125 0.95390625 0.0890625 0.08828125
2 0.578125 0.9703125 0.059375 0.04921875
2 0.25 0.81484375 0.05859375 0.096875
5 0.0125 0.12265625 0.02421875 0.134375
2 0.31875 0.8859375 0.0453125 0.05625
2 0.32265625 0.0890625 0.0265625 0.05859375
2 0.01796875 0.66328125 0.0359375 0.028125
2 0.5203125 0.36328125 0.2234375 0.40625
2 0.41640625 0.65 0.06015625 0.06328125
2 0.534375 0.63046875 0.06796875 0.075
2 0.66796875 0.2734375 0.02734375 0.07890625
2 0.7828125 0.75546875 0.05625 0.10703125
2 0.01015625 0.85546875 0.0203125 0.07890625
2 0.18125 0.61875 0.02421875 0.04140625
3 0.43515625 0.23984375 0.1890625 0.4796875
2 0.6734375 0.44453125 0.05546875 0.0375
2 0.7796875 0.65078125 0.0296875 0.04140625
2 0.284375 0.45 0.13984375 0.18046875
2 0.0390625 0.78828125 0.059375 0.065625
2 0.365625 0.17890625 0.0828125 0.13984375
2 0.509375 0.6875 0.0703125 0.10078125
2 0.98359375 0.76328125 0.0328125 0.1109375
4 0.66796875 0.60234375 0.49921875 0.08828125
5 0.1234375 0.94765625 0.14609375 0.096875
5 0.2671875 0.62578125 0.07734375 0.10625
2 0.4671875 0.79140625 0.1078125 0.14921875
2 0.153125 0.5171875 0.03046875 0.03515625
2 0.425 0.82890625 0.025 0.028125
2 0.8609375 0.7265625 0.06328125 0.065625
2 0.0703125 0.88203125 0.09296875 0.128125
2 0.984375 0.16796875 0.03125 0.075
2 0.109375 0.39296875 0.0171875 0.028125
2 0.1515625 0.41953125 0.0796875 0.13828125
2 0.96875 0.04765625 0.0625 0.09296875
2 0.9609375 0.6921875 0.07734375 0.11875
2 0.7890625 0.41953125 0.1515625 0.15234375
5 0.0328125 0.2125 0.065625 0.09375
2 0.47890625 0.98359375 0.03203125 0.03046875
2 0.9265625 0.4328125 0.034375 0.040625
2 0.80859375 0.890625 0.3828125 0.2125
2 0.2578125 0.10234375 0.11328125 0.11953125
2 0.24609375 0.70703125 0.06484375 0.05078125