2 0.3203125 0.77734375 0.134375 0.153125
2 0.434375 0.40234375 0.0515625 0.08203125
2 0.84453125 0.95078125 0.05859375 0.06875
2 0.8421875 0.6921875 0.04140625 0.06171875
2 0.9515625 0.578125 0.01953125 0.01328125
2 0.48125 0.53671875 0.165625 0.22109375
2 0.803125 0.90078125 0.04765625 0.06015625
5 0.7796875 0.62109375 0.03046875 0.040625
5 0.5390625 0.45625 0.028125 0.03671875
2 0.83125 0.759375 0.1046875 0.10703125
2 0.603125 0.10234375 0.03046875 0.05703125
2 0.921875 0.55390625 0.14296875 0.29140625
5 0.83046875 0.584375 0.03203125 0.04921875
2 0.6140625 0.32890625 0.0421875 0.096875
2 0.02890625 0.4 0.02109375 0.03671875
2 0.67421875 0.48515625 0.021875 0.04296875
2 0.53828125 0.971875 0.06015625 0.05390625
2 0.6875 0.078125 0.1078125 0.08828125
2 0.6703125 0.66015625 0.01953125 0.02734375
2 0.175 0.2015625 0.028125 0.03046875
2 0.9796875 0.21953125 0.01796875 0.015625
2 0.621875 0.60390625 0.09609375 0.10546875
2 0.97734375 0.0765625 0.0375 0.05390625
2 0.92734375 0.33359375 0.0765625 0.07890625
5 0.84609375 0.83359375 0.0234375 0.0375
0 0.221875 0.73515625 0.03828125 0.08125
5 0.0359375 0.45859375 0.03125 0.04609375
2 0.140625 0.03046875 0.0421875 0.06015625
5 0.56953125 0.58515625 0.01015625 0.0375
2 0.1109375 0.12734375 0.1234375 0.134375
2 0.5890625 0.49609375 0.07734375 0.05859375
2 0.05234375 0.26328125 0.1046875 0.22265625
2 0.80625 0.83359375 0.0390625 0.078125
2 0.1109375 0.30859375 0.04453125 0.078125
2 0.45546875 0.96796875 0.096875 0.06171875
2 0.30625 0.6140625 0.034375 0.04296875
2 0.70625 0.60234375 0.03046875 0.03203125
5 0.475 0.05859375 0.0171875 0.028125
2 0.2640625 0.62578125 0.04765625 0.05703125
2 0.3 0.384375 0.04609375 0.12578125
2 0.175 0.6578125 0.06015625 0.09765625
2 0.0375 0.03984375 0.075 0.0796875
2 0.078125 0.43359375 0.0703125 0.05859375
5 0.31875 0.07421875 0.03203125 0.0375
5 0.934375 0.39296875 0.0265625 0.04140625
2 0.909375 0.98046875 0.05078125 0.03671875
2 0.121875 0.24921875 0.03046875 0.03671875
2 0.7515625 0.70859375 0.0828125 0.26796875
0 0.1625 0.9640625 0.02890625 0.04140625
2 0.625 0.76328125 0.05625 0.02890625
2 0.48125 0.27109375 0.09609375 0.14375
5 0.5 0.01171875 0.03359375 0.02265625
2 0.78125 0.70078125 0.02734375 0.03984375
2 0.9875 0.31015625 0.02421875 0.05390625
5 0.70703125 0.19609375 0.03515625 0.04609375
5 0.9046875 0.60859375 0.03125 0.04140625
2 0.54296875 0.93359375 0.06171875 0.04140625
2 0.9421875 0.54140625 0.01328125 0.02734375
2 0.271875 0.47578125 0.05234375 0.05625
2 0.36328125 0.6484375 0.053125 0.11484375
2 0.5921875 0.95546875 0.03828125 0.059375
2 0.80078125 0.33515625 0.08984375 0.09609375
2 0.83125 0.38828125 0.0265625 0.02890625
2 0.203125 0.09453125 0.0453125 0.08359375
2 0.9625 0.3953125 0.02734375 0.04609375
2 0.2796875 0.2640625 0.03671875 0.05
2 0.8953125 0.2203125 0.05546875 0.05625
2 0.98203125 0.3671875 0.0359375 0.065625
2 0.50390625 0.41953125 0.05234375 0.06015625
2 0.6359375 0.703125 0.01953125 0.03515625
2 0.796875 0.97265625 0.03359375 0.04296875
2 0.221875 0.028125 0.12421875 0.05625
2 0.13125 0.49296875 0.06015625 0.05859375
2 0.96953125 0.47109375 0.0609375 0.15390625
5 0.9328125 0.91015625 0.0296875 0.0375
2 0.6328125 0.53203125 0.034375 0.05390625
2 0.5046875 0.775 0.19140625 0.28125
2 0.6953125 0.52109375 0.02421875 0.04140625
2 0.01796875 0.4703125 0.0359375 0.11015625
2 0.234375 0.1921875 0.090625 0.14296875
2 0.52578125 0.10703125 0.09375 0.146875
2 0.75625 0.94453125 0.028125 0.0375
2 0.75390625 0.15546875 0.23359375 0.30546875
2 0.6 0.85859375 0.05390625 0.04921875
2 0.68984375 0.76015625 0.09375 0.14375
2 0.0984375 0.03515625 0.028125 0.04609375
2 0.8859375 0.32890625 0.0140625 0.01953125
2 0.57109375 0.65078125 0.0375 0.046875
2 0.128125 0.21015625 0.04609375 0.03515625
0 0.1171875 0.93046875 0.03125 0.05078125
5 0.7484375 0.259375 0.0265625 0.04296875
2 0.78046875 0.02578125 0.0765625 0.0515625
2 0.3796875 0.7453125 0.03828125 0.06875
2 0.4015625 0.9140625 0.08359375 0.134375
2 0.63125 0.81875 0.0359375 0.04296875
2 0.596875 0.99140625 0.0484375 0.01484375
2 0.7203125 0.9046875 0.134375 0.18828125
16 0.1546875 0.79375 0.30859375 0.41015625
2 0.53125 0.33515625 0.0265625 0.046875
2 0.91640625 0.72578125 0.05625 0.08359375
2 0.99296875 0.91015625 0.0140625 0.028125
5 0.2359375 0.4375 0.03046875 0.03671875
5 0.66328125 0.13515625 0.0203125 0.028125
2 0.021875 0.5578125 0.04375 0.046875
3 0.19609375 0.3546875 0.3640625 0.39453125
2 0.54296875 0.40234375 0.02109375 0.05703125
2 0.19765625 0.46328125 0.05625 0.04453125
5 0.59375 0.215625 0.021875 0.03125
2 0.86484375 0.2390625 0.08046875 0.1375
2 0.9171875 0.1328125 0.096875 0.12578125
5 0.63125 0.46640625 0.02109375 0.02890625
2 0.3734375 0.14140625 0.0625 0.05546875
2 0.615625 0.78984375 0.034375 0.02578125
2 0.584375 0.03671875 0.01796875 0.03125
5 0.4765625 0.60078125 0.025 0.02734375
2 0.90625 0.93671875 0.040625 0.05390625
2 0.24140625 0.65390625 0.0234375 0.03671875
2 0.3921875 0.06015625 0.18046875 0.11875
2 0.61484375 0.02578125 0.0359375 0.0375
0 0.1375 0.97578125 0.028125 0.04609375
2 0.9765625 0.66640625 0.034375 0.05546875
2 0.67421875 0.01796875 0.0203125 0.02578125
2 0.0203125 0.115625 0.040625 0.078125
5 0.79765625 0.46015625 0.0234375 0.02890625
2 0.1234375 0.54296875 0.03203125 0.02890625
2 0.31484375 0.66796875 0.0515625 0.04296875
2 0.38359375 0.41640625 0.0375 0.09765625
5 0.2609375 0.378125 0.0265625 0.04140625
2 0.5640625 0.31328125 0.040625 0.03203125
2 0.640625 0.97265625 0.03125 0.04609375
2 0.8171875 0.64140625 0.03203125 0.04140625
2 0.38125 0.27578125 0.06015625 0.15078125
2 0.7609375 0.90078125 0.03125 0.0375
2 0.6484375 0.91484375 0.0171875 0.01953125
2 0.10625 0.6296875 0.0703125 0.06015625
2 0.625 0.89296875 0.01953125 0.03125
2 0.33203125 0.471875 0.06171875 0.25859375
2 0.8859375 0.78046875 0.03046875 0.04453125
2 0.7609375 0.43515625 0.18046875 0.22421875
2 0.94921875 0.7703125 0.1015625 0.175
2 0.98203125 0.13359375 0.0359375 0.03828125
2 0.25625 0.54921875 0.09140625 0.10078125
2 0.4375 0.1625 0.07890625 0.096875
2 0.546875 0.02265625 0.05859375 0.040625
14 0.4203125 0.625 0.103125 0.615625
2 0.97734375 0.0328125 0.0453125 0.065625
2 0.159375 0.55390625 0.0203125 0.021875
2 0.99609375 0.20625 0.0078125 0.03359375
2 0.95859375 0.2890625 0.040625 0.04921875
2 0.965625 0.95390625 0.05234375 0.08828125
5 0.94296875 0.6453125 0.025 0.03203125
3 0.1890625 0.34609375 0.334375 0.51484375
5 0.98984375 0.965625 0.0203125 0.03671875
5 0.9078125 0.39140625 0.0265625 0.03671875
2 0.9125 0.03203125 0.084375 0.0640625
5 0.9359375 0.2140625 0.0265625 0.03671875
5 0.865625 0.84765625 0.0265625 0.0375
2 0.609375 0.20390625 0.07265625 0.14375
2 0.55234375 0.24765625 0.06640625 0.08828125
2 0.421875 0.32421875 0.0265625 0.04453125
2 0.0765625 0.37734375 0.07265625 0.07421875
5 0.8890625 0.12734375 0.02734375 0.03984375
2 0.2390625 0.31328125 0.0734375 0.08359375
2 0.60546875 0.4078125 0.0875 0.10078125
5 0.91484375 0.453125 0.025 0.03515625
2 0.9671875 0.55078125 0.04453125 0.05546875
2 0.8140625 0.5328125 0.0890625 0.06875
2 0.721875 0.54453125 0.02421875 0.03359375
2 0.16875 0.29453125 0.07265625 0.07890625
2 0.278125 0.071875 0.03359375 0.0875
2 0.6390625 0.66796875 0.03515625 0.040625
2 0.4453125 0.34765625 0.034375 0.03125
2 0.0734375 0.578125 0.06484375 0.06171875
2 0.83984375 0.8640625 0.0359375 0.04921875
2 0.6484375 0.33984375 0.0265625 0.03046875