2 0.29375 0.58125 0.03125 0.04453125
2 0.71015625 0.52578125 0.02109375 0.02734375
2 0.50546875 0.9578125 0.05546875 0.04140625
2 0.3109375 0.93359375 0.025 0.028125
2 0.62578125 0.5578125 0.05859375 0.08046875
2 0.0921875 0.60234375 0.0703125 0.05625
4 0.5 0.54375 1 0.30234375
2 0.2546875 0.5578125 0.03203125 0.04609375
2 0.9046875 0.71171875 0.040625 0.084375
2 0.875 0.2296875 0.02109375 0.03203125
2 0.7625 0.08515625 0.05859375 0.06328125
2 0.684375 0.18984375 0.034375 0.05625
2 0.7078125 0.9171875 0.08203125 0.07734375
2 0.665625 0.70078125 0.0171875 0.03359375
2 0.078125 0.259375 0.03515625 0.05390625
2 0.5609375 0.57109375 0.03828125 0.04296875
2 0.92578125 0.47265625 0.02109375 0.02890625
2 0.0609375 0.8796875 0.02421875 0.03984375
2 0.5515625 0.078125 0.01796875 0.02421875
2 0.065625 0.03046875 0.0375 0.02578125
2 0.58828125 0.93828125 0.01953125 0.04140625
2 0.8921875 0.409375 0.02890625 0.028125
2 0.6578125 0.36015625 0.034375 0.06796875
2 0.4703125 0.4609375 0.01484375 0.03203125
2 0.17734375 0.31328125 0.05078125 0.05546875
2 0.0171875 0.58203125 0.03359375 0.05390625
2 0.4625 0.56953125 0.0234375 0.03125
2 0.3859375 0.64140625 0.05625 0.04140625
2 0.29375 0.48203125 0.06484375 0.07421875
2 0.99140625 0.34609375 0.0171875 0.0609375
2 0.8140625 0.69453125 0.03671875 0.04140625
2 0.090625 0.31796875 0.02109375 0.03203125
2 0.834375 0.13203125 0.034375 0.03125
2 0.396875 0.3453125 0.02890625 0.05625
2 0.778125 0.5890625 0.11328125 0.10625
2 0.36953125 0.30234375 0.04765625 0.05390625
2 0.91875 0.3765625 0.034375 0.0375
2 0.171875 0.17578125 0.03671875 0.040625
2 0.5609375 0.42734375 0.02109375 0.02734375
2 0.23671875 0.628125 0.021875 0.03671875
2 0.4625 0.5328125 0.02109375 0.03125
2 0.9890625 0.01484375 0.02109375 0.02734375
2 0.84375 0.7890625 0.04453125 0.04609375
2 0.03359375 0.17578125 0.0671875 0.06875
2 0.21328125 0.56015625 0.04921875 0.04296875
2 0.8734375 0.96328125 0.06015625 0.05546875