2 0.2296875 0.20625 0.04921875 0.05
2 0.49296875 0.67421875 0.05859375 0.059375
2 0.40625 0.77578125 0.040625 0.04453125
2 0.1828125 0.05703125 0.03828125 0.06328125
2 0.7671875 0.8796875 0.07578125 0.090625
2 0.903125 0.11484375 0.03203125 0.05234375
2 0.7609375 0.22421875 0.03203125 0.05859375
2 0.8453125 0.8171875 0.03828125 0.12578125
2 0.5953125 0.50546875 0.07890625 0.078125
2 0.01953125 0.16171875 0.03359375 0.03828125
2 0.5546875 0.05859375 0.0375 0.04140625
2 0.6171875 0.95390625 0.07265625 0.084375
2 0.0578125 0.3953125 0.03671875 0.040625
2 0.1859375 0.60390625 0.0921875 0.08984375
2 0.83515625 0.0984375 0.3296875 0.084375
2 0.1265625 0.89140625 0.0515625 0.05234375
2 0.653125 0.21015625 0.03125 0.03671875
2 0.7921875 0.75703125 0.05078125 0.05546875
2 0.09921875 0.36328125 0.0453125 0.05078125
2 0.875 0.18515625 0.06328125 0.07890625
2 0.93515625 0.878125 0.1296875 0.07734375
2 0.4953125 0.03671875 0.04765625 0.04453125
2 0.4671875 0.9296875 0.1171875 0.13828125
2 0.8234375 0.26875 0.04765625 0.115625
2 0.36171875 0.31796875 0.040625 0.07421875
0 0.41875 0.69921875 0.6875 0.59296875
14 0.515625 0.66640625 0.96875 0.6625
2 0.74296875 0.03515625 0.07265625 0.065625
2 0.50390625 0.26015625 0.0484375 0.046875
2 0.309375 0.89765625 0.05546875 0.046875
2 0.0859375 0.07421875 0.0265625 0.05625
2 0.41875 0.56484375 0.0703125 0.146875
2 0.13203125 0.828125 0.03203125 0.059375
2 0.1828125 0.74609375 0.04921875 0.15625
2 0.02734375 0.06328125 0.0359375 0.0375
2 0.6328125 0.8859375 0.12578125 0.078125
2 0.4671875 0.09453125 0.040625 0.05546875
2 0.02578125 0.23203125 0.03125 0.05546875