0 0.05 0.76484375 0.1 0.075
0 0.375 0.1859375 0.0484375 0.07890625
2 0.4046875 0.64765625 0.06171875 0.12109375
2 0.203125 0.92109375 0.06484375 0.07421875
8 0.67578125 0.5734375 0.15 0.15703125
2 0.3203125 0.42890625 0.0453125 0.075
2 0.8875 0.92265625 0.040625 0.03671875
0 0.5265625 0.2 0.06328125 0.07265625
0 0.18125 0.19609375 0.05234375 0.05390625
0 0.56484375 0.1546875 0.0171875 0.02734375
2 0.6359375 0.73359375 0.0421875 0.04453125
0 0.1546875 0.13671875 0.07578125 0.253125
2 0.50390625 0.93984375 0.06484375 0.06015625
2 0.0921875 0.4765625 0.0796875 0.109375
2 0.9625 0.5015625 0.02734375 0.05625
2 0.84375 0.6390625 0.09453125 0.128125
2 0.0921875 0.40859375 0.04609375 0.04609375
2 0.9875 0.24765625 0.025 0.06484375
2 0.9875 0.87734375 0.021875 0.03046875
0 0.3125 0.17109375 0.0734375 0.10078125
0 0.3265625 0.07109375 0.05625 0.10546875
2 0.03984375 0.96796875 0.04765625 0.0375
2 0.203125 0.3015625 0.06875 0.10078125
2 0.321875 0.3078125 0.05546875 0.09921875
2 0.2703125 0.1203125 0.0359375 0.05
0 0.07421875 0.62734375 0.1484375 0.06953125
2 0.55625 0.3765625 0.05546875 0.0375
2 0.26875 0.65703125 0.03828125 0.046875
2 0.93359375 0.87109375 0.028125 0.03125
2 0.790625 0.41171875 0.03046875 0.03828125
2 0.9890625 0.35546875 0.02109375 0.06875
2 0.7140625 0.15859375 0.090625 0.078125
2 0.1625 0.80546875 0.06640625 0.08359375
2 0.484375 0.83828125 0.071875 0.08203125
2 0.203125 0.76328125 0.02421875 0.02890625
2 0.38671875 0.74453125 0.0734375 0.06953125
2 0.290625 0.534375 0.03203125 0.03125
0 0.96015625 0.64453125 0.0796875 0.14921875
0 0.36953125 0.090625 0.0375 0.065625
0 0.63125 0.11171875 0.14921875 0.05390625
2 0.3703125 0.32890625 0.0375 0.07734375
2 0.9171875 0.02578125 0.08203125 0.04921875
2 0.753125 0.91953125 0.09296875 0.07265625
0 0.434375 0.23828125 0.06171875 0.06875
3 0.10546875 0.19453125 0.10390625 0.38828125
2 0.0171875 0.46171875 0.03359375 0.03828125
0 0.6421875 0.88828125 0.08359375 0.21796875
2 0.1546875 0.47265625 0.0421875 0.03515625
2 0.9265625 0.60859375 0.01015625 0.02265625
2 0.14296875 0.96796875 0.04453125 0.05625
2 0.328125 0.8078125 0.03671875 0.04609375
3 0.025 0.08125 0.04921875 0.1625
2 0.8171875 0.1578125 0.03828125 0.05546875
2 0.18515625 0.4671875 0.1203125 0.19296875
3 0.6078125 0.03984375 0.31640625 0.078125
3 0.0421875 0.78984375 0.08359375 0.05390625
0 0.4109375 0.0921875 0.040625 0.06328125
2 0.93828125 0.56875 0.03671875 0.05078125
0 0.5453125 0.28359375 0.0625 0.06171875
0 0.49140625 0.1015625 0.12421875 0.121875
3 0.125 0.5921875 0.25 0.096875
3 0.83828125 0.84765625 0.3234375 0.30078125
2 0.1328125 0.69921875 0.0796875 0.10078125
0 0.74375 0.36484375 0.51171875 0.63515625
0 0.253125 0.0390625 0.05546875 0.075