2 0.9875 0.303125 0.025 0.07734375
2 0.1578125 0.20703125 0.05078125 0.06171875
2 0.2859375 0.8328125 0.05234375 0.065625
2 0.1828125 0.609375 0.09609375 0.146875
0 0.709375 0.4125 0.58046875 0.81953125
2 0.71171875 0.93515625 0.09296875 0.090625
2 0.58671875 0.821875 0.2625 0.125
0 0.521875 0.05546875 0.115625 0.109375
2 0.8796875 0.23125 0.0859375 0.05625
2 0.6453125 0.39296875 0.10390625 0.13984375
2 0.0296875 0.55234375 0.03828125 0.05625
2 0.08046875 0.3515625 0.1046875 0.128125
2 0.38671875 0.91953125 0.05546875 0.06796875
3 0.9671875 0.9703125 0.06484375 0.05625
2 0.909375 0.92578125 0.06875 0.10234375
2 0.34375 0.72421875 0.04609375 0.10703125
2 0.20625 0.928125 0.15546875 0.13515625
2 0.1140625 0.23828125 0.06484375 0.07734375
2 0.8265625 0.828125 0.14609375 0.13984375
8 0.784375 0.62890625 0.30625 0.30390625
2 0.79375 0.34453125 0.0890625 0.1375
2 0.6671875 0.24140625 0.09296875 0.10625
2 0.07109375 0.13359375 0.11015625 0.14375
2 0.8609375 0.35859375 0.06796875 0.15703125
2 0.18359375 0.11484375 0.07890625 0.13046875
2 0.7984375 0.96484375 0.0796875 0.06015625
2 0.5453125 0.2453125 0.1140625 0.0875
2 0.359375 0.240625 0.11328125 0.12890625
2 0.33046875 0.91484375 0.040625 0.05390625
2 0.24375 0.75703125 0.08984375 0.10546875
2 0.10234375 0.82421875 0.11796875 0.26875
0 0.2953125 0.01640625 0.0875 0.03125
2 0.1625 0.44453125 0.0390625 0.05
2 0.41484375 0.83671875 0.03125 0.06328125