0 0.096875 0.74453125 0.0484375 0.08828125
2 0.0140625 0.534375 0.025 0.03984375
2 0.9875 0.21171875 0.01796875 0.03125
2 0.63359375 0.63125 0.00859375 0.01015625
2 0.259375 0.94921875 0.01171875 0.009375
2 0.80078125 0.596875 0.0375 0.04765625
2 0.94375 0.82109375 0.00703125 0.01015625
2 0.9375 0.91015625 0.02890625 0.05859375
2 0.89140625 0.82421875 0.0140625 0.015625
2 0.33125 0.96796875 0.04375 0.028125
2 0.91484375 0.2140625 0.0234375 0.05
2 0.28046875 0.98125 0.0265625 0.03359375
2 0.5375 0.978125 0.0171875 0.01640625
2 0.740625 0.35234375 0.00625 0.01015625
2 0.4453125 0.7890625 0.0125 0.01875
2 0.33515625 0.6609375 0.0234375 0.02109375
2 0.4140625 0.55859375 0.0078125 0.009375
2 0.26015625 0.0828125 0.01640625 0.015625
2 0.99140625 0.890625 0.0171875 0.025
2 0.4109375 0.25234375 0.03046875 0.04609375
2 0.946875 0.54296875 0.00703125 0.01328125
2 0.721875 0.396875 0.00546875 0.00859375
2 0.1875 0.37734375 0.04296875 0.075
2 0.928125 0.74609375 0.01796875 0.02109375
2 0.728125 0.44140625 0.0234375 0.02578125
2 0.821875 0.92578125 0.0109375 0.01328125
0 0.0921875 0.74609375 0.184375 0.30546875
2 0.690625 0.5203125 0.00546875 0.01015625
2 0.01796875 0.04140625 0.0359375 0.07890625
2 0.91875 0.00546875 0.009375 0.01015625
2 0.4125 0.09453125 0.01171875 0.025
2 0.4734375 0.01328125 0.01875 0.01953125
4 0.4609375 0.4984375 0.63125 0.996875
2 0.215625 0.79296875 0.028125 0.01953125
2 0.9546875 0.15703125 0.01875 0.02109375
2 0.98125 0.93984375 0.021875 0.04453125
2 0.05859375 0.21796875 0.0203125 0.015625
2 0.4265625 0.72421875 0.01796875 0.01640625
2 0.9203125 0.6234375 0.01796875 0.01953125
2 0.4953125 0.6828125 0.03671875 0.03046875
2 0.1390625 0.67578125 0.0515625 0.04765625
2 0.1921875 0.15859375 0.01328125 0.01171875
2 0.85 0.92890625 0.04765625 0.02734375
2 0.9796875 0.81953125 0.0171875 0.021875
2 0.22109375 0.60078125 0.02734375 0.0375
2 0.74375 0.90390625 0.04453125 0.05234375
0 0.04375 0.5203125 0.03515625 0.04921875
2 0.259375 0.0140625 0.0265625 0.028125
2 0.3796875 0.49609375 0.01015625 0.0125
2 0.14765625 0.421875 0.01796875 0.028125
2 0.875 0.97890625 0.02734375 0.03125
2 0.7578125 0.71953125 0.034375 0.04296875
2 0.45859375 0.94453125 0.02421875 0.025
2 0.49453125 0.87890625 0.11171875 0.13125
2 0.8109375 0.90703125 0.0140625 0.03671875
2 0.1921875 0.50390625 0.01015625 0.015625
2 0.409375 0.06640625 0.0171875 0.02421875
2 0.6859375 0.3953125 0.040625 0.05625
2 0.953125 0.846875 0.01484375 0.015625
2 0.81875 0.7359375 0.02109375 0.028125
2 0.875 0.68046875 0.03125 0.03828125
2 0.97890625 0.76875 0.0421875 0.1
2 0.44140625 0.04765625 0.0078125 0.0125
2 0.58359375 0.9265625 0.06484375 0.10078125
2 0.11171875 0.82734375 0.01796875 0.01796875
2 0.3578125 0.840625 0.009375 0.0125
2 0.73203125 0.56171875 0.03984375 0.06640625
2 0.0171875 0.27265625 0.015625 0.01171875
2 0.78828125 0.47265625 0.015625 0.01796875
2 0.90390625 0.1625 0.01640625 0.02734375
2 0.32421875 0.09140625 0.01875 0.01484375
2 0.38125 0.58046875 0.01875 0.02265625
2 0.9796875 0.9875 0.00625 0.01015625
2 0.821875 0.965625 0.01015625 0.01171875
2 0.8671875 0.9953125 0.0109375 0.009375
2 0.74375 0.49140625 0.01640625 0.02265625
2 0.171875 0.41484375 0.01015625 0.009375
2 0.57109375 0.36953125 0.15859375 0.14765625
2 0.1015625 0.1265625 0.0046875 0.01015625
2 0.76796875 0.9859375 0.0203125 0.028125
2 0.31875 0.609375 0.03515625 0.03359375
2 0.43125 0.77265625 0.01640625 0.028125
2 0.97421875 0.09375 0.0515625 0.078125
2 0.54921875 0.1578125 0.034375 0.04453125
2 0.34609375 0.57265625 0.02109375 0.03046875
2 0.2171875 0.29609375 0.02421875 0.04140625
2 0.1171875 0.20390625 0.01484375 0.01171875
2 0.8828125 0.93125 0.01328125 0.01875
2 0.4765625 0.07265625 0.03046875 0.03203125
2 0.9625 0.2234375 0.025 0.021875
2 0.73984375 0.38515625 0.0046875 0.00625
2 0.796875 0.66796875 0.02265625 0.0375
2 0.15546875 0.24453125 0.01484375 0.02265625
2 0.8359375 0.60546875 0.02265625 0.02578125
0 0.0125 0.71015625 0.025 0.09375
2 0.5109375 0.1984375 0.02421875 0.03359375
2 0.6390625 0.5171875 0.00859375 0.01328125
2 0.24140625 0.35859375 0.02734375 0.025
2 0.15859375 0.19765625 0.01953125 0.02734375
2 0.7 0.7953125 0.01796875 0.02265625
2 0.7265625 0.46953125 0.0140625 0.01953125
2 0.55625 0.55859375 0.0109375 0.0125
2 0.20078125 0.75703125 0.01640625 0.01484375
2 0.05625 0.11328125 0.0140625 0.01484375
2 0.72734375 0.75546875 0.03125 0.04296875
2 0.659375 0.65 0.02109375 0.03125
2 0.584375 0.8515625 0.03203125 0.03359375
2 0.8953125 0.3921875 0.02578125 0.02421875
2 0.27421875 0.3078125 0.05859375 0.05078125
2 0.4140625 0.16640625 0.0078125 0.01015625
2 0.828125 0.55 0.0234375 0.02734375
2 0.4640625 0.61171875 0.01796875 0.01640625
2 0.7828125 0.5015625 0.015625 0.01796875
0 0.3734375 0.2625 0.05078125 0.05
2 0.91796875 0.35 0.0375 0.046875
2 0.31953125 0.03984375 0.02578125 0.025
2 0.0234375 0.40859375 0.02421875 0.03515625
2 0.26875 0.66953125 0.03359375 0.06171875
2 0.7890625 0.81953125 0.00859375 0.01484375
2 0.10234375 0.4953125 0.1015625 0.13359375
2 0.9453125 0.95546875 0.0078125 0.015625
2 0.0328125 0.59296875 0.0484375 0.05234375
2 0.2125 0.2328125 0.01015625 0.01484375
2 0.6875 0.73359375 0.04765625 0.05390625
2 0.121875 0.2765625 0.04765625 0.04609375
2 0.9390625 0.00859375 0.0203125 0.01640625
2 0.79921875 0.49296875 0.01640625 0.02421875
2 0.1921875 0.57890625 0.015625 0.01328125
2 0.296875 0.88203125 0.0171875 0.02109375
2 0.871875 0.76171875 0.02109375 0.01875
2 0.184375 0.46015625 0.0234375 0.02109375
2 0.3734375 0.9859375 0.01328125 0.0125
2 0.8203125 0.64140625 0.02578125 0.03359375
2 0.4171875 0.521875 0.01796875 0.02421875
2 0.3265625 0.53828125 0.03515625 0.02421875
2 0.72265625 0.36875 0.00859375 0.02265625
2 0.37578125 0.9140625 0.103125 0.09921875
2 0.67109375 0.28125 0.0375 0.03515625
2 0.978125 0.85703125 0.01796875 0.028125
2 0.9546875 0.55234375 0.0109375 0.00859375
2 0.25859375 0.62265625 0.00546875 0.00859375
2 0.7046875 0.35 0.02578125 0.02265625
2 0.734375 0.40390625 0.01015625 0.00546875
2 0.2109375 0.89140625 0.03125 0.05078125
2 0.9296875 0.06875 0.0203125 0.02109375
2 0.065625 0.94609375 0.13125 0.10234375
2 0.93125 0.41640625 0.01171875 0.01484375
2 0.896875 0.9375 0.00625 0.01015625
2 0.39375 0.10234375 0.01796875 0.01875
0 0.6796875 0.9390625 0.02890625 0.065625
2 0.4703125 0.24609375 0.00546875 0.00703125
2 0.3171875 0.678125 0.0109375 0.0125
2 0.91015625 0.71171875 0.021875 0.04921875
2 0.2015625 0.97578125 0.02734375 0.04609375
2 0.9390625 0.778125 0.01328125 0.02421875
2 0.3421875 0.759375 0.0109375 0.009375
2 0.4296875 0.82265625 0.01796875 0.03046875
2 0.6546875 0.36953125 0.00546875 0.00859375
2 0.2203125 0.72265625 0.0265625 0.02890625
2 0.9640625 0.9625 0.0125 0.015625
2 0.2265625 0.0515625 0.01171875 0.01328125
2 0.51171875 0.76171875 0.01484375 0.01875
2 0.00390625 0.22578125 0.0078125 0.028125
2 0.1625 0.4890625 0.01796875 0.01640625
2 0.28203125 0.5390625 0.00703125 0.00703125
2 0.6140625 0.715625 0.0109375 0.009375
2 0.2421875 0.98359375 0.02421875 0.03203125
2 0.86171875 0.29453125 0.0984375 0.08359375
2 0.7125 0.9859375 0.040625 0.02265625
2 0.55703125 0.52265625 0.01875 0.02890625
2 0.2921875 0.18359375 0.0109375 0.02109375
2 0.65703125 0.55 0.01796875 0.01875
2 0.65625 0.3109375 0.00703125 0.00703125
2 0.64453125 0.83125 0.065625 0.06875
2 0.3 0.390625 0.04140625 0.03359375
2 0.7 0.44921875 0.00625 0.00859375
2 0.4125 0.98515625 0.01484375 0.01953125
2 0.92421875 0.78359375 0.015625 0.01953125
2 0.97265625 0.4796875 0.00859375 0.00546875
2 0.64296875 0.990625 0.0140625 0.01875
2 0.90625 0.6640625 0.021875 0.03515625
2 0.2453125 0.11953125 0.02734375 0.03515625
2 0.80703125 0.9921875 0.0203125 0.015625
2 0.4515625 0.6875 0.00546875 0.00546875
2 0.70390625 0.53984375 0.02734375 0.03515625
2 0.13125 0.31640625 0.03046875 0.02421875
2 0.253125 0.8828125 0.025 0.04296875
2 0.11953125 0.2203125 0.0109375 0.01484375
2 0.8984375 0.86328125 0.034375 0.04453125
2 0.60078125 0.59453125 0.009375 0.009375
2 0.7046875 0.3171875 0.02890625 0.01953125
2 0.234375 0.4015625 0.021875 0.021875
0 0.65 0.9421875 0.03203125 0.04296875
2 0.4984375 0.51640625 0.04453125 0.03984375
2 0.2625 0.49921875 0.0234375 0.02578125
2 0.9953125 0.28125 0.009375 0.03515625
2 0.178125 0.92734375 0.0390625 0.059375
2 0.9578125 0.70078125 0.03515625 0.02265625
2 0.22734375 0.76484375 0.0140625 0.01328125
2 0.9703125 0.6390625 0.0234375 0.02578125
2 0.28125 0.1203125 0.01875 0.02265625
2 0.6296875 0.471875 0.009375 0.01015625
2 0.9265625 0.27578125 0.0375 0.05078125
2 0.24375 0.075 0.00859375 0.009375
2 0.359375 0.4953125 0.00625 0.00703125
2 0.80859375 0.52734375 0.0125 0.01796875
0 0.2140625 0.6765625 0.04140625 0.065625
2 0.6984375 0.6140625 0.0203125 0.03125
2 0.0671875 0.103125 0.00390625 0.00703125
2 0.4328125 0.91796875 0.00859375 0.01171875
2 0.55078125 0.25390625 0.02421875 0.02578125
2 0.45390625 0.66875 0.01171875 0.009375
2 0.7640625 0.4609375 0.0109375 0.0125
2 0.40234375 0.74296875 0.01328125 0.0125
2 0.0625 0.25625 0.0390625 0.03359375
2 0.48984375 0.31171875 0.028125 0.02265625
2 0.65390625 0.44296875 0.01640625 0.0125
2 0.709375 0.48203125 0.00625 0.009375
2 0.425 0.63359375 0.0296875 0.040625
2 0.4328125 0.09375 0.02265625 0.04140625
2 0.23828125 0.0375 0.0140625 0.01640625
2 0.13515625 0.76015625 0.0203125 0.03125
2 0.74140625 0.6734375 0.0171875 0.02109375
2 0.8890625 0.59765625 0.01796875 0.01640625
2 0.8359375 0.31640625 0.02578125 0.01640625
2 0.94921875 0.45078125 0.0140625 0.01875
2 0.34375 0.1921875 0.040625 0.04921875
2 0.96875 0.54921875 0.01796875 0.01875
2 0.77109375 0.5765625 0.03203125 0.04765625
2 0.9515625 0.58046875 0.025 0.03046875
2 0.94140625 0.66484375 0.0265625 0.046875
2 0.821875 0.425 0.02109375 0.028125
2 0.4046875 0.19296875 0.02421875 0.03515625
2 0.44296875 0.73203125 0.01015625 0.01875
2 0.37734375 0.64765625 0.04921875 0.05234375
2 0.375 0.83203125 0.0234375 0.021875
2 0.084375 0.41796875 0.01640625 0.00859375
2 0.103125 0.0984375 0.009375 0.01171875
2 0.6921875 0.69765625 0.01953125 0.021875
2 0.559375 0.721875 0.0234375 0.053125
2 0.271875 0.60390625 0.02109375 0.028125
16 0.7359375 0.1328125 0.340625 0.26328125
2 0.7296875 0.30078125 0.0109375 0.015625
2 0.1953125 0.25546875 0.025 0.03515625
2 0.51015625 0.0921875 0.0203125 0.028125
2 0.24375 0.58671875 0.0109375 0.01640625
2 0.99296875 0.3984375 0.01328125 0.040625
2 0.0859375 0.06015625 0.0109375 0.01484375
2 0.5 0.61953125 0.009375 0.01640625
3 0.03984375 0.446875 0.0796875 0.03125
2 0.81484375 0.36171875 0.05546875 0.06484375
2 0.8328125 0.79453125 0.03515625 0.028125
2 0.5421875 0.671875 0.01953125 0.02890625