0 0.6484375 0.94609375 0.10390625 0.10546875
2 0.684375 0.24921875 0.02890625 0.03359375
0 0.75703125 0.8421875 0.0421875 0.03828125
2 0.5125 0.471875 0.11328125 0.17734375
0 0.3546875 0.50234375 0.02421875 0.03515625
3 0.1125 0.63515625 0.19765625 0.13046875
2 0.95625 0.61796875 0.01796875 0.03125
0 0.35625 0.31015625 0.040625 0.02578125
2 0.43984375 0.67109375 0.03515625 0.0375
2 0.67265625 0.365625 0.01953125 0.03203125
2 0.77109375 0.2125 0.03203125 0.04609375
2 0.2234375 0.6453125 0.03203125 0.03046875
2 0.6421875 0.4328125 0.0265625 0.02421875
2 0.5703125 0.753125 0.071875 0.11484375
3 0.1125 0.853125 0.225 0.175
0 0.4171875 0.565625 0.02109375 0.03203125
2 0.934375 0.36171875 0.03515625 0.06484375
0 0.0953125 0.90078125 0.18984375 0.190625
16 0.328125 0.14765625 0.31015625 0.29453125
2 0.88359375 0.4625 0.04921875 0.06796875
2 0.17421875 0.39140625 0.021875 0.02734375
2 0.18046875 0.73125 0.06484375 0.059375
0 0.81796875 0.21328125 0.0390625 0.06953125
2 0.8953125 0.3515625 0.034375 0.03359375
2 0.7171875 0.62421875 0.040625 0.04140625
2 0.3640625 0.75703125 0.02890625 0.059375
2 0.88125 0.15859375 0.01953125 0.02890625
0 0.559375 0.51796875 0.03515625 0.05234375
2 0.95 0.5578125 0.03671875 0.03515625
2 0.8515625 0.17890625 0.01796875 0.01875
3 0.70625 0.0671875 0.03125 0.13203125
2 0.8359375 0.41953125 0.0453125 0.08046875
2 0.1703125 0.015625 0.02890625 0.02265625
2 0.4484375 0.37734375 0.02109375 0.02734375
2 0.096875 0.03671875 0.02421875 0.021875
2 0.0109375 0.44296875 0.021875 0.040625
2 0.8125 0.8828125 0.0390625 0.05390625
2 0.3265625 0.59453125 0.0375 0.04921875
2 0.9203125 0.6875 0.02109375 0.028125
2 0.3375 0.53203125 0.02734375 0.03828125
2 0.975 0.32890625 0.04453125 0.096875
0 0.5359375 0.28671875 0.0515625 0.05390625
2 0.86875 0.37734375 0.01484375 0.0125
2 0.6390625 0.55078125 0.0203125 0.02421875
3 0.728125 0.03984375 0.1734375 0.078125
3 0.8203125 0.35703125 0.12578125 0.140625
0 0.33046875 0.803125 0.25 0.39140625
2 0.8015625 0.54765625 0.02109375 0.01953125
2 0.765625 0.36328125 0.04765625 0.04609375
2 0.478125 0.62734375 0.01640625 0.02578125
0 0.6375 0.7484375 0.01953125 0.04609375
2 0.13828125 0.59296875 0.01796875 0.02890625
0 0.4 0.54296875 0.021875 0.02890625
2 0.70703125 0.8265625 0.01953125 0.015625
0 0.434375 0.5328125 0.02421875 0.03359375
0 0.3609375 0.55078125 0.02109375 0.03203125
0 0.30859375 0.88515625 0.0359375 0.06015625
2 0.28125 0.73671875 0.0265625 0.04296875
2 0.2109375 0.3328125 0.0375 0.03671875
2 0.15078125 0.35546875 0.03515625 0.05546875
2 0.29375 0.82890625 0.0234375 0.05
2 0.45546875 0.25390625 0.03203125 0.04609375
2 0.8375 0.1640625 0.02109375 0.03046875
0 0.8671875 0.03671875 0.090625 0.06953125
0 0.2265625 0.87734375 0.02265625 0.03046875
3 0.325 0.35546875 0.2015625 0.15703125
0 0.5859375 0.86484375 0.06171875 0.140625
2 0.18984375 0.28203125 0.03125 0.03515625
2 0.4625 0.8640625 0.09453125 0.14296875
2 0.9234375 0.78359375 0.08046875 0.134375
0 0.10703125 0.75546875 0.17109375 0.10078125
0 0.7984375 0.28984375 0.01640625 0.021875
2 0.04375 0.40703125 0.025 0.028125
2 0.0515625 0.66796875 0.01796875 0.021875
2 0.46875 0.31484375 0.03046875 0.040625
2 0.88515625 0.6859375 0.0203125 0.03671875
2 0.859375 0.5203125 0.02734375 0.0375
2 0.171875 0.60546875 0.04453125 0.07109375
2 0.6484375 0.81328125 0.04140625 0.04609375
2 0.5625 0.66640625 0.0203125 0.040625
2 0.3546875 0.83515625 0.03203125 0.03359375
0 0.653125 0.11328125 0.04140625 0.04921875
2 0.6375 0.30546875 0.06484375 0.14375
2 0.71484375 0.346875 0.04453125 0.07265625
2 0.3640625 0.60078125 0.034375 0.059375
2 0.075 0.971875 0.028125 0.040625
2 0.02421875 0.47734375 0.0203125 0.028125
0 0.2859375 0.60234375 0.02109375 0.04140625
2 0.51875 0.77734375 0.03671875 0.071875
2 0.7734375 0.58046875 0.02890625 0.04296875
2 0.1734375 0.48828125 0.02109375 0.02734375
8 0.340625 0.46953125 0.0265625 0.03125
2 0.5375 0.18828125 0.0234375 0.03203125
2 0.075 0.6578125 0.02265625 0.03125
2 0.74375 0.9375 0.09296875 0.11640625
3 0.13359375 0.221875 0.065625 0.14453125
0 0.51484375 0.04921875 0.0734375 0.0984375
2 0.9296875 0.5953125 0.02109375 0.03515625
0 0.38515625 0.4125 0.028125 0.04765625
3 0.78359375 0.65703125 0.11796875 0.22734375
2 0.23671875 0.50234375 0.03828125 0.06953125
2 0.59140625 0.1140625 0.059375 0.06953125
2 0.68359375 0.69140625 0.0203125 0.028125
2 0.03359375 0.2 0.02109375 0.03203125
2 0.5375 0.0578125 0.0484375 0.078125
2 0.39140625 0.7015625 0.02734375 0.05625
2 0.92578125 0.28359375 0.0171875 0.015625
2 0.3421875 0.93671875 0.06484375 0.05390625
2 0.090625 0.11484375 0.05234375 0.09296875
2 0.2578125 0.753125 0.02265625 0.03359375
2 0.61953125 0.3953125 0.02109375 0.03515625
2 0.8234375 0.61171875 0.04765625 0.07265625
2 0.32421875 0.88203125 0.025 0.05078125
2 0.76015625 0.7578125 0.0359375 0.0375
2 0.853125 0.55078125 0.01171875 0.01953125
2 0.259375 0.68125 0.0578125 0.06953125
0 0.3875 0.45390625 0.034375 0.03125
2 0.4671875 0.7296875 0.04375 0.11328125
2 0.840625 0.846875 0.01484375 0.01875
0 0.96015625 0.94609375 0.0796875 0.1015625
0 0.15078125 0.053125 0.02109375 0.046875
2 0.11875 0.97890625 0.04453125 0.03828125
2 0.6109375 0.49609375 0.01484375 0.03203125
3 0.075 0.26328125 0.15 0.08984375
2 0.2828125 0.93046875 0.02421875 0.03125
2 0.134375 0.13671875 0.03515625 0.0375
2 0.15 0.5234375 0.01171875 0.01953125
2 0.5140625 0.31953125 0.04921875 0.1125
2 0.796875 0.8078125 0.03203125 0.05390625
2 0.34921875 0.40546875 0.01953125 0.01953125
2 0.03515625 0.11328125 0.0609375 0.10546875
2 0.2421875 0.890625 0.01953125 0.02578125
3 0.8375 0.090625 0.2890625 0.18125
2 0.5265625 0.1359375 0.08515625 0.06484375
2 0.6046875 0.0328125 0.08046875 0.065625
2 0.9796875 0.8125 0.0234375 0.03984375
2 0.8609375 0.6828125 0.02890625 0.01875
0 0.74765625 0.28046875 0.0375 0.03984375
2 0.6 0.5375 0.03125 0.03515625
0 0.03125 0.89765625 0.06171875 0.10546875
0 0.5796875 0.47578125 0.28515625 0.62578125
0 0.70546875 0.25078125 0.01640625 0.01796875
2 0.790625 0.48828125 0.0703125 0.059375
2 0.5296875 0.965625 0.12109375 0.06328125
2 0.7078125 0.49140625 0.04296875 0.05234375
2 0.8578125 0.9515625 0.07734375 0.09375
2 0.015625 0.56640625 0.0296875 0.05234375
2 0.1421875 0.83359375 0.04296875 0.05625
2 0.8921875 0.23671875 0.0734375 0.05
2 0.2859375 0.3453125 0.034375 0.04296875
2 0.08828125 0.21953125 0.0234375 0.05234375
2 0.165625 0.946875 0.05234375 0.07421875
0 0.58046875 0.659375 0.02421875 0.03671875
2 0.8921875 0.55546875 0.0375 0.03125