5 0.06875 0.17578125 0.06484375 0.1125
2 0.8921875 0.20703125 0.0625 0.08046875
2 0.4875 0.85390625 0.0375 0.08046875
2 0.83359375 0.3296875 0.13125 0.15703125
2 0.9625 0.0203125 0.07421875 0.040625
2 0.2875 0.8390625 0.02734375 0.04140625
2 0.37109375 0.953125 0.040625 0.04765625
2 0.94140625 0.18203125 0.0359375 0.05859375
2 0.9703125 0.05078125 0.01171875 0.02265625
2 0.5953125 0.89609375 0.196875 0.20390625
2 0.81796875 0.046875 0.01484375 0.02734375
2 0.57890625 0.26171875 0.0796875 0.05546875
2 0.6421875 0.23984375 0.01484375 0.03125
2 0.7515625 0.18984375 0.0765625 0.08203125
2 0.7390625 0.225 0.03515625 0.028125
3 0.634375 0.28203125 0.1015625 0.04453125
2 0.95703125 0.371875 0.0859375 0.07421875
2 0.3203125 0.11640625 0.11171875 0.128125
5 0.703125 0.953125 0.0203125 0.02890625
2 0.90859375 0.51796875 0.0671875 0.09609375
2 0.0625 0.81953125 0.03515625 0.04140625
2 0.43359375 0.32578125 0.084375 0.12109375
2 0.028125 0.2671875 0.05625 0.11015625
2 0.26796875 0.765625 0.028125 0.05546875
2 0.83671875 0.07890625 0.0359375 0.059375
2 0.4609375 0.553125 0.03359375 0.065625
5 0.015625 0.2515625 0.0265625 0.0375
2 0.0296875 0.5234375 0.059375 0.125
2 0.0171875 0.74765625 0.034375 0.06953125
2 0.0296875 0.365625 0.02734375 0.040625
2 0.3765625 0.2265625 0.059375 0.05
2 0.99609375 0.48359375 0.0078125 0.05
5 0.921875 0.49921875 0.02734375 0.03671875
2 0.746875 0.91640625 0.0625 0.13046875
3 0.08359375 0.29296875 0.075 0.134375
2 0.5015625 0.12734375 0.0203125 0.05234375
2 0.0578125 0.61015625 0.0390625 0.078125
3 0.571875 0.14765625 0.1171875 0.09765625
2 0.00625 0.35703125 0.01171875 0.040625
2 0.1796875 0.34296875 0.034375 0.03828125
2 0.7203125 0.11875 0.03046875 0.04140625
2 0.70625 0.8375 0.17578125 0.17734375
2 0.246875 0.2984375 0.0734375 0.15859375
2 0.74609375 0.12734375 0.0203125 0.0375
2 0.8046875 0.08515625 0.02890625 0.0375
2 0.875 0.61328125 0.04765625 0.03203125
5 0.265625 0.88203125 0.03203125 0.040625
2 0.609375 0.66484375 0.1640625 0.18828125
3 0.13203125 0.55234375 0.07265625 0.115625
2 0.609375 0.0234375 0.05546875 0.04453125
2 0.2734375 0.95234375 0.0875 0.07421875
2 0.24140625 0.73671875 0.02734375 0.04453125
2 0.46640625 0.615625 0.03515625 0.04296875
2 0.08984375 0.97421875 0.0546875 0.04765625
2 0.6140625 0.1453125 0.0265625 0.02421875
2 0.26953125 0.16015625 0.03515625 0.04453125
2 0.546875 0.18046875 0.0453125 0.03515625
2 0.05390625 0.44765625 0.0453125 0.075
2 0.9875 0.81484375 0.025 0.046875
5 0.13046875 0.67734375 0.02734375 0.0375
2 0.92421875 0.9296875 0.1515625 0.13359375
2 0.15625 0.06484375 0.0625 0.08359375
2 0.3828125 0.42734375 0.1046875 0.10234375
5 0.4453125 0.484375 0.02109375 0.02578125
2 0.0125 0.64453125 0.02421875 0.046875
2 0.5234375 0.68984375 0.0234375 0.02578125
2 0.1890625 0.025 0.0796875 0.05
2 0.9859375 0.53359375 0.028125 0.05390625
2 0.5515625 0.52578125 0.1390625 0.29140625
2 0.3875 0.28203125 0.028125 0.02890625
15 0.3609375 0.52109375 0.1078125 0.03671875
2 0.11875 0.40234375 0.13125 0.146875
5 0.984375 0.58359375 0.028125 0.03671875
2 0.3828125 0.8015625 0.15703125 0.1625
2 0.2171875 0.11953125 0.08046875 0.10703125
4 0.390625 0.49765625 0.06328125 0.05546875
2 0.1234375 0.91015625 0.23203125 0.165625
2 0.153125 0.1828125 0.1140625 0.16328125
2 0.209375 0.7203125 0.02421875 0.0375
5 0.1875 0.88359375 0.025 0.03359375
2 0.753125 0.03984375 0.1109375 0.07734375
3 0.425 0.92734375 0.08515625 0.11015625
2 0.8265625 0.90078125 0.06484375 0.13359375
5 0.5515625 0.61328125 0.02734375 0.03359375
2 0.02265625 0.15546875 0.0453125 0.10546875
2 0.81875 0.15234375 0.0515625 0.04296875
2 0.6265625 0.21328125 0.0265625 0.02578125
2 0.2703125 0.4328125 0.1046875 0.11328125
2 0.81640625 0.18984375 0.0890625 0.09375
2 0.79375 0.97421875 0.1109375 0.04296875
2 0.9421875 0.22421875 0.0390625 0.03046875
5 0.04375 0.72734375 0.025 0.02890625
2 0.790625 0.11640625 0.02265625 0.02734375
5 0.16484375 0.40234375 0.02734375 0.03828125
2 0.9390625 0.32109375 0.0265625 0.021875
2 0.11796875 0.7578125 0.1109375 0.12578125
5 0.778125 0.096875 0.0234375 0.03515625
2 0.221875 0.87421875 0.0234375 0.02578125
2 0.49375 0.40234375 0.06328125 0.05703125
2 0.48125 0.73828125 0.0296875 0.06953125
2 0.684375 0.19453125 0.08671875 0.13046875
2 0.5171875 0.046875 0.121875 0.09375
2 0.87578125 0.71953125 0.040625 0.0375
15 0.2546875 0.52578125 0.0921875 0.02734375
2 0.48984375 0.97421875 0.04453125 0.04765625
3 0.34375 0.32421875 0.14609375 0.13125
2 0.2 0.47421875 0.0265625 0.04296875
2 0.2546875 0.50078125 0.05078125 0.046875
2 0.25703125 0.20234375 0.02421875 0.03984375
5 0.87890625 0.5234375 0.02421875 0.03359375
2 0.2453125 0.02734375 0.03046875 0.04765625
3 0.47109375 0.15234375 0.1296875 0.228125
2 0.0125 0.4234375 0.02421875 0.06953125
2 0.9765625 0.28515625 0.04609375 0.14296875
2 0.98984375 0.178125 0.0203125 0.075
2 0.575 0.11875 0.0203125 0.04140625
5 0.95546875 0.9078125 0.0203125 0.02578125
2 0.52265625 0.72890625 0.02734375 0.021875
11 0.22421875 0.81015625 0.20234375 0.371875
3 0.5296875 0.11015625 0.440625 0.18828125
2 0.75234375 0.67578125 0.13984375 0.103125
3 0.5578125 0.32421875 0.05859375 0.10703125
2 0.5140625 0.3046875 0.06953125 0.08984375
5 0.26953125 0.01953125 0.0296875 0.03828125
2 0.4578125 0.23515625 0.09375 0.08125
2 0.6703125 0.08515625 0.07265625 0.09296875
2 0.6078125 0.77734375 0.10390625 0.06875
2 0.059375 0.05078125 0.11796875 0.1
2 0.246875 0.62265625 0.09609375 0.06953125
5 0.5875 0.15078125 0.028125 0.04140625
16 0.73828125 0.4578125 0.25078125 0.396875
5 0.1984375 0.76171875 0.034375 0.04296875
5 0.19375 0.78671875 0.02109375 0.028125
2 0.940625 0.590625 0.0859375 0.07890625
2 0.50390625 0.69140625 0.01640625 0.02578125
2 0.83671875 0.64453125 0.0890625 0.103125
5 0.3484375 0.74140625 0.02265625 0.028125
5 0.04375 0.46640625 0.028125 0.04609375
2 0.8671875 0.3828125 0.025 0.0375
2 0.365625 0.62890625 0.20390625 0.18046875
5 0.15859375 0.13671875 0.02890625 0.03359375
5 0.8921875 0.28515625 0.02421875 0.03125
2 0.39609375 0.5609375 0.07890625 0.04453125
5 0.559375 0.91953125 0.02890625 0.03359375
5 0.1734375 0.72890625 0.02421875 0.03125
2 0.24296875 0.846875 0.028125 0.02421875
2 0.89609375 0.08359375 0.1671875 0.16640625
2 0.9390625 0.69453125 0.12109375 0.16484375
2 0.00625 0.88359375 0.01171875 0.07421875
2 0.18046875 0.81796875 0.0265625 0.05390625
2 0.309375 0.1984375 0.059375 0.084375
5 0.1453125 0.29375 0.02734375 0.03671875
2 0.28125 0.05078125 0.0625 0.09765625
5 0.7875 0.90546875 0.02734375 0.03203125
2 0.9125 0.43671875 0.0484375 0.06953125
5 0.084375 0.50234375 0.025 0.03203125
11 0.13125 0.6734375 0.2625 0.05625
2 0.59765625 0.2078125 0.0203125 0.03359375
5 0.8578125 0.26796875 0.0234375 0.03125
2 0.115625 0.29453125 0.01953125 0.02578125
2 0.96640625 0.45625 0.0671875 0.10625
2 0.909375 0.84453125 0.10859375 0.13515625
3 0.809375 0.79453125 0.0984375 0.14453125
2 0.7421875 0.259375 0.03359375 0.04296875
2 0.41484375 0.05859375 0.08203125 0.11015625