14 0.3078125 0.59140625 0.2546875 0.81171875
2 0.321875 0.39140625 0.0125 0.01640625
2 0.1734375 0.26953125 0.01328125 0.034375
2 0.4921875 0.80234375 0.01015625 0.015625
2 0.309375 0.34609375 0.01953125 0.01640625
2 0.3671875 0.00625 0.02109375 0.0125
2 0.34375 0.74375 0.0140625 0.01640625
2 0.5703125 0.36953125 0.01796875 0.02734375
2 0.6859375 0.875 0.0125 0.01796875
2 0.809375 0.721875 0.0109375 0.015625
2 0.315625 0.6234375 0.0125 0.01640625
2 0.88359375 0.396875 0.01328125 0.0125
2 0.9453125 0.87109375 0.01875 0.02421875
2 0.5359375 0.625 0.01171875 0.02109375
2 0.4265625 0.75078125 0.05234375 0.03828125
2 0.27109375 0.23828125 0.01484375 0.0125
2 0.5984375 0.83515625 0.00625 0.01328125
2 0.60625 0.596875 0.01328125 0.01796875
2 0.18984375 0.49609375 0.01796875 0.01640625
2 0.525 0.23671875 0.05078125 0.05078125
2 0.7140625 0.0671875 0.01640625 0.02421875
2 0.70859375 0.90859375 0.01328125 0.01484375
2 0.4703125 0.9265625 0.01171875 0.01171875
2 0.9703125 0.36328125 0.015625 0.01953125
2 0.753125 0.50703125 0.01640625 0.03125
2 0.575 0.0765625 0.01484375 0.02109375
2 0.384375 0.07578125 0.00546875 0.00703125
2 0.871875 0.86640625 0.015625 0.01953125
2 0.2125 0.44453125 0.015625 0.01328125
2 0.21796875 0.92109375 0.0140625 0.025
2 0.8046875 0.0671875 0.01328125 0.01328125
2 0.5453125 0.090625 0.01015625 0.021875
2 0.3515625 0.146875 0.02890625 0.03125
2 0.20390625 0.33984375 0.01328125 0.01875
2 0.5609375 0.0171875 0.02421875 0.02421875
2 0.740625 0.25234375 0.02265625 0.02421875
2 0.353125 0.58671875 0.01640625 0.03125
2 0.45234375 0.49609375 0.009375 0.01171875
2 0.98203125 0.71953125 0.00859375 0.0125
2 0.4703125 0.634375 0.02265625 0.02734375
2 0.74609375 0.33671875 0.01640625 0.01796875
2 0.36953125 0.4234375 0.015625 0.01796875
2 0.5984375 0.77265625 0.0109375 0.01953125
2 0.8984375 0.71484375 0.021875 0.01953125
2 0.921875 0.36875 0.01171875 0.01484375
2 0.5015625 0.14609375 0.01875 0.03828125
2 0.496875 0.93828125 0.01875 0.01875
2 0.21796875 0.12578125 0.01484375 0.025
2 0.128125 0.88046875 0.0296875 0.03984375
2 0.6296875 0.7734375 0.01171875 0.02109375
2 0.81796875 0.33203125 0.0109375 0.015625
2 0.096875 0.0484375 0.01015625 0.0125
2 0.175 0.2015625 0.0375 0.04375
2 0.1015625 0.61015625 0.01953125 0.03046875
2 0.7171875 0.17578125 0.0203125 0.01953125
2 0.23671875 0.85546875 0.01640625 0.02734375
2 0.4015625 0.525 0.01796875 0.02265625
2 0.5734375 0.7546875 0.01953125 0.02421875
2 0.8015625 0.75234375 0.02421875 0.01875
2 0.7078125 0.34296875 0.0203125 0.03359375
2 0.0703125 0.915625 0.021875 0.01953125
2 0.83125 0.45703125 0.0078125 0.01328125
2 0.5359375 0.06015625 0.00859375 0.01015625
2 0.2875 0.11796875 0.015625 0.021875
2 0.21875 0.55546875 0.03125 0.046875
2 0.8671875 0.74296875 0.02265625 0.02578125
2 0.94453125 0.78828125 0.015625 0.01875
2 0.4734375 0.7515625 0.01328125 0.015625
2 0.02578125 0.16171875 0.0171875 0.04375
2 0.83046875 0.0375 0.01640625 0.02578125
2 0.2546875 0.50625 0.01171875 0.01484375
2 0.40625 0.3265625 0.06484375 0.12109375
2 0.81875 0.4765625 0.01015625 0.021875
2 0.62890625 0.2671875 0.02421875 0.02734375
2 0.734375 0.97109375 0.01015625 0.01640625
2 0.925 0.496875 0.01953125 0.02109375
2 0.0421875 0.07421875 0.0109375 0.015625
2 0.8671875 0.43359375 0.0171875 0.01953125
2 0.96015625 0.6921875 0.01640625 0.01953125
2 0.0515625 0.24296875 0.0125 0.02265625
2 0.9015625 0.5671875 0.03125 0.02265625
2 0.8859375 0.47421875 0.01015625 0.009375
2 0.7671875 0.79609375 0.015625 0.01875
2 0.5609375 0.31171875 0.0078125 0.01484375
2 0.25234375 0.17265625 0.01015625 0.01640625
2 0.6671875 0.66796875 0.02265625 0.01875
2 0.1046875 0.44453125 0.021875 0.03359375
2 0.4546875 0.88828125 0.00625 0.00703125
2 0.61015625 0.203125 0.01484375 0.02265625
2 0.18125 0.92890625 0.02734375 0.028125
2 0.57890625 0.5234375 0.0140625 0.025
0 0.24375 0.73984375 0.03515625 0.046875
2 0.62265625 0.134375 0.0171875 0.01953125
2 0.571875 0.4765625 0.01328125 0.01875
2 0.68046875 0.57734375 0.0109375 0.01953125
2 0.8578125 0.78203125 0.0125 0.01484375
2 0.4890625 0.71328125 0.0515625 0.05
2 0.0578125 0.8359375 0.0203125 0.02421875
2 0.67890625 0.0234375 0.0125 0.02265625
2 0.146875 0.08671875 0.01484375 0.02578125
2 0.3875 0.965625 0.02734375 0.01875
2 0.4203125 0.89765625 0.00859375 0.01328125
2 0.8890625 0.66015625 0.0171875 0.01640625
2 0.903125 0.14140625 0.190625 0.26875
2 0.1453125 0.30234375 0.01484375 0.01640625
2 0.26875 0.53984375 0.01171875 0.02109375
2 0.80859375 0.4375 0.00625 0.01171875
2 0.0078125 0.32109375 0.0140625 0.01796875
2 0.0328125 0.66484375 0.04453125 0.05390625
2 0.7546875 0.22265625 0.00546875 0.00859375
2 0.009375 0.55234375 0.01015625 0.01484375
2 0.72109375 0.98359375 0.01328125 0.01640625
2 0.3859375 0.42734375 0.01640625 0.015625
2 0.2484375 0.12734375 0.01328125 0.01328125
2 0.325 0.4546875 0.0375 0.04609375
2 0.896875 0.97578125 0.01640625 0.021875
2 0.65625 0.70546875 0.015625 0.01953125
2 0.38125 0.47890625 0.0171875 0.01796875
2 0.425 0.92578125 0.01796875 0.028125
2 0.78125 0.50703125 0.01328125 0.02109375
2 0.14609375 0.14765625 0.01015625 0.01171875
2 0.640625 0.7109375 0.0125 0.01953125
2 0.853125 0.87734375 0.0046875 0.009375
2 0.65 0.60234375 0.021875 0.02734375