2 0.58359375 0.79921875 0.0609375 0.08046875
2 0.1015625 0.63046875 0.06796875 0.11953125
2 0.51328125 0.59921875 0.06640625 0.11875
2 0.4796875 0.42421875 0.13046875 0.22578125
2 0.340625 0.48125 0.05078125 0.04765625
2 0.4109375 0.04609375 0.0828125 0.090625
2 0.5796875 0.39140625 0.021875 0.06328125
2 0.5359375 0.71328125 0.03359375 0.02890625
2 0.85625 0.61015625 0.06875 0.115625
2 0.2078125 0.240625 0.0609375 0.134375
0 0.1171875 0.49921875 0.23359375 0.99609375
2 0.5734375 0.49296875 0.05546875 0.05859375
2 0.68125 0.84921875 0.08046875 0.07890625
2 0.07265625 0.43125 0.1453125 0.325
2 0.321875 0.6390625 0.025 0.03671875
2 0.9875 0.703125 0.025 0.0375
2 0.571875 0.6578125 0.04609375 0.05234375
2 0.35078125 0.77109375 0.08671875 0.13203125
0 0.98984375 0.528125 0.0203125 0.15859375
2 0.60234375 0.696875 0.0296875 0.03125
2 0.93203125 0.50078125 0.0734375 0.1375
2 0.37265625 0.128125 0.02890625 0.03828125
2 0.3546875 0.36171875 0.06484375 0.05390625
2 0.271875 0.825 0.090625 0.19921875
2 0.03671875 0.696875 0.0390625 0.06328125
2 0.3453125 0.07890625 0.028125 0.04765625
4 0.7375 0.4984375 0.525 0.996875
2 0.87109375 0.2015625 0.2578125 0.39453125
0 0.8421875 0.453125 0.11875 0.27890625
2 0.9421875 0.64609375 0.0515625 0.075
2 0.09921875 0.89765625 0.1921875 0.19609375
2 0.6671875 0.20859375 0.10859375 0.14296875
0 0.51875 0.92421875 0.18125 0.14765625
0 0.97890625 0.8640625 0.0421875 0.140625
2 0.28984375 0.69375 0.02734375 0.02421875
2 0.5640625 0.33984375 0.0421875 0.040625
2 0.2640625 0.37734375 0.06171875 0.10234375
2 0.6125 0.07265625 0.07265625 0.115625