2 0.25703125 0.18046875 0.084375 0.23203125
2 0.440625 0.48125 0.04296875 0.02734375
2 0.48125 0.6671875 0.115625 0.05703125
14 0.69296875 0.57734375 0.6140625 0.8046875
2 0.08046875 0.04140625 0.1609375 0.08203125
2 0.17734375 0.434375 0.3546875 0.43515625
2 0.109375 0.775 0.21875 0.3
2 0.36953125 0.09765625 0.15 0.17109375
14 0.6921875 0.49921875 0.309375 0.99609375
2 0.80625 0.64375 0.3609375 0.46796875
2 0.328125 0.03359375 0.10078125 0.06171875
2 0.90234375 0.1296875 0.1953125 0.18125
2 0.3796875 0.62890625 0.06484375 0.09375
14 0.71796875 0.18671875 0.5640625 0.3703125