2 0.24140625 0.96484375 0.09765625 0.06796875
2 0.5375 0.17109375 0.01640625 0.01796875
2 0.6875 0.26171875 0.103125 0.09609375
2 0.02890625 0.71796875 0.04921875 0.05
2 0.0171875 0.37578125 0.034375 0.06328125
2 0.321875 0.71796875 0.06875 0.115625
2 0.7796875 0.778125 0.08671875 0.12890625
2 0.97578125 0.38203125 0.0484375 0.04453125
2 0.1703125 0.23359375 0.04921875 0.05078125
2 0.80234375 0.35390625 0.10078125 0.165625
2 0.740625 0.04375 0.02109375 0.03359375
2 0.58515625 0.04140625 0.0921875 0.08203125
2 0.76015625 0.2203125 0.034375 0.0375
2 0.5140625 0.0109375 0.04453125 0.021875
2 0.1359375 0.48671875 0.06953125 0.05703125
2 0.425 0.09765625 0.0390625 0.05625
2 0.5578125 0.38046875 0.034375 0.05
2 0.6953125 0.44921875 0.03671875 0.04453125
2 0.93359375 0.22421875 0.1328125 0.18515625
2 0.64921875 0.49375 0.0265625 0.03125
2 0.24375 0.32109375 0.021875 0.03515625
2 0.0640625 0.4578125 0.0421875 0.03671875
2 0.434375 0.3046875 0.04765625 0.08984375
2 0.346875 0.59296875 0.11171875 0.09765625
2 0.984375 0.11015625 0.03125 0.09140625
2 0.7484375 0.01171875 0.01796875 0.01796875
2 0.5171875 0.36015625 0.04296875 0.08359375
2 0.65859375 0.0859375 0.0515625 0.06796875
2 0.25 0.56484375 0.0234375 0.03125
2 0.70078125 0.03828125 0.04609375 0.07109375
2 0.84609375 0.46796875 0.0234375 0.03515625
2 0.10859375 0.8859375 0.2171875 0.228125
2 0.1703125 0.08359375 0.11796875 0.165625
2 0.33046875 0.94453125 0.0265625 0.04140625
2 0.80234375 0.17109375 0.01640625 0.02421875
2 0.41953125 0.98125 0.028125 0.03203125
8 0.55390625 0.55859375 0.26953125 0.375
2 0.4828125 0.89765625 0.03203125 0.04609375
2 0.8859375 0.51484375 0.05078125 0.05390625
2 0.0328125 0.06640625 0.06484375 0.13046875
2 0.6421875 0.02578125 0.03359375 0.04921875
2 0.390625 0.83515625 0.10390625 0.15234375
2 0.38125 0.38515625 0.03203125 0.04140625
2 0.4765625 0.79375 0.0578125 0.09296875
2 0.05859375 0.33828125 0.0609375 0.08828125
2 0.97265625 0.63515625 0.0546875 0.14921875
2 0.8828125 0.0625 0.22578125 0.12265625
2 0.3171875 0.13515625 0.0234375 0.05
2 0.61875 0.34609375 0.08984375 0.07890625
2 0.38125 0.215625 0.03515625 0.03984375
2 0.4640625 0.19296875 0.03359375 0.04609375
2 0.4890625 0.640625 0.02421875 0.08984375
2 0.18125 0.7109375 0.0484375 0.05390625
2 0.63828125 0.965625 0.14921875 0.065625
2 0.040625 0.55625 0.08125 0.11875
2 0.6328125 0.55390625 0.05625 0.07421875
2 0.88203125 0.58046875 0.0703125 0.08984375
2 0.16875 0.6015625 0.0203125 0.06015625
2 0.490625 0.04921875 0.0203125 0.02421875
0 0.04296875 0.19375 0.0859375 0.190625
2 0.6171875 0.7734375 0.04609375 0.071875
2 0.7515625 0.4703125 0.053125 0.08046875
3 0.68046875 0.875 0.29609375 0.1125
2 0.325 0.01640625 0.01328125 0.03046875
2 0.9453125 0.54609375 0.0515625 0.046875
2 0.7453125 0.29296875 0.04140625 0.07265625
2 0.715625 0.51015625 0.03046875 0.04140625
2 0.0515625 0.6390625 0.03515625 0.02578125
2 0.1765625 0.28671875 0.028125 0.02578125
2 0.803125 0.51484375 0.059375 0.09140625
2 0.296875 0.4703125 0.03828125 0.04609375
2 0.0984375 0.20390625 0.05546875 0.071875
2 0.6953125 0.34296875 0.0421875 0.059375
2 0.734375 0.640625 0.09453125 0.07734375
2 0.5734375 0.2546875 0.075 0.11953125
2 0.52734375 0.19921875 0.02421875 0.03203125
2 0.8921875 0.85546875 0.215625 0.28359375
2 0.94765625 0.35390625 0.03203125 0.028125
2 0.23125 0.21484375 0.0265625 0.03515625
2 0.61953125 0.1828125 0.03515625 0.040625