2 0.96484375 0.87265625 0.0421875 0.07421875
2 0.509375 0.834375 0.0515625 0.059375
2 0.0640625 0.48671875 0.01640625 0.02421875
10 0.65390625 0.49921875 0.0984375 0.9984375
0 0.4375 0.8453125 0.05625 0.05390625
0 0.94375 0.3515625 0.07265625 0.0875
2 0.471875 0.065625 0.03125 0.040625
2 0.54140625 0.15703125 0.04609375 0.04296875
2 0.590625 0.57890625 0.028125 0.02734375
2 0.1953125 0.47890625 0.028125 0.04296875
2 0.91484375 0.94140625 0.0515625 0.05859375
2 0.5765625 0.49921875 0.021875 0.02578125
0 0.45546875 0.63671875 0.0984375 0.215625
0 0.36640625 0.95625 0.071875 0.08203125
2 0.3375 0.24296875 0.0375 0.0375
2 0.06640625 0.70703125 0.0359375 0.04921875
2 0.015625 0.1296875 0.02421875 0.03125
2 0.325 0.0390625 0.01953125 0.05625
0 0.796875 0.4984375 0.20078125 0.99453125
2 0.371875 0.575 0.04765625 0.040625
0 0.35625 0.109375 0.06484375 0.07421875
2 0.93359375 0.27890625 0.0609375 0.06328125
2 0.08828125 0.46953125 0.02109375 0.03125
2 0.56484375 0.909375 0.0234375 0.05
2 0.309375 0.9 0.03125 0.03671875
2 0.89140625 0.48359375 0.0375 0.046875
2 0.009375 0.31796875 0.01796875 0.03203125
0 0.428125 0.3859375 0.1203125 0.23125
2 0.89296875 0.2171875 0.0359375 0.03359375
2 0.99609375 0.0703125 0.0078125 0.03125
2 0.609375 0.71484375 0.0234375 0.01953125
2 0.1546875 0.4140625 0.03046875 0.04296875
2 0.98046875 0.16875 0.0390625 0.06875
2 0.58671875 0.19296875 0.0203125 0.03125