2 0.40078125 0.87578125 0.08359375 0.103125
2 0.93125 0.03671875 0.13671875 0.06953125
0 0.7140625 0.21796875 0.340625 0.4359375
2 0.1296875 0.115625 0.14296875 0.22578125
2 0.1421875 0.82265625 0.12734375 0.07265625
2 0.61875 0.06328125 0.059375 0.08046875
2 0.0484375 0.88203125 0.03046875 0.05078125
2 0.96015625 0.3703125 0.0578125 0.090625
2 0.96875 0.48203125 0.0625 0.08203125
2 0.7625 0.52578125 0.11328125 0.13984375
2 0.83828125 0.24765625 0.0515625 0.07265625
2 0.12890625 0.95078125 0.04453125 0.0875
2 0.215625 0.5 0.0421875 0.05078125
2 0.8921875 0.56953125 0.071875 0.08671875
2 0.01640625 0.50390625 0.0234375 0.06953125
2 0.678125 0.95234375 0.034375 0.07734375
0 0.06875 0.36640625 0.13671875 0.19921875
2 0.8140625 0.63203125 0.05234375 0.07890625
2 0.02109375 0.9703125 0.0421875 0.05625
2 0.25390625 0.9890625 0.0203125 0.021875
0 0.04453125 0.70859375 0.0890625 0.29140625
2 0.5625 0.97890625 0.0875 0.040625
2 0.44375 0.76171875 0.1140625 0.18671875
2 0.87109375 0.221875 0.01640625 0.03203125
2 0.19453125 0.02734375 0.0515625 0.0546875
2 0.83828125 0.73359375 0.0578125 0.05
2 0.7921875 0.05234375 0.08046875 0.10234375
2 0.3109375 0.875 0.0625 0.1
2 0.67265625 0.8703125 0.03125 0.03671875
2 0.1671875 0.32578125 0.028125 0.04296875
2 0.21875 0.19140625 0.025 0.03984375
2 0.16328125 0.7625 0.084375 0.06328125
2 0.14609375 0.70234375 0.03046875 0.03671875
2 0.8921875 0.66640625 0.0515625 0.07421875
2 0.59375 0.16328125 0.034375 0.05234375
2 0.6921875 0.36484375 0.01796875 0.028125
2 0.38828125 0.65703125 0.06640625 0.078125
2 0.58359375 0.86796875 0.0828125 0.16328125
2 0.08828125 0.8609375 0.0390625 0.05546875
2 0.7625 0.98671875 0.03046875 0.01796875
0 0.890625 0.715625 0.21875 0.56328125
2 0.95625 0.80625 0.08671875 0.16953125
2 0.18515625 0.25390625 0.0390625 0.05625
2 0.903125 0.72265625 0.0375 0.03828125
2 0.76328125 0.784375 0.090625 0.13515625
2 0.39375 0.1625 0.29921875 0.253125
2 0.30546875 0.31796875 0.06640625 0.09140625
2 0.0296875 0.08125 0.059375 0.1625
0 0.94609375 0.9625 0.1078125 0.06875
2 0.6765625 0.28203125 0.0828125 0.06015625
2 0.91875 0.24609375 0.0484375 0.059375
2 0.146875 0.4953125 0.0703125 0.125
2 0.23125 0.94765625 0.04375 0.04296875
2 0.21484375 0.08984375 0.01796875 0.02578125
2 0.496875 0.04140625 0.0875 0.0828125
2 0.58359375 0.35390625 0.0703125 0.134375
8 0.50625 0.590625 0.5359375 0.36953125
2 0.6765625 0.10390625 0.06484375 0.05625
2 0.96171875 0.21953125 0.0765625 0.1578125
2 0.8921875 0.28359375 0.03046875 0.02734375
2 0.184375 0.64375 0.1484375 0.14765625
2 0.33125 0.81015625 0.02265625 0.0375
2 0.5640625 0.24609375 0.03828125 0.059375
2 0.875 0.78046875 0.02421875 0.03125
2 0.221875 0.87890625 0.04921875 0.03203125
2 0.41640625 0.33984375 0.16328125 0.16328125
2 0.453125 0.97265625 0.0171875 0.02421875
2 0.903125 0.1484375 0.028125 0.03125