2 0.5859375 0.21953125 0.0453125 0.05859375
2 0.84375 0.01328125 0.040625 0.02578125
2 0.2359375 0.37265625 0.39609375 0.74140625
2 0.96015625 0.8203125 0.0796875 0.146875
2 0.72421875 0.4859375 0.0921875 0.0875
2 0.959375 0.025 0.08046875 0.04453125
5 0.0296875 0.378125 0.059375 0.221875
2 0.76171875 0.3375 0.06328125 0.11875
2 0.515625 0.7640625 0.10703125 0.065625
2 0.528125 0.9640625 0.36796875 0.06328125
2 0.0296875 0.62890625 0.059375 0.0734375
2 0.4390625 0.19921875 0.02421875 0.09140625
2 0.96328125 0.953125 0.0734375 0.084375
2 0.796875 0.84921875 0.12421875 0.16796875
2 0.7671875 0.16640625 0.06328125 0.08828125
2 0.671875 0.15 0.13125 0.19453125
2 0.66875 0.55546875 0.02109375 0.04296875
2 0.046875 0.20546875 0.0890625 0.11875
5 0.775 0.9625 0.1515625 0.075
5 0.3609375 0.05546875 0.1 0.10703125
2 0.96171875 0.62734375 0.0765625 0.24453125
2 0.4359375 0.0765625 0.053125 0.14765625
2 0.96015625 0.10703125 0.0796875 0.10234375
2 0.56875 0.06875 0.14609375 0.1375
2 0.8609375 0.06171875 0.0359375 0.03046875
2 0.415625 0.31953125 0.11328125 0.14765625
2 0.65234375 0.46796875 0.0265625 0.03828125
2 0.4875 0.08984375 0.05625 0.16953125
5 0.184375 0.86328125 0.1 0.13515625
5 0.046875 0.04453125 0.09375 0.07109375
2 0.565625 0.4015625 0.04765625 0.059375
2 0.75625 0.071875 0.16328125 0.14375
2 0.6 0.54140625 0.028125 0.046875
2 0.653125 0.32578125 0.03203125 0.03671875
2 0.51015625 0.5 0.0125 0.01875
2 0.59609375 0.84765625 0.24921875 0.14453125
2 0.89375 0.3359375 0.2125 0.34921875
2 0.23125 0.71328125 0.10078125 0.12890625
14 0.553125 0.59296875 0.45703125 0.65703125
2 0.89296875 0.08046875 0.028125 0.05625
2 0.6375 0.6640625 0.0421875 0.059375
5 0.8953125 0.2109375 0.10390625 0.15078125
2 0.0078125 0.7703125 0.015625 0.08125
2 0.8765625 0.578125 0.11171875 0.2125
5 0.4578125 0.58046875 0.0453125 0.28359375
2 0.690625 0.36484375 0.0703125 0.11171875
2 0.725 0.63828125 0.14296875 0.171875
5 0.07421875 0.59296875 0.1078125 0.128125
2 0.184375 0.92421875 0.3171875 0.14765625
2 0.5953125 0.61171875 0.028125 0.03828125
2 0.690625 0.28046875 0.06640625 0.06484375
2 0.3640625 0.74296875 0.16796875 0.11171875
2 0.3234375 0.86640625 0.08203125 0.115625
5 0.42890625 0.87734375 0.13203125 0.17578125
2 0.8765625 0.73828125 0.1078125 0.11875
2 0.5796875 0.4703125 0.05546875 0.08828125
5 0.18828125 0.421875 0.12421875 0.196875
2 0.528125 0.32265625 0.09375 0.06796875
2 0.890625 0.91015625 0.05546875 0.175