9 0.6875 0.4609375 0.0375 0.0375
9 0.26796875 0.92578125 0.028125 0.14375
9 0.29453125 0.19453125 0.07265625 0.20546875
9 0.46328125 0.52734375 0.04921875 0.05625
9 0.3296875 0.38828125 0.03046875 0.06484375
9 0.74609375 0.53671875 0.090625 0.08125
2 0.04921875 0.85546875 0.06015625 0.07421875
8 0.2171875 0.590625 0.0796875 0.146875
9 0.74765625 0.91015625 0.08359375 0.12109375
9 0.446875 0.76015625 0.04765625 0.03359375
9 0.4359375 0.34453125 0.05859375 0.09921875
9 0.125 0.85625 0.04140625 0.10234375
9 0.75625 0.23984375 0.246875 0.4796875
2 0.1640625 0.19453125 0.0203125 0.02734375
2 0.3609375 0.421875 0.0390625 0.05390625
9 0.559375 0.43671875 0.12109375 0.059375
9 0.80234375 0.3234375 0.03203125 0.03671875
9 0.4640625 0.6234375 0.1765625 0.040625
9 0.1046875 0.7625 0.0890625 0.06328125
2 0.6734375 0.58125 0.06953125 0.10625
2 0.5484375 0.77578125 0.06796875 0.075
9 0.675 0.0625 0.14140625 0.084375
9 0.5421875 0.95546875 0.1328125 0.07734375
2 0.4140625 0.41640625 0.02734375 0.04140625
2 0.6578125 0.71953125 0.04765625 0.05859375
2 0.55078125 0.50546875 0.0796875 0.075
9 0.18125 0.97890625 0.065625 0.040625
9 0.5703125 0.17265625 0.040625 0.109375
2 0.4234375 0.84296875 0.0875 0.11484375
9 0.9640625 0.81015625 0.071875 0.378125
9 0.3953125 0.57421875 0.290625 0.06171875
9 0.10234375 0.42421875 0.2046875 0.25546875
15 0.909375 0.63203125 0.18125 0.73203125
2 0.6671875 0.9921875 0.01953125 0.015625
9 0.046875 0.71796875 0.0140625 0.04296875
2 0.1 0.66640625 0.0828125 0.08125
2 0.5703125 0.85 0.06328125 0.04140625
9 0.17578125 0.76328125 0.0921875 0.040625