2 0.671875 0.5125 0.0453125 0.05546875
2 0.828125 0.4578125 0.05234375 0.09296875
2 0.9734375 0.69453125 0.053125 0.11875
2 0.68828125 0.67578125 0.07890625 0.121875
2 0.74375 0.921875 0.15 0.14765625
2 0.871875 0.22890625 0.071875 0.11640625
2 0.0453125 0.46796875 0.0734375 0.084375
2 0.50546875 0.19765625 0.0515625 0.07265625
2 0.23046875 0.17890625 0.09609375 0.08828125
2 0.890625 0.69296875 0.07265625 0.08125
2 0.69765625 0.08671875 0.0421875 0.103125
2 0.3 0.10859375 0.04375 0.05625
2 0.225 0.703125 0.0765625 0.08828125
2 0.58515625 0.85078125 0.1140625 0.11875
2 0.72109375 0.25 0.09375 0.228125
2 0.2015625 0.3125 0.0546875 0.05859375
2 0.2828125 0.86015625 0.03828125 0.05078125
2 0.559375 0.71171875 0.07734375 0.07421875
2 0.05859375 0.76171875 0.1171875 0.134375
2 0.9546875 0.23203125 0.0484375 0.11875
2 0.0484375 0.30859375 0.040625 0.065625
2 0.153125 0.63203125 0.07265625 0.09296875
2 0.3640625 0.1625 0.03828125 0.06171875
2 0.05625 0.9484375 0.096875 0.0875
2 0.98203125 0.86796875 0.0359375 0.1796875
2 0.72265625 0.58359375 0.0609375 0.07265625
4 0.25859375 0.4359375 0.5171875 0.86953125