2 0.02109375 0.26015625 0.0125 0.01953125
2 0.23359375 0.80703125 0.0546875 0.02421875
2 0.225 0.9140625 0.034375 0.02734375
2 0.9296875 0.93046875 0.01875 0.02890625
2 0.5515625 0.13984375 0.0109375 0.01640625
2 0.14765625 0.759375 0.02265625 0.02421875
2 0.246875 0.1890625 0.015625 0.01796875
2 0.190625 0.42109375 0.01484375 0.03515625
2 0.64140625 0.34453125 0.01953125 0.02734375
2 0.3 0.5734375 0.01640625 0.02109375
9 0.4296875 0.95390625 0.0984375 0.08359375
2 0.4421875 0.05625 0.02265625 0.05078125
2 0.8390625 0.21875 0.01484375 0.01640625
2 0.65078125 0.4421875 0.01328125 0.01953125
2 0.05625 0.63515625 0.1125 0.1046875
2 0.34140625 0.33828125 0.053125 0.06796875
2 0.6984375 0.51171875 0.0234375 0.03125
9 0.92578125 0.66875 0.05546875 0.05
2 0.2890625 0.60390625 0.0171875 0.02734375
2 0.04140625 0.2296875 0.0359375 0.040625
2 0.95546875 0.64453125 0.02421875 0.02578125
2 0.06640625 0.2546875 0.01875 0.02421875
2 0.203125 0.965625 0.02734375 0.06328125
2 0.1859375 0.61875 0.01640625 0.034375
2 0.9671875 0.61953125 0.0203125 0.02578125
2 0.7109375 0.059375 0.05234375 0.06640625
2 0.99453125 0.34296875 0.0109375 0.02421875
2 0.10625 0.83125 0.02265625 0.03359375
2 0.11328125 0.29609375 0.04921875 0.03359375
2 0.63125 0.86171875 0.01875 0.02109375
2 0.053125 0.159375 0.028125 0.02265625
2 0.3265625 0.25234375 0.0421875 0.06484375
2 0.51796875 0.43203125 0.01953125 0.028125
2 0.6625 0.01171875 0.025 0.0234375
2 0.9125 0.6328125 0.0140625 0.02109375
9 0.7640625 0.41015625 0.034375 0.03359375
2 0.03046875 0.32109375 0.025 0.02421875
2 0.1625 0.28203125 0.021875 0.028125
2 0.4546875 0.49453125 0.01796875 0.0375
2 0.590625 0.0734375 0.009375 0.01328125
2 0.53671875 0.02734375 0.02578125 0.021875
2 0.0296875 0.13203125 0.02109375 0.04140625
2 0.53203125 0.34453125 0.0203125 0.02265625
2 0.0046875 0.4140625 0.009375 0.01875
2 0.1671875 0.2046875 0.01796875 0.01640625
2 0.51875 0.17734375 0.02578125 0.03984375
0 0.946875 0.53359375 0.07578125 0.10234375
9 0.48515625 0.509375 0.0296875 0.0125
2 0.73203125 0.93828125 0.01328125 0.01796875
2 0.965625 0.42890625 0.0234375 0.02734375
2 0.525 0.6140625 0.01484375 0.03203125
2 0.0125 0.71015625 0.025 0.03828125
2 0.909375 0.96796875 0.0390625 0.040625
2 0.58203125 0.26328125 0.0453125 0.06484375
2 0.91015625 0.31953125 0.01484375 0.01953125
2 0.83125 0.96328125 0.0125 0.02578125
9 0.0421875 0.9671875 0.0625 0.04140625
2 0.3375 0.825 0.03984375 0.03046875
9 0.378125 0.92265625 0.0546875 0.03671875
2 0.05625 0.28203125 0.0109375 0.01796875
2 0.12421875 0.984375 0.01171875 0.01796875
2 0.1578125 0.17734375 0.00703125 0.01484375
2 0.60078125 0.79296875 0.021875 0.0375
2 0.2 0.45703125 0.028125 0.040625
2 0.5421875 0.76484375 0.05078125 0.05390625
2 0.1875 0.79296875 0.02109375 0.02421875
2 0.109375 0.99296875 0.0140625 0.01328125
2 0.265625 0.39765625 0.01484375 0.03359375
2 0.46953125 0.78515625 0.0109375 0.02109375
2 0.65078125 0.48125 0.01171875 0.01796875
9 0.6875 0.43515625 0.05625 0.059375
2 0.8140625 0.1484375 0.0171875 0.01953125
2 0.5171875 0.303125 0.0390625 0.028125
2 0.303125 0.38828125 0.05 0.053125
2 0.2578125 0.48046875 0.0203125 0.05546875
2 0.1015625 0.55234375 0.03359375 0.03671875
2 0.128125 0.19296875 0.0203125 0.01796875
2 0.378125 0.1296875 0.02578125 0.03828125
2 0.95 0.14140625 0.009375 0.01484375
9 0.2375 0.35390625 0.47421875 0.44296875
2 0.43125 0.4125 0.04609375 0.04765625
9 0.5734375 0.14921875 0.28671875 0.29765625
2 0.55 0.53828125 0.02109375 0.06171875
2 0.7296875 0.33515625 0.0375 0.06171875
2 0.08203125 0.9546875 0.0203125 0.02265625
2 0.03046875 0.39921875 0.01796875 0.01875
2 0.4828125 0.81171875 0.0140625 0.025
2 0.078125 0.34765625 0.03203125 0.0375
2 0.44296875 0.62734375 0.025 0.03984375
2 0.059375 0.34140625 0.01484375 0.02265625
2 0.5421875 0.64296875 0.02109375 0.025
2 0.66953125 0.76484375 0.01875 0.01953125
2 0.2046875 0.2078125 0.05078125 0.11640625
2 0.46875 0.1421875 0.0140625 0.01953125
2 0.6203125 0.67265625 0.01640625 0.01484375
2 0.0046875 0.9109375 0.009375 0.015625
2 0.61640625 0.38828125 0.028125 0.02421875
2 0.79375 0.18515625 0.025 0.03125
2 0.3703125 0.26328125 0.04140625 0.065625
2 0.77421875 0.35234375 0.0421875 0.046875
2 0.971875 0.98515625 0.0328125 0.025
2 0.4765625 0.44140625 0.01953125 0.03671875
2 0.290625 0.76015625 0.01484375 0.015625
2 0.8734375 0.81328125 0.0140625 0.021875
2 0.20625 0.33359375 0.01875 0.02890625
2 0.97578125 0.73359375 0.015625 0.00859375
2 0.05 0.40703125 0.0140625 0.021875
2 0.16171875 0.0265625 0.02578125 0.02890625
2 0.52578125 0.94765625 0.01484375 0.02265625
2 0.3609375 0.0703125 0.01953125 0.03515625
2 0.48046875 0.94609375 0.0171875 0.02421875
2 0.846875 0.74921875 0.02265625 0.03203125
14 0.7984375 0.37421875 0.16015625 0.25078125
2 0.8609375 0.61328125 0.02421875 0.03046875
2 0.4265625 0.0953125 0.01015625 0.01875
2 0.2859375 0.8625 0.06953125 0.05390625
2 0.30625 0.78203125 0.01640625 0.02578125
2 0.4078125 0.0125 0.0203125 0.02421875
2 0.9765625 0.87734375 0.04609375 0.028125
2 0.3046875 0.90703125 0.01328125 0.02109375
2 0.23125 0.47734375 0.01953125 0.04375
2 0.50390625 0.86328125 0.0171875 0.01796875
2 0.675 0.12578125 0.01953125 0.034375
2 0.534375 0.98671875 0.01015625 0.01953125
2 0.80859375 0.84296875 0.01640625 0.02265625
9 0.8765625 0.6265625 0.090625 0.19609375
2 0.090625 0.39453125 0.01328125 0.01953125
2 0.77890625 0.06484375 0.053125 0.08984375
2 0.15625 0.38046875 0.02890625 0.028125
2 0.1609375 0.34375 0.01953125 0.02421875
2 0.04765625 0.0390625 0.0171875 0.021875
2 0.92890625 0.87890625 0.0171875 0.02578125
9 0.928125 0.2640625 0.0625 0.11484375
2 0.709375 0.69921875 0.02421875 0.02578125
2 0.96875 0.8203125 0.0265625 0.04453125
2 0.72734375 0.11171875 0.03515625 0.03828125
2 0.3203125 0.45078125 0.05859375 0.05
2 0.4890625 0.73515625 0.04765625 0.0375
2 0.05 0.74765625 0.0234375 0.02734375
2 0.13515625 0.23046875 0.0265625 0.03671875
2 0.45390625 0.87734375 0.021875 0.03046875
2 0.50078125 0.659375 0.0140625 0.0375
2 0.159375 0.56171875 0.0421875 0.07265625
2 0.73984375 0.540625 0.025 0.025
9 0.7109375 0.96171875 0.0171875 0.046875
2 0.9703125 0.04921875 0.02109375 0.03125
2 0.88046875 0.05390625 0.04296875 0.06171875
2 0.28359375 0.25078125 0.01796875 0.01875
2 0.8578125 0.83125 0.0125 0.01953125
2 0.4125 0.18359375 0.03515625 0.05859375
9 0.484375 0.8734375 0.1171875 0.11875
2 0.9546875 0.40390625 0.02109375 0.01796875
2 0.4953125 0.44765625 0.015625 0.02421875
2 0.290625 0.13046875 0.03828125 0.05
2 0.77421875 0.765625 0.01328125 0.015625
2 0.8390625 0.09765625 0.0578125 0.07421875
2 0.1625 0.46796875 0.0171875 0.02109375
2 0.121875 0.6859375 0.02265625 0.03359375
2 0.13359375 0.51484375 0.0375 0.02734375
2 0.2453125 0.62265625 0.021875 0.02265625
2 0.359375 0.49453125 0.0234375 0.05234375
2 0.40390625 0.06796875 0.01640625 0.03046875
2 0.61796875 0.50234375 0.040625 0.07421875
2 0.0109375 0.08359375 0.015625 0.021875
2 0.4234375 0.76484375 0.025 0.021875
2 0.48046875 0.2484375 0.04765625 0.075
2 0.5671875 0.43359375 0.01875 0.034375
2 0.1703125 0.1625 0.01171875 0.01015625
2 0.9328125 0.41640625 0.015625 0.02734375
2 0.3859375 0.4328125 0.0234375 0.028125
2 0.04375 0.38359375 0.0125 0.02265625
2 0.55703125 0.93515625 0.01015625 0.015625
2 0.18671875 0.29296875 0.01796875 0.01953125
2 0.2796875 0.08515625 0.01640625 0.025
2 0.83984375 0.98671875 0.0203125 0.01796875
2 0.9203125 0.82421875 0.0171875 0.02265625
2 0.4484375 0.76953125 0.01953125 0.02265625
2 0.89375 0.865625 0.021875 0.025
2 0.7 0.671875 0.01015625 0.01640625
2 0.88125 0.00703125 0.01015625 0.01328125
2 0.1609375 0.9375 0.02265625 0.03671875
2 0.74375 0.48359375 0.0234375 0.04140625
2 0.43359375 0.2953125 0.02421875 0.02578125
2 0.7796875 0.93671875 0.01328125 0.02421875
0 0.878125 0.475 0.03203125 0.09609375
2 0.8578125 0.89453125 0.02265625 0.02265625
9 0.421875 0.12734375 0.0296875 0.02734375
2 0.703125 0.1640625 0.06171875 0.06171875
2 0.8546875 0.590625 0.01171875 0.01171875
2 0.97421875 0.9421875 0.0515625 0.065625
2 0.1625 0.89921875 0.06171875 0.04921875
2 0.6859375 0.79609375 0.0390625 0.03203125
2 0.7296875 0.64375 0.0171875 0.02109375
2 0.58203125 0.64375 0.01171875 0.025
2 0.01875 0.50703125 0.02734375 0.04453125
2 0.6703125 0.54609375 0.01640625 0.034375
0 0.8046875 0.43203125 0.0765625 0.03359375
2 0.8078125 0.578125 0.02265625 0.03359375
9 0.97734375 0.4625 0.0453125 0.06796875
9 0.49921875 0.98671875 0.0375 0.02578125