0 0.0296875 0.9046875 0.02265625 0.0375
2 0.95625 0.28984375 0.021875 0.01640625
2 0.33671875 0.83046875 0.0203125 0.03359375
2 0.7875 0.73046875 0.01328125 0.02265625
2 0.21015625 0.15546875 0.01875 0.01953125
3 0.5625 0.3890625 0.13203125 0.140625
2 0.171875 0.21484375 0.01484375 0.009375
2 0.121875 0.55078125 0.0109375 0.01953125
2 0.975 0.95234375 0.01328125 0.02109375
2 0.16328125 0.43046875 0.0109375 0.00859375
2 0.865625 0.97890625 0.01875 0.01796875
2 0.6640625 0.80390625 0.05234375 0.08828125
2 0.76640625 0.50546875 0.0078125 0.01953125
2 0.865625 0.55234375 0.0234375 0.040625
2 0.421875 0.40078125 0.05234375 0.04609375
2 0.0984375 0.7125 0.02109375 0.04609375
2 0.440625 0.1703125 0.02578125 0.01953125
2 0.253125 0.09296875 0.0109375 0.01640625
2 0.42578125 0.19765625 0.01484375 0.02734375
2 0.346875 0.93515625 0.03359375 0.03671875
2 0.84375 0.31484375 0.04140625 0.02734375
2 0.9328125 0.68359375 0.01328125 0.015625
2 0.73828125 0.99375 0.0265625 0.0125
2 0.3890625 0.61328125 0.03125 0.03125
2 0.171875 0.04296875 0.0125 0.01640625
0 0.3296875 0.590625 0.04609375 0.07109375
2 0.9375 0.98828125 0.0109375 0.01640625
2 0.784375 0.69453125 0.0265625 0.04140625
2 0.61875 0.67890625 0.028125 0.040625
0 0.91875 0.01171875 0.053125 0.0234375
2 0.7015625 0.66796875 0.03125 0.03203125
2 0.3015625 0.3171875 0.0140625 0.03046875
0 0.7625 0.009375 0.03359375 0.01875
2 0.53125 0.64765625 0.01640625 0.03203125
2 0.396875 0.5109375 0.01328125 0.02265625
2 0.9859375 0.45390625 0.01328125 0.02109375
2 0.35625 0.65078125 0.0265625 0.03515625
2 0.99453125 0.49921875 0.0109375 0.0109375
2 0.12265625 0.23046875 0.01953125 0.01484375
2 0.2453125 0.765625 0.02421875 0.03125
2 0.1125 0.109375 0.03359375 0.04140625
2 0.88125 0.23046875 0.0125 0.01484375
2 0.7953125 0.93515625 0.04296875 0.07421875
2 0.596875 0.39453125 0.01875 0.01484375
2 0.9953125 0.06015625 0.009375 0.02890625
2 0.6484375 0.33828125 0.0375 0.0375
2 0.19453125 0.45859375 0.01328125 0.01171875
2 0.3875 0.77578125 0.03203125 0.03203125
2 0.7640625 0.33046875 0.059375 0.04609375
2 0.7828125 0.034375 0.0140625 0.03125
2 0.6234375 0.5203125 0.06953125 0.06953125
2 0.9953125 0.26875 0.00703125 0.01015625
2 0.7578125 0.56953125 0.01171875 0.01328125
2 0.425 0.9484375 0.0203125 0.01953125
2 0.115625 0.00625 0.0125 0.0125
0 0.5828125 0.15234375 0.0453125 0.06328125
2 0.640625 0.41875 0.01640625 0.03125
2 0.575 0.7921875 0.01640625 0.03125
2 0.58125 0.92109375 0.02890625 0.02578125
2 0.75 0.08359375 0.0234375 0.0375
2 0.44453125 0.578125 0.0484375 0.05078125
2 0.275 0.42578125 0.0234375 0.03125
3 0.453125 0.17421875 0.07578125 0.12421875
2 0.165625 0.134375 0.01640625 0.01875
2 0.1984375 0.26171875 0.01171875 0.021875
2 0.1375 0.046875 0.01953125 0.0375
2 0.4546875 0.79609375 0.0390625 0.05234375
2 0.13046875 0.07421875 0.0125 0.009375
2 0.753125 0.434375 0.0109375 0.0125
2 0.3125 0.38828125 0.03515625 0.04765625
2 0.29296875 0.0640625 0.0109375 0.01953125
2 0.7375 0.44375 0.0078125 0.01171875
2 0.5828125 0.20859375 0.028125 0.046875
2 0.19609375 0.86640625 0.0109375 0.01171875
2 0.6703125 0.5265625 0.01953125 0.02734375
2 0.14296875 0.990625 0.0125 0.01875
2 0.209375 0.52109375 0.04140625 0.08203125
2 0.740625 0.04140625 0.02265625 0.02734375
2 0.9953125 0.871875 0.009375 0.01640625
2 0.784375 0.09765625 0.025 0.02890625
2 0.028125 0.9765625 0.05546875 0.046875
2 0.9375 0.6328125 0.0359375 0.04296875
2 0.8109375 0.97734375 0.04609375 0.04296875
3 0.4078125 0.13359375 0.22109375 0.21640625
0 0.246875 0.63671875 0.01484375 0.021875
2 0.4875 0.77890625 0.01328125 0.01953125
2 0.33046875 0.95546875 0.02421875 0.03203125
2 0.54296875 0.60625 0.01484375 0.0125
2 0.15703125 0.4765625 0.040625 0.02578125
2 0.86953125 0.47734375 0.01328125 0.02421875
2 0.4796875 0.43828125 0.040625 0.09609375
2 0.62109375 0.78359375 0.03203125 0.05390625
2 0.165625 0.86640625 0.02265625 0.02265625
2 0.0125 0.21484375 0.015625 0.021875
2 0.83125 0.59453125 0.034375 0.05078125
2 0.2375 0.58515625 0.04140625 0.04453125
0 0.6203125 0.934375 0.0375 0.04296875
2 0.5703125 0.46796875 0.01484375 0.02890625
2 0.09375 0.98359375 0.01640625 0.02265625
0 0.421875 0.05546875 0.2078125 0.11015625
2 0.93359375 0.765625 0.0203125 0.03359375
2 0.71875 0.0171875 0.02734375 0.03203125
2 0.00625 0.284375 0.0125 0.03125
2 0.04765625 0.3390625 0.0140625 0.02265625
2 0.4296875 0.66015625 0.04453125 0.07890625
2 0.803125 0.59140625 0.0171875 0.01796875
2 0.3 0.7171875 0.02734375 0.06328125
0 0.26953125 0.47265625 0.02734375 0.06171875
2 0.21796875 0.65703125 0.01328125 0.01484375
0 0.3265625 0.34296875 0.03203125 0.04140625
2 0.8140625 0.7421875 0.01953125 0.02890625
2 0.88984375 0.93046875 0.01796875 0.01640625
2 0.0984375 0.62421875 0.03671875 0.04453125
2 0.96875 0.88203125 0.04296875 0.06171875
2 0.64140625 0.61484375 0.04609375 0.025
2 0.9234375 0.56484375 0.0265625 0.04609375
2 0.98984375 0.39375 0.0203125 0.034375
2 0.78828125 0.1328125 0.028125 0.04296875
2 0.23515625 0.40859375 0.0125 0.01640625
2 0.5203125 0.94453125 0.01875 0.02109375
2 0.165625 0.91953125 0.01484375 0.01875
0 0.453125 0.53671875 0.01484375 0.03203125
2 0.83125 0.20078125 0.0234375 0.02265625
2 0.234375 0.9171875 0.025 0.02265625
2 0.84453125 0.525 0.0109375 0.01640625
2 0.221875 0.18515625 0.01640625 0.025
2 0.996875 0.34609375 0.00546875 0.01328125
2 0.2171875 0.803125 0.01640625 0.03359375
2 0.0515625 0.26796875 0.03359375 0.03125
0 0.5421875 0.4453125 0.01875 0.02265625
2 0.0640625 0.1890625 0.03203125 0.05234375
2 0.5390625 0.74765625 0.03515625 0.06171875
2 0.23515625 0.2703125 0.0140625 0.028125
0 0.109375 0.51953125 0.05546875 0.046875
0 0.26875 0.34453125 0.03203125 0.05625
2 0.175 0.50234375 0.01953125 0.02578125
0 0.7703125 0.27109375 0.0171875 0.03046875
2 0.1734375 0.79765625 0.025 0.04140625
2 0.59375 0.97890625 0.03046875 0.03203125
2 0.7046875 0.90625 0.01953125 0.02578125
2 0.0859375 0.04765625 0.02890625 0.046875
2 0.8953125 0.4890625 0.025 0.03515625
2 0.596875 0.60234375 0.0625 0.08828125
2 0.0125 0.01328125 0.025 0.02578125
2 0.2859375 0.27265625 0.03203125 0.03203125
0 0.36640625 0.34765625 0.04375 0.071875
2 0.8015625 0.45703125 0.021875 0.0375
0 0.4375 0.346875 0.1 0.07265625
2 0.265625 0.64921875 0.025 0.01953125
2 0.6671875 0.390625 0.01796875 0.02578125
2 0.684375 0.00703125 0.0375 0.0140625
2 0.08671875 0.08671875 0.0265625 0.02265625
2 0.67265625 0.19921875 0.0203125 0.028125
2 0.9015625 0.6546875 0.01640625 0.01484375
2 0.12109375 0.825 0.0125 0.03203125
2 0.225 0.04609375 0.0515625 0.04609375
2 0.628125 0.84453125 0.0171875 0.03203125
2 0.9328125 0.42421875 0.0109375 0.02109375
2 0.8125 0.41484375 0.0203125 0.02265625
2 0.896875 0.178125 0.01796875 0.028125
0 0.346875 0.3953125 0.015625 0.015625
2 0.615625 0.31328125 0.01484375 0.01953125
2 0.74140625 0.63828125 0.0234375 0.028125
2 0.8953125 0.24921875 0.01640625 0.01796875
2 0.48125 0.96328125 0.02421875 0.03828125
2 0.06875 0.33671875 0.0265625 0.03125
2 0.5125 0.39453125 0.04921875 0.05234375
2 0.10625 0.66953125 0.0203125 0.03046875
0 0.80234375 0.36171875 0.02421875 0.02734375
2 0.8109375 0.29609375 0.0296875 0.040625
2 0.8109375 0.78515625 0.00625 0.0125
2 0.7875 0.7953125 0.02109375 0.01875
2 0.84140625 0.14296875 0.0125 0.015625
2 0.25 0.70859375 0.05078125 0.04609375
2 0.68125 0.6484375 0.021875 0.028125
2 0.1875 0.15234375 0.015625 0.02265625
2 0.06171875 0.9921875 0.0171875 0.015625
2 0.9296875 0.6 0.01015625 0.02578125
2 0.08984375 0.14453125 0.0265625 0.02265625
2 0.078125 0.95859375 0.01640625 0.04609375
0 0.6078125 0.04921875 0.071875 0.09765625
2 0.190625 0.84453125 0.015625 0.01796875
2 0.546875 0.21796875 0.02109375 0.059375
2 0.46875 0.68203125 0.01953125 0.046875
2 0.978125 0.02109375 0.0203125 0.02578125
2 0.2390625 0.515625 0.02109375 0.05859375
0 0.284375 0.01171875 0.01171875 0.015625
2 0.503125 0.85078125 0.02890625 0.040625
2 0.5140625 0.97265625 0.02890625 0.02421875
0 0.87578125 0.00859375 0.0234375 0.0171875
0 0.2328125 0.4609375 0.021875 0.03046875
0 0.80625 0.24140625 0.01484375 0.01953125
2 0.09375 0.23984375 0.01875 0.03125
2 0.78984375 0.1828125 0.059375 0.08828125
2 0.60625 0.89453125 0.0203125 0.04140625
0 0.06640625 0.70078125 0.04453125 0.06328125
2 0.31328125 0.77265625 0.0125 0.02109375
0 0.5921875 0.34453125 0.071875 0.04921875
2 0.1625 0.834375 0.01640625 0.021875
2 0.41875 0.54453125 0.0171875 0.01484375
2 0.11640625 0.6421875 0.01484375 0.01640625
2 0.1796875 0.8828125 0.01328125 0.01875
2 0.834375 0.17109375 0.0109375 0.01484375
2 0.28125 0.39453125 0.02734375 0.02421875
2 0.99375 0.9921875 0.01171875 0.015625
2 0.9703125 0.10390625 0.0140625 0.01953125
2 0.5453125 0.30390625 0.02109375 0.03671875
2 0.5375 0.52109375 0.071875 0.11015625
2 0.1453125 0.62578125 0.02109375 0.02265625
2 0.9578125 0.35859375 0.05234375 0.04921875
2 0.7515625 0.1390625 0.03203125 0.06328125
2 0.08984375 0.39609375 0.04609375 0.06328125
2 0.32109375 0.26015625 0.03125 0.03125
2 0.1671875 0.25234375 0.0203125 0.02578125
2 0.65234375 0.69765625 0.015625 0.01953125
2 0.87734375 0.78203125 0.01484375 0.01953125
2 0.6546875 0.21953125 0.0375 0.08046875
0 0.06484375 0.45859375 0.1296875 0.290625
2 0.946875 0.08359375 0.03046875 0.02890625
2 0.97421875 0.42109375 0.0203125 0.01328125
2 0.17734375 0.54375 0.0421875 0.04140625
2 0.834375 0.478125 0.01640625 0.02734375
2 0.26953125 0.115625 0.009375 0.01796875
2 0.390625 0.56328125 0.0171875 0.01953125
0 0.1390625 0.58984375 0.03828125 0.03515625
2 0.9546875 0.9953125 0.01015625 0.009375
0 0.0125 0.78359375 0.02421875 0.04609375
2 0.59140625 0.82421875 0.03359375 0.05234375
2 0.46171875 0.92421875 0.02421875 0.05
0 0.2078125 0.62265625 0.03203125 0.03671875
2 0.26640625 0.53828125 0.02734375 0.03828125
3 0.5171875 0.27578125 0.40859375 0.12421875
0 0.4984375 0.5765625 0.03046875 0.03203125
0 0.3265625 0.4515625 0.06953125 0.05390625
2 0.91015625 0.634375 0.0140625 0.02890625
0 0.628125 0.1859375 0.03046875 0.07734375
2 0.42890625 0.50078125 0.0375 0.040625
2 0.3265625 0.6921875 0.01640625 0.03046875
0 0.03125 0.8421875 0.06171875 0.071875
2 0.81484375 0.86640625 0.0171875 0.03125
2 0.21484375 0.3984375 0.0203125 0.03359375
2 0.32265625 0.15703125 0.01796875 0.02578125
2 0.9953125 0.1796875 0.009375 0.028125
2 0.4984375 0.715625 0.02421875 0.05546875
3 0.74140625 0.9078125 0.0859375 0.18125
0 0.021875 0.73828125 0.04375 0.0890625
2 0.1375 0.7203125 0.05625 0.03046875
2 0.2234375 0.7421875 0.01484375 0.01171875
2 0.0640625 0.78671875 0.021875 0.03203125
2 0.303125 0.540625 0.02734375 0.06953125
2 0.96015625 0.9765625 0.025 0.01796875
2 0.34375 0.88203125 0.02734375 0.0375
2 0.934375 0.8828125 0.0203125 0.01953125
2 0.6875 0.08984375 0.09375 0.11171875
2 0.9203125 0.07890625 0.01875 0.03359375
2 0.3546875 0.8046875 0.015625 0.01953125
2 0.18046875 0.74140625 0.028125 0.01953125
0 0.828125 0.0125 0.03671875 0.02265625
2 0.34609375 0.7609375 0.025 0.02734375
2 0.21875 0.67734375 0.01484375 0.03203125
2 0.91875 0.32890625 0.0390625 0.05
2 0.9234375 0.85234375 0.0171875 0.02421875
2 0.67890625 0.96875 0.0125 0.01328125
2 0.98125 0.29609375 0.01875 0.02734375
2 0.68125 0.16640625 0.028125 0.02890625
14 0.403125 0.43828125 0.05546875 0.06796875
2 0.378125 0.175 0.0125 0.01796875
2 0.02265625 0.61796875 0.0453125 0.11484375
2 0.1640625 0.67734375 0.04765625 0.04609375
2 0.44921875 0.97578125 0.02734375 0.04296875
2 0.540625 0.67578125 0.02421875 0.03671875
0 0.4796875 0.51484375 0.02734375 0.05625
2 0.775 0.38671875 0.0171875 0.01875
2 0.909375 0.26953125 0.0109375 0.015625
2 0.7 0.36328125 0.02109375 0.03984375
2 0.0921875 0.8984375 0.08671875 0.07421875
2 0.7109375 0.80546875 0.0453125 0.06875
2 0.50703125 0.46796875 0.0203125 0.046875
2 0.671875 0.928125 0.009375 0.01953125
2 0.4453125 0.45859375 0.0265625 0.03203125
2 0.8921875 0.5546875 0.04140625 0.07890625
3 0.5453125 0.07578125 0.04296875 0.14921875
2 0.95625 0.23671875 0.02265625 0.07109375
2 0.2859375 0.115625 0.01484375 0.02734375
2 0.44375 0.73203125 0.03359375 0.05546875
2 0.70625 0.62109375 0.01875 0.01953125
2 0.75234375 0.46484375 0.02109375 0.03359375
2 0.73984375 0.20390625 0.0484375 0.040625
0 0.27578125 0.58984375 0.03359375 0.028125
2 0.5546875 0.9140625 0.01953125 0.021875
2 0.096875 0.7625 0.040625 0.02578125
2 0.871875 0.0875 0.08203125 0.05390625
2 0.1859375 0.3421875 0.07890625 0.09296875
2 0.05703125 0.221875 0.021875 0.021875
2 0.35625 0.53828125 0.0578125 0.07890625
2 0.40703125 0.9921875 0.0171875 0.015625
2 0.8734375 0.26875 0.03203125 0.04765625
2 0.98984375 0.43515625 0.0203125 0.0171875
2 0.08671875 0.828125 0.03203125 0.08125
2 0.88125 0.30078125 0.01484375 0.02578125
2 0.28125 0.8140625 0.0328125 0.03046875
2 0.6484375 0.56875 0.01015625 0.01328125
2 0.415625 0.78671875 0.02890625 0.03359375
2 0.72734375 0.39765625 0.0296875 0.06015625
2 0.640625 0.97734375 0.03125 0.04140625
2 0.54375 0.86171875 0.05078125 0.06796875
2 0.72890625 0.4609375 0.01328125 0.01875
2 0.38515625 0.89453125 0.0359375 0.065625
2 0.190625 0.21953125 0.0203125 0.01640625
2 0.046875 0.94609375 0.0265625 0.040625