2 0.93046875 0.3078125 0.01640625 0.03203125
2 0.4890625 0.403125 0.47109375 0.675
2 0.83671875 0.16328125 0.2296875 0.3265625
2 0.8046875 0.82421875 0.15859375 0.346875
2 0.875 0.35859375 0.06328125 0.165625
2 0.025 0.59375 0.05 0.446875
2 0.1515625 0.55859375 0.2359375 0.33984375
8 0.6171875 0.57109375 0.11796875 0.171875
0 0.03828125 0.17578125 0.0765625 0.35
2 0.9734375 0.65 0.053125 0.184375
2 0.96171875 0.1296875 0.0765625 0.25625
2 0.93359375 0.35078125 0.0203125 0.02734375
2 0.9109375 0.52109375 0.08046875 0.11015625
2 0.8375 0.62265625 0.09765625 0.16640625
2 0.4796875 0.85625 0.07890625 0.16640625
2 0.665625 0.90703125 0.1359375 0.17578125
2 0.7171875 0.37265625 0.14765625 0.26328125
2 0.9390625 0.81484375 0.12109375 0.14453125
0 0.1453125 0.09453125 0.15625 0.1890625
2 0.5765625 0.03984375 0.26640625 0.07734375
2 0.7390625 0.6203125 0.059375 0.071875
2 0.2484375 0.84375 0.496875 0.303125
2 0.96953125 0.31953125 0.03046875 0.03828125
2 0.196875 0.27734375 0.03125 0.046875
2 0.59375 0.6953125 0.1078125 0.19453125
2 0.93203125 0.93359375 0.11171875 0.09140625
2 0.559375 0.909375 0.08671875 0.17890625
2 0.35703125 0.06484375 0.1328125 0.128125
2 0.3125 0.1671875 0.20390625 0.334375
2 0.11875 0.37890625 0.128125 0.28203125
5 0.953125 0.40078125 0.0171875 0.08828125
2 0.828125 0.48984375 0.0703125 0.07421875
2 0.90625 0.6875 0.034375 0.0875