2 0.7359375 0.70859375 0.028125 0.04765625
2 0.8125 0.48671875 0.0984375 0.11484375
2 0.85 0.81875 0.18359375 0.35546875
2 0.565625 0.66875 0.06953125 0.05234375
2 0.63125 0.57265625 0.0765625 0.09140625
2 0.78359375 0.54921875 0.02734375 0.05546875
2 0.85625 0.55859375 0.065625 0.08984375
2 0.115625 0.9328125 0.23046875 0.134375
2 0.9578125 0.85 0.084375 0.128125
2 0.6265625 0.46484375 0.10703125 0.09140625
2 0.3109375 0.0390625 0.18359375 0.06484375
2 0.6609375 0.02734375 0.08046875 0.05
2 0.609375 0.9234375 0.05546875 0.14765625
8 0.2984375 0.4984375 0.5109375 0.85703125
2 0.096875 0.3375 0.19375 0.6625
2 0.9703125 0.68359375 0.059375 0.06328125
2 0.83515625 0.215625 0.24296875 0.42578125
2 0.609375 0.81328125 0.06484375 0.06484375
2 0.6078125 0.22265625 0.18671875 0.24453125
2 0.95859375 0.31875 0.0828125 0.228125
2 0.7203125 0.80234375 0.15546875 0.14765625