2 0.56484375 0.03515625 0.0515625 0.0703125
2 0.778125 0.9234375 0.03515625 0.06796875
2 0.9171875 0.04453125 0.04296875 0.07734375
2 0.5953125 0.53671875 0.0546875 0.10234375
2 0.96875 0.10859375 0.06171875 0.215625
2 0.5125 0.9265625 0.103125 0.13515625
2 0.6625 0.98671875 0.04921875 0.02578125
2 0.09765625 0.74765625 0.0421875 0.06484375
2 0.76796875 0.971875 0.0125 0.02734375
2 0.66328125 0.13359375 0.1171875 0.103125
2 0.89375 0.9125 0.07578125 0.08359375
2 0.709375 0.71328125 0.08984375 0.23515625
2 0.640625 0.6859375 0.0890625 0.07109375
2 0.44375 0.16640625 0.01171875 0.046875
2 0.72265625 0.19921875 0.07890625 0.103125
2 0.734375 0.08828125 0.03671875 0.04296875
2 0.971875 0.63203125 0.040625 0.03125
2 0.80859375 0.02109375 0.0765625 0.0421875
2 0.9875 0.72421875 0.025 0.06953125
2 0.378125 0.11171875 0.10390625 0.1
2 0.93125 0.45859375 0.13671875 0.15859375
2 0.390625 0.98046875 0.0265625 0.03671875
2 0.16953125 0.87578125 0.16953125 0.240625
2 0.7375 0.92421875 0.025 0.028125
2 0.034375 0.84453125 0.06875 0.12109375
2 0.6828125 0.85859375 0.090625 0.08984375
2 0.0234375 0.9734375 0.046875 0.053125
2 0.78984375 0.575 0.05546875 0.12890625
2 0.50390625 0.2609375 0.05625 0.06171875
2 0.84140625 0.29453125 0.01953125 0.03046875
2 0.7203125 0.97734375 0.0359375 0.03828125
2 0.45859375 0.03828125 0.0546875 0.0765625
2 0.2953125 0.94296875 0.09140625 0.10625
2 0.8796875 0.65390625 0.11171875 0.09765625
2 0.603125 0.828125 0.0484375 0.06796875
2 0.25 0.04609375 0.19453125 0.090625
2 0.6671875 0.04921875 0.02890625 0.06484375
2 0.8140625 0.19296875 0.08046875 0.11875
2 0.1 0.6046875 0.1109375 0.196875
2 0.51796875 0.12734375 0.040625 0.046875
2 0.88203125 0.53671875 0.11484375 0.13046875
2 0.73046875 0.025 0.05546875 0.05
2 0.7140625 0.390625 0.1515625 0.25078125
2 0.43515625 0.8546875 0.06953125 0.12109375
2 0.63125 0.940625 0.05546875 0.05390625
2 0.9765625 0.92578125 0.04609375 0.140625
2 0.5828125 0.753125 0.0515625 0.11171875
2 0.3171875 0.42421875 0.134375 0.31484375
3 0.92890625 0.225 0.1421875 0.3
2 0.0421875 0.29453125 0.084375 0.225
2 0.08125 0.11484375 0.04609375 0.06328125
2 0.05625 0.04140625 0.11171875 0.08203125
2 0.83671875 0.9921875 0.0265625 0.015625
2 0.4328125 0.24921875 0.04921875 0.06328125
2 0.8234375 0.90078125 0.0234375 0.046875
2 0.88125 0.77578125 0.1171875 0.14140625
2 0.7078125 0.54921875 0.08984375 0.08046875
8 0.43359375 0.515625 0.25390625 0.43671875
2 0.86328125 0.03828125 0.0453125 0.0765625
2 0.0265625 0.1375 0.053125 0.10625
2 0.50859375 0.02890625 0.02734375 0.04453125
2 0.821875 0.0734375 0.03203125 0.05
2 0.2 0.31328125 0.25078125 0.34609375
2 0.81640625 0.4359375 0.10078125 0.14375
2 0.2484375 0.7265625 0.08671875 0.10078125
2 0.334375 0.74375 0.10078125 0.08203125
2 0.5828125 0.38671875 0.1 0.12578125
2 0.6265625 0.26796875 0.0703125 0.103125
2 0.7875 0.85703125 0.02734375 0.05234375