2 0.69453125 0.90078125 0.090625 0.10546875
14 0.5171875 0.465625 0.965625 0.34765625
2 0.3453125 0.39375 0.2078125 0.24765625
2 0.8875 0.2578125 0.03515625 0.06171875
2 0.52734375 0.44765625 0.07890625 0.075
2 0.859375 0.51171875 0.12109375 0.11953125
2 0.65625 0.96015625 0.03828125 0.03359375
3 0.0609375 0.44140625 0.12109375 0.26484375
2 0.7390625 0.64609375 0.03046875 0.046875
2 0.94609375 0.31328125 0.1078125 0.484375
2 0.5484375 0.70703125 0.02890625 0.06796875
2 0.5984375 0.79140625 0.05234375 0.07421875
2 0.1453125 0.46640625 0.07734375 0.078125
2 0.5171875 0.52421875 0.128125 0.05078125
2 0.46640625 0.046875 0.134375 0.09375
2 0.890625 0.04453125 0.12890625 0.08828125
2 0.55234375 0.91015625 0.0546875 0.075
2 0.80390625 0.8109375 0.3921875 0.375
2 0.671875 0.38046875 0.23359375 0.41953125
5 0.5796875 0.84921875 0.0421875 0.05234375
2 0.5078125 0.32109375 0.02421875 0.040625
2 0.67421875 0.98671875 0.040625 0.021875
2 0.36875 0.0390625 0.0265625 0.03203125
2 0.05625 0.1375 0.1125 0.275
2 0.64921875 0.66953125 0.040625 0.05625
2 0.9734375 0.721875 0.05234375 0.27421875
2 0.484375 0.41640625 0.096875 0.13125
2 0.6078125 0.92578125 0.04921875 0.090625
2 0.7703125 0.30859375 0.11328125 0.18046875
2 0.9 0.3984375 0.034375 0.03359375
2 0.90078125 0.7015625 0.059375 0.05078125
2 0.3796875 0.07265625 0.0296875 0.03046875
2 0.23359375 0.16171875 0.2453125 0.3234375
2 0.028125 0.66640625 0.05625 0.078125
2 0.93984375 0.05859375 0.03515625 0.05
2 0.40703125 0.2359375 0.10703125 0.28359375
2 0.71171875 0.10390625 0.3671875 0.20703125
2 0.9203125 0.47890625 0.03828125 0.05
2 0.8484375 0.37421875 0.09296875 0.09296875
2 0.76875 0.47734375 0.02734375 0.03671875
2 0.4859375 0.18125 0.1328125 0.18359375
2 0.784375 0.18359375 0.084375 0.06484375
2 0.553125 0.32890625 0.071875 0.11015625
2 0.890625 0.36328125 0.01640625 0.01875
2 0.27421875 0.75703125 0.5484375 0.484375