2 0.95859375 0.6296875 0.0828125 0.24921875
2 0.80234375 0.13359375 0.07265625 0.17890625
2 0.18125 0.646875 0.1328125 0.17109375
2 0.4828125 0.86328125 0.36796875 0.271875
2 0.8296875 0.028125 0.05234375 0.05625
2 0.7953125 0.46953125 0.0546875 0.08671875
2 0.1421875 0.09296875 0.11171875 0.171875
2 0.92578125 0.36171875 0.1484375 0.26796875
2 0.059375 0.54921875 0.11796875 0.20625
2 0.71328125 0.45703125 0.04140625 0.05390625
2 0.40625 0.17265625 0.23359375 0.25078125
2 0.78671875 0.31328125 0.1359375 0.209375
2 0.6453125 0.1828125 0.19921875 0.36328125
2 0.3390625 0.60234375 0.16015625 0.27734375
14 0.496875 0.52421875 0.99375 0.94921875
2 0.0578125 0.35625 0.11484375 0.16171875