2 0.025 0.5796875 0.05 0.05625
2 0.1734375 0.75546875 0.0875 0.08125
2 0.0375 0.8515625 0.03828125 0.065625
2 0.4796875 0.33828125 0.0578125 0.06953125
2 0.11796875 0.67890625 0.034375 0.05390625
0 0.4390625 0.95390625 0.19140625 0.09140625
14 0.5 0.41953125 1 0.38984375
2 0.2609375 0.1828125 0.03828125 0.04921875
2 0.13515625 0.46015625 0.0546875 0.05625
2 0.94765625 0.1765625 0.0265625 0.03671875
2 0.359375 0.10078125 0.05625 0.10234375
2 0.39140625 0.62578125 0.0375 0.06328125
2 0.4015625 0.30625 0.08515625 0.06796875
2 0.9390625 0.26171875 0.12109375 0.09140625
2 0.52421875 0.87265625 0.040625 0.06484375
2 0.41796875 0.1046875 0.0515625 0.06171875
2 0.78125 0.6359375 0.24921875 0.18046875
2 0.446875 0.83359375 0.04453125 0.06015625
2 0.6125 0.40234375 0.0484375 0.06015625
2 0.24609375 0.93203125 0.1234375 0.128125
2 0.3140625 0.696875 0.05625 0.08203125
2 0.646875 0.73984375 0.1171875 0.090625
2 0.290625 0.57734375 0.040625 0.06015625