9 0.051682692307692304 0.7295673076923077 0.038461538461538464 0.07091346153846154
2 0.921875 0.18389423076923078 0.038461538461538464 0.06370192307692307
14 0.28966346153846156 0.4987980769230769 0.5649038461538461 0.9963942307692307
2 0.5757211538461539 0.1201923076923077 0.12139423076923077 0.12980769230769232
2 0.14543269230769232 0.02283653846153846 0.04567307692307692 0.04326923076923077
2 0.640625 0.921875 0.04567307692307692 0.09375
2 0.5552884615384616 0.47475961538461536 0.055288461538461536 0.06850961538461539
2 0.6177884615384616 0.4326923076923077 0.06129807692307692 0.08052884615384616
2 0.11298076923076923 0.8365384615384616 0.06370192307692307 0.0985576923076923
2 0.9483173076923077 0.31490384615384615 0.10096153846153846 0.20793269230769232
2 0.45913461538461536 0.20072115384615385 0.06129807692307692 0.09375
2 0.042067307692307696 0.3389423076923077 0.03485576923076923 0.042067307692307696
2 0.4735576923076923 0.7836538461538461 0.05889423076923077 0.08052884615384616
2 0.9579326923076923 0.5661057692307693 0.03485576923076923 0.05048076923076923
2 0.7331730769230769 0.7956730769230769 0.06971153846153846 0.12620192307692307
2 0.203125 0.8473557692307693 0.06971153846153846 0.1141826923076923
2 0.13341346153846154 0.9326923076923077 0.07211538461538461 0.12379807692307693
2 0.05889423076923077 0.5384615384615384 0.042067307692307696 0.10576923076923077
2 0.5012019230769231 0.4879807692307692 0.030048076923076924 0.05889423076923077
2 0.8641826923076923 0.18269230769230768 0.052884615384615384 0.051682692307692304
2 0.6141826923076923 0.6598557692307693 0.051682692307692304 0.0829326923076923
2 0.5769230769230769 0.6117788461538461 0.04326923076923077 0.07451923076923077
2 0.75 0.4362980769230769 0.020432692307692308 0.042067307692307696
2 0.16346153846153846 0.5480769230769231 0.08653846153846154 0.17548076923076922
2 0.8834134615384616 0.03125 0.04447115384615385 0.057692307692307696
2 0.9278846153846154 0.6610576923076923 0.038461538461538464 0.04567307692307692
2 0.6033653846153846 0.036057692307692304 0.1201923076923077 0.07211538461538461
2 0.5612980769230769 0.22235576923076922 0.037259615384615384 0.055288461538461536