2 0.6778846153846154 0.5697115384615384 0.010817307692307692 0.009615384615384616
2 0.6622596153846154 0.17307692307692307 0.003605769230769231 0.01201923076923077
2 0.004807692307692308 0.47836538461538464 0.009615384615384616 0.018028846153846152
2 0.6911057692307693 0.1971153846153846 0.007211538461538462 0.009615384615384616
2 0.6706730769230769 0.6850961538461539 0.003605769230769231 0.013221153846153846
2 0.6935096153846154 0.6081730769230769 0.009615384615384616 0.021634615384615384
2 0.6658653846153846 0.3473557692307692 0.02403846153846154 0.03245192307692308
2 0.5733173076923077 0.18870192307692307 0.020432692307692308 0.027644230769230768
2 0.08533653846153846 0.47836538461538464 0.009615384615384616 0.019230769230769232
2 0.23557692307692307 0.6454326923076923 0.01201923076923077 0.01201923076923077
2 0.7680288461538461 0.7271634615384616 0.006009615384615385 0.010817307692307692
2 0.054086538461538464 0.421875 0.010817307692307692 0.015625
2 0.6850961538461539 0.7728365384615384 0.006009615384615385 0.01201923076923077
2 0.6995192307692307 0.20793269230769232 0.003605769230769231 0.009615384615384616
2 0.05889423076923077 0.46153846153846156 0.009615384615384616 0.009615384615384616
2 0.20072115384615385 0.9254807692307693 0.009615384615384616 0.009615384615384616
2 0.7572115384615384 0.6069711538461539 0.006009615384615385 0.008413461538461538
2 0.04447115384615385 0.9194711538461539 0.014423076923076924 0.03245192307692308
2 0.625 0.05889423076923077 0.006009615384615385 0.01201923076923077
2 0.5492788461538461 0.1622596153846154 0.009615384615384616 0.010817307692307692
2 0.2620192307692308 0.8870192307692307 0.013221153846153846 0.010817307692307692
2 0.11538461538461539 0.6935096153846154 0.009615384615384616 0.01201923076923077
2 0.16105769230769232 0.7800480769230769 0.007211538461538462 0.010817307692307692
2 0.796875 0.8449519230769231 0.006009615384615385 0.007211538461538462
2 0.15264423076923078 0.8185096153846154 0.014423076923076924 0.014423076923076924
2 0.07451923076923077 0.6850961538461539 0.007211538461538462 0.009615384615384616
2 0.13341346153846154 0.5685096153846154 0.009615384615384616 0.020432692307692308
2 0.6213942307692307 0.030048076923076924 0.004807692307692308 0.007211538461538462
2 0.171875 0.8990384615384616 0.009615384615384616 0.014423076923076924
2 0.7115384615384616 0.24158653846153846 0.006009615384615385 0.009615384615384616
2 0.5120192307692307 0.26322115384615385 0.008413461538461538 0.021634615384615384
2 0.7920673076923077 0.6129807692307693 0.008413461538461538 0.010817307692307692
2 0.28725961538461536 0.35697115384615385 0.01201923076923077 0.01201923076923077
2 0.44591346153846156 0.6586538461538461 0.01201923076923077 0.02283653846153846
2 0.7860576923076923 0.8088942307692307 0.003605769230769231 0.008413461538461538
2 0.8112980769230769 0.6262019230769231 0.007211538461538462 0.01201923076923077
2 0.056490384615384616 0.4879807692307692 0.010817307692307692 0.01201923076923077
2 0.13341346153846154 0.4182692307692308 0.013221153846153846 0.019230769230769232
2 0.5697115384615384 0.44350961538461536 0.014423076923076924 0.018028846153846152
2 0.6598557692307693 0.4206730769230769 0.007211538461538462 0.009615384615384616
2 0.7463942307692307 0.3942307692307692 0.007211538461538462 0.01201923076923077
2 0.4651442307692308 0.3918269230769231 0.007211538461538462 0.01201923076923077
2 0.78125 0.5120192307692307 0.007211538461538462 0.014423076923076924
2 0.7692307692307693 0.47475961538461536 0.006009615384615385 0.010817307692307692
2 0.7800480769230769 0.45913461538461536 0.006009615384615385 0.009615384615384616
2 0.6706730769230769 0.9939903846153846 0.015625 0.01201923076923077
2 0.8353365384615384 0.9771634615384616 0.010817307692307692 0.016826923076923076
2 0.1346153846153846 0.7944711538461539 0.01201923076923077 0.01201923076923077
2 0.027644230769230768 0.9459134615384616 0.01201923076923077 0.016826923076923076
2 0.02283653846153846 0.8497596153846154 0.016826923076923076 0.015625
2 0.6682692307692307 0.7379807692307693 0.013221153846153846 0.016826923076923076
2 0.7115384615384616 0.6682692307692307 0.009615384615384616 0.026442307692307692
2 0.5757211538461539 0.23677884615384615 0.010817307692307692 0.020432692307692308
2 0.6694711538461539 0.0829326923076923 0.013221153846153846 0.02403846153846154
2 0.6850961538461539 0.17427884615384615 0.007211538461538462 0.008413461538461538
2 0.6742788461538461 0.18389423076923078 0.007211538461538462 0.009615384615384616
2 0.5144230769230769 0.04927884615384615 0.013221153846153846 0.016826923076923076
2 0.30288461538461536 0.34375 0.010817307692307692 0.01201923076923077
2 0.6502403846153846 0.6947115384615384 0.009615384615384616 0.014423076923076924
14 0.8377403846153846 0.5 0.15985576923076922 0.9963942307692307
9 0.07211538461538461 0.06490384615384616 0.14423076923076922 0.052884615384615384
2 0.7548076923076923 0.5084134615384616 0.006009615384615385 0.008413461538461538
2 0.7103365384615384 0.39903846153846156 0.009615384615384616 0.009615384615384616
2 0.6274038461538461 0.2932692307692308 0.010817307692307692 0.019230769230769232
2 0.5360576923076923 0.3449519230769231 0.014423076923076924 0.020432692307692308
2 0.703125 0.42908653846153844 0.004807692307692308 0.008413461538461538
2 0.7175480769230769 0.46875 0.006009615384615385 0.008413461538461538
2 0.8293269230769231 0.9314903846153846 0.006009615384615385 0.013221153846153846
2 0.7836538461538461 0.8822115384615384 0.010817307692307692 0.01201923076923077
2 0.12139423076923077 0.8329326923076923 0.010817307692307692 0.007211538461538462
2 0.16105769230769232 0.6754807692307693 0.021634615384615384 0.027644230769230768
2 0.10697115384615384 0.671875 0.01201923076923077 0.009615384615384616
2 0.890625 0.7295673076923077 0.016826923076923076 0.03125
2 0.7391826923076923 0.6286057692307693 0.010817307692307692 0.01201923076923077
2 0.6754807692307693 0.203125 0.016826923076923076 0.015625
2 0.6346153846153846 0.05889423076923077 0.006009615384615385 0.01201923076923077
2 0.5865384615384616 0.29927884615384615 0.003605769230769231 0.009615384615384616
2 0.10096153846153846 0.6382211538461539 0.016826923076923076 0.014423076923076924
2 0.7019230769230769 0.5697115384615384 0.007211538461538462 0.01201923076923077
2 0.6478365384615384 0.6730769230769231 0.01201923076923077 0.019230769230769232
2 0.7355769230769231 0.3894230769230769 0.007211538461538462 0.01201923076923077
2 0.7427884615384616 0.5252403846153846 0.007211538461538462 0.009615384615384616
2 0.7367788461538461 0.47596153846153844 0.007211538461538462 0.009615384615384616
2 0.6021634615384616 0.31971153846153844 0.007211538461538462 0.010817307692307692
2 0.4879807692307692 0.3605769230769231 0.016826923076923076 0.02283653846153846
2 0.6502403846153846 0.3858173076923077 0.007211538461538462 0.009615384615384616
2 0.14543269230769232 0.7463942307692307 0.008413461538461538 0.013221153846153846
2 0.0829326923076923 0.875 0.007211538461538462 0.009615384615384616
2 0.009615384615384616 0.8233173076923077 0.013221153846153846 0.020432692307692308
2 0.328125 0.6850961538461539 0.016826923076923076 0.018028846153846152
2 0.09495192307692307 0.5853365384615384 0.01201923076923077 0.009615384615384616
2 0.8798076923076923 0.7536057692307693 0.004807692307692308 0.007211538461538462
2 0.6622596153846154 0.15384615384615385 0.004807692307692308 0.01201923076923077
2 0.6538461538461539 0.03365384615384615 0.01201923076923077 0.019230769230769232
2 0.4891826923076923 0.05048076923076923 0.006009615384615385 0.01201923076923077
2 0.5817307692307693 0.12139423076923077 0.004807692307692308 0.018028846153846152
2 0.9362980769230769 0.01201923076923077 0.042067307692307696 0.02283653846153846
9 0.7439903846153846 0.2091346153846154 0.052884615384615384 0.06850961538461539
2 0.055288461538461536 0.3798076923076923 0.038461538461538464 0.037259615384615384
2 0.09495192307692307 0.5721153846153846 0.006009615384615385 0.007211538461538462
2 0.056490384615384616 0.5324519230769231 0.008413461538461538 0.010817307692307692
2 0.06971153846153846 0.42427884615384615 0.014423076923076924 0.02283653846153846
2 0.02283653846153846 0.44471153846153844 0.007211538461538462 0.01201923076923077
2 0.6141826923076923 0.5649038461538461 0.009615384615384616 0.015625
2 0.6778846153846154 0.5252403846153846 0.007211538461538462 0.010817307692307692
2 0.6634615384615384 0.5288461538461539 0.016826923076923076 0.013221153846153846
2 0.6177884615384616 0.5036057692307693 0.01201923076923077 0.01201923076923077
2 0.6141826923076923 0.45552884615384615 0.009615384615384616 0.014423076923076924
2 0.7632211538461539 0.4110576923076923 0.009615384615384616 0.008413461538461538
2 0.7584134615384616 0.4387019230769231 0.007211538461538462 0.01201923076923077
2 0.8028846153846154 0.9471153846153846 0.01201923076923077 0.019230769230769232
2 0.7620192307692307 0.7620192307692307 0.01201923076923077 0.016826923076923076
2 0.8509615384615384 0.0829326923076923 0.02403846153846154 0.02283653846153846
2 0.7307692307692307 0.7295673076923077 0.003605769230769231 0.008413461538461538
2 0.7740384615384616 0.65625 0.014423076923076924 0.018028846153846152
2 0.6466346153846154 0.18629807692307693 0.006009615384615385 0.014423076923076924
2 0.6418269230769231 0.11177884615384616 0.003605769230769231 0.009615384615384616
2 0.65625 0.007211538461538462 0.014423076923076924 0.014423076923076924
2 0.6310096153846154 0.07211538461538461 0.006009615384615385 0.007211538461538462
2 0.4855769230769231 0.18028846153846154 0.009615384615384616 0.016826923076923076
2 0.5516826923076923 0.1875 0.006009615384615385 0.015625
2 0.5540865384615384 0.6370192307692307 0.02403846153846154 0.03365384615384615
2 0.014423076923076924 0.7920673076923077 0.027644230769230768 0.03365384615384615
2 0.014423076923076924 0.4326923076923077 0.006009615384615385 0.01201923076923077
2 0.3317307692307692 0.5420673076923077 0.009615384615384616 0.010817307692307692
2 0.5132211538461539 0.6213942307692307 0.009615384615384616 0.014423076923076924
2 0.5865384615384616 0.49158653846153844 0.01201923076923077 0.021634615384615384
2 0.14903846153846154 0.7728365384615384 0.007211538461538462 0.009615384615384616
2 0.21033653846153846 0.9555288461538461 0.009615384615384616 0.013221153846153846
2 0.12620192307692307 0.7764423076923077 0.007211538461538462 0.008413461538461538
2 0.025240384615384616 0.8677884615384616 0.01201923076923077 0.013221153846153846
2 0.08052884615384616 0.5901442307692307 0.009615384615384616 0.013221153846153846
2 0.7596153846153846 0.6478365384615384 0.014423076923076924 0.02403846153846154
2 0.7956730769230769 0.6322115384615384 0.01201923076923077 0.013221153846153846
2 0.609375 0.21514423076923078 0.013221153846153846 0.008413461538461538
2 0.7019230769230769 0.22355769230769232 0.003605769230769231 0.006009615384615385
2 0.6490384615384616 0.21394230769230768 0.009615384615384616 0.010817307692307692
2 0.6778846153846154 0.15625 0.008413461538461538 0.008413461538461538
2 0.5300480769230769 0.09495192307692307 0.009615384615384616 0.019230769230769232
2 0.5024038461538461 0.026442307692307692 0.010817307692307692 0.009615384615384616
2 0.6358173076923077 0.4411057692307692 0.014423076923076924 0.016826923076923076
2 0.7908653846153846 0.7668269230769231 0.01201923076923077 0.021634615384615384
2 0.7560096153846154 0.9182692307692307 0.007211538461538462 0.009615384615384616
2 0.46634615384615385 0.5865384615384616 0.01201923076923077 0.019230769230769232
2 0.7319711538461539 0.9411057692307693 0.014423076923076924 0.018028846153846152
2 0.07451923076923077 0.5252403846153846 0.009615384615384616 0.01201923076923077
2 0.734375 0.30288461538461536 0.009615384615384616 0.010817307692307692
2 0.7043269230769231 0.4423076923076923 0.006009615384615385 0.009615384615384616
2 0.02283653846153846 0.3762019230769231 0.009615384615384616 0.01201923076923077
2 0.5036057692307693 0.5408653846153846 0.010817307692307692 0.013221153846153846
2 0.34134615384615385 0.5288461538461539 0.01201923076923077 0.014423076923076924
2 0.7127403846153846 0.9711538461538461 0.006009615384615385 0.007211538461538462
2 0.390625 0.7512019230769231 0.009615384615384616 0.019230769230769232
2 0.5492788461538461 0.38461538461538464 0.007211538461538462 0.01201923076923077
2 0.03125 0.43028846153846156 0.003605769230769231 0.008413461538461538
2 0.3858173076923077 0.7223557692307693 0.007211538461538462 0.01201923076923077
2 0.5817307692307693 0.5961538461538461 0.010817307692307692 0.018028846153846152
2 0.6706730769230769 0.4050480769230769 0.006009615384615385 0.006009615384615385
2 0.10216346153846154 0.5961538461538461 0.007211538461538462 0.01201923076923077
2 0.6742788461538461 0.25961538461538464 0.009615384615384616 0.010817307692307692
2 0.7223557692307693 0.8677884615384616 0.006009615384615385 0.013221153846153846
2 0.030048076923076924 0.4723557692307692 0.010817307692307692 0.013221153846153846
2 0.7463942307692307 0.34375 0.003605769230769231 0.01201923076923077
2 0.75 0.43509615384615385 0.009615384615384616 0.008413461538461538
2 0.055288461538461536 0.5576923076923077 0.009615384615384616 0.01201923076923077
2 0.02283653846153846 0.41586538461538464 0.006009615384615385 0.008413461538461538
2 0.3112980769230769 0.41346153846153844 0.007211538461538462 0.016826923076923076
2 0.6887019230769231 0.9543269230769231 0.010817307692307692 0.01201923076923077
2 0.038461538461538464 0.5048076923076923 0.006009615384615385 0.01201923076923077
2 0.5132211538461539 0.6574519230769231 0.009615384615384616 0.013221153846153846
2 0.6213942307692307 0.47596153846153844 0.01201923076923077 0.014423076923076924
2 0.6778846153846154 0.4182692307692308 0.007211538461538462 0.016826923076923076
2 0.828125 0.7319711538461539 0.014423076923076924 0.018028846153846152
2 0.7632211538461539 0.3293269230769231 0.025240384615384616 0.02283653846153846
2 0.35096153846153844 0.5336538461538461 0.014423076923076924 0.015625
2 0.7824519230769231 0.5300480769230769 0.010817307692307692 0.014423076923076924
2 0.3786057692307692 0.7451923076923077 0.007211538461538462 0.007211538461538462
2 0.006009615384615385 0.37259615384615385 0.01201923076923077 0.01201923076923077
2 0.7319711538461539 0.36658653846153844 0.006009615384615385 0.014423076923076924
2 0.6225961538461539 0.3870192307692308 0.004807692307692308 0.007211538461538462
2 0.04927884615384615 0.6045673076923077 0.006009615384615385 0.01201923076923077
2 0.15865384615384615 0.4206730769230769 0.014423076923076924 0.019230769230769232
2 0.16466346153846154 0.375 0.014423076923076924 0.015625
2 0.018028846153846152 0.5240384615384616 0.009615384615384616 0.010817307692307692
2 0.026442307692307692 0.5456730769230769 0.007211538461538462 0.010817307692307692
2 0.6225961538461539 0.5961538461538461 0.006009615384615385 0.009615384615384616
2 0.734375 0.5288461538461539 0.006009615384615385 0.009615384615384616
2 0.7115384615384616 0.3473557692307692 0.015625 0.015625
2 0.6033653846153846 0.35336538461538464 0.007211538461538462 0.01201923076923077
2 0.7043269230769231 0.2764423076923077 0.014423076923076924 0.027644230769230768
2 0.6862980769230769 0.44471153846153844 0.009615384615384616 0.014423076923076924
2 0.7704326923076923 0.5564903846153846 0.009615384615384616 0.01201923076923077
2 0.640625 0.9867788461538461 0.015625 0.013221153846153846
2 0.6574519230769231 0.9567307692307693 0.009615384615384616 0.018028846153846152
2 0.8245192307692307 0.8918269230769231 0.009615384615384616 0.015625