2 0.14182692307692307 0.08413461538461539 0.014423076923076924 0.02403846153846154
2 0.12740384615384615 0.671875 0.010817307692307692 0.016826923076923076
2 0.4519230769230769 0.41466346153846156 0.026442307692307692 0.051682692307692304
2 0.4375 0.14182692307692307 0.040865384615384616 0.051682692307692304
2 0.18990384615384615 0.038461538461538464 0.019230769230769232 0.02283653846153846
2 0.18870192307692307 0.20432692307692307 0.016826923076923076 0.018028846153846152
2 0.036057692307692304 0.6394230769230769 0.04447115384615385 0.057692307692307696
2 0.9050480769230769 0.7139423076923077 0.0733173076923077 0.09134615384615384
2 0.3269230769230769 0.8088942307692307 0.040865384615384616 0.039663461538461536
2 0.8052884615384616 0.5697115384615384 0.054086538461538464 0.051682692307692304
2 0.14543269230769232 0.055288461538461536 0.01201923076923077 0.018028846153846152
2 0.6850961538461539 0.9891826923076923 0.03125 0.019230769230769232
2 0.2127403846153846 0.11057692307692307 0.01201923076923077 0.015625
2 0.1201923076923077 0.3112980769230769 0.015625 0.019230769230769232
2 0.921875 0.5973557692307693 0.055288461538461536 0.07451923076923077
2 0.5757211538461539 0.2403846153846154 0.03485576923076923 0.037259615384615384
2 0.08052884615384616 0.19471153846153846 0.014423076923076924 0.013221153846153846
2 0.9230769230769231 0.8293269230769231 0.03245192307692308 0.04326923076923077
2 0.1814903846153846 0.11899038461538461 0.014423076923076924 0.018028846153846152
2 0.10216346153846154 0.5444711538461539 0.04326923076923077 0.05048076923076923
2 0.14543269230769232 0.5805288461538461 0.015625 0.03365384615384615
2 0.06009615384615385 0.1502403846153846 0.016826923076923076 0.021634615384615384
2 0.051682692307692304 0.7463942307692307 0.014423076923076924 0.025240384615384616
2 0.13341346153846154 0.49399038461538464 0.016826923076923076 0.021634615384615384
2 0.2668269230769231 0.47836538461538464 0.008413461538461538 0.01201923076923077
2 0.2776442307692308 0.1622596153846154 0.014423076923076924 0.026442307692307692
2 0.1310096153846154 0.1466346153846154 0.008413461538461538 0.01201923076923077
2 0.07932692307692307 0.28846153846153844 0.010817307692307692 0.013221153846153846
2 0.19110576923076922 0.15625 0.015625 0.014423076923076924
2 0.2776442307692308 0.07692307692307693 0.010817307692307692 0.01201923076923077
2 0.14302884615384615 0.21995192307692307 0.013221153846153846 0.038461538461538464
2 0.6574519230769231 0.8161057692307693 0.027644230769230768 0.037259615384615384
2 0.11177884615384616 0.5877403846153846 0.027644230769230768 0.02403846153846154
2 0.24879807692307693 0.030048076923076924 0.020432692307692308 0.02283653846153846
2 0.6045673076923077 0.8942307692307693 0.03125 0.04447115384615385
2 0.27283653846153844 0.5276442307692307 0.06129807692307692 0.06971153846153846
2 0.6165865384615384 0.7644230769230769 0.052884615384615384 0.055288461538461536
2 0.7620192307692307 0.15504807692307693 0.04326923076923077 0.06009615384615385
2 0.49038461538461536 0.5168269230769231 0.036057692307692304 0.03245192307692308
2 0.28846153846153844 0.21995192307692307 0.11778846153846154 0.08413461538461539
2 0.8100961538461539 0.9627403846153846 0.04567307692307692 0.05048076923076923
2 0.5673076923076923 0.9591346153846154 0.052884615384615384 0.05889423076923077
2 0.33774038461538464 0.27163461538461536 0.030048076923076924 0.04447115384615385
2 0.3016826923076923 0.12620192307692307 0.04807692307692308 0.04326923076923077
2 0.44350961538461536 0.23798076923076922 0.036057692307692304 0.055288461538461536
2 0.5697115384615384 0.8629807692307693 0.03485576923076923 0.03365384615384615
2 0.7379807692307693 0.006009615384615385 0.019230769230769232 0.01201923076923077
2 0.5961538461538461 0.27884615384615385 0.010817307692307692 0.01201923076923077
2 0.7247596153846154 0.1935096153846154 0.019230769230769232 0.026442307692307692
2 0.5444711538461539 0.7680288461538461 0.019230769230769232 0.026442307692307692
2 0.5240384615384616 0.9447115384615384 0.051682692307692304 0.06370192307692307
2 0.8329326923076923 0.484375 0.016826923076923076 0.02283653846153846
2 0.6442307692307693 0.3317307692307692 0.014423076923076924 0.02403846153846154
2 0.6838942307692307 0.7115384615384616 0.021634615384615384 0.020432692307692308
2 0.8293269230769231 0.3245192307692308 0.010817307692307692 0.018028846153846152
2 0.9867788461538461 0.18389423076923078 0.007211538461538462 0.015625
2 0.390625 0.8810096153846154 0.02403846153846154 0.027644230769230768
2 0.9735576923076923 0.7908653846153846 0.016826923076923076 0.016826923076923076
2 0.7199519230769231 0.6370192307692307 0.009615384615384616 0.01201923076923077
2 0.8834134615384616 0.9050480769230769 0.016826923076923076 0.026442307692307692
2 0.9567307692307693 0.2620192307692308 0.016826923076923076 0.027644230769230768
2 0.5060096153846154 0.2776442307692308 0.018028846153846152 0.019230769230769232
2 0.8413461538461539 0.6790865384615384 0.014423076923076924 0.021634615384615384
2 0.78125 0.34975961538461536 0.015625 0.026442307692307692
2 0.96875 0.36538461538461536 0.009615384615384616 0.015625
2 0.8713942307692307 0.65625 0.009615384615384616 0.014423076923076924
2 0.7512019230769231 0.0625 0.010817307692307692 0.013221153846153846
2 0.4855769230769231 0.44591346153846156 0.040865384615384616 0.04927884615384615
2 0.5661057692307693 0.4098557692307692 0.054086538461538464 0.04447115384615385
2 0.8004807692307693 0.12259615384615384 0.04567307692307692 0.06971153846153846
2 0.09134615384615384 0.8016826923076923 0.009615384615384616 0.01201923076923077
2 0.17908653846153846 0.5072115384615384 0.02403846153846154 0.018028846153846152
2 0.32211538461538464 0.5348557692307693 0.016826923076923076 0.021634615384615384
2 0.06009615384615385 0.29927884615384615 0.020432692307692308 0.016826923076923076
2 0.10336538461538461 0.1875 0.019230769230769232 0.03365384615384615
2 0.3112980769230769 0.0829326923076923 0.013221153846153846 0.014423076923076924
2 0.6610576923076923 0.890625 0.016826923076923076 0.015625
2 0.6057692307692307 0.43149038461538464 0.016826923076923076 0.02403846153846154
2 0.6706730769230769 0.44471153846153844 0.010817307692307692 0.018028846153846152
2 0.10336538461538461 0.06971153846153846 0.04326923076923077 0.05048076923076923
2 0.5300480769230769 0.9002403846153846 0.04447115384615385 0.056490384615384616
2 0.671875 0.7764423076923077 0.037259615384615384 0.046875
2 0.13221153846153846 0.08774038461538461 0.014423076923076924 0.021634615384615384
2 0.23317307692307693 0.8377403846153846 0.016826923076923076 0.013221153846153846
2 0.7043269230769231 0.8028846153846154 0.01201923076923077 0.019230769230769232
2 0.9230769230769231 0.765625 0.016826923076923076 0.015625
2 0.8882211538461539 0.6153846153846154 0.037259615384615384 0.04807692307692308
2 0.8942307692307693 0.021634615384615384 0.014423076923076924 0.016826923076923076
2 0.8389423076923077 0.5336538461538461 0.016826923076923076 0.026442307692307692
2 0.5612980769230769 0.19471153846153846 0.013221153846153846 0.020432692307692308
2 0.6322115384615384 0.13341346153846154 0.020432692307692308 0.025240384615384616
2 0.9627403846153846 0.4483173076923077 0.014423076923076924 0.016826923076923076
2 0.9951923076923077 0.47596153846153844 0.009615384615384616 0.01201923076923077
2 0.7475961538461539 0.2247596153846154 0.008413461538461538 0.009615384615384616
4 0.4074519230769231 0.41346153846153844 0.2620192307692308 0.8269230769230769
2 0.20673076923076922 0.21995192307692307 0.018028846153846152 0.026442307692307692
2 0.06610576923076923 0.1935096153846154 0.014423076923076924 0.014423076923076924
2 0.2283653846153846 0.08052884615384616 0.01201923076923077 0.018028846153846152
2 0.20552884615384615 0.171875 0.016826923076923076 0.016826923076923076
2 0.33533653846153844 0.7788461538461539 0.007211538461538462 0.007211538461538462
2 0.5973557692307693 0.6754807692307693 0.015625 0.02403846153846154
2 0.6262019230769231 0.8533653846153846 0.02283653846153846 0.03245192307692308
2 0.8521634615384616 0.7884615384615384 0.013221153846153846 0.027644230769230768
2 0.5420673076923077 0.30649038461538464 0.008413461538461538 0.01201923076923077
2 0.8689903846153846 0.006009615384615385 0.016826923076923076 0.01201923076923077
2 0.8990384615384616 0.07451923076923077 0.014423076923076924 0.027644230769230768
2 0.9915865384615384 0.4963942307692308 0.015625 0.015625
2 0.9110576923076923 0.4050480769230769 0.03245192307692308 0.03485576923076923
2 0.765625 0.7223557692307693 0.037259615384615384 0.06129807692307692
2 0.640625 0.19110576923076922 0.0673076923076923 0.07451923076923077
2 0.037259615384615384 0.2127403846153846 0.03365384615384615 0.04447115384615385
2 0.28846153846153844 0.41586538461538464 0.009615384615384616 0.014423076923076924
2 0.17067307692307693 0.34615384615384615 0.015625 0.020432692307692308
2 0.16346153846153846 0.11177884615384616 0.010817307692307692 0.01201923076923077
2 0.016826923076923076 0.11899038461538461 0.019230769230769232 0.02403846153846154
2 0.42788461538461536 0.984375 0.027644230769230768 0.027644230769230768
2 0.47596153846153844 0.7223557692307693 0.01201923076923077 0.015625
2 0.3269230769230769 0.7127403846153846 0.01201923076923077 0.015625
2 0.6298076923076923 0.019230769230769232 0.007211538461538462 0.010817307692307692