5 0.078125 0.7980769230769231 0.08413461538461539 0.15264423076923078
2 0.8040865384615384 0.9771634615384616 0.07211538461538461 0.037259615384615384
2 0.38341346153846156 0.078125 0.038461538461538464 0.06370192307692307
2 0.6899038461538461 0.9855769230769231 0.02403846153846154 0.028846153846153848
2 0.8557692307692307 0.4951923076923077 0.08413461538461539 0.15985576923076922
5 0.3449519230769231 0.5793269230769231 0.07451923076923077 0.10216346153846154
2 0.4567307692307692 0.7151442307692307 0.040865384615384616 0.07091346153846154
2 0.4326923076923077 0.6947115384615384 0.02283653846153846 0.03365384615384615
2 0.21875 0.5372596153846154 0.04567307692307692 0.05048076923076923
2 0.13341346153846154 0.5612980769230769 0.13581730769230768 0.15985576923076922
0 0.5084134615384616 0.016826923076923076 0.05889423076923077 0.03365384615384615
2 0.39903846153846156 0.7572115384615384 0.07211538461538461 0.06129807692307692
5 0.8413461538461539 0.8509615384615384 0.042067307692307696 0.051682692307692304
2 0.025240384615384616 0.6358173076923077 0.05048076923076923 0.09735576923076923
2 0.2403846153846154 0.7319711538461539 0.125 0.08653846153846154
2 0.6742788461538461 0.21875 0.027644230769230768 0.05048076923076923
2 0.6526442307692307 0.27524038461538464 0.05889423076923077 0.07692307692307693
2 0.5132211538461539 0.10336538461538461 0.026442307692307692 0.03245192307692308
2 0.3389423076923077 0.9603365384615384 0.14543269230769232 0.07451923076923077
2 0.4495192307692308 0.11177884615384616 0.0673076923076923 0.03365384615384615
2 0.43149038461538464 0.03125 0.040865384615384616 0.04927884615384615
2 0.1778846153846154 0.28846153846153844 0.040865384615384616 0.05889423076923077
2 0.5673076923076923 0.09495192307692307 0.09375 0.07932692307692307
2 0.04567307692307692 0.23677884615384615 0.037259615384615384 0.040865384615384616
2 0.5961538461538461 0.4326923076923077 0.07451923076923077 0.11057692307692307
2 0.2620192307692308 0.38822115384615385 0.030048076923076924 0.021634615384615384
5 0.9098557692307693 0.27403846153846156 0.05048076923076923 0.09014423076923077
2 0.7692307692307693 0.359375 0.06971153846153846 0.0829326923076923
2 0.7524038461538461 0.013221153846153846 0.03365384615384615 0.026442307692307692
2 0.16105769230769232 0.90625 0.040865384615384616 0.05048076923076923
2 0.8918269230769231 0.09014423076923077 0.07211538461538461 0.11177884615384616
2 0.08774038461538461 0.013221153846153846 0.09615384615384616 0.02403846153846154
3 0.953125 0.8269230769230769 0.09375 0.3425480769230769
2 0.078125 0.41346153846153844 0.03485576923076923 0.038461538461538464
2 0.09014423076923077 0.07451923076923077 0.04567307692307692 0.05889423076923077
2 0.21033653846153846 0.6430288461538461 0.02403846153846154 0.03365384615384615
2 0.5721153846153846 0.16346153846153846 0.06129807692307692 0.07692307692307693
2 0.6334134615384616 0.9423076923076923 0.0733173076923077 0.109375
2 0.7680288461538461 0.8353365384615384 0.09735576923076923 0.109375
2 0.6081730769230769 0.3245192307692308 0.055288461538461536 0.09735576923076923
2 0.6850961538461539 0.39783653846153844 0.06490384615384616 0.057692307692307696
2 0.9855769230769231 0.35336538461538464 0.028846153846153848 0.0673076923076923
2 0.17307692307692307 0.9819711538461539 0.026442307692307692 0.03365384615384615
2 0.06850961538461539 0.9627403846153846 0.11298076923076923 0.06610576923076923
5 0.2920673076923077 0.6129807692307693 0.014423076923076924 0.038461538461538464
2 0.3161057692307692 0.6670673076923077 0.09735576923076923 0.0889423076923077
2 0.5024038461538461 0.7067307692307693 0.013221153846153846 0.046875
2 0.7764423076923077 0.9423076923076923 0.040865384615384616 0.040865384615384616
2 0.3737980769230769 0.4254807692307692 0.030048076923076924 0.03485576923076923
2 0.8581730769230769 0.8125 0.025240384615384616 0.030048076923076924
2 0.24519230769230768 0.6754807692307693 0.030048076923076924 0.037259615384615384
2 0.7115384615384616 0.35697115384615385 0.028846153846153848 0.03245192307692308
2 0.5096153846153846 0.9002403846153846 0.17067307692307693 0.19591346153846154
0 0.16466346153846154 0.04447115384615385 0.06971153846153846 0.0673076923076923
2 0.5612980769230769 0.5841346153846154 0.15264423076923078 0.10096153846153846
2 0.359375 0.8449519230769231 0.042067307692307696 0.06490384615384616
2 0.038461538461538464 0.4483173076923077 0.054086538461538464 0.08173076923076923
2 0.5901442307692307 0.7644230769230769 0.04567307692307692 0.04326923076923077
2 0.3485576923076923 0.3449519230769231 0.019230769230769232 0.026442307692307692
2 0.2620192307692308 0.13942307692307693 0.03245192307692308 0.08173076923076923
2 0.15264423076923078 0.8665865384615384 0.04807692307692308 0.038461538461538464
2 0.9891826923076923 0.53125 0.021634615384615384 0.038461538461538464
2 0.02403846153846154 0.28846153846153844 0.04807692307692308 0.03365384615384615
2 0.48197115384615385 0.7776442307692307 0.05889423076923077 0.04807692307692308
2 0.08653846153846154 0.25 0.04567307692307692 0.05048076923076923
8 0.5192307692307693 0.46634615384615385 0.09014423076923077 0.15144230769230768
5 0.4375 0.6358173076923077 0.1346153846153846 0.09375
5 0.5985576923076923 0.25 0.02283653846153846 0.054086538461538464
3 0.7572115384615384 0.5372596153846154 0.18629807692307693 0.125
2 0.28125 0.8942307692307693 0.026442307692307692 0.036057692307692304
2 0.47596153846153844 0.35096153846153844 0.04807692307692308 0.055288461538461536
2 0.9567307692307693 0.44471153846153844 0.04927884615384615 0.05048076923076923
2 0.8052884615384616 0.20552884615384615 0.04447115384615385 0.08653846153846154
2 0.41586538461538464 0.3317307692307692 0.03125 0.05889423076923077
2 0.7235576923076923 0.9362980769230769 0.04447115384615385 0.06370192307692307
2 0.5036057692307693 0.7451923076923077 0.014423076923076924 0.026442307692307692
2 0.7271634615384616 0.7512019230769231 0.042067307692307696 0.040865384615384616
2 0.34375 0.7524038461538461 0.04927884615384615 0.055288461538461536
2 0.4963942307692308 0.15625 0.03245192307692308 0.051682692307692304
2 0.02283653846153846 0.1875 0.03245192307692308 0.039663461538461536
2 0.2548076923076923 0.03485576923076923 0.09134615384615384 0.06971153846153846
2 0.7103365384615384 0.14423076923076922 0.06370192307692307 0.07451923076923077
2 0.018028846153846152 0.11658653846153846 0.021634615384615384 0.027644230769230768
5 0.8497596153846154 0.3293269230769231 0.06610576923076923 0.09134615384615384
2 0.010817307692307692 0.038461538461538464 0.021634615384615384 0.03245192307692308
2 0.6862980769230769 0.15384615384615385 0.02403846153846154 0.03125
2 0.17548076923076922 0.7896634615384616 0.12139423076923077 0.12379807692307693
2 0.9651442307692307 0.6382211538461539 0.016826923076923076 0.019230769230769232
2 0.7860576923076923 0.28725961538461536 0.03365384615384615 0.056490384615384616
2 0.43509615384615385 0.4723557692307692 0.08173076923076923 0.1658653846153846
2 0.1778846153846154 0.4567307692307692 0.03365384615384615 0.037259615384615384
2 0.14783653846153846 0.38221153846153844 0.02403846153846154 0.019230769230769232
2 0.2704326923076923 0.8209134615384616 0.08173076923076923 0.11298076923076923
2 0.015625 0.7572115384615384 0.03125 0.08653846153846154
2 0.9855769230769231 0.22596153846153846 0.028846153846153848 0.04326923076923077
2 0.8569711538461539 0.7548076923076923 0.021634615384615384 0.027644230769230768
2 0.16346153846153846 0.6995192307692307 0.06490384615384616 0.03365384615384615