2 0.5697115384615384 0.9435096153846154 0.036057692307692304 0.078125
2 0.859375 0.75 0.04567307692307692 0.08774038461538461
2 0.9122596153846154 0.9314903846153846 0.030048076923076924 0.040865384615384616
2 0.875 0.5 0.025240384615384616 0.042067307692307696
2 0.921875 0.28725961538461536 0.038461538461538464 0.09735576923076923
2 0.4675480769230769 0.8365384615384616 0.09735576923076923 0.10576923076923077
2 0.15264423076923078 0.5997596153846154 0.04807692307692308 0.09014423076923077
2 0.27283653846153844 0.8978365384615384 0.09975961538461539 0.12139423076923077
2 0.3629807692307692 0.8942307692307693 0.057692307692307696 0.03485576923076923
2 0.43149038461538464 0.7848557692307693 0.09014423076923077 0.06850961538461539
5 0.051682692307692304 0.49158653846153844 0.042067307692307696 0.06490384615384616
5 0.5649038461538461 0.9651442307692307 0.03485576923076923 0.03245192307692308
2 0.036057692307692304 0.8485576923076923 0.06490384615384616 0.08173076923076923
2 0.014423076923076924 0.7271634615384616 0.028846153846153848 0.14903846153846154
5 0.054086538461538464 0.671875 0.05889423076923077 0.0673076923076923
2 0.15865384615384615 0.7091346153846154 0.026442307692307692 0.04447115384615385
4 0.3161057692307692 0.4567307692307692 0.4375 0.90625
2 0.2403846153846154 0.18870192307692307 0.14182692307692307 0.19951923076923078
2 0.5528846153846154 0.8521634615384616 0.055288461538461536 0.05048076923076923
2 0.49038461538461536 0.4519230769230769 0.036057692307692304 0.03245192307692308
2 0.030048076923076924 0.33533653846153844 0.06009615384615385 0.10697115384615384
2 0.40865384615384615 0.46634615384615385 0.10336538461538461 0.0829326923076923
2 0.019230769230769232 0.125 0.038461538461538464 0.054086538461538464
2 0.22235576923076922 0.05048076923076923 0.04807692307692308 0.06490384615384616
2 0.16706730769230768 0.28365384615384615 0.028846153846153848 0.05048076923076923
2 0.5865384615384616 0.03245192307692308 0.02403846153846154 0.06490384615384616
2 0.7740384615384616 0.09975961538461539 0.046875 0.04927884615384615
2 0.4206730769230769 0.30528846153846156 0.038461538461538464 0.04807692307692308
2 0.6418269230769231 0.45913461538461536 0.06370192307692307 0.09735576923076923
2 0.609375 0.7704326923076923 0.07211538461538461 0.1141826923076923
2 0.35096153846153844 0.6069711538461539 0.03125 0.046875
5 0.03125 0.41346153846153844 0.03485576923076923 0.04326923076923077
2 0.12980769230769232 0.12980769230769232 0.06610576923076923 0.08653846153846154
5 0.3954326923076923 0.4182692307692308 0.040865384615384616 0.04927884615384615
2 0.3329326923076923 0.36778846153846156 0.036057692307692304 0.0673076923076923
2 0.7896634615384616 0.7740384615384616 0.0829326923076923 0.19110576923076922
2 0.7403846153846154 0.038461538461538464 0.12139423076923077 0.06610576923076923
2 0.8870192307692307 0.1778846153846154 0.08413461538461539 0.08413461538461539
2 0.9603365384615384 0.036057692307692304 0.07932692307692307 0.06971153846153846
2 0.05048076923076923 0.78125 0.037259615384615384 0.056490384615384616
2 0.46875 0.2800480769230769 0.042067307692307696 0.078125
2 0.9651442307692307 0.4375 0.06490384615384616 0.08413461538461539
2 0.3389423076923077 0.7043269230769231 0.06370192307692307 0.07572115384615384
2 0.578125 0.5661057692307693 0.07451923076923077 0.046875
3 0.11177884615384616 0.2776442307692308 0.07451923076923077 0.24879807692307693
2 0.9074519230769231 0.5456730769230769 0.06610576923076923 0.08173076923076923
2 0.4026442307692308 0.8605769230769231 0.036057692307692304 0.04807692307692308
2 0.2512019230769231 0.6778846153846154 0.04326923076923077 0.04326923076923077
2 0.9783653846153846 0.9375 0.04326923076923077 0.0889423076923077
2 0.078125 0.125 0.04567307692307692 0.04807692307692308
2 0.7788461538461539 0.9423076923076923 0.042067307692307696 0.08052884615384616
2 0.7884615384615384 0.18269230769230768 0.038461538461538464 0.051682692307692304
2 0.8810096153846154 0.09735576923076923 0.04567307692307692 0.054086538461538464
3 0.6262019230769231 0.36177884615384615 0.45552884615384615 0.5913461538461539
2 0.29086538461538464 0.7355769230769231 0.036057692307692304 0.0733173076923077
2 0.9146634615384616 0.6766826923076923 0.025240384615384616 0.036057692307692304
2 0.9555288461538461 0.6322115384615384 0.042067307692307696 0.07091346153846154
2 0.8689903846153846 0.6766826923076923 0.025240384615384616 0.038461538461538464
2 0.16706730769230768 0.04326923076923077 0.054086538461538464 0.07091346153846154
5 0.22235576923076922 0.4110576923076923 0.04807692307692308 0.06129807692307692
2 0.08052884615384616 0.3605769230769231 0.04807692307692308 0.10096153846153846
5 0.9314903846153846 0.5973557692307693 0.040865384615384616 0.05048076923076923
2 0.13701923076923078 0.9807692307692307 0.056490384615384616 0.03485576923076923
2 0.13942307692307693 0.9158653846153846 0.04567307692307692 0.06370192307692307
5 0.026442307692307692 0.23677884615384615 0.052884615384615384 0.07451923076923077
2 0.007211538461538462 0.4651442307692308 0.014423076923076924 0.02283653846153846
2 0.3762019230769231 0.18990384615384615 0.04567307692307692 0.04447115384615385
5 0.2403846153846154 0.7596153846153846 0.06971153846153846 0.07692307692307693
3 0.042067307692307696 0.9651442307692307 0.08413461538461539 0.0673076923076923
2 0.7067307692307693 0.7884615384615384 0.08413461538461539 0.09134615384615384
2 0.39302884615384615 0.609375 0.040865384615384616 0.06129807692307692
5 0.09975961538461539 0.4807692307692308 0.06009615384615385 0.12620192307692307
2 0.3473557692307692 0.125 0.03125 0.046875
5 0.5661057692307693 0.7259615384615384 0.051682692307692304 0.0829326923076923
2 0.008413461538461538 0.9026442307692307 0.016826923076923076 0.037259615384615384
2 0.578125 0.6237980769230769 0.052884615384615384 0.05048076923076923
2 0.4891826923076923 0.734375 0.02403846153846154 0.039663461538461536
2 0.49278846153846156 0.546875 0.027644230769230768 0.05048076923076923
3 0.38100961538461536 0.02283653846153846 0.24639423076923078 0.040865384615384616
2 0.5432692307692307 0.1875 0.057692307692307696 0.0733173076923077
2 0.8185096153846154 0.9326923076923077 0.038461538461538464 0.078125
2 0.7295673076923077 0.5300480769230769 0.1045673076923077 0.14783653846153846
2 0.3329326923076923 0.5372596153846154 0.036057692307692304 0.06610576923076923
3 0.08173076923076923 0.24158653846153846 0.0733173076923077 0.06009615384615385
2 0.203125 0.5300480769230769 0.038461538461538464 0.056490384615384616
2 0.8629807692307693 0.8918269230769231 0.05048076923076923 0.04447115384615385
2 0.9675480769230769 0.109375 0.06490384615384616 0.07451923076923077
2 0.015625 0.578125 0.03125 0.06009615384615385
2 0.30408653846153844 0.4423076923076923 0.03245192307692308 0.06971153846153846
5 0.3581730769230769 0.9831730769230769 0.057692307692307696 0.03365384615384615
5 0.2091346153846154 0.9759615384615384 0.07572115384615384 0.04447115384615385
2 0.03245192307692308 0.5252403846153846 0.03125 0.046875
2 0.5745192307692307 0.46875 0.07692307692307693 0.12860576923076922
5 0.9915865384615384 0.5552884615384616 0.016826923076923076 0.054086538461538464
2 0.42908653846153844 0.9182692307692307 0.06129807692307692 0.06370192307692307
2 0.10697115384615384 0.5757211538461539 0.04447115384615385 0.07451923076923077
2 0.41346153846153844 0.16105769230769232 0.03125 0.03485576923076923
5 0.2692307692307692 0.5673076923076923 0.055288461538461536 0.06850961538461539
2 0.03125 0.41466346153846156 0.04326923076923077 0.04326923076923077
2 0.7139423076923077 0.9302884615384616 0.09254807692307693 0.12860576923076922
2 0.1971153846153846 0.8557692307692307 0.052884615384615384 0.10096153846153846
2 0.3317307692307692 0.25 0.04447115384615385 0.046875
2 0.5072115384615384 0.9399038461538461 0.08653846153846154 0.06009615384615385
2 0.9855769230769231 0.27884615384615385 0.027644230769230768 0.2512019230769231
2 0.47115384615384615 0.359375 0.06850961538461539 0.04927884615384615
5 0.7692307692307693 0.8689903846153846 0.03485576923076923 0.046875
2 0.23798076923076922 0.28846153846153844 0.04807692307692308 0.06009615384615385
2 0.6394230769230769 0.28966346153846156 0.20552884615384615 0.21875
2 0.9471153846153846 0.7752403846153846 0.10576923076923077 0.17908653846153846
2 0.9110576923076923 0.39783653846153844 0.04807692307692308 0.078125
2 0.8713942307692307 0.42788461538461536 0.038461538461538464 0.05889423076923077
2 0.11899038461538461 0.6490384615384616 0.020432692307692308 0.027644230769230768
5 0.8365384615384616 0.05889423076923077 0.05889423076923077 0.0673076923076923
2 0.6274038461538461 0.9206730769230769 0.07211538461538461 0.10216346153846154
5 0.46153846153846156 0.22235576923076922 0.03245192307692308 0.04447115384615385
5 0.8052884615384616 0.24639423076923078 0.03365384615384615 0.04807692307692308