2 0.6213942307692307 0.3425480769230769 0.07932692307692307 0.16826923076923078
2 0.13221153846153846 0.2608173076923077 0.016826923076923076 0.03485576923076923
2 0.9735576923076923 0.5564903846153846 0.052884615384615384 0.08413461538461539
2 0.6225961538461539 0.5120192307692307 0.010817307692307692 0.02403846153846154
2 0.9807692307692307 0.6550480769230769 0.038461538461538464 0.09134615384615384
2 0.05889423076923077 0.5625 0.11778846153846154 0.10096153846153846
2 0.9711538461538461 0.06129807692307692 0.057692307692307696 0.11298076923076923
0 0.49038461538461536 0.03125 0.06009615384615385 0.05889423076923077
0 0.296875 0.9603365384615384 0.06490384615384616 0.078125
0 0.45913461538461536 0.12259615384615384 0.06370192307692307 0.06850961538461539
3 0.8870192307692307 0.8377403846153846 0.22596153846153846 0.21875
2 0.12980769230769232 0.41466346153846156 0.037259615384615384 0.042067307692307696
2 0.6189903846153846 0.171875 0.06129807692307692 0.07211538461538461
0 0.41586538461538464 0.016826923076923076 0.04567307692307692 0.03365384615384615
5 0.9158653846153846 0.1658653846153846 0.06610576923076923 0.07692307692307693
2 0.3137019230769231 0.7860576923076923 0.06610576923076923 0.06490384615384616
2 0.65625 0.5 0.037259615384615384 0.04807692307692308
3 0.6887019230769231 0.5 0.10576923076923077 0.9987980769230769
2 0.1935096153846154 0.23557692307692307 0.08173076923076923 0.125
2 0.8161057692307693 0.09375 0.08413461538461539 0.14903846153846154
2 0.8461538461538461 0.5060096153846154 0.06971153846153846 0.07932692307692307
0 0.4110576923076923 0.18389423076923078 0.052884615384615384 0.07451923076923077
3 0.33413461538461536 0.7800480769230769 0.44471153846153844 0.2620192307692308
2 0.9134615384615384 0.07572115384615384 0.06971153846153846 0.07692307692307693
2 0.7896634615384616 0.6382211538461539 0.08052884615384616 0.09975961538461539
2 0.7932692307692307 0.33533653846153844 0.0625 0.07932692307692307
5 0.9314903846153846 0.6706730769230769 0.04927884615384615 0.0673076923076923
2 0.9819711538461539 0.9038461538461539 0.03365384615384615 0.04447115384615385
2 0.20072115384615385 0.6394230769230769 0.1201923076923077 0.16105769230769232
2 0.5240384615384616 0.8245192307692307 0.03125 0.054086538461538464
3 0.8545673076923077 0.28846153846153844 0.29086538461538464 0.19951923076923078
18 0.36658653846153844 0.49038461538461536 0.7247596153846154 0.9807692307692307
2 0.31490384615384615 0.4326923076923077 0.040865384615384616 0.0829326923076923
2 0.4206730769230769 0.5036057692307693 0.055288461538461536 0.09134615384615384
2 0.02283653846153846 0.7115384615384616 0.04447115384615385 0.06370192307692307