2 0.9519230769230769 0.8317307692307693 0.09615384615384616 0.14423076923076922
2 0.8629807692307693 0.875 0.06490384615384616 0.051682692307692304
2 0.3485576923076923 0.38100961538461536 0.040865384615384616 0.039663461538461536
2 0.7908653846153846 0.9146634615384616 0.020432692307692308 0.02283653846153846
2 0.7151442307692307 0.9026442307692307 0.05889423076923077 0.078125
2 0.9447115384615384 0.6766826923076923 0.037259615384615384 0.07451923076923077
2 0.9086538461538461 0.35336538461538464 0.18028846153846154 0.3233173076923077
2 0.5697115384615384 0.39302884615384615 0.038461538461538464 0.0829326923076923
2 0.5012019230769231 0.32091346153846156 0.037259615384615384 0.021634615384615384
2 0.8197115384615384 0.5673076923076923 0.03245192307692308 0.11177884615384616
2 0.6778846153846154 0.04807692307692308 0.02403846153846154 0.026442307692307692
2 0.7620192307692307 0.7427884615384616 0.11538461538461539 0.06610576923076923
2 0.7079326923076923 0.8425480769230769 0.030048076923076924 0.03485576923076923
2 0.9819711538461539 0.4579326923076923 0.036057692307692304 0.10336538461538461
2 0.5288461538461539 0.7776442307692307 0.056490384615384616 0.12620192307692307
2 0.6622596153846154 0.5973557692307693 0.007211538461538462 0.027644230769230768
2 0.12860576923076922 0.19591346153846154 0.03245192307692308 0.03245192307692308
2 0.5925480769230769 0.9699519230769231 0.07211538461538461 0.057692307692307696
2 0.6502403846153846 0.8641826923076923 0.06971153846153846 0.10216346153846154
2 0.8521634615384616 0.7896634615384616 0.055288461538461536 0.11057692307692307
2 0.9855769230769231 0.5901442307692307 0.028846153846153848 0.054086538461538464
2 0.7680288461538461 0.09014423076923077 0.1466346153846154 0.18028846153846154
2 0.4807692307692308 0.9350961538461539 0.052884615384615384 0.06009615384615385
2 0.8581730769230769 0.9411057692307693 0.03125 0.08052884615384616
2 0.5697115384615384 0.4795673076923077 0.018028846153846152 0.036057692307692304
2 0.5324519230769231 0.34375 0.03245192307692308 0.0829326923076923
2 0.3737980769230769 0.48677884615384615 0.05889423076923077 0.10096153846153846
2 0.7536057692307693 0.5865384615384616 0.03245192307692308 0.046875
2 0.6538461538461539 0.42427884615384615 0.09975961538461539 0.171875
2 0.5709134615384616 0.84375 0.04567307692307692 0.06610576923076923
2 0.7884615384615384 0.7992788461538461 0.05889423076923077 0.09254807692307693
2 0.2704326923076923 0.7800480769230769 0.028846153846153848 0.028846153846153848
2 0.45072115384615385 0.5973557692307693 0.040865384615384616 0.057692307692307696
2 0.24278846153846154 0.8858173076923077 0.08173076923076923 0.18269230769230768
2 0.5 0.21514423076923078 0.037259615384615384 0.07451923076923077
2 0.5228365384615384 0.43509615384615385 0.07932692307692307 0.11177884615384616
2 0.35096153846153844 0.015625 0.07932692307692307 0.03125
2 0.8786057692307693 0.6887019230769231 0.03125 0.027644230769230768
2 0.20072115384615385 0.17548076923076922 0.02403846153846154 0.026442307692307692
2 0.11658653846153846 0.859375 0.04447115384615385 0.078125
2 0.08052884615384616 0.7487980769230769 0.009615384615384616 0.028846153846153848
2 0.6466346153846154 0.984375 0.03125 0.03125
2 0.17668269230769232 0.21754807692307693 0.04807692307692308 0.07692307692307693
2 0.9387019230769231 0.5528846153846154 0.030048076923076924 0.06009615384615385
2 0.9579326923076923 0.7295673076923077 0.009615384615384616 0.021634615384615384
2 0.22596153846153846 0.5757211538461539 0.025240384615384616 0.05048076923076923
2 0.2692307692307692 0.5420673076923077 0.030048076923076924 0.036057692307692304
2 0.16706730769230768 0.2668269230769231 0.02403846153846154 0.016826923076923076
2 0.17067307692307693 0.9795673076923077 0.03485576923076923 0.03125
3 0.5600961538461539 0.37259615384615385 0.08653846153846154 0.34375
2 0.4182692307692308 0.23076923076923078 0.07692307692307693 0.09735576923076923
14 0.3389423076923077 0.38341346153846156 0.5588942307692307 0.6983173076923077
2 0.8701923076923077 0.9795673076923077 0.027644230769230768 0.03125
2 0.7920673076923077 0.8557692307692307 0.025240384615384616 0.04927884615384615
2 0.7536057692307693 0.38221153846153844 0.1502403846153846 0.28125
2 0.4675480769230769 0.25721153846153844 0.02403846153846154 0.02403846153846154
2 0.33413461538461536 0.6225961538461539 0.021634615384615384 0.027644230769230768
2 0.4230769230769231 0.6610576923076923 0.0733173076923077 0.06971153846153846
2 0.30408653846153844 0.38221153846153844 0.037259615384615384 0.021634615384615384
2 0.3449519230769231 0.055288461538461536 0.037259615384615384 0.054086538461538464
2 0.04567307692307692 0.5036057692307693 0.021634615384615384 0.03245192307692308
2 0.7283653846153846 0.9699519230769231 0.06129807692307692 0.055288461538461536
2 0.07211538461538461 0.5096153846153846 0.025240384615384616 0.057692307692307696
2 0.32091346153846156 0.47475961538461536 0.027644230769230768 0.04326923076923077
2 0.8545673076923077 0.056490384615384616 0.04567307692307692 0.078125
2 0.046875 0.9435096153846154 0.09375 0.10336538461538461
2 0.21875 0.4855769230769231 0.04567307692307692 0.06610576923076923
2 0.07572115384615384 0.04447115384615385 0.07451923076923077 0.08774038461538461
2 0.39663461538461536 0.8689903846153846 0.17067307692307693 0.2439903846153846
2 0.19471153846153846 0.2776442307692308 0.02403846153846154 0.028846153846153848
2 0.46634615384615385 0.4963942307692308 0.02403846153846154 0.028846153846153848
2 0.9387019230769231 0.9459134615384616 0.038461538461538464 0.04567307692307692
2 0.7944711538461539 0.6442307692307693 0.038461538461538464 0.04807692307692308
2 0.0673076923076923 0.6069711538461539 0.08653846153846154 0.09134615384615384
2 0.15865384615384615 0.5012019230769231 0.056490384615384616 0.04326923076923077
2 0.29927884615384615 0.20552884615384615 0.042067307692307696 0.06490384615384616
2 0.6862980769230769 0.7331730769230769 0.038461538461538464 0.055288461538461536
2 0.7463942307692307 0.5324519230769231 0.03245192307692308 0.02403846153846154
2 0.6165865384615384 0.3004807692307692 0.025240384615384616 0.08173076923076923
2 0.2127403846153846 0.6670673076923077 0.036057692307692304 0.051682692307692304
0 0.33052884615384615 0.828125 0.06129807692307692 0.16947115384615385
2 0.39663461538461536 0.16346153846153846 0.025240384615384616 0.03485576923076923
2 0.4254807692307692 0.0829326923076923 0.06129807692307692 0.06610576923076923
2 0.020432692307692308 0.3293269230769231 0.040865384615384616 0.171875
2 0.12620192307692307 0.6682692307692307 0.07211538461538461 0.08653846153846154
2 0.18990384615384615 0.7211538461538461 0.018028846153846152 0.04447115384615385
2 0.9122596153846154 0.9723557692307693 0.052884615384615384 0.04447115384615385
2 0.5889423076923077 0.7271634615384616 0.04326923076923077 0.06370192307692307
2 0.8149038461538461 0.9050480769230769 0.018028846153846152 0.04447115384615385
2 0.27403846153846156 0.018028846153846152 0.052884615384615384 0.027644230769230768
2 0.11298076923076923 0.31850961538461536 0.08052884615384616 0.0889423076923077
2 0.6021634615384616 0.11298076923076923 0.021634615384615384 0.04567307692307692
2 0.6646634615384616 0.18389423076923078 0.08413461538461539 0.13942307692307693
2 0.1935096153846154 0.14783653846153846 0.010817307692307692 0.019230769230769232
2 0.43509615384615385 0.3954326923076923 0.040865384615384616 0.036057692307692304