2 0.8665865384615384 0.5576923076923077 0.013221153846153846 0.056490384615384616
2 0.38822115384615385 0.6959134615384616 0.04326923076923077 0.04927884615384615
2 0.3293269230769231 0.1045673076923077 0.04807692307692308 0.036057692307692304
2 0.8125 0.7524038461538461 0.021634615384615384 0.046875
2 0.2860576923076923 0.1875 0.020432692307692308 0.027644230769230768
4 0.5 0.47836538461538464 1 0.6394230769230769
2 0.30288461538461536 0.8822115384615384 0.014423076923076924 0.027644230769230768
2 0.5228365384615384 0.7920673076923077 0.04326923076923077 0.06610576923076923
2 0.8557692307692307 0.8846153846153846 0.037259615384615384 0.040865384615384616
2 0.2764423076923077 0.9543269230769231 0.051682692307692304 0.040865384615384616
2 0.6153846153846154 0.21754807692307693 0.020432692307692308 0.02283653846153846
2 0.5024038461538461 0.625 0.027644230769230768 0.021634615384615384
2 0.5697115384615384 0.021634615384615384 0.013221153846153846 0.03245192307692308
2 0.18990384615384615 0.3605769230769231 0.02283653846153846 0.028846153846153848
2 0.4699519230769231 0.0889423076923077 0.06129807692307692 0.0889423076923077
2 0.203125 0.8930288461538461 0.04326923076923077 0.036057692307692304
2 0.5865384615384616 0.5901442307692307 0.054086538461538464 0.04326923076923077
2 0.7163461538461539 0.055288461538461536 0.03485576923076923 0.036057692307692304
2 0.5817307692307693 0.8882211538461539 0.05889423076923077 0.08653846153846154
2 0.30649038461538464 0.3858173076923077 0.1045673076923077 0.12620192307692307
2 0.6947115384615384 0.9423076923076923 0.0829326923076923 0.09134615384615384
2 0.8762019230769231 0.0829326923076923 0.14903846153846154 0.16105769230769232
2 0.7391826923076923 0.36658653846153844 0.026442307692307692 0.019230769230769232
2 0.8569711538461539 0.3858173076923077 0.05889423076923077 0.04807692307692308
2 0.6971153846153846 0.7548076923076923 0.021634615384615384 0.03365384615384615
2 0.625 0.9507211538461539 0.03245192307692308 0.057692307692307696
2 0.03365384615384615 0.4026442307692308 0.06610576923076923 0.0733173076923077
2 0.019230769230769232 0.5540865384615384 0.038461538461538464 0.0889423076923077
2 0.9555288461538461 0.6021634615384616 0.0889423076923077 0.09975961538461539
2 0.7920673076923077 0.9447115384615384 0.08653846153846154 0.09014423076923077
2 0.09735576923076923 0.9158653846153846 0.1935096153846154 0.16826923076923078
2 0.08173076923076923 0.10576923076923077 0.06009615384615385 0.09134615384615384
2 0.9122596153846154 0.765625 0.06610576923076923 0.06971153846153846
2 0.5048076923076923 0.4639423076923077 0.03125 0.05048076923076923
2 0.08173076923076923 0.5853365384615384 0.06971153846153846 0.09615384615384616
2 0.10576923076923077 0.5 0.06610576923076923 0.0733173076923077
2 0.17908653846153846 0.14182692307692307 0.03485576923076923 0.027644230769230768
2 0.5096153846153846 0.10697115384615384 0.01201923076923077 0.014423076923076924
2 0.5300480769230769 0.21754807692307693 0.013221153846153846 0.016826923076923076
2 0.203125 0.03125 0.07211538461538461 0.056490384615384616
2 0.8846153846153846 0.7043269230769231 0.03485576923076923 0.042067307692307696
2 0.8497596153846154 0.2800480769230769 0.16947115384615385 0.1466346153846154
2 0.7800480769230769 0.6802884615384616 0.09254807692307693 0.06850961538461539
2 0.4387019230769231 0.21514423076923078 0.10336538461538461 0.10576923076923077
2 0.8016826923076923 0.484375 0.020432692307692308 0.030048076923076924
2 0.039663461538461536 0.3076923076923077 0.07932692307692307 0.08653846153846154
2 0.5132211538461539 0.2403846153846154 0.014423076923076924 0.02283653846153846
2 0.9375 0.4074519230769231 0.027644230769230768 0.03125