4 0.7524038461538461 0.625 0.4951923076923077 0.7487980769230769
2 0.4831730769230769 0.4254807692307692 0.04567307692307692 0.06490384615384616
2 0.34375 0.0625 0.021634615384615384 0.030048076923076924
2 0.9375 0.015625 0.06370192307692307 0.028846153846153848
0 0.4254807692307692 0.6911057692307693 0.04807692307692308 0.06490384615384616
4 0.3125 0.5 0.2620192307692308 0.9963942307692307
0 0.21754807692307693 0.5637019230769231 0.30649038461538464 0.6754807692307693
0 0.7896634615384616 0.43028846153846156 0.13701923076923078 0.18870192307692307
0 0.4795673076923077 0.9723557692307693 0.036057692307692304 0.05048076923076923
2 0.6754807692307693 0.48677884615384615 0.10817307692307693 0.12139423076923077
2 0.6394230769230769 0.19230769230769232 0.030048076923076924 0.037259615384615384
3 0.44471153846153844 0.671875 0.17427884615384615 0.4110576923076923
2 0.9747596153846154 0.8413461538461539 0.05048076923076923 0.18509615384615385
2 0.7668269230769231 0.9050480769230769 0.08774038461538461 0.13822115384615385
2 0.3701923076923077 0.9435096153846154 0.0673076923076923 0.11057692307692307
0 0.3088942307692308 0.4170673076923077 0.12139423076923077 0.21153846153846154