2 0.46033653846153844 0.8882211538461539 0.05889423076923077 0.06129807692307692
2 0.8509615384615384 0.4579326923076923 0.08774038461538461 0.0733173076923077
4 0.609375 0.5805288461538461 0.78125 0.48197115384615385
2 0.5925480769230769 0.6935096153846154 0.040865384615384616 0.04807692307692308
2 0.4098557692307692 0.8257211538461539 0.052884615384615384 0.039663461538461536
2 0.8990384615384616 0.15144230769230768 0.20192307692307693 0.296875
2 0.4579326923076923 0.11057692307692307 0.11298076923076923 0.14903846153846154
2 0.2824519230769231 0.9723557692307693 0.06610576923076923 0.037259615384615384
2 0.6177884615384616 0.08533653846153846 0.14302884615384615 0.13341346153846154
2 0.7463942307692307 0.07211538461538461 0.12139423076923077 0.13701923076923078
2 0.33533653846153844 0.7932692307692307 0.08173076923076923 0.12620192307692307
2 0.8185096153846154 0.25841346153846156 0.040865384615384616 0.055288461538461536
2 0.7403846153846154 0.8497596153846154 0.5192307692307693 0.2920673076923077
2 0.35697115384615385 0.8966346153846154 0.0829326923076923 0.10216346153846154
2 0.9759615384615384 0.3449519230769231 0.04807692307692308 0.08413461538461539
2 0.22115384615384615 0.9266826923076923 0.10576923076923077 0.140625
2 0.7307692307692307 0.3641826923076923 0.04567307692307692 0.04927884615384615
2 0.1935096153846154 0.765625 0.21875 0.21634615384615385
2 0.6105769230769231 0.31850961538461536 0.23076923076923078 0.3233173076923077
2 0.08173076923076923 0.8545673076923077 0.16346153846153846 0.28846153846153844
2 0.7512019230769231 0.44711538461538464 0.030048076923076924 0.051682692307692304
2 0.3245192307692308 0.6442307692307693 0.11778846153846154 0.16706730769230768
2 0.8125 0.7451923076923077 0.040865384615384616 0.042067307692307696
2 0.3581730769230769 0.9699519230769231 0.09495192307692307 0.05048076923076923
2 0.12259615384615384 0.4375 0.24519230769230768 0.41947115384615385
2 0.4411057692307692 0.6694711538461539 0.08653846153846154 0.17067307692307693
2 0.4543269230769231 0.2980769230769231 0.11177884615384616 0.25
2 0.9290865384615384 0.47475961538461536 0.052884615384615384 0.04447115384615385
2 0.20072115384615385 0.1778846153846154 0.4014423076923077 0.3557692307692308
2 0.7271634615384616 0.7427884615384616 0.027644230769230768 0.037259615384615384
2 0.8882211538461539 0.35096153846153844 0.07932692307692307 0.08173076923076923
2 0.9038461538461539 0.5300480769230769 0.038461538461538464 0.06009615384615385
2 0.7475961538461539 0.3088942307692308 0.051682692307692304 0.08413461538461539