2 0.9086538461538461 0.5877403846153846 0.03125 0.051682692307692304
2 0.296875 0.8557692307692307 0.11177884615384616 0.15264423076923078
2 0.20432692307692307 0.24639423076923078 0.04927884615384615 0.16826923076923078
2 0.6947115384615384 0.10697115384615384 0.03245192307692308 0.055288461538461536
5 0.7932692307692307 0.6213942307692307 0.052884615384615384 0.07091346153846154
2 0.9639423076923077 0.03365384615384615 0.07211538461538461 0.06129807692307692
2 0.9627403846153846 0.6610576923076923 0.0733173076923077 0.19591346153846154
5 0.9483173076923077 0.8521634615384616 0.05889423076923077 0.06971153846153846
2 0.01201923076923077 0.5552884615384616 0.016826923076923076 0.02283653846153846
2 0.5829326923076923 0.6526442307692307 0.02403846153846154 0.028846153846153848
2 0.06009615384615385 0.2848557692307692 0.02403846153846154 0.055288461538461536
5 0.9807692307692307 0.21995192307692307 0.037259615384615384 0.057692307692307696
5 0.43509615384615385 0.019230769230769232 0.0889423076923077 0.03485576923076923
2 0.02283653846153846 0.796875 0.04447115384615385 0.05048076923076923
2 0.06370192307692307 0.859375 0.014423076923076924 0.026442307692307692
2 0.7019230769230769 0.515625 0.03365384615384615 0.07451923076923077
2 0.9447115384615384 0.3918269230769231 0.055288461538461536 0.06009615384615385
2 0.14182692307692307 0.7536057692307693 0.038461538461538464 0.03485576923076923
2 0.8197115384615384 0.14783653846153846 0.09014423076923077 0.09375
5 0.22235576923076922 0.9278846153846154 0.03485576923076923 0.026442307692307692
5 0.5048076923076923 0.7692307692307693 0.05048076923076923 0.06129807692307692
2 0.7379807692307693 0.24879807692307693 0.038461538461538464 0.06490384615384616
2 0.15384615384615385 0.3245192307692308 0.04567307692307692 0.06490384615384616
5 0.40384615384615385 0.6838942307692307 0.056490384615384616 0.078125
2 0.5540865384615384 0.7319711538461539 0.05048076923076923 0.05889423076923077
5 0.9254807692307693 0.32211538461538464 0.055288461538461536 0.07451923076923077
2 0.203125 0.47716346153846156 0.05889423076923077 0.09014423076923077
2 0.24759615384615385 0.8040865384615384 0.06490384615384616 0.08173076923076923
2 0.8473557692307693 0.9002403846153846 0.04807692307692308 0.056490384615384616
2 0.9675480769230769 0.5192307692307693 0.040865384615384616 0.05048076923076923
2 0.8894230769230769 0.7680288461538461 0.027644230769230768 0.03365384615384615
2 0.01201923076923077 0.4098557692307692 0.02403846153846154 0.0733173076923077
2 0.6478365384615384 0.06129807692307692 0.09975961538461539 0.055288461538461536
5 0.030048076923076924 0.26322115384615385 0.05889423076923077 0.04567307692307692
2 0.31850961538461536 0.35216346153846156 0.055288461538461536 0.0889423076923077
2 0.0733173076923077 0.8365384615384616 0.026442307692307692 0.040865384615384616
2 0.6225961538461539 0.5240384615384616 0.10697115384615384 0.09375
2 0.8449519230769231 0.4855769230769231 0.11298076923076923 0.13942307692307693
2 0.8293269230769231 0.25 0.05889423076923077 0.06850961538461539
2 0.8990384615384616 0.2512019230769231 0.07211538461538461 0.06971153846153846
2 0.7872596153846154 0.7175480769230769 0.06971153846153846 0.0985576923076923
2 0.6646634615384616 0.8004807692307693 0.18028846153846154 0.20432692307692307
2 0.8545673076923077 0.3125 0.0889423076923077 0.05889423076923077
2 0.4483173076923077 0.8870192307692307 0.038461538461538464 0.09615384615384616
2 0.8209134615384616 0.0673076923076923 0.037259615384615384 0.04326923076923077
5 0.24158653846153846 0.6117788461538461 0.056490384615384616 0.07932692307692307
5 0.5072115384615384 0.9194711538461539 0.03485576923076923 0.04927884615384615
2 0.7884615384615384 0.41947115384615385 0.04807692307692308 0.09615384615384616
2 0.8052884615384616 0.796875 0.09375 0.054086538461538464
5 0.9350961538461539 0.7800480769230769 0.04807692307692308 0.05889423076923077
5 0.8870192307692307 0.8617788461538461 0.028846153846153848 0.040865384615384616
2 0.13942307692307693 0.2692307692307692 0.04807692307692308 0.04326923076923077
2 0.3557692307692308 0.5024038461538461 0.030048076923076924 0.05889423076923077
2 0.10576923076923077 0.7980769230769231 0.040865384615384616 0.04447115384615385
5 0.19110576923076922 0.8473557692307693 0.027644230769230768 0.03485576923076923
2 0.25841346153846156 0.953125 0.04807692307692308 0.05889423076923077
2 0.5504807692307693 0.8221153846153846 0.04326923076923077 0.09134615384615384
2 0.6658653846153846 0.2620192307692308 0.09014423076923077 0.18389423076923078
2 0.6009615384615384 0.6322115384615384 0.055288461538461536 0.09254807692307693
2 0.6862980769230769 0.6225961538461539 0.08653846153846154 0.12259615384615384
5 0.27403846153846156 0.21514423076923078 0.06850961538461539 0.09014423076923077
2 0.4891826923076923 0.671875 0.06370192307692307 0.08774038461538461
2 0.47596153846153844 0.5324519230769231 0.15264423076923078 0.21634615384615385
2 0.3894230769230769 0.9098557692307693 0.05889423076923077 0.09735576923076923
2 0.28365384615384615 0.5132211538461539 0.057692307692307696 0.09375
5 0.04807692307692308 0.43149038461538464 0.06850961538461539 0.08653846153846154
2 0.39302884615384615 0.11298076923076923 0.051682692307692304 0.10216346153846154
2 0.6766826923076923 0.40024038461538464 0.15865384615384615 0.1141826923076923
2 0.055288461538461536 0.7139423076923077 0.09615384615384616 0.09735576923076923
2 0.1814903846153846 0.7079326923076923 0.12860576923076922 0.08413461538461539
2 0.47115384615384615 0.7932692307692307 0.038461538461538464 0.07091346153846154
5 0.5324519230769231 0.4338942307692308 0.11298076923076923 0.08413461538461539
2 0.9567307692307693 0.9134615384615384 0.08653846153846154 0.14182692307692307
2 0.10697115384615384 0.39663461538461536 0.013221153846153846 0.027644230769230768
2 0.125 0.13701923076923078 0.10697115384615384 0.19831730769230768
2 0.890625 0.055288461538461536 0.040865384615384616 0.07692307692307693
2 0.7295673076923077 0.16706730769230768 0.04927884615384615 0.10576923076923077
2 0.9711538461538461 0.3076923076923077 0.02403846153846154 0.036057692307692304
2 0.5805288461538461 0.9555288461538461 0.06129807692307692 0.08413461538461539
3 0.34134615384615385 0.15144230769230768 0.21394230769230768 0.3016826923076923
3 0.5625 0.171875 0.17307692307692307 0.265625
2 0.2848557692307692 0.32572115384615385 0.10817307692307693 0.125
2 0.3737980769230769 0.3713942307692308 0.057692307692307696 0.16947115384615385
2 0.06129807692307692 0.25 0.11057692307692307 0.07932692307692307
2 0.015625 0.9314903846153846 0.03125 0.12259615384615384
2 0.484375 0.2283653846153846 0.09375 0.0889423076923077
2 0.65625 0.9639423076923077 0.037259615384615384 0.06490384615384616
2 0.7307692307692307 0.9447115384615384 0.14182692307692307 0.10576923076923077
3 0.8954326923076923 0.7283653846153846 0.056490384615384616 0.04927884615384615
2 0.03245192307692308 0.18269230769230768 0.052884615384615384 0.0733173076923077
2 0.13581730769230768 0.06850961538461539 0.27163461538461536 0.12139423076923077
2 0.31850961538461536 0.6502403846153846 0.1141826923076923 0.20432692307692307
5 0.030048076923076924 0.5576923076923077 0.026442307692307692 0.037259615384615384
2 0.5504807692307693 0.65625 0.04447115384615385 0.056490384615384616
2 0.8581730769230769 0.9627403846153846 0.10817307692307693 0.0673076923076923
5 0.2283653846153846 0.8677884615384616 0.027644230769230768 0.042067307692307696
2 0.15745192307692307 0.9134615384615384 0.08173076923076923 0.08173076923076923
2 0.021634615384615384 0.8449519230769231 0.03365384615384615 0.03365384615384615
2 0.9855769230769231 0.7740384615384616 0.027644230769230768 0.05048076923076923
2 0.8425480769230769 0.8449519230769231 0.018028846153846152 0.04326923076923077
2 0.3317307692307692 0.25600961538461536 0.027644230769230768 0.046875
2 0.7223557692307693 0.6959134615384616 0.05889423076923077 0.056490384615384616
2 0.8918269230769231 0.6478365384615384 0.04567307692307692 0.03485576923076923
2 0.16947115384615385 0.6021634615384616 0.019230769230769232 0.027644230769230768
2 0.7415865384615384 0.021634615384615384 0.04807692307692308 0.04326923076923077
2 0.5240384615384616 0.9639423076923077 0.04807692307692308 0.04326923076923077