2 0.5492788461538461 0.9771634615384616 0.04326923076923077 0.04567307692307692
2 0.4543269230769231 0.06610576923076923 0.06850961538461539 0.13221153846153846
2 0.6887019230769231 0.9194711538461539 0.036057692307692304 0.04326923076923077
2 0.43990384615384615 0.8052884615384616 0.04567307692307692 0.04447115384615385
2 0.3485576923076923 0.5276442307692307 0.052884615384615384 0.0985576923076923
2 0.9266826923076923 0.453125 0.03245192307692308 0.027644230769230768
0 0.6346153846153846 0.9579326923076923 0.13942307692307693 0.06971153846153846
2 0.9771634615384616 0.30528846153846156 0.04567307692307692 0.08653846153846154
0 0.45552884615384615 0.921875 0.15865384615384615 0.14543269230769232
0 0.08173076923076923 0.9783653846153846 0.12379807692307693 0.04326923076923077
2 0.5829326923076923 0.4098557692307692 0.08413461538461539 0.056490384615384616
2 0.8064903846153846 0.6742788461538461 0.040865384615384616 0.125
2 0.7920673076923077 0.5384615384615384 0.040865384615384616 0.109375
2 0.6586538461538461 0.4254807692307692 0.07451923076923077 0.08413461538461539
0 0.25841346153846156 0.9038461538461539 0.1346153846153846 0.18629807692307693
2 0.5625 0.46033653846153844 0.03485576923076923 0.026442307692307692
2 0.7439903846153846 0.5072115384615384 0.06009615384615385 0.078125
3 0.5024038461538461 0.36177884615384615 0.9951923076923077 0.71875
3 0.9651442307692307 0.13341346153846154 0.06850961538461539 0.1045673076923077
2 0.7872596153846154 0.41586538461538464 0.08413461538461539 0.15745192307692307
2 0.7295673076923077 0.96875 0.05048076923076923 0.039663461538461536
2 0.8882211538461539 0.17307692307692307 0.04447115384615385 0.078125
2 0.3389423076923077 0.057692307692307696 0.027644230769230768 0.040865384615384616
2 0.16466346153846154 0.23076923076923078 0.3293269230769231 0.46153846153846156
2 0.7295673076923077 0.6117788461538461 0.09975961538461539 0.15384615384615385
2 0.2548076923076923 0.13221153846153846 0.06971153846153846 0.14423076923076922
2 0.5721153846153846 0.9182692307692307 0.03485576923076923 0.04447115384615385
2 0.2620192307692308 0.5264423076923077 0.10576923076923077 0.11177884615384616
2 0.7319711538461539 0.8473557692307693 0.054086538461538464 0.09254807692307693
2 0.2980769230769231 0.7463942307692307 0.056490384615384616 0.0829326923076923
0 0.037259615384615384 0.9098557692307693 0.04567307692307692 0.05889423076923077
2 0.8918269230769231 0.5012019230769231 0.04567307692307692 0.06370192307692307
2 0.6850961538461539 0.28846153846153844 0.11778846153846154 0.18269230769230768
2 0.38341346153846156 0.13942307692307693 0.03365384615384615 0.10096153846153846
0 0.8774038461538461 0.9038461538461539 0.2091346153846154 0.18990384615384615
2 0.36778846153846156 0.8197115384615384 0.04567307692307692 0.09495192307692307
0 0.8004807692307693 0.7043269230769231 0.39903846153846156 0.22596153846153846
2 0.5048076923076923 0.8137019230769231 0.039663461538461536 0.06370192307692307