2 0.5360576923076923 0.8305288461538461 0.19230769230769232 0.2824519230769231
2 0.19110576923076922 0.2247596153846154 0.036057692307692304 0.05889423076923077
2 0.6069711538461539 0.4963942307692308 0.016826923076923076 0.03245192307692308
2 0.21153846153846154 0.35336538461538464 0.06370192307692307 0.11177884615384616
2 0.11057692307692307 0.3125 0.037259615384615384 0.057692307692307696
2 0.2764423076923077 0.1466346153846154 0.06009615384615385 0.17668269230769232
2 0.14182692307692307 0.6790865384615384 0.021634615384615384 0.03125
2 0.9399038461538461 0.7271634615384616 0.04326923076923077 0.055288461538461536
2 0.5913461538461539 0.4567307692307692 0.040865384615384616 0.06009615384615385
4 0.35096153846153844 0.5 0.29086538461538464 0.9987980769230769
2 0.453125 0.22716346153846154 0.04326923076923077 0.06490384615384616
2 0.7199519230769231 0.43028846153846156 0.04447115384615385 0.07692307692307693
2 0.018028846153846152 0.9471153846153846 0.03485576923076923 0.07451923076923077
2 0.8858173076923077 0.9086538461538461 0.027644230769230768 0.04807692307692308
2 0.9795673076923077 0.8473557692307693 0.021634615384615384 0.028846153846153848
2 0.6454326923076923 0.8209134615384616 0.052884615384615384 0.0625
2 0.9375 0.8317307692307693 0.02403846153846154 0.026442307692307692
2 0.8064903846153846 0.3449519230769231 0.0625 0.08653846153846154
2 0.9567307692307693 0.7872596153846154 0.030048076923076924 0.05048076923076923
2 0.8088942307692307 0.8677884615384616 0.037259615384615384 0.051682692307692304
2 0.8016826923076923 0.7019230769230769 0.026442307692307692 0.027644230769230768
2 0.057692307692307696 0.2980769230769231 0.042067307692307696 0.06129807692307692
2 0.06610576923076923 0.6442307692307693 0.040865384615384616 0.057692307692307696
2 0.5612980769230769 0.18389423076923078 0.028846153846153848 0.027644230769230768
2 0.8581730769230769 0.9543269230769231 0.021634615384615384 0.04567307692307692
2 0.8449519230769231 0.8353365384615384 0.021634615384615384 0.02403846153846154
2 0.7355769230769231 0.33533653846153844 0.04807692307692308 0.07091346153846154
2 0.30408653846153844 0.037259615384615384 0.07932692307692307 0.07451923076923077
2 0.8629807692307693 0.7175480769230769 0.02403846153846154 0.014423076923076924
2 0.8954326923076923 0.8052884615384616 0.014423076923076924 0.03125
2 0.7211538461538461 0.10336538461538461 0.019230769230769232 0.019230769230769232