2 0.9495192307692307 0.3870192307692308 0.040865384615384616 0.05048076923076923
2 0.8701923076923077 0.5829326923076923 0.07932692307692307 0.09735576923076923
2 0.18028846153846154 0.7199519230769231 0.08653846153846154 0.08173076923076923
2 0.9170673076923077 0.9795673076923077 0.040865384615384616 0.03485576923076923
2 0.2620192307692308 0.14543269230769232 0.025240384615384616 0.040865384615384616
2 0.6802884615384616 0.453125 0.03485576923076923 0.07451923076923077
2 0.47596153846153844 0.1875 0.028846153846153848 0.04567307692307692
2 0.6754807692307693 0.03365384615384615 0.027644230769230768 0.04326923076923077
2 0.9507211538461539 0.5661057692307693 0.04567307692307692 0.07451923076923077
2 0.8317307692307693 0.4182692307692308 0.055288461538461536 0.06971153846153846
2 0.6634615384615384 0.6274038461538461 0.11778846153846154 0.10096153846153846
2 0.17668269230769232 0.5252403846153846 0.06610576923076923 0.12259615384615384
2 0.5012019230769231 0.7620192307692307 0.04567307692307692 0.05889423076923077
2 0.7548076923076923 0.9579326923076923 0.03125 0.05048076923076923
2 0.078125 0.7536057692307693 0.040865384615384616 0.06490384615384616
4 0.36658653846153844 0.5024038461538461 0.7331730769230769 0.9951923076923077
2 0.49759615384615385 0.11538461538461539 0.038461538461538464 0.056490384615384616
2 0.2403846153846154 0.7331730769230769 0.03245192307692308 0.03125
2 0.1045673076923077 0.8834134615384616 0.030048076923076924 0.04326923076923077
2 0.3004807692307692 0.11899038461538461 0.025240384615384616 0.038461538461538464
2 0.4338942307692308 0.8221153846153846 0.055288461538461536 0.06009615384615385
2 0.7403846153846154 0.5 0.03485576923076923 0.046875
2 0.5925480769230769 0.09375 0.025240384615384616 0.03365384615384615
2 0.32211538461538464 0.78125 0.038461538461538464 0.04567307692307692
2 0.8028846153846154 0.640625 0.046875 0.04567307692307692
2 0.9423076923076923 0.4483173076923077 0.01201923076923077 0.016826923076923076
2 0.27403846153846156 0.9711538461538461 0.026442307692307692 0.054086538461538464
2 0.9867788461538461 0.32211538461538464 0.02283653846153846 0.037259615384615384
2 0.5745192307692307 0.625 0.014423076923076924 0.027644230769230768
2 0.6225961538461539 0.5817307692307693 0.06129807692307692 0.06009615384615385
2 0.008413461538461538 0.8653846153846154 0.016826923076923076 0.030048076923076924
2 0.27403846153846156 0.8233173076923077 0.055288461538461536 0.06850961538461539
2 0.5564903846153846 0.4735576923076923 0.03245192307692308 0.037259615384615384
2 0.4026442307692308 0.6177884615384616 0.04927884615384615 0.04326923076923077
2 0.036057692307692304 0.5733173076923077 0.027644230769230768 0.036057692307692304
2 0.6923076923076923 0.49399038461538464 0.036057692307692304 0.038461538461538464
2 0.1310096153846154 0.46875 0.014423076923076924 0.016826923076923076
2 0.5973557692307693 0.4651442307692308 0.018028846153846152 0.027644230769230768
2 0.5288461538461539 0.4182692307692308 0.030048076923076924 0.038461538461538464
2 0.5649038461538461 0.2439903846153846 0.02283653846153846 0.03365384615384615
2 0.609375 0.008413461538461538 0.01201923076923077 0.016826923076923076
2 0.890625 0.46153846153846156 0.057692307692307696 0.06610576923076923
2 0.30408653846153844 0.2668269230769231 0.016826923076923076 0.030048076923076924
2 0.7740384615384616 0.38822115384615385 0.019230769230769232 0.020432692307692308
2 0.9747596153846154 0.08533653846153846 0.020432692307692308 0.025240384615384616
2 0.8161057692307693 0.1141826923076923 0.021634615384615384 0.03245192307692308
2 0.9519230769230769 0.20432692307692307 0.027644230769230768 0.06009615384615385
2 0.4567307692307692 0.7103365384615384 0.03485576923076923 0.046875
2 0.7740384615384616 0.8846153846153846 0.020432692307692308 0.03245192307692308
2 0.06129807692307692 0.8088942307692307 0.042067307692307696 0.05048076923076923
2 0.007211538461538462 0.6021634615384616 0.014423076923076924 0.02283653846153846
2 0.055288461538461536 0.5360576923076923 0.02283653846153846 0.02403846153846154
2 0.7824519230769231 0.15384615384615385 0.03245192307692308 0.04326923076923077
2 0.8762019230769231 0.11177884615384616 0.037259615384615384 0.04447115384615385
2 0.9495192307692307 0.11778846153846154 0.038461538461538464 0.052884615384615384
2 0.9867788461538461 0.5564903846153846 0.026442307692307692 0.05048076923076923
2 0.14423076923076922 0.7127403846153846 0.019230769230769232 0.018028846153846152
2 0.5504807692307693 0.40865384615384615 0.027644230769230768 0.038461538461538464
2 0.9639423076923077 0.6947115384615384 0.04326923076923077 0.04807692307692308