0 0.20072115384615385 0.6706730769230769 0.03125 0.028846153846153848
0 0.671875 0.9855769230769231 0.02403846153846154 0.02283653846153846
0 0.8689903846153846 0.5528846153846154 0.056490384615384616 0.09735576923076923
0 0.5084134615384616 0.4110576923076923 0.1310096153846154 0.171875
2 0.47596153846153844 0.6838942307692307 0.019230769230769232 0.026442307692307692
2 0.5048076923076923 0.6838942307692307 0.02283653846153846 0.027644230769230768
4 0.8918269230769231 0.7127403846153846 0.13701923076923078 0.5673076923076923
2 0.07692307692307693 0.21995192307692307 0.027644230769230768 0.05889423076923077
3 0.47475961538461536 0.2848557692307692 0.08774038461538461 0.03245192307692308
2 0.5492788461538461 0.8882211538461539 0.027644230769230768 0.028846153846153848
0 0.36658653846153844 0.3425480769230769 0.08173076923076923 0.27283653846153844
0 0.7944711538461539 0.71875 0.08653846153846154 0.16346153846153846
4 0.453125 0.5240384615384616 0.9026442307692307 0.9471153846153846
2 0.7596153846153846 0.203125 0.026442307692307692 0.021634615384615384
2 0.5384615384615384 0.21153846153846154 0.019230769230769232 0.03365384615384615
0 0.12740384615384615 0.36658653846153844 0.14543269230769232 0.48197115384615385
2 0.7692307692307693 0.1622596153846154 0.02283653846153846 0.021634615384615384
2 0.625 0.6442307692307693 0.019230769230769232 0.026442307692307692
2 0.7007211538461539 0.23076923076923078 0.014423076923076924 0.018028846153846152
2 0.7644230769230769 0.4675480769230769 0.013221153846153846 0.021634615384615384
0 0.3485576923076923 0.6009615384615384 0.23557692307692307 0.38461538461538464
0 0.21514423076923078 0.7992788461538461 0.020432692307692308 0.037259615384615384
0 0.8725961538461539 0.953125 0.08413461538461539 0.09014423076923077
0 0.2439903846153846 0.7475961538461539 0.018028846153846152 0.019230769230769232
2 0.140625 0.90625 0.014423076923076924 0.030048076923076924
2 0.9879807692307693 0.15745192307692307 0.02403846153846154 0.021634615384615384
2 0.9507211538461539 0.25240384615384615 0.020432692307692308 0.037259615384615384
0 0.21634615384615385 0.7331730769230769 0.026442307692307692 0.019230769230769232
2 0.016826923076923076 0.875 0.02403846153846154 0.03485576923076923
2 0.010817307692307692 0.5396634615384616 0.021634615384615384 0.03245192307692308
0 0.984375 0.8725961538461539 0.030048076923076924 0.0673076923076923
0 0.7259615384615384 0.8617788461538461 0.042067307692307696 0.10336538461538461
2 0.17067307692307693 0.9855769230769231 0.014423076923076924 0.028846153846153848
0 0.9735576923076923 0.7572115384615384 0.02403846153846154 0.046875
0 0.25240384615384615 0.6838942307692307 0.030048076923076924 0.03485576923076923
0 0.6045673076923077 0.6213942307692307 0.09254807692307693 0.21875
0 0.2956730769230769 0.734375 0.020432692307692308 0.02403846153846154
0 0.4254807692307692 0.4182692307692308 0.038461538461538464 0.078125
0 0.6646634615384616 0.39663461538461536 0.038461538461538464 0.08653846153846154
2 0.18509615384615385 0.9098557692307693 0.01201923076923077 0.026442307692307692
2 0.890625 0.8161057692307693 0.03485576923076923 0.05889423076923077
0 0.3858173076923077 0.9098557692307693 0.026442307692307692 0.051682692307692304
2 0.03245192307692308 0.7632211538461539 0.020432692307692308 0.038461538461538464
3 0.06850961538461539 0.8966346153846154 0.06610576923076923 0.19951923076923078
0 0.06850961538461539 0.5276442307692307 0.021634615384615384 0.028846153846153848
2 0.5372596153846154 0.9375 0.014423076923076924 0.02283653846153846
2 0.7932692307692307 0.18990384615384615 0.027644230769230768 0.038461538461538464
2 0.9495192307692307 0.1778846153846154 0.02403846153846154 0.036057692307692304