2 0.5625 0.59375 0.04807692307692308 0.03245192307692308
2 0.6045673076923077 0.38221153846153844 0.025240384615384616 0.042067307692307696
2 0.8161057692307693 0.8701923076923077 0.019230769230769232 0.026442307692307692
2 0.8064903846153846 0.39663461538461536 0.030048076923076924 0.04447115384615385
2 0.5444711538461539 0.38100961538461536 0.037259615384615384 0.05048076923076923
3 0.6995192307692307 0.8846153846153846 0.06850961538461539 0.23076923076923078
2 0.6887019230769231 0.59375 0.09014423076923077 0.07451923076923077
2 0.5973557692307693 0.5228365384615384 0.02403846153846154 0.06009615384615385
2 0.8786057692307693 0.37259615384615385 0.014423076923076924 0.02283653846153846
2 0.34615384615384615 0.4254807692307692 0.025240384615384616 0.042067307692307696
2 0.6538461538461539 0.9639423076923077 0.02403846153846154 0.036057692307692304
2 0.17908653846153846 0.4639423076923077 0.03485576923076923 0.054086538461538464
2 0.4375 0.5084134615384616 0.04927884615384615 0.05048076923076923
0 0.7572115384615384 0.38461538461538464 0.057692307692307696 0.09975961538461539
2 0.36177884615384615 0.38822115384615385 0.028846153846153848 0.06610576923076923
2 0.6213942307692307 0.9002403846153846 0.027644230769230768 0.03125
2 0.6225961538461539 0.15264423076923078 0.0625 0.10336538461538461
2 0.27403846153846156 0.19471153846153846 0.021634615384615384 0.03245192307692308
2 0.5745192307692307 0.7475961538461539 0.06129807692307692 0.17668269230769232
2 0.5877403846153846 0.26322115384615385 0.02403846153846154 0.03245192307692308
2 0.9423076923076923 0.24158653846153846 0.04567307692307692 0.08173076923076923
2 0.3173076923076923 0.9230769230769231 0.038461538461538464 0.046875
2 0.5120192307692307 0.1778846153846154 0.040865384615384616 0.055288461538461536
2 0.5084134615384616 0.9699519230769231 0.056490384615384616 0.039663461538461536
2 0.16346153846153846 0.7956730769230769 0.05048076923076923 0.078125
2 0.20072115384615385 0.2403846153846154 0.04567307692307692 0.05048076923076923
2 0.19110576923076922 0.8870192307692307 0.04447115384615385 0.10576923076923077
2 0.49278846153846156 0.37259615384615385 0.04326923076923077 0.06370192307692307
2 0.06610576923076923 0.22716346153846154 0.04447115384615385 0.038461538461538464
2 0.5288461538461539 0.8052884615384616 0.03245192307692308 0.056490384615384616
2 0.3641826923076923 0.9651442307692307 0.036057692307692304 0.05889423076923077
2 0.47115384615384615 0.4735576923076923 0.014423076923076924 0.027644230769230768
2 0.02283653846153846 0.06490384615384616 0.037259615384615384 0.042067307692307696
2 0.7163461538461539 0.4567307692307692 0.042067307692307696 0.046875
2 0.41586538461538464 0.8990384615384616 0.07932692307692307 0.10697115384615384
2 0.04927884615384615 0.3004807692307692 0.04567307692307692 0.05048076923076923
4 0.8016826923076923 0.6730769230769231 0.3473557692307692 0.11658653846153846
2 0.4182692307692308 0.19471153846153846 0.038461538461538464 0.054086538461538464
0 0.7487980769230769 0.18389423076923078 0.06971153846153846 0.26802884615384615
2 0.5348557692307693 0.5528846153846154 0.07692307692307693 0.04927884615384615
2 0.4951923076923077 0.46033653846153844 0.03125 0.055288461538461536
2 0.07091346153846154 0.3449519230769231 0.03485576923076923 0.03245192307692308
2 0.6959134615384616 0.5348557692307693 0.042067307692307696 0.051682692307692304
2 0.014423076923076924 0.32211538461538464 0.027644230769230768 0.040865384615384616
2 0.8088942307692307 0.8233173076923077 0.038461538461538464 0.03365384615384615
2 0.8786057692307693 0.49278846153846156 0.021634615384615384 0.05889423076923077
2 0.6370192307692307 0.421875 0.04567307692307692 0.05048076923076923
2 0.052884615384615384 0.18990384615384615 0.03125 0.04447115384615385
2 0.14903846153846154 0.5925480769230769 0.025240384615384616 0.057692307692307696
2 0.5925480769230769 0.9519230769230769 0.014423076923076924 0.042067307692307696
2 0.042067307692307696 0.9350961538461539 0.036057692307692304 0.056490384615384616
2 0.24158653846153846 0.04447115384615385 0.08052884615384616 0.0889423076923077
0 0.1141826923076923 0.2800480769230769 0.07451923076923077 0.0889423076923077
2 0.5829326923076923 0.3173076923076923 0.06129807692307692 0.056490384615384616
2 0.2800480769230769 0.4735576923076923 0.037259615384615384 0.08413461538461539
2 0.671875 0.3245192307692308 0.030048076923076924 0.026442307692307692
2 0.24639423076923078 0.5288461538461539 0.038461538461538464 0.057692307692307696
2 0.8413461538461539 0.026442307692307692 0.019230769230769232 0.05048076923076923
2 0.22716346153846154 0.7884615384615384 0.057692307692307696 0.09254807692307693
0 0.13701923076923078 0.042067307692307696 0.09615384615384616 0.0829326923076923
2 0.41466346153846156 0.9699519230769231 0.03125 0.03245192307692308
0 0.01201923076923077 0.9447115384615384 0.02403846153846154 0.10576923076923077
2 0.171875 0.5192307692307693 0.06009615384615385 0.05048076923076923
2 0.3401442307692308 0.6754807692307693 0.04567307692307692 0.08173076923076923
2 0.8100961538461539 0.19110576923076922 0.02403846153846154 0.036057692307692304
2 0.5228365384615384 0.5 0.030048076923076924 0.04447115384615385
2 0.3557692307692308 0.30528846153846156 0.013221153846153846 0.036057692307692304
2 0.1201923076923077 0.3701923076923077 0.027644230769230768 0.046875
2 0.8870192307692307 0.5625 0.037259615384615384 0.06129807692307692
2 0.90625 0.07692307692307693 0.021634615384615384 0.04927884615384615
2 0.37740384615384615 0.23677884615384615 0.04567307692307692 0.055288461538461536
2 0.28966346153846156 0.7860576923076923 0.02283653846153846 0.03245192307692308
2 0.38100961538461536 0.5925480769230769 0.04447115384615385 0.08653846153846154
2 0.2980769230769231 0.6814903846153846 0.03245192307692308 0.028846153846153848
2 0.7007211538461539 0.7427884615384616 0.06971153846153846 0.04567307692307692
2 0.12620192307692307 0.47716346153846156 0.030048076923076924 0.03365384615384615
2 0.5228365384615384 0.009615384615384616 0.04807692307692308 0.019230769230769232
2 0.4182692307692308 0.14302884615384615 0.026442307692307692 0.038461538461538464
2 0.12860576923076922 0.7115384615384616 0.02403846153846154 0.03245192307692308
2 0.6706730769230769 0.05889423076923077 0.030048076923076924 0.028846153846153848
2 0.5060096153846154 0.6947115384615384 0.03125 0.038461538461538464
2 0.4879807692307692 0.6394230769230769 0.056490384615384616 0.04807692307692308
2 0.6754807692307693 0.35697115384615385 0.030048076923076924 0.02403846153846154
2 0.056490384615384616 0.12980769230769232 0.07211538461538461 0.04807692307692308
2 0.8653846153846154 0.25 0.07932692307692307 0.09615384615384616
2 0.6177884615384616 0.24519230769230768 0.03485576923076923 0.06971153846153846
2 0.5 0.14182692307692307 0.03365384615384615 0.03125
2 0.6658653846153846 0.5252403846153846 0.03125 0.04326923076923077
2 0.7295673076923077 0.8557692307692307 0.02403846153846154 0.07451923076923077
2 0.29086538461538464 0.6274038461538461 0.03245192307692308 0.036057692307692304
2 0.7716346153846154 0.5204326923076923 0.038461538461538464 0.046875
2 0.5372596153846154 0.6274038461538461 0.06370192307692307 0.06850961538461539
2 0.36177884615384615 0.09975961538461539 0.026442307692307692 0.03485576923076923
2 0.9747596153846154 0.5276442307692307 0.05048076923076923 0.07451923076923077
0 0.7451923076923077 0.9639423076923077 0.0673076923076923 0.06971153846153846
2 0.4831730769230769 0.09615384615384616 0.036057692307692304 0.036057692307692304
2 0.08052884615384616 0.6995192307692307 0.03365384615384615 0.05048076923076923
2 0.18870192307692307 0.6959134615384616 0.042067307692307696 0.078125
2 0.9867788461538461 0.32572115384615385 0.026442307692307692 0.036057692307692304
0 0.054086538461538464 0.5877403846153846 0.10817307692307693 0.4411057692307692
2 0.5036057692307693 0.875 0.055288461538461536 0.08173076923076923
2 0.8064903846153846 0.5637019230769231 0.040865384615384616 0.06850961538461539
2 0.43509615384615385 0.6105769230769231 0.038461538461538464 0.042067307692307696
2 0.6009615384615384 0.6310096153846154 0.019230769230769232 0.042067307692307696
2 0.5336538461538461 0.0625 0.04807692307692308 0.07932692307692307
2 0.4579326923076923 0.7716346153846154 0.07692307692307693 0.14302884615384615
2 0.6165865384615384 0.8557692307692307 0.020432692307692308 0.05048076923076923
2 0.859375 0.390625 0.037259615384615384 0.039663461538461536
2 0.2403846153846154 0.6346153846153846 0.028846153846153848 0.027644230769230768
2 0.6574519230769231 0.8762019230769231 0.04807692307692308 0.040865384615384616
2 0.5709134615384616 0.48677884615384615 0.027644230769230768 0.03485576923076923
0 0.13221153846153846 0.16947115384615385 0.06610576923076923 0.06370192307692307