5 0.12379807692307693 0.8076923076923077 0.09735576923076923 0.12980769230769232
2 0.6442307692307693 0.14302884615384615 0.25 0.2860576923076923
5 0.9723557692307693 0.890625 0.055288461538461536 0.0829326923076923
2 0.9543269230769231 0.4411057692307692 0.027644230769230768 0.042067307692307696
2 0.90625 0.375 0.06610576923076923 0.12860576923076922
2 0.028846153846153848 0.19951923076923078 0.057692307692307696 0.140625
2 0.17427884615384615 0.6971153846153846 0.13942307692307693 0.12379807692307693
5 0.6887019230769231 0.7079326923076923 0.11538461538461539 0.14302884615384615
5 0.3425480769230769 0.040865384615384616 0.13221153846153846 0.08173076923076923
2 0.11177884615384616 0.08173076923076923 0.04567307692307692 0.06610576923076923
2 0.21875 0.3918269230769231 0.3112980769230769 0.41586538461538464
5 0.06009615384615385 0.34375 0.1201923076923077 0.15865384615384615
2 0.17427884615384615 0.2620192307692308 0.12740384615384615 0.17668269230769232
2 0.17427884615384615 0.05889423076923077 0.17548076923076922 0.1141826923076923
5 0.15865384615384615 0.4411057692307692 0.09975961538461539 0.12860576923076922
2 0.19831730769230768 0.1502403846153846 0.1346153846153846 0.07692307692307693
2 0.8149038461538461 0.9134615384615384 0.12860576923076922 0.11899038461538461
5 0.8834134615384616 0.16105769230769232 0.23197115384615385 0.2692307692307692
5 0.6995192307692307 0.8509615384615384 0.11057692307692307 0.14423076923076922
5 0.4831730769230769 0.40024038461538464 0.11177884615384616 0.14783653846153846
2 0.2980769230769231 0.2548076923076923 0.14903846153846154 0.1346153846153846
2 0.2704326923076923 0.8677884615384616 0.24278846153846154 0.2608173076923077
2 0.056490384615384616 0.0889423076923077 0.11298076923076923 0.17307692307692307
2 0.39302884615384615 0.5120192307692307 0.05889423076923077 0.12860576923076922
2 0.9591346153846154 0.23076923076923078 0.08173076923076923 0.14423076923076922
4 0.5228365384615384 0.5588942307692307 0.9543269230769231 0.22716346153846154
2 0.7259615384615384 0.31490384615384615 0.12379807692307693 0.06370192307692307
2 0.4951923076923077 0.21514423076923078 0.09134615384615384 0.2247596153846154
2 0.43149038461538464 0.14423076923076922 0.15384615384615385 0.28846153846153844
5 0.8389423076923077 0.14423076923076922 0.23317307692307693 0.28846153846153844
2 0.07211538461538461 0.8137019230769231 0.14423076923076922 0.36778846153846156
2 0.5240384615384616 0.5264423076923077 0.08774038461538461 0.10576923076923077
2 0.8701923076923077 0.375 0.027644230769230768 0.05889423076923077
2 0.8293269230769231 0.3088942307692308 0.05889423076923077 0.054086538461538464
2 0.37740384615384615 0.36538461538461536 0.052884615384615384 0.08173076923076923
2 0.5216346153846154 0.8365384615384616 0.3125 0.31971153846153844
2 0.7920673076923077 0.4050480769230769 0.10336538461538461 0.11298076923076923
2 0.3125 0.14903846153846154 0.055288461538461536 0.036057692307692304
2 0.6682692307692307 0.41586538461538464 0.08413461538461539 0.14903846153846154
2 0.8966346153846154 0.78125 0.20673076923076922 0.4230769230769231
2 0.9807692307692307 0.359375 0.013221153846153846 0.027644230769230768
2 0.33533653846153844 0.35697115384615385 0.038461538461538464 0.055288461538461536
2 0.4387019230769231 0.5552884615384616 0.04326923076923077 0.07692307692307693
2 0.7680288461538461 0.6213942307692307 0.06129807692307692 0.06009615384615385
2 0.5865384615384616 0.37740384615384615 0.1346153846153846 0.25841346153846156