2 0.5997596153846154 0.42788461538461536 0.01201923076923077 0.016826923076923076
2 0.6802884615384616 0.6454326923076923 0.040865384615384616 0.055288461538461536
2 0.8088942307692307 0.5288461538461539 0.016826923076923076 0.02283653846153846
2 0.3918269230769231 0.33052884615384615 0.02283653846153846 0.018028846153846152
2 0.2536057692307692 0.33533653846153844 0.016826923076923076 0.020432692307692308
9 0.47716346153846156 0.8149038461538461 0.040865384615384616 0.042067307692307696
2 0.390625 0.16466346153846154 0.014423076923076924 0.027644230769230768
2 0.6971153846153846 0.921875 0.025240384615384616 0.027644230769230768
2 0.5048076923076923 0.5973557692307693 0.025240384615384616 0.06009615384615385
9 0.3076923076923077 0.8197115384615384 0.10697115384615384 0.05048076923076923
2 0.2127403846153846 0.7908653846153846 0.018028846153846152 0.025240384615384616
2 0.0625 0.8641826923076923 0.03485576923076923 0.04927884615384615
2 0.5240384615384616 0.7644230769230769 0.021634615384615384 0.019230769230769232
2 0.4831730769230769 0.5600961538461539 0.021634615384615384 0.021634615384615384
2 0.4831730769230769 0.4639423076923077 0.026442307692307692 0.02283653846153846
2 0.9146634615384616 0.984375 0.019230769230769232 0.02283653846153846
2 0.6105769230769231 0.07451923076923077 0.040865384615384616 0.06610576923076923
2 0.5540865384615384 0.5180288461538461 0.01201923076923077 0.018028846153846152
9 0.6610576923076923 0.21995192307692307 0.03125 0.0889423076923077
2 0.04326923076923077 0.22235576923076922 0.013221153846153846 0.02403846153846154
2 0.5384615384615384 0.19471153846153846 0.027644230769230768 0.03485576923076923
2 0.19591346153846154 0.5324519230769231 0.037259615384615384 0.02403846153846154
2 0.06129807692307692 0.40865384615384615 0.013221153846153846 0.019230769230769232
9 0.039663461538461536 0.8185096153846154 0.07932692307692307 0.021634615384615384
2 0.24158653846153846 0.5961538461538461 0.055288461538461536 0.109375
2 0.33413461538461536 0.42788461538461536 0.016826923076923076 0.014423076923076924
9 0.03125 0.8473557692307693 0.040865384615384616 0.04807692307692308
2 0.24879807692307693 0.9447115384615384 0.021634615384615384 0.027644230769230768
9 0.7271634615384616 0.30528846153846156 0.016826923076923076 0.04567307692307692
2 0.5036057692307693 0.4651442307692308 0.01201923076923077 0.018028846153846152
2 0.9170673076923077 0.43149038461538464 0.056490384615384616 0.054086538461538464
2 0.30528846153846156 0.9362980769230769 0.018028846153846152 0.020432692307692308
2 0.17548076923076922 0.7355769230769231 0.037259615384615384 0.04807692307692308
2 0.31009615384615385 0.027644230769230768 0.016826923076923076 0.019230769230769232
2 0.9519230769230769 0.140625 0.02403846153846154 0.02283653846153846
2 0.9567307692307693 0.9915865384615384 0.014423076923076924 0.016826923076923076
2 0.6105769230769231 0.4098557692307692 0.010817307692307692 0.016826923076923076
2 0.12860576923076922 0.8064903846153846 0.027644230769230768 0.040865384615384616
2 0.054086538461538464 0.9074519230769231 0.03485576923076923 0.037259615384615384
2 0.6382211538461539 0.2800480769230769 0.08653846153846154 0.05048076923076923
2 0.42788461538461536 0.9495192307692307 0.016826923076923076 0.027644230769230768
9 0.7584134615384616 0.6117788461538461 0.08052884615384616 0.13581730769230768
2 0.43509615384615385 0.5600961538461539 0.027644230769230768 0.08653846153846154
2 0.08774038461538461 0.6177884615384616 0.009615384615384616 0.010817307692307692
2 0.7379807692307693 0.4326923076923077 0.025240384615384616 0.03365384615384615
2 0.8930288461538461 0.9411057692307693 0.014423076923076924 0.021634615384615384
2 0.46875 0.6262019230769231 0.02403846153846154 0.02403846153846154
2 0.8125 0.9278846153846154 0.019230769230769232 0.025240384615384616
2 0.5649038461538461 0.3894230769230769 0.01201923076923077 0.015625
2 0.08533653846153846 0.9807692307692307 0.042067307692307696 0.03485576923076923
2 0.33413461538461536 0.3161057692307692 0.01201923076923077 0.013221153846153846
2 0.12379807692307693 0.2403846153846154 0.014423076923076924 0.016826923076923076
2 0.4735576923076923 0.9555288461538461 0.08533653846153846 0.08052884615384616
2 0.5612980769230769 0.22716346153846154 0.01201923076923077 0.03125
2 0.3581730769230769 0.10817307692307693 0.025240384615384616 0.03365384615384615
2 0.9086538461538461 0.09735576923076923 0.018028846153846152 0.018028846153846152
2 0.796875 0.14302884615384615 0.026442307692307692 0.03125
2 0.19951923076923078 0.9290865384615384 0.025240384615384616 0.03365384615384615
2 0.8473557692307693 0.4387019230769231 0.04567307692307692 0.05048076923076923
2 0.21754807692307693 0.3425480769230769 0.01201923076923077 0.03125
2 0.6490384615384616 0.5745192307692307 0.07932692307692307 0.09975961538461539
2 0.019230769230769232 0.6778846153846154 0.037259615384615384 0.036057692307692304
9 0.21514423076923078 0.2668269230769231 0.020432692307692308 0.027644230769230768
2 0.5661057692307693 0.4387019230769231 0.010817307692307692 0.020432692307692308
9 0.010817307692307692 0.9615384615384616 0.021634615384615384 0.07692307692307693
2 0.4699519230769231 0.9086538461538461 0.009615384615384616 0.013221153846153846
9 0.921875 0.3293269230769231 0.09254807692307693 0.03245192307692308
9 0.9014423076923077 0.0673076923076923 0.03245192307692308 0.04447115384615385
14 0.6370192307692307 0.5552884615384616 0.7259615384615384 0.36658653846153844
2 0.18870192307692307 0.43028846153846156 0.014423076923076924 0.015625
2 0.45072115384615385 0.453125 0.014423076923076924 0.021634615384615384
2 0.30408653846153844 0.1346153846153846 0.014423076923076924 0.019230769230769232
2 0.9134615384615384 0.20192307692307693 0.052884615384615384 0.036057692307692304
2 0.31971153846153844 0.6502403846153846 0.019230769230769232 0.026442307692307692
2 0.09735576923076923 0.7067307692307693 0.01201923076923077 0.016826923076923076
2 0.09134615384615384 0.7307692307692307 0.007211538461538462 0.01201923076923077
9 0.30288461538461536 0.7896634615384616 0.12379807692307693 0.0673076923076923
9 0.22956730769230768 0.5372596153846154 0.057692307692307696 0.26322115384615385
2 0.40625 0.9122596153846154 0.01201923076923077 0.015625
2 0.3293269230769231 0.5661057692307693 0.021634615384615384 0.018028846153846152
9 0.04567307692307692 0.7475961538461539 0.06971153846153846 0.10697115384615384
2 0.7379807692307693 0.8774038461538461 0.016826923076923076 0.027644230769230768
2 0.4326923076923077 0.30288461538461536 0.010817307692307692 0.021634615384615384
2 0.11298076923076923 0.8689903846153846 0.007211538461538462 0.015625
2 0.484375 0.9014423076923077 0.009615384615384616 0.018028846153846152
2 0.6009615384615384 0.6370192307692307 0.06490384615384616 0.06129807692307692
2 0.8930288461538461 0.6526442307692307 0.01201923076923077 0.027644230769230768
2 0.16346153846153846 0.5228365384615384 0.014423076923076924 0.019230769230769232
2 0.051682692307692304 0.9615384615384616 0.03365384615384615 0.03485576923076923
2 0.5697115384615384 0.6105769230769231 0.02283653846153846 0.027644230769230768
2 0.7740384615384616 0.38822115384615385 0.04567307692307692 0.0673076923076923
2 0.6382211538461539 0.8028846153846154 0.01201923076923077 0.013221153846153846
2 0.8329326923076923 0.9663461538461539 0.021634615384615384 0.03245192307692308
2 0.27403846153846156 0.29927884615384615 0.021634615384615384 0.014423076923076924
2 0.6165865384615384 0.9783653846153846 0.016826923076923076 0.025240384615384616
2 0.6334134615384616 0.9266826923076923 0.018028846153846152 0.02283653846153846
2 0.34615384615384615 0.3245192307692308 0.021634615384615384 0.06370192307692307
2 0.8870192307692307 0.13701923076923078 0.013221153846153846 0.019230769230769232
2 0.49399038461538464 0.7463942307692307 0.02403846153846154 0.03245192307692308
2 0.4735576923076923 0.8798076923076923 0.009615384615384616 0.016826923076923076
2 0.765625 0.27403846153846156 0.018028846153846152 0.019230769230769232
2 0.375 0.9254807692307693 0.038461538461538464 0.06009615384615385
2 0.3942307692307692 0.47596153846153844 0.028846153846153848 0.027644230769230768