2 0.5853365384615384 0.7596153846153846 0.0889423076923077 0.11538461538461539
2 0.19591346153846154 0.6526442307692307 0.08653846153846154 0.10216346153846154
2 0.3088942307692308 0.9290865384615384 0.0829326923076923 0.09735576923076923
14 0.5 0.4074519230769231 1 0.44591346153846156
2 0.8605769230769231 0.5949519230769231 0.06850961538461539 0.0985576923076923
2 0.9014423076923077 0.7548076923076923 0.06009615384615385 0.09254807692307693
2 0.37740384615384615 0.5552884615384616 0.027644230769230768 0.042067307692307696
2 0.5288461538461539 0.265625 0.055288461538461536 0.07692307692307693
2 0.40024038461538464 0.2247596153846154 0.06009615384615385 0.09134615384615384
2 0.9194711538461539 0.06971153846153846 0.11298076923076923 0.1141826923076923
14 0.75 0.4987980769230769 0.3894230769230769 0.9963942307692307
2 0.9230769230769231 0.4519230769230769 0.08052884615384616 0.11298076923076923
2 0.7235576923076923 0.8185096153846154 0.11778846153846154 0.2536057692307692
2 0.17307692307692307 0.7896634615384616 0.1622596153846154 0.14302884615384615
2 0.1201923076923077 0.9771634615384616 0.040865384615384616 0.042067307692307696
0 0.15264423076923078 0.20432692307692307 0.30528846153846156 0.40865384615384615
2 0.7524038461538461 0.1201923076923077 0.07451923076923077 0.09735576923076923