2 0.04567307692307692 0.9543269230769231 0.06850961538461539 0.08774038461538461
14 0.6646634615384616 0.6009615384615384 0.32211538461538464 0.7355769230769231
2 0.0733173076923077 0.7908653846153846 0.10336538461538461 0.1201923076923077
2 0.014423076923076924 0.890625 0.027644230769230768 0.07451923076923077
2 0.016826923076923076 0.36538461538461536 0.03365384615384615 0.13701923076923078
2 0.2956730769230769 0.14783653846153846 0.03125 0.028846153846153848
2 0.24879807692307693 0.11899038461538461 0.07211538461538461 0.042067307692307696
2 0.08413461538461539 0.33413461538461536 0.10576923076923077 0.2512019230769231
2 0.18389423076923078 0.38461538461538464 0.11778846153846154 0.19951923076923078
2 0.2644230769230769 0.765625 0.3713942307692308 0.3870192307692308
2 0.05048076923076923 0.5925480769230769 0.10096153846153846 0.12860576923076922
2 0.02283653846153846 0.53125 0.037259615384615384 0.038461538461538464
2 0.15384615384615385 0.9903846153846154 0.019230769230769232 0.019230769230769232
2 0.17908653846153846 0.2091346153846154 0.17307692307692307 0.15985576923076922
2 0.6598557692307693 0.07451923076923077 0.24639423076923078 0.14423076923076922
2 0.42908653846153844 0.4987980769230769 0.10697115384615384 0.09375
2 0.3473557692307692 0.29447115384615385 0.10336538461538461 0.125
2 0.13701923076923078 0.08173076923076923 0.10817307692307693 0.06490384615384616
2 0.9098557692307693 0.4807692307692308 0.1466346153846154 0.21514423076923078
2 0.24519230769230768 0.038461538461538464 0.027644230769230768 0.06610576923076923
2 0.4963942307692308 0.703125 0.0889423076923077 0.15745192307692307
0 0.8882211538461539 0.12980769230769232 0.22235576923076922 0.25961538461538464
2 0.32572115384615385 0.5288461538461539 0.08173076923076923 0.11658653846153846
0 0.8822115384615384 0.8605769230769231 0.23557692307692307 0.2764423076923077
2 0.9026442307692307 0.9723557692307693 0.11057692307692307 0.051682692307692304
2 0.19951923076923078 0.5817307692307693 0.07692307692307693 0.12379807692307693
2 0.010817307692307692 0.06370192307692307 0.021634615384615384 0.042067307692307696
2 0.8882211538461539 0.7019230769230769 0.10697115384615384 0.18269230769230768
2 0.48197115384615385 0.22596153846153846 0.20552884615384615 0.4338942307692308
2 0.8978365384615384 0.17908653846153846 0.13701923076923078 0.17067307692307693
2 0.11778846153846154 0.5697115384615384 0.07692307692307693 0.14903846153846154