0 0.96875 0.390625 0.04927884615384615 0.0829326923076923
2 0.5336538461538461 0.9459134615384616 0.02403846153846154 0.030048076923076924
2 0.9375 0.08173076923076923 0.028846153846153848 0.051682692307692304
3 0.8401442307692307 0.5805288461538461 0.31971153846153844 0.12980769230769232
2 0.2091346153846154 0.49278846153846156 0.014423076923076924 0.027644230769230768
3 0.625 0.5829326923076923 0.2668269230769231 0.4098557692307692
2 0.7932692307692307 0.040865384615384616 0.027644230769230768 0.03365384615384615
3 0.8677884615384616 0.2920673076923077 0.2644230769230769 0.10576923076923077
2 0.7127403846153846 0.23197115384615385 0.038461538461538464 0.03245192307692308
2 0.625 0.5096153846153846 0.02403846153846154 0.027644230769230768
2 0.17548076923076922 0.3713942307692308 0.056490384615384616 0.07451923076923077
2 0.8088942307692307 0.22596153846153846 0.020432692307692308 0.03125
2 0.41346153846153844 0.25 0.03485576923076923 0.04326923076923077
2 0.8004807692307693 0.45552884615384615 0.07932692307692307 0.1346153846153846
3 0.6574519230769231 0.12860576923076922 0.0889423076923077 0.1466346153846154
2 0.6514423076923077 0.6129807692307693 0.04567307692307692 0.04447115384615385
2 0.13341346153846154 0.5745192307692307 0.04567307692307692 0.0829326923076923
2 0.28846153846153844 0.5264423076923077 0.04326923076923077 0.05889423076923077
2 0.7872596153846154 0.6490384615384616 0.04927884615384615 0.05048076923076923
2 0.25841346153846156 0.4651442307692308 0.04927884615384615 0.0673076923076923
2 0.9266826923076923 0.7247596153846154 0.1466346153846154 0.21875
2 0.17067307692307693 0.29447115384615385 0.042067307692307696 0.036057692307692304
0 0.8125 0.5745192307692307 0.19951923076923078 0.08653846153846154
2 0.5348557692307693 0.16466346153846154 0.08653846153846154 0.10336538461538461
3 0.6298076923076923 0.234375 0.04567307692307692 0.0673076923076923
2 0.09495192307692307 0.984375 0.02403846153846154 0.027644230769230768
0 0.65625 0.19230769230769232 0.01201923076923077 0.021634615384615384
2 0.84375 0.6923076923076923 0.018028846153846152 0.05889423076923077
2 0.0733173076923077 0.10817307692307693 0.05889423076923077 0.08413461538461539
2 0.390625 0.6622596153846154 0.06850961538461539 0.18509615384615385
2 0.36538461538461536 0.1141826923076923 0.036057692307692304 0.054086538461538464
2 0.6021634615384616 0.09254807692307693 0.03485576923076923 0.051682692307692304
3 0.44591346153846156 0.7764423076923077 0.2800480769230769 0.4362980769230769
2 0.49759615384615385 0.06370192307692307 0.11057692307692307 0.11658653846153846
2 0.016826923076923076 0.8617788461538461 0.03365384615384615 0.06490384615384616
2 0.23317307692307693 0.4050480769230769 0.04567307692307692 0.05048076923076923
2 0.9050480769230769 0.11057692307692307 0.03485576923076923 0.028846153846153848
2 0.0625 0.5697115384615384 0.009615384615384616 0.02403846153846154
2 0.3125 0.27283653846153844 0.11057692307692307 0.1346153846153846
2 0.6057692307692307 0.96875 0.02403846153846154 0.037259615384615384
2 0.07451923076923077 0.2644230769230769 0.1045673076923077 0.06490384615384616
2 0.5805288461538461 0.9146634615384616 0.06610576923076923 0.04326923076923077
2 0.6153846153846154 0.01201923076923077 0.07572115384615384 0.02403846153846154
2 0.6658653846153846 0.8677884615384616 0.04567307692307692 0.10576923076923077
2 0.6971153846153846 0.7632211538461539 0.08653846153846154 0.0673076923076923
2 0.7151442307692307 0.6646634615384616 0.036057692307692304 0.037259615384615384
0 0.8401442307692307 0.8653846153846154 0.31971153846153844 0.2620192307692308
2 0.9951923076923077 0.09975961538461539 0.009615384615384616 0.018028846153846152
2 0.5973557692307693 0.8004807692307693 0.09014423076923077 0.15144230769230768
2 0.15625 0.47596153846153844 0.038461538461538464 0.028846153846153848
0 0.15745192307692307 0.953125 0.038461538461538464 0.046875
2 0.6225961538461539 0.6526442307692307 0.027644230769230768 0.056490384615384616
2 0.3233173076923077 0.13221153846153846 0.014423076923076924 0.008413461538461538
2 0.3641826923076923 0.0625 0.014423076923076924 0.03245192307692308
0 0.3016826923076923 0.7908653846153846 0.07451923076923077 0.11658653846153846
2 0.8569711538461539 0.35216346153846156 0.11057692307692307 0.07932692307692307
2 0.020432692307692308 0.5084134615384616 0.040865384615384616 0.038461538461538464
0 0.27403846153846156 0.6274038461538461 0.054086538461538464 0.042067307692307696
2 0.44350961538461536 0.5240384615384616 0.055288461538461536 0.046875
2 0.013221153846153846 0.9639423076923077 0.026442307692307692 0.07211538461538461
0 0.6213942307692307 0.14423076923076922 0.016826923076923076 0.018028846153846152
2 0.5625 0.03245192307692308 0.02403846153846154 0.038461538461538464
0 0.7560096153846154 0.171875 0.055288461538461536 0.08774038461538461
2 0.19951923076923078 0.6947115384615384 0.08173076923076923 0.09615384615384616
0 0.44711538461538464 0.6526442307692307 0.051682692307692304 0.056490384615384616
2 0.06850961538461539 0.3389423076923077 0.1141826923076923 0.0733173076923077
2 0.4230769230769231 0.36177884615384615 0.0733173076923077 0.09134615384615384
2 0.13942307692307693 0.15865384615384615 0.037259615384615384 0.040865384615384616
2 0.03485576923076923 0.6670673076923077 0.06971153846153846 0.10576923076923077
2 0.18389423076923078 0.11899038461538461 0.016826923076923076 0.026442307692307692
0 0.7463942307692307 0.027644230769230768 0.06490384615384616 0.051682692307692304
2 0.8100961538461539 0.9387019230769231 0.03125 0.06850961538461539
2 0.28125 0.08413461538461539 0.051682692307692304 0.10576923076923077
2 0.10576923076923077 0.796875 0.07211538461538461 0.055288461538461536
2 0.5036057692307693 0.37740384615384615 0.06610576923076923 0.14182692307692307
2 0.8689903846153846 0.17427884615384615 0.07211538461538461 0.10576923076923077
2 0.19110576923076922 0.019230769230769232 0.040865384615384616 0.027644230769230768
2 0.6382211538461539 0.4362980769230769 0.010817307692307692 0.038461538461538464
2 0.859375 0.018028846153846152 0.03245192307692308 0.036057692307692304
4 0.5 0.3449519230769231 1 0.3473557692307692
2 0.5685096153846154 0.49278846153846156 0.020432692307692308 0.04567307692307692
2 0.19591346153846154 0.8293269230769231 0.10697115384615384 0.13942307692307693
2 0.2620192307692308 0.039663461538461536 0.016826923076923076 0.02283653846153846
2 0.13221153846153846 0.04807692307692308 0.037259615384615384 0.030048076923076924
2 0.39663461538461536 0.06971153846153846 0.021634615384615384 0.028846153846153848
2 0.2920673076923077 0.14182692307692307 0.03125 0.040865384615384616
2 0.6670673076923077 0.9567307692307693 0.027644230769230768 0.056490384615384616
2 0.8581730769230769 0.09254807692307693 0.038461538461538464 0.06129807692307692
2 0.6742788461538461 0.4579326923076923 0.016826923076923076 0.0673076923076923