2 0.9615384615384616 0.09254807692307693 0.07692307692307693 0.08774038461538461
2 0.7728365384615384 0.037259615384615384 0.15144230769230768 0.0673076923076923
2 0.15264423076923078 0.1502403846153846 0.15264423076923078 0.1971153846153846
2 0.796875 0.9723557692307693 0.07572115384615384 0.04567307692307692
2 0.5432692307692307 0.0673076923076923 0.021634615384615384 0.030048076923076924
2 0.016826923076923076 0.4699519230769231 0.03365384615384615 0.12259615384615384
2 0.6237980769230769 0.43028846153846156 0.042067307692307696 0.0733173076923077
2 0.46875 0.2860576923076923 0.06610576923076923 0.09735576923076923
2 0.8641826923076923 0.6646634615384616 0.23317307692307693 0.453125
16 0.37740384615384615 0.8173076923076923 0.7548076923076923 0.36177884615384615
2 0.5588942307692307 0.37740384615384615 0.027644230769230768 0.027644230769230768
2 0.8100961538461539 0.3870192307692308 0.040865384615384616 0.06370192307692307
2 0.8786057692307693 0.21514423076923078 0.06370192307692307 0.05889423076923077
0 0.15625 0.18269230769230768 0.23557692307692307 0.3473557692307692
0 0.020432692307692308 0.6850961538461539 0.040865384615384616 0.11899038461538461
2 0.0625 0.3088942307692308 0.06129807692307692 0.05048076923076923
3 0.8605769230769231 0.18269230769230768 0.27884615384615385 0.2608173076923077
2 0.8100961538461539 0.22596153846153846 0.03245192307692308 0.05889423076923077
2 0.9747596153846154 0.19951923076923078 0.05048076923076923 0.09134615384615384
14 0.5276442307692307 0.5048076923076923 0.14543269230769232 0.06370192307692307
0 0.8701923076923077 0.3605769230769231 0.04807692307692308 0.1346153846153846
2 0.9903846153846154 0.12740384615384615 0.016826923076923076 0.030048076923076924
0 0.45552884615384615 0.6009615384615384 0.0829326923076923 0.125
0 0.47596153846153844 0.40625 0.6706730769230769 0.8100961538461539
0 0.9819711538461539 0.8389423076923077 0.036057692307692304 0.04326923076923077
2 0.15985576923076922 0.4567307692307692 0.07211538461538461 0.12860576923076922
2 0.9891826923076923 0.9771634615384616 0.021634615384615384 0.036057692307692304
2 0.9627403846153846 0.4338942307692308 0.0733173076923077 0.2439903846153846
2 0.7103365384615384 0.5048076923076923 0.08653846153846154 0.06850961538461539
0 0.07091346153846154 0.296875 0.14182692307692307 0.5901442307692307
0 0.9122596153846154 0.054086538461538464 0.17548076923076922 0.10817307692307693
2 0.9939903846153846 0.013221153846153846 0.01201923076923077 0.026442307692307692
0 0.3485576923076923 0.04447115384615385 0.10096153846153846 0.08653846153846154
0 0.6057692307692307 0.6117788461538461 0.06610576923076923 0.0733173076923077
3 0.5456730769230769 0.15144230769230768 0.1346153846153846 0.10336538461538461
2 0.27163461538461536 0.08052884615384616 0.09375 0.0673076923076923
2 0.6947115384615384 0.71875 0.021634615384615384 0.037259615384615384
2 0.6550480769230769 0.5168269230769231 0.030048076923076924 0.051682692307692304
2 0.7932692307692307 0.9182692307692307 0.03245192307692308 0.037259615384615384