0 0.90625 0.1346153846153846 0.054086538461538464 0.0733173076923077
2 0.9579326923076923 0.4723557692307692 0.08413461538461539 0.06971153846153846
2 0.4543269230769231 0.9086538461538461 0.05889423076923077 0.06490384615384616
2 0.037259615384615384 0.31009615384615385 0.055288461538461536 0.18629807692307693
2 0.06009615384615385 0.03125 0.03365384615384615 0.036057692307692304
2 0.036057692307692304 0.609375 0.07211538461538461 0.109375
2 0.6730769230769231 0.7848557692307693 0.03485576923076923 0.046875
2 0.5 0.038461538461538464 0.07211538461538461 0.07451923076923077
2 0.12980769230769232 0.019230769230769232 0.06971153846153846 0.038461538461538464
2 0.5408653846153846 0.53125 0.018028846153846152 0.038461538461538464
2 0.23076923076923078 0.026442307692307692 0.07932692307692307 0.046875
2 0.765625 0.15985576923076922 0.027644230769230768 0.04447115384615385
2 0.49759615384615385 0.9122596153846154 0.014423076923076924 0.027644230769230768
0 0.8870192307692307 0.6490384615384616 0.07572115384615384 0.054086538461538464
2 0.9771634615384616 0.5637019230769231 0.021634615384615384 0.05048076923076923
2 0.5228365384615384 0.36778846153846156 0.016826923076923076 0.02403846153846154
2 0.14543269230769232 0.40024038461538464 0.055288461538461536 0.08413461538461539
2 0.4807692307692308 0.9915865384615384 0.03365384615384615 0.016826923076923076
3 0.6490384615384616 0.28966346153846156 0.06129807692307692 0.09735576923076923
2 0.36658653846153844 0.027644230769230768 0.020432692307692308 0.026442307692307692
2 0.7055288461538461 0.7680288461538461 0.019230769230769232 0.02403846153846154
2 0.49399038461538464 0.9459134615384616 0.025240384615384616 0.02403846153846154
2 0.2800480769230769 0.9026442307692307 0.038461538461538464 0.06009615384615385
2 0.8317307692307693 0.46153846153846156 0.025240384615384616 0.054086538461538464
2 0.6646634615384616 0.4411057692307692 0.04567307692307692 0.11057692307692307
2 0.5637019230769231 0.75 0.08413461538461539 0.13822115384615385
2 0.8665865384615384 0.4098557692307692 0.030048076923076924 0.03245192307692308
2 0.22956730769230768 0.8653846153846154 0.021634615384615384 0.05048076923076923
0 0.9879807692307693 0.5504807692307693 0.02403846153846154 0.09615384615384616
0 0.7980769230769231 0.7307692307692307 0.16826923076923078 0.3629807692307692
2 0.5865384615384616 0.9182692307692307 0.04567307692307692 0.08052884615384616
2 0.6213942307692307 0.8725961538461539 0.016826923076923076 0.019230769230769232
2 0.3329326923076923 0.9290865384615384 0.052884615384615384 0.05048076923076923
2 0.17908653846153846 0.09254807692307693 0.020432692307692308 0.042067307692307696
2 0.49158653846153844 0.6622596153846154 0.08653846153846154 0.08653846153846154
2 0.65625 0.20793269230769232 0.030048076923076924 0.06370192307692307
2 0.8341346153846154 0.01201923076923077 0.030048076923076924 0.02283653846153846
2 0.5192307692307693 0.09375 0.02283653846153846 0.04447115384615385
2 0.39302884615384615 0.006009615384615385 0.021634615384615384 0.01201923076923077
2 0.09615384615384616 0.055288461538461536 0.026442307692307692 0.03245192307692308
2 0.6370192307692307 0.6490384615384616 0.027644230769230768 0.037259615384615384
2 0.7463942307692307 0.06009615384615385 0.07211538461538461 0.11899038461538461
2 0.5252403846153846 0.14423076923076922 0.030048076923076924 0.026442307692307692
2 0.109375 0.6081730769230769 0.0889423076923077 0.12259615384615384
2 0.06850961538461539 0.14903846153846154 0.042067307692307696 0.027644230769230768
2 0.15625 0.49759615384615385 0.025240384615384616 0.030048076923076924
2 0.4182692307692308 0.5961538461538461 0.030048076923076924 0.06850961538461539
2 0.7692307692307693 0.5108173076923077 0.03125 0.04927884615384615
2 0.9831730769230769 0.9423076923076923 0.020432692307692308 0.02283653846153846
2 0.12379807692307693 0.7536057692307693 0.03125 0.042067307692307696
2 0.125 0.12980769230769232 0.09014423076923077 0.13822115384615385
2 0.5408653846153846 0.4807692307692308 0.028846153846153848 0.040865384615384616
2 0.5288461538461539 0.21875 0.04807692307692308 0.042067307692307696
2 0.2283653846153846 0.09735576923076923 0.038461538461538464 0.040865384615384616
2 0.47115384615384615 0.28846153846153844 0.057692307692307696 0.1346153846153846
2 0.9471153846153846 0.2608173076923077 0.03485576923076923 0.10576923076923077
0 0.8209134615384616 0.09495192307692307 0.052884615384615384 0.09014423076923077
2 0.026442307692307692 0.5048076923076923 0.052884615384615384 0.051682692307692304
2 0.2704326923076923 0.3918269230769231 0.19471153846153846 0.43990384615384615
2 0.375 0.11778846153846154 0.02403846153846154 0.03485576923076923
2 0.9411057692307693 0.9302884615384616 0.028846153846153848 0.046875
2 0.9891826923076923 0.014423076923076924 0.021634615384615384 0.027644230769230768
2 0.7716346153846154 0.42788461538461536 0.040865384615384616 0.039663461538461536
2 0.8786057692307693 0.7463942307692307 0.24278846153846154 0.21875
2 0.4014423076923077 0.23798076923076922 0.06009615384615385 0.040865384615384616
2 0.09254807692307693 0.3425480769230769 0.025240384615384616 0.037259615384615384
2 0.015625 0.03125 0.030048076923076924 0.054086538461538464
2 0.40625 0.45072115384615385 0.03485576923076923 0.04326923076923077
2 0.14903846153846154 0.7091346153846154 0.038461538461538464 0.054086538461538464
2 0.19951923076923078 0.1045673076923077 0.021634615384615384 0.019230769230769232
2 0.23076923076923078 0.796875 0.057692307692307696 0.05889423076923077
2 0.8497596153846154 0.29927884615384615 0.0985576923076923 0.21514423076923078
2 0.9447115384615384 0.9747596153846154 0.016826923076923076 0.02283653846153846
2 0.6742788461538461 0.07572115384615384 0.052884615384615384 0.051682692307692304
2 0.47716346153846156 0.15985576923076922 0.04447115384615385 0.09254807692307693
2 0.6081730769230769 0.5817307692307693 0.08653846153846154 0.109375
0 0.37259615384615385 0.8052884615384616 0.14182692307692307 0.1658653846153846
2 0.1346153846153846 0.2800480769230769 0.02403846153846154 0.03125
2 0.5733173076923077 0.5300480769230769 0.018028846153846152 0.03125
2 0.8701923076923077 0.4855769230769231 0.03125 0.04807692307692308
2 0.359375 0.7079326923076923 0.16947115384615385 0.20432692307692307
2 0.4987980769230769 0.875 0.021634615384615384 0.019230769230769232
2 0.7055288461538461 0.36538461538461536 0.07211538461538461 0.11538461538461539
2 0.15985576923076922 0.052884615384615384 0.020432692307692308 0.014423076923076924
2 0.1622596153846154 0.7620192307692307 0.021634615384615384 0.040865384615384616
2 0.03365384615384615 0.1141826923076923 0.0673076923076923 0.06490384615384616
2 0.5901442307692307 0.21153846153846154 0.014423076923076924 0.021634615384615384
2 0.7620192307692307 0.7415865384615384 0.018028846153846152 0.03485576923076923
2 0.18269230769230768 0.6478365384615384 0.030048076923076924 0.028846153846153848
2 0.1935096153846154 0.17427884615384615 0.056490384615384616 0.042067307692307696
2 0.921875 0.046875 0.013221153846153846 0.016826923076923076
0 0.9471153846153846 0.27283653846153844 0.10576923076923077 0.19110576923076922
2 0.9831730769230769 0.4014423076923077 0.03365384615384615 0.05048076923076923
2 0.6213942307692307 0.35697115384615385 0.04807692307692308 0.04567307692307692
2 0.10336538461538461 0.4423076923076923 0.09134615384615384 0.10216346153846154
2 0.6862980769230769 0.9050480769230769 0.042067307692307696 0.07451923076923077
2 0.47836538461538464 0.5612980769230769 0.014423076923076924 0.02283653846153846
2 0.5697115384615384 0.10216346153846154 0.05048076923076923 0.09735576923076923
2 0.5901442307692307 0.48677884615384615 0.03245192307692308 0.046875
2 0.43509615384615385 0.08533653846153846 0.06370192307692307 0.10336538461538461
2 0.6382211538461539 0.7548076923076923 0.04567307692307692 0.06610576923076923
0 0.8028846153846154 0.21875 0.037259615384615384 0.10096153846153846
2 0.40384615384615385 0.3004807692307692 0.06490384615384616 0.05048076923076923
14 0.7139423076923077 0.5384615384615384 0.08653846153846154 0.19110576923076922
2 0.5949519230769231 0.2692307692307692 0.052884615384615384 0.056490384615384616
0 0.8317307692307693 0.2283653846153846 0.33653846153846156 0.4567307692307692
2 0.4411057692307692 0.39903846153846156 0.09975961538461539 0.10216346153846154