9 0.4879807692307692 0.030048076923076924 0.016826923076923076 0.040865384615384616
9 0.7896634615384616 0.3137019230769231 0.14182692307692307 0.19230769230769232
2 0.8473557692307693 0.8317307692307693 0.021634615384615384 0.027644230769230768
2 0.9519230769230769 0.6117788461538461 0.026442307692307692 0.037259615384615384
2 0.4375 0.3088942307692308 0.027644230769230768 0.03125
2 0.9795673076923077 0.36658653846153844 0.02403846153846154 0.03245192307692308
2 0.7091346153846154 0.421875 0.019230769230769232 0.03245192307692308
2 0.9375 0.37259615384615385 0.04567307692307692 0.055288461538461536
9 0.9266826923076923 0.5540865384615384 0.1466346153846154 0.19951923076923078
2 0.21033653846153846 0.5144230769230769 0.040865384615384616 0.056490384615384616
2 0.17908653846153846 0.8401442307692307 0.04447115384615385 0.037259615384615384
2 0.037259615384615384 0.17668269230769232 0.020432692307692308 0.02283653846153846
2 0.10216346153846154 0.46875 0.020432692307692308 0.026442307692307692
9 0.8521634615384616 0.41225961538461536 0.10817307692307693 0.2439903846153846
2 0.5805288461538461 0.08774038461538461 0.040865384615384616 0.04326923076923077
2 0.3473557692307692 0.5168269230769231 0.027644230769230768 0.03125
9 0.5084134615384616 0.5048076923076923 0.057692307692307696 0.08173076923076923
9 0.9338942307692307 0.9723557692307693 0.057692307692307696 0.05048076923076923
2 0.6057692307692307 0.5456730769230769 0.038461538461538464 0.04567307692307692
2 0.8918269230769231 0.5120192307692307 0.021634615384615384 0.03365384615384615
2 0.6466346153846154 0.6322115384615384 0.030048076923076924 0.04807692307692308
2 0.12860576923076922 0.6514423076923077 0.030048076923076924 0.06610576923076923
2 0.3545673076923077 0.36658653846153844 0.021634615384615384 0.03245192307692308
9 0.37259615384615385 0.052884615384615384 0.055288461538461536 0.10216346153846154
2 0.7175480769230769 0.7223557692307693 0.02403846153846154 0.040865384615384616
2 0.08533653846153846 0.9771634615384616 0.018028846153846152 0.038461538461538464
2 0.1310096153846154 0.30649038461538464 0.020432692307692308 0.027644230769230768
2 0.47716346153846156 0.4423076923076923 0.02403846153846154 0.02403846153846154
9 0.32572115384615385 0.8401442307692307 0.025240384615384616 0.17548076923076922
2 0.9170673076923077 0.6574519230769231 0.027644230769230768 0.03245192307692308
2 0.8365384615384616 0.9543269230769231 0.054086538461538464 0.04447115384615385
2 0.203125 0.25721153846153844 0.020432692307692308 0.027644230769230768
9 0.9795673076923077 0.42788461538461536 0.040865384615384616 0.02283653846153846
9 0.23918269230769232 0.9326923076923077 0.055288461538461536 0.12980769230769232
2 0.6850961538461539 0.8653846153846154 0.03365384615384615 0.04326923076923077
2 0.375 0.6862980769230769 0.057692307692307696 0.051682692307692304
2 0.390625 0.7944711538461539 0.03485576923076923 0.037259615384615384
2 0.9783653846153846 0.8317307692307693 0.027644230769230768 0.037259615384615384
2 0.5420673076923077 0.6646634615384616 0.06129807692307692 0.06009615384615385
2 0.5516826923076923 0.5649038461538461 0.04567307692307692 0.06610576923076923
14 0.578125 0.3641826923076923 0.8425480769230769 0.7223557692307693
2 0.25 0.6201923076923077 0.04807692307692308 0.06610576923076923
2 0.30288461538461536 0.07451923076923077 0.03245192307692308 0.04567307692307692
2 0.9110576923076923 0.7379807692307693 0.052884615384615384 0.04567307692307692
2 0.8293269230769231 0.1971153846153846 0.019230769230769232 0.027644230769230768
2 0.39903846153846156 0.9543269230769231 0.040865384615384616 0.07451923076923077
2 0.009615384615384616 0.8185096153846154 0.019230769230769232 0.04326923076923077
2 0.3918269230769231 0.28966346153846156 0.026442307692307692 0.039663461538461536
2 0.9387019230769231 0.2620192307692308 0.019230769230769232 0.027644230769230768
2 0.5973557692307693 0.12379807692307693 0.03245192307692308 0.03485576923076923
2 0.43509615384615385 0.6814903846153846 0.02403846153846154 0.04807692307692308
2 0.0829326923076923 0.5564903846153846 0.028846153846153848 0.04326923076923077
9 0.12860576923076922 0.09495192307692307 0.09014423076923077 0.18870192307692307
2 0.49158653846153844 0.21875 0.052884615384615384 0.07451923076923077
2 0.390625 0.46875 0.037259615384615384 0.06850961538461539
2 0.0889423076923077 0.23557692307692307 0.03365384615384615 0.046875
2 0.8112980769230769 0.2548076923076923 0.037259615384615384 0.03365384615384615
9 0.484375 0.12740384615384615 0.019230769230769232 0.09375
2 0.8004807692307693 0.46033653846153844 0.019230769230769232 0.03125
2 0.6995192307692307 0.9711538461538461 0.06971153846153846 0.055288461538461536
2 0.6983173076923077 0.5805288461538461 0.019230769230769232 0.054086538461538464
9 0.17427884615384615 0.03365384615384615 0.1875 0.04567307692307692
2 0.7127403846153846 0.8100961538461539 0.016826923076923076 0.027644230769230768
2 0.08173076923076923 0.90625 0.037259615384615384 0.05889423076923077
2 0.8425480769230769 0.7235576923076923 0.04807692307692308 0.05889423076923077
9 0.8149038461538461 0.5649038461538461 0.0733173076923077 0.13341346153846154
2 0.29927884615384615 0.9579326923076923 0.038461538461538464 0.054086538461538464
2 0.6610576923076923 0.45913461538461536 0.030048076923076924 0.040865384615384616
2 0.6598557692307693 0.6971153846153846 0.03245192307692308 0.05048076923076923
2 0.9026442307692307 0.84375 0.06971153846153846 0.10576923076923077
2 0.7319711538461539 0.48677884615384615 0.038461538461538464 0.046875
2 0.020432692307692308 0.0733173076923077 0.040865384615384616 0.046875
2 0.32091346153846156 0.5997596153846154 0.016826923076923076 0.03365384615384615
2 0.6370192307692307 0.19951923076923078 0.09735576923076923 0.06610576923076923
2 0.8930288461538461 0.21754807692307693 0.027644230769230768 0.040865384615384616