2 0.7596153846153846 0.4098557692307692 0.4795673076923077 0.4723557692307692
9 0.03485576923076923 0.2536057692307692 0.06971153846153846 0.3641826923076923
2 0.11778846153846154 0.3245192307692308 0.12379807692307693 0.15264423076923078
8 0.3401442307692308 0.5300480769230769 0.13221153846153846 0.16346153846153846
9 0.33533653846153844 0.7944711538461539 0.21394230769230768 0.35336538461538464
9 0.6021634615384616 0.7824519230769231 0.3317307692307692 0.4266826923076923
9 0.11298076923076923 0.12980769230769232 0.13942307692307693 0.25841346153846156
2 0.8870192307692307 0.6646634615384616 0.09615384615384616 0.06850961538461539
0 0.9350961538461539 0.8197115384615384 0.12860576923076922 0.11658653846153846
2 0.7908653846153846 0.9423076923076923 0.019230769230769232 0.021634615384615384
2 0.4735576923076923 0.4495192307692308 0.13581730769230768 0.16466346153846154
9 0.24879807692307693 0.24759615384615385 0.10817307692307693 0.4951923076923077
9 0.7151442307692307 0.11298076923076923 0.22115384615384615 0.21754807692307693
2 0.9194711538461539 0.9783653846153846 0.040865384615384616 0.037259615384615384
9 0.1310096153846154 0.7175480769230769 0.2608173076923077 0.5612980769230769
9 0.4050480769230769 0.20192307692307693 0.3942307692307692 0.4026442307692308
9 0.13942307692307693 0.11298076923076923 0.08653846153846154 0.22235576923076922
0 0.9086538461538461 0.1502403846153846 0.1814903846153846 0.2283653846153846