2 0.07692307692307693 0.17548076923076922 0.15264423076923078 0.35096153846153844
9 0.21153846153846154 0.6634615384615384 0.08173076923076923 0.3016826923076923
9 0.9819711538461539 0.9519230769230769 0.036057692307692304 0.09134615384615384
2 0.625 0.15144230769230768 0.23317307692307693 0.3016826923076923
9 0.21514423076923078 0.734375 0.1310096153846154 0.2644230769230769
9 0.8882211538461539 0.8786057692307693 0.22235576923076922 0.15144230769230768
9 0.8834134615384616 0.47836538461538464 0.23317307692307693 0.5733173076923077
2 0.17908653846153846 0.33774038461538464 0.03485576923076923 0.04807692307692308
2 0.5913461538461539 0.7295673076923077 0.08413461538461539 0.15384615384615385
9 0.06610576923076923 0.9026442307692307 0.04447115384615385 0.19110576923076922
9 0.11899038461538461 0.6862980769230769 0.13221153846153846 0.051682692307692304
9 0.09735576923076923 0.5649038461538461 0.1045673076923077 0.09375
9 0.027644230769230768 0.6983173076923077 0.055288461538461536 0.15625
0 0.6382211538461539 0.6298076923076923 0.26802884615384615 0.7271634615384616
9 0.8473557692307693 0.39783653846153844 0.08413461538461539 0.7067307692307693
9 0.7872596153846154 0.9699519230769231 0.11899038461538461 0.05048076923076923
9 0.03485576923076923 0.9242788461538461 0.021634615384615384 0.14423076923076922
9 0.234375 0.390625 0.10576923076923077 0.05889423076923077
9 0.7764423076923077 0.8112980769230769 0.17307692307692307 0.375
4 0.39903846153846156 0.5 0.25 0.9987980769230769
2 0.6790865384615384 0.38221153846153844 0.07211538461538461 0.21514423076923078