4 0.4795673076923077 0.47836538461538464 0.8004807692307693 0.9495192307692307
2 0.4483173076923077 0.8762019230769231 0.02403846153846154 0.040865384615384616
2 0.1045673076923077 0.2439903846153846 0.13701923076923078 0.2920673076923077
2 0.8257211538461539 0.4182692307692308 0.10096153846153846 0.10336538461538461
2 0.43990384615384615 0.1971153846153846 0.33774038461538464 0.38461538461538464
2 0.6478365384615384 0.12980769230769232 0.06971153846153846 0.10697115384615384
2 0.042067307692307696 0.046875 0.08413461538461539 0.09014423076923077
2 0.8774038461538461 0.22115384615384615 0.24519230769230768 0.22596153846153846
2 0.625 0.2644230769230769 0.038461538461538464 0.055288461538461536
2 0.2956730769230769 0.5216346153846154 0.052884615384615384 0.10216346153846154
2 0.6646634615384616 0.3473557692307692 0.09254807692307693 0.11538461538461539
2 0.3737980769230769 0.5072115384615384 0.03485576923076923 0.10576923076923077
2 0.23076923076923078 0.5564903846153846 0.038461538461538464 0.0889423076923077
2 0.125 0.4651442307692308 0.038461538461538464 0.0673076923076923
2 0.171875 0.45552884615384615 0.038461538461538464 0.046875
2 0.054086538461538464 0.7259615384615384 0.03485576923076923 0.04567307692307692
2 0.7439903846153846 0.5901442307692307 0.1814903846153846 0.09735576923076923
2 0.8293269230769231 0.7151442307692307 0.09134615384615384 0.14423076923076922
2 0.7175480769230769 0.4963942307692308 0.16706730769230768 0.09735576923076923
2 0.039663461538461536 0.3425480769230769 0.07932692307692307 0.1310096153846154
2 0.9206730769230769 0.04567307692307692 0.11057692307692307 0.0889423076923077
2 0.7175480769230769 0.9182692307692307 0.09014423076923077 0.1346153846153846
2 0.21153846153846154 0.8245192307692307 0.04326923076923077 0.055288461538461536
2 0.2764423076923077 0.5973557692307693 0.026442307692307692 0.04567307692307692
2 0.9519230769230769 0.4495192307692308 0.09615384615384616 0.12139423076923077
2 0.17908653846153846 0.23076923076923078 0.11538461538461539 0.1310096153846154
2 0.3269230769230769 0.9747596153846154 0.038461538461538464 0.04567307692307692
2 0.6826923076923077 0.22716346153846154 0.1201923076923077 0.13822115384615385
2 0.4735576923076923 0.6454326923076923 0.1658653846153846 0.22235576923076922
2 0.34375 0.7992788461538461 0.03485576923076923 0.06971153846153846
2 0.2668269230769231 0.38221153846153844 0.17067307692307693 0.18269230769230768
2 0.9098557692307693 0.8978365384615384 0.052884615384615384 0.12620192307692307
2 0.9146634615384616 0.546875 0.04807692307692308 0.07211538461538461
2 0.14903846153846154 0.7103365384615384 0.038461538461538464 0.06129807692307692