2 0.6334134615384616 0.7884615384615384 0.02403846153846154 0.027644230769230768
0 0.7920673076923077 0.22115384615384615 0.11057692307692307 0.09615384615384616
0 0.6454326923076923 0.625 0.03245192307692308 0.040865384615384616
0 0.6382211538461539 0.5661057692307693 0.04567307692307692 0.051682692307692304
2 0.2548076923076923 0.875 0.019230769230769232 0.02403846153846154
2 0.4855769230769231 0.8605769230769231 0.020432692307692308 0.019230769230769232
0 0.8533653846153846 0.49158653846153844 0.028846153846153848 0.10336538461538461
14 0.4254807692307692 0.5 0.5480769230769231 0.9987980769230769
0 0.9074519230769231 0.16105769230769232 0.056490384615384616 0.04567307692307692
0 0.8064903846153846 0.12860576923076922 0.016826923076923076 0.03245192307692308
2 0.421875 0.38461538461538464 0.02403846153846154 0.028846153846153848
2 0.6129807692307693 0.4375 0.016826923076923076 0.013221153846153846
2 0.056490384615384616 0.49278846153846156 0.019230769230769232 0.027644230769230768
2 0.9350961538461539 0.7848557692307693 0.014423076923076924 0.019230769230769232
2 0.17427884615384615 0.6802884615384616 0.014423076923076924 0.02403846153846154
0 0.6442307692307693 0.4807692307692308 0.03485576923076923 0.046875
2 0.9411057692307693 0.4495192307692308 0.014423076923076924 0.027644230769230768
0 0.7716346153846154 0.5240384615384616 0.06129807692307692 0.12379807692307693
2 0.5576923076923077 0.5240384615384616 0.030048076923076924 0.06129807692307692
2 0.5877403846153846 0.8341346153846154 0.016826923076923076 0.019230769230769232
2 0.9459134615384616 0.5072115384615384 0.016826923076923076 0.019230769230769232
2 0.3786057692307692 0.4483173076923077 0.02403846153846154 0.03365384615384615
2 0.33533653846153844 0.20192307692307693 0.019230769230769232 0.019230769230769232
2 0.4699519230769231 0.6682692307692307 0.020432692307692308 0.019230769230769232
0 0.671875 0.6959134615384616 0.018028846153846152 0.03485576923076923
2 0.22355769230769232 0.8954326923076923 0.018028846153846152 0.018028846153846152
2 0.375 0.08653846153846154 0.025240384615384616 0.02283653846153846
2 0.7752403846153846 0.7199519230769231 0.021634615384615384 0.03365384615384615
2 0.11057692307692307 0.78125 0.013221153846153846 0.021634615384615384
2 0.5420673076923077 0.3762019230769231 0.018028846153846152 0.027644230769230768
0 0.6971153846153846 0.28725961538461536 0.04807692307692308 0.027644230769230768
2 0.41225961538461536 0.2668269230769231 0.02403846153846154 0.027644230769230768
2 0.9723557692307693 0.6370192307692307 0.016826923076923076 0.019230769230769232
2 0.8016826923076923 0.6730769230769231 0.014423076923076924 0.021634615384615384
2 0.9651442307692307 0.7379807692307693 0.027644230769230768 0.03245192307692308
2 0.4362980769230769 0.3245192307692308 0.014423076923076924 0.03365384615384615
2 0.5685096153846154 0.29447115384615385 0.016826923076923076 0.021634615384615384
2 0.08774038461538461 0.39302884615384615 0.02403846153846154 0.028846153846153848
0 0.9038461538461539 0.4963942307692308 0.027644230769230768 0.04326923076923077
2 0.3425480769230769 0.2776442307692308 0.016826923076923076 0.028846153846153848
2 0.36899038461538464 0.04326923076923077 0.027644230769230768 0.03365384615384615
3 0.6153846153846154 0.3173076923076923 0.08653846153846154 0.07932692307692307
2 0.009615384615384616 0.057692307692307696 0.01201923076923077 0.019230769230769232
2 0.5769230769230769 0.9242788461538461 0.016826923076923076 0.02403846153846154
0 0.8209134615384616 0.5600961538461539 0.038461538461538464 0.04807692307692308
2 0.15985576923076922 0.40625 0.020432692307692308 0.030048076923076924
0 0.6574519230769231 0.3557692307692308 0.021634615384615384 0.03125
2 0.22235576923076922 0.5204326923076923 0.021634615384615384 0.02283653846153846
2 0.5649038461538461 0.8221153846153846 0.014423076923076924 0.02403846153846154
2 0.33533653846153844 0.47716346153846156 0.020432692307692308 0.03245192307692308
0 0.6875 0.5108173076923077 0.0985576923076923 0.19110576923076922
2 0.9915865384615384 0.38461538461538464 0.016826923076923076 0.03125
2 0.014423076923076924 0.40024038461538464 0.010817307692307692 0.02403846153846154
0 0.8930288461538461 0.5697115384615384 0.026442307692307692 0.03245192307692308
2 0.8966346153846154 0.9543269230769231 0.019230769230769232 0.021634615384615384
2 0.7391826923076923 0.12379807692307693 0.018028846153846152 0.027644230769230768
2 0.025240384615384616 0.016826923076923076 0.040865384615384616 0.027644230769230768
0 0.6274038461538461 0.6923076923076923 0.028846153846153848 0.040865384615384616
0 0.7680288461538461 0.3641826923076923 0.14182692307692307 0.14423076923076922
2 0.8389423076923077 0.859375 0.04807692307692308 0.040865384615384616
2 0.5949519230769231 0.25721153846153844 0.020432692307692308 0.026442307692307692
3 0.15865384615384615 0.23798076923076922 0.12139423076923077 0.08774038461538461
2 0.8125 0.5192307692307693 0.025240384615384616 0.03245192307692308
2 0.3701923076923077 0.6201923076923077 0.009615384615384616 0.018028846153846152
0 0.7007211538461539 0.6514423076923077 0.03485576923076923 0.03485576923076923
2 0.3954326923076923 0.1346153846153846 0.02403846153846154 0.03125
2 0.06129807692307692 0.30649038461538464 0.016826923076923076 0.019230769230769232
0 0.9242788461538461 0.2920673076923077 0.09975961538461539 0.16947115384615385
0 0.7692307692307693 0.16947115384615385 0.021634615384615384 0.027644230769230768
2 0.24639423076923078 0.6742788461538461 0.04807692307692308 0.04447115384615385
0 0.7151442307692307 0.1875 0.028846153846153848 0.040865384615384616
2 0.9447115384615384 0.5625 0.03485576923076923 0.03485576923076923
3 0.7103365384615384 0.03485576923076923 0.040865384615384616 0.030048076923076924
2 0.4639423076923077 0.7331730769230769 0.016826923076923076 0.02283653846153846
2 0.7800480769230769 0.45552884615384615 0.019230769230769232 0.026442307692307692
2 0.5120192307692307 0.3713942307692308 0.02403846153846154 0.03365384615384615
2 0.9411057692307693 0.6586538461538461 0.016826923076923076 0.02403846153846154
2 0.6598557692307693 0.5973557692307693 0.020432692307692308 0.02403846153846154
2 0.3870192307692308 0.7884615384615384 0.03125 0.027644230769230768
2 0.015625 0.9314903846153846 0.03125 0.040865384615384616
2 0.203125 0.6274038461538461 0.027644230769230768 0.04447115384615385
3 0.8942307692307693 0.20432692307692307 0.15985576923076922 0.3629807692307692
2 0.8774038461538461 0.5973557692307693 0.02403846153846154 0.018028846153846152
2 0.03245192307692308 0.43149038461538464 0.02403846153846154 0.021634615384615384
0 0.6153846153846154 0.7596153846153846 0.025240384615384616 0.03245192307692308
0 0.8954326923076923 0.41346153846153844 0.05048076923076923 0.037259615384615384
2 0.9651442307692307 0.20432692307692307 0.03485576923076923 0.03485576923076923
16 0.546875 0.12860576923076922 0.28725961538461536 0.2548076923076923
2 0.6646634615384616 0.6442307692307693 0.020432692307692308 0.036057692307692304
2 0.021634615384615384 0.6995192307692307 0.02403846153846154 0.028846153846153848
2 0.578125 0.40384615384615385 0.037259615384615384 0.036057692307692304
2 0.3737980769230769 0.9579326923076923 0.013221153846153846 0.026442307692307692
0 0.6622596153846154 0.22956730769230768 0.02403846153846154 0.027644230769230768
2 0.41225961538461536 0.6875 0.021634615384615384 0.027644230769230768
2 0.21995192307692307 0.7980769230769231 0.01201923076923077 0.019230769230769232
2 0.39302884615384615 0.25 0.018028846153846152 0.027644230769230768
2 0.5408653846153846 0.6899038461538461 0.025240384615384616 0.046875
2 0.10096153846153846 0.921875 0.025240384615384616 0.02283653846153846
2 0.9326923076923077 0.421875 0.018028846153846152 0.027644230769230768
0 0.9579326923076923 0.43028846153846156 0.03485576923076923 0.07451923076923077
2 0.2956730769230769 0.5600961538461539 0.014423076923076924 0.019230769230769232
2 0.53125 0.9663461538461539 0.03365384615384615 0.027644230769230768
0 0.7512019230769231 0.6225961538461539 0.021634615384615384 0.036057692307692304
2 0.08052884615384616 0.5276442307692307 0.021634615384615384 0.028846153846153848