2 0.7043269230769231 0.09375 0.030048076923076924 0.027644230769230768
2 0.4879807692307692 0.13221153846153846 0.24879807692307693 0.26322115384615385
2 0.9134615384615384 0.24519230769230768 0.10096153846153846 0.11298076923076923
2 0.3581730769230769 0.7752403846153846 0.39903846153846156 0.375
2 0.027644230769230768 0.040865384615384616 0.055288461538461536 0.08173076923076923
3 0.7415865384615384 0.18389423076923078 0.11778846153846154 0.36658653846153844
2 0.7139423076923077 0.8870192307692307 0.21754807692307693 0.22235576923076922
2 0.9651442307692307 0.7403846153846154 0.038461538461538464 0.10216346153846154
2 0.8870192307692307 0.055288461538461536 0.16826923076923078 0.11057692307692307
8 0.46634615384615385 0.5168269230769231 0.7560096153846154 0.5841346153846154
2 0.9278846153846154 0.7896634615384616 0.021634615384615384 0.13221153846153846
2 0.10096153846153846 0.17908653846153846 0.03485576923076923 0.04326923076923077
2 0.33653846153846156 0.19230769230769232 0.06490384615384616 0.06971153846153846
2 0.056490384615384616 0.2247596153846154 0.038461538461538464 0.06009615384615385
2 0.12259615384615384 0.8798076923076923 0.02403846153846154 0.027644230769230768
2 0.8269230769230769 0.109375 0.02403846153846154 0.030048076923076924
3 0.8509615384615384 0.6394230769230769 0.2980769230769231 0.19110576923076922
2 0.8125 0.1778846153846154 0.03365384615384615 0.03485576923076923
2 0.109375 0.4567307692307692 0.10697115384615384 0.11177884615384616
2 0.25721153846153844 0.05889423076923077 0.10576923076923077 0.11778846153846154
2 0.15625 0.20432692307692307 0.04927884615384615 0.05048076923076923
2 0.390625 0.9855769230769231 0.027644230769230768 0.02283653846153846
2 0.9242788461538461 0.41225961538461536 0.15144230769230768 0.23557692307692307