2 0.8942307692307693 0.2247596153846154 0.055288461538461536 0.06129807692307692
2 0.9423076923076923 0.9182692307692307 0.018028846153846152 0.026442307692307692
2 0.45552884615384615 0.30288461538461536 0.04447115384615385 0.14302884615384615
2 0.8100961538461539 0.057692307692307696 0.03125 0.04927884615384615
2 0.4375 0.7379807692307693 0.020432692307692308 0.06490384615384616
2 0.6045673076923077 0.25 0.016826923076923076 0.03125
2 0.008413461538461538 0.8545673076923077 0.016826923076923076 0.046875
2 0.37259615384615385 0.7548076923076923 0.027644230769230768 0.05048076923076923
2 0.9098557692307693 0.5721153846153846 0.056490384615384616 0.06129807692307692
2 0.9387019230769231 0.7475961538461539 0.06610576923076923 0.1935096153846154
2 0.22235576923076922 0.4098557692307692 0.057692307692307696 0.03125
17 0.8894230769230769 0.9050480769230769 0.021634615384615384 0.03365384615384615
0 0.13942307692307693 0.7728365384615384 0.05889423076923077 0.06490384615384616
2 0.5120192307692307 0.06610576923076923 0.052884615384615384 0.05889423076923077
2 0.6538461538461539 0.109375 0.042067307692307696 0.05048076923076923
2 0.8341346153846154 0.4026442307692308 0.016826923076923076 0.026442307692307692
14 0.8016826923076923 0.5012019230769231 0.20432692307692307 0.9975961538461539
2 0.28846153846153844 0.7139423076923077 0.036057692307692304 0.036057692307692304
2 0.17908653846153846 0.5276442307692307 0.06610576923076923 0.04807692307692308
0 0.0625 0.8978365384615384 0.09375 0.14302884615384615
2 0.21153846153846154 0.625 0.021634615384615384 0.021634615384615384
2 0.7211538461538461 0.6754807692307693 0.016826923076923076 0.018028846153846152
0 0.43028846153846156 0.9747596153846154 0.03485576923076923 0.046875
2 0.921875 0.07692307692307693 0.03485576923076923 0.042067307692307696
2 0.8149038461538461 0.11057692307692307 0.016826923076923076 0.026442307692307692
0 0.09735576923076923 0.5588942307692307 0.056490384615384616 0.07091346153846154
2 0.04447115384615385 0.5865384615384616 0.020432692307692308 0.03485576923076923
2 0.234375 0.2439903846153846 0.042067307692307696 0.10096153846153846
2 0.19951923076923078 0.12379807692307693 0.03485576923076923 0.04567307692307692
2 0.6213942307692307 0.8317307692307693 0.1141826923076923 0.07451923076923077
2 0.14543269230769232 0.22716346153846154 0.037259615384615384 0.06009615384615385
2 0.41586538461538464 0.11298076923076923 0.021634615384615384 0.04567307692307692
2 0.7391826923076923 0.10096153846153846 0.04927884615384615 0.08774038461538461
2 0.6502403846153846 0.7776442307692307 0.013221153846153846 0.018028846153846152
14 0.4266826923076923 0.328125 0.8533653846153846 0.65625
2 0.17668269230769232 0.28365384615384615 0.02403846153846154 0.05048076923076923