2 0.33653846153846156 0.7103365384615384 0.027644230769230768 0.036057692307692304
5 0.5084134615384616 0.5697115384615384 0.03245192307692308 0.038461538461538464
5 0.9302884615384616 0.6454326923076923 0.02403846153846154 0.039663461538461536
2 0.17427884615384615 0.30528846153846156 0.03485576923076923 0.02283653846153846
5 0.2956730769230769 0.042067307692307696 0.027644230769230768 0.013221153846153846
2 0.04807692307692308 0.9399038461538461 0.09615384615384616 0.10576923076923077
2 0.09375 0.2860576923076923 0.04567307692307692 0.040865384615384616
2 0.43990384615384615 0.29927884615384615 0.07211538461538461 0.09134615384615384
2 0.2776442307692308 0.8822115384615384 0.04567307692307692 0.06490384615384616
5 0.5396634615384616 0.25600961538461536 0.02283653846153846 0.027644230769230768
2 0.6358173076923077 0.5877403846153846 0.1141826923076923 0.1201923076923077
5 0.5240384615384616 0.14182692307692307 0.025240384615384616 0.03245192307692308
2 0.009615384615384616 0.6826923076923077 0.019230769230769232 0.04326923076923077
2 0.7379807692307693 0.8894230769230769 0.05889423076923077 0.07692307692307693
5 0.25841346153846156 0.3786057692307692 0.026442307692307692 0.03485576923076923
2 0.5889423076923077 0.6947115384615384 0.09735576923076923 0.13341346153846154
5 0.9182692307692307 0.6850961538461539 0.021634615384615384 0.03125
2 0.8233173076923077 0.8329326923076923 0.1045673076923077 0.19230769230769232
2 0.9362980769230769 0.3269230769230769 0.052884615384615384 0.09134615384615384
5 0.4543269230769231 0.35697115384615385 0.019230769230769232 0.021634615384615384
2 0.7560096153846154 0.6826923076923077 0.030048076923076924 0.07091346153846154
2 0.9254807692307693 0.16706730769230768 0.08533653846153846 0.07692307692307693
2 0.7319711538461539 0.7608173076923077 0.04447115384615385 0.04927884615384615
2 0.7944711538461539 0.10817307692307693 0.02403846153846154 0.03365384615384615
5 0.08173076923076923 0.8978365384615384 0.025240384615384616 0.027644230769230768
2 0.5901442307692307 0.27884615384615385 0.021634615384615384 0.03365384615384615
5 0.38221153846153844 0.09134615384615384 0.056490384615384616 0.10216346153846154
2 0.3545673076923077 0.84375 0.03245192307692308 0.03365384615384615
5 0.9759615384615384 0.4050480769230769 0.03125 0.042067307692307696
2 0.03485576923076923 0.25 0.020432692307692308 0.056490384615384616
2 0.5973557692307693 0.07692307692307693 0.06129807692307692 0.07091346153846154
5 0.25961538461538464 0.052884615384615384 0.027644230769230768 0.037259615384615384
2 0.7151442307692307 0.578125 0.06490384615384616 0.13701923076923078
5 0.8209134615384616 0.2403846153846154 0.02283653846153846 0.028846153846153848
2 0.09735576923076923 0.08774038461538461 0.03245192307692308 0.03365384615384615
5 0.9471153846153846 0.39903846153846156 0.02403846153846154 0.03245192307692308
2 0.4483173076923077 0.7752403846153846 0.09014423076923077 0.12860576923076922
5 0.37740384615384615 0.71875 0.02283653846153846 0.027644230769230768
2 0.6670673076923077 0.5048076923076923 0.037259615384615384 0.06129807692307692
2 0.484375 0.3641826923076923 0.016826923076923076 0.027644230769230768
2 0.8641826923076923 0.4050480769230769 0.27163461538461536 0.40865384615384615
5 0.7668269230769231 0.9266826923076923 0.026442307692307692 0.03365384615384615
5 0.3894230769230769 0.7451923076923077 0.020432692307692308 0.027644230769230768
5 0.7223557692307693 0.7331730769230769 0.03365384615384615 0.04447115384615385
2 0.5492788461538461 0.3701923076923077 0.06971153846153846 0.1141826923076923
5 0.8557692307692307 0.5649038461538461 0.020432692307692308 0.02403846153846154
2 0.11177884615384616 0.007211538461538462 0.038461538461538464 0.014423076923076924
2 0.4411057692307692 0.8569711538461539 0.10336538461538461 0.08774038461538461
5 0.16346153846153846 0.22716346153846154 0.021634615384615384 0.021634615384615384
2 0.4651442307692308 0.1778846153846154 0.11057692307692307 0.16105769230769232
14 0.4963942307692308 0.25 0.18509615384615385 0.4675480769230769
2 0.17548076923076922 0.9567307692307693 0.02283653846153846 0.027644230769230768
5 0.29447115384615385 0.22235576923076922 0.021634615384615384 0.02403846153846154
2 0.32091346153846156 0.25600961538461536 0.07932692307692307 0.13822115384615385
5 0.7920673076923077 0.7379807692307693 0.021634615384615384 0.030048076923076924
2 0.8485576923076923 0.125 0.052884615384615384 0.06490384615384616
2 0.12379807692307693 0.23918269230769232 0.04326923076923077 0.0733173076923077
2 0.1466346153846154 0.013221153846153846 0.028846153846153848 0.026442307692307692
2 0.17307692307692307 0.4014423076923077 0.1346153846153846 0.15625
14 0.06370192307692307 0.31490384615384615 0.030048076923076924 0.16466346153846154
5 0.9747596153846154 0.2956730769230769 0.019230769230769232 0.02403846153846154
2 0.7584134615384616 0.5889423076923077 0.03245192307692308 0.039663461538461536
2 0.2932692307692308 0.8665865384615384 0.016826923076923076 0.021634615384615384
5 0.8810096153846154 0.1045673076923077 0.026442307692307692 0.037259615384615384
2 0.31850961538461536 0.96875 0.02403846153846154 0.038461538461538464
2 0.007211538461538462 0.2980769230769231 0.014423076923076924 0.04447115384615385
5 0.01201923076923077 0.2620192307692308 0.02403846153846154 0.03125
5 0.6274038461538461 0.25721153846153844 0.020432692307692308 0.027644230769230768
5 0.27884615384615385 0.15985576923076922 0.03485576923076923 0.04567307692307692
5 0.7584134615384616 0.828125 0.026442307692307692 0.036057692307692304
2 0.09254807692307693 0.33774038461538464 0.037259615384615384 0.057692307692307696
2 0.3629807692307692 0.7668269230769231 0.06971153846153846 0.09134615384615384
5 0.20673076923076922 0.016826923076923076 0.019230769230769232 0.027644230769230768
2 0.5564903846153846 0.22235576923076922 0.03245192307692308 0.054086538461538464
2 0.3425480769230769 0.13221153846153846 0.05048076923076923 0.03485576923076923
2 0.6959134615384616 0.7620192307692307 0.02403846153846154 0.037259615384615384
2 0.28125 0.13221153846153846 0.09735576923076923 0.12620192307692307
2 0.1201923076923077 0.06971153846153846 0.016826923076923076 0.03485576923076923
5 0.5637019230769231 0.5745192307692307 0.018028846153846152 0.027644230769230768
5 0.14423076923076922 0.6598557692307693 0.021634615384615384 0.027644230769230768
2 0.35216346153846156 0.9158653846153846 0.036057692307692304 0.055288461538461536
5 0.056490384615384616 0.0625 0.02403846153846154 0.027644230769230768
2 0.921875 0.9170673076923077 0.15625 0.15865384615384615
5 0.3125 0.3125 0.13581730769230768 0.29086538461538464
2 0.7043269230769231 0.47836538461538464 0.0673076923076923 0.03485576923076923
2 0.6754807692307693 0.6574519230769231 0.08413461538461539 0.11658653846153846
2 0.17668269230769232 0.015625 0.03365384615384615 0.03125
5 0.6454326923076923 0.7716346153846154 0.02403846153846154 0.03485576923076923
5 0.28365384615384615 0.07692307692307693 0.02403846153846154 0.03125
2 0.4074519230769231 0.3870192307692308 0.04807692307692308 0.09735576923076923
5 0.39663461538461536 0.21514423076923078 0.026442307692307692 0.037259615384615384
2 0.5096153846153846 0.8786057692307693 0.3918269230769231 0.23677884615384615
5 0.8173076923076923 0.8125 0.02403846153846154 0.037259615384615384
2 0.09495192307692307 0.4831730769230769 0.18990384615384615 0.3942307692307692
2 0.7331730769230769 0.8052884615384616 0.021634615384615384 0.037259615384615384
2 0.19110576923076922 0.8137019230769231 0.26322115384615385 0.34615384615384615
2 0.84375 0.08173076923076923 0.3125 0.16105769230769232
2 0.6322115384615384 0.038461538461538464 0.12379807692307693 0.07692307692307693
2 0.515625 0.29447115384615385 0.03485576923076923 0.07932692307692307
2 0.0673076923076923 0.15264423076923078 0.1346153846153846 0.15865384615384615
2 0.4675480769230769 0.038461538461538464 0.15264423076923078 0.07451923076923077
2 0.18629807692307693 0.13701923076923078 0.10697115384615384 0.20793269230769232
2 0.8509615384615384 0.7319711538461539 0.03365384615384615 0.07451923076923077
5 0.12620192307692307 0.13701923076923078 0.021634615384615384 0.03125
5 0.21754807692307693 0.22235576923076922 0.020432692307692308 0.027644230769230768
2 0.18990384615384615 0.9879807692307693 0.040865384615384616 0.021634615384615384
2 0.20072115384615385 0.04447115384615385 0.021634615384615384 0.026442307692307692
5 0.02283653846153846 0.75 0.027644230769230768 0.04326923076923077
14 0.2644230769230769 0.546875 0.13942307692307693 0.036057692307692304
2 0.08653846153846154 0.046875 0.019230769230769232 0.026442307692307692
2 0.3125 0.8076923076923077 0.020432692307692308 0.027644230769230768
2 0.5625 0.2776442307692308 0.052884615384615384 0.057692307692307696
2 0.4206730769230769 0.5576923076923077 0.3293269230769231 0.2776442307692308
2 0.8701923076923077 0.24158653846153846 0.07692307692307693 0.09254807692307693
2 0.7704326923076923 0.9579326923076923 0.1201923076923077 0.07692307692307693
5 0.3870192307692308 0.2932692307692308 0.030048076923076924 0.039663461538461536
5 0.6706730769230769 0.3389423076923077 0.021634615384615384 0.03245192307692308
2 0.25240384615384615 0.016826923076923076 0.052884615384615384 0.03245192307692308
5 0.5 0.42908653846153844 0.03245192307692308 0.037259615384615384
5 0.9579326923076923 0.984375 0.028846153846153848 0.028846153846153848
5 0.6490384615384616 0.7139423076923077 0.025240384615384616 0.03125
5 0.84375 0.9519230769230769 0.021634615384615384 0.03125
2 0.9326923076923077 0.7271634615384616 0.1346153846153846 0.2403846153846154
2 0.18028846153846154 0.2644230769230769 0.06490384615384616 0.042067307692307696
2 0.11538461538461539 0.9855769230769231 0.05889423076923077 0.026442307692307692
2 0.7608173076923077 0.7740384615384616 0.018028846153846152 0.04326923076923077
2 0.6634615384615384 0.29927884615384615 0.1622596153846154 0.38100961538461536
5 0.7668269230769231 0.16466346153846154 0.03365384615384615 0.04447115384615385
2 0.5072115384615384 0.7295673076923077 0.0625 0.18870192307692307
2 0.051682692307692304 0.037259615384615384 0.08413461538461539 0.07451923076923077
2 0.8112980769230769 0.6370192307692307 0.10096153846153846 0.12980769230769232
2 0.4675480769230769 0.6622596153846154 0.018028846153846152 0.03245192307692308
2 0.038461538461538464 0.7860576923076923 0.07572115384615384 0.21754807692307693
5 0.17908653846153846 0.921875 0.027644230769230768 0.040865384615384616
2 0.9771634615384616 0.22115384615384615 0.04567307692307692 0.125
5 0.18028846153846154 0.7127403846153846 0.025240384615384616 0.03485576923076923
2 0.003605769230769231 0.020432692307692308 0.007211538461538462 0.02403846153846154
2 0.11658653846153846 0.4831730769230769 0.23317307692307693 0.40384615384615385
2 0.7668269230769231 0.5516826923076923 0.04567307692307692 0.05048076923076923
2 0.33052884615384615 0.057692307692307696 0.04807692307692308 0.1141826923076923
5 0.13942307692307693 0.30528846153846156 0.030048076923076924 0.04326923076923077
2 0.3088942307692308 0.4098557692307692 0.06610576923076923 0.0733173076923077
2 0.9278846153846154 0.2548076923076923 0.030048076923076924 0.07451923076923077
5 0.06009615384615385 0.984375 0.021634615384615384 0.027644230769230768
2 0.24639423076923078 0.9927884615384616 0.025240384615384616 0.013221153846153846
2 0.2091346153846154 0.3317307692307692 0.038461538461538464 0.04927884615384615
5 0.17067307692307693 0.6490384615384616 0.027644230769230768 0.03365384615384615