0 0.28125 0.8557692307692307 0.21995192307692307 0.2848557692307692
2 0.8990384615384616 0.08413461538461539 0.20192307692307693 0.16826923076923078
2 0.23317307692307693 0.18028846153846154 0.07692307692307693 0.11057692307692307
2 0.4338942307692308 0.46033653846153844 0.11658653846153846 0.051682692307692304
2 0.020432692307692308 0.18269230769230768 0.040865384615384616 0.11057692307692307
2 0.11298076923076923 0.34375 0.052884615384615384 0.06370192307692307
2 0.65625 0.21153846153846154 0.11177884615384616 0.12860576923076922
2 0.7463942307692307 0.3545673076923077 0.11057692307692307 0.13341346153846154
2 0.3004807692307692 0.671875 0.03485576923076923 0.038461538461538464
2 0.6442307692307693 0.5492788461538461 0.051682692307692304 0.10576923076923077
2 0.171875 0.04326923076923077 0.11778846153846154 0.08653846153846154
2 0.48677884615384615 0.5360576923076923 0.038461538461538464 0.05889423076923077
2 0.27884615384615385 0.2403846153846154 0.038461538461538464 0.037259615384615384
2 0.2848557692307692 0.28725961538461536 0.026442307692307692 0.036057692307692304
2 0.5588942307692307 0.7067307692307693 0.06971153846153846 0.16826923076923078
2 0.7127403846153846 0.14903846153846154 0.0673076923076923 0.08052884615384616
2 0.013221153846153846 0.3161057692307692 0.026442307692307692 0.05048076923076923
2 0.019230769230769232 0.5024038461538461 0.037259615384615384 0.06129807692307692
2 0.390625 0.8786057692307693 0.09254807692307693 0.08774038461538461
2 0.5673076923076923 0.2776442307692308 0.08413461538461539 0.16706730769230768
2 0.7860576923076923 0.7439903846153846 0.42788461538461536 0.5120192307692307
2 0.078125 0.109375 0.027644230769230768 0.04326923076923077
2 0.8870192307692307 0.3870192307692308 0.09735576923076923 0.14423076923076922
2 0.18629807692307693 0.27163461538461536 0.06610576923076923 0.08173076923076923
9 0.08052884615384616 0.4170673076923077 0.1346153846153846 0.421875
14 0.30528846153846156 0.4723557692307692 0.6105769230769231 0.9447115384615384