2 0.2848557692307692 0.06971153846153846 0.04807692307692308 0.07451923076923077
2 0.6213942307692307 0.9555288461538461 0.05048076923076923 0.037259615384615384
2 0.04807692307692308 0.8100961538461539 0.06610576923076923 0.09134615384615384
2 0.038461538461538464 0.5372596153846154 0.07692307692307693 0.1814903846153846
2 0.31009615384615385 0.18028846153846154 0.04807692307692308 0.0733173076923077
2 0.4495192307692308 0.8257211538461539 0.03245192307692308 0.05048076923076923
2 0.05048076923076923 0.22355769230769232 0.09014423076923077 0.08774038461538461
2 0.6550480769230769 0.30288461538461536 0.10336538461538461 0.0889423076923077
2 0.7199519230769231 0.8245192307692307 0.06971153846153846 0.08653846153846154
2 0.828125 0.06490384615384616 0.14423076923076922 0.12860576923076922
2 0.6310096153846154 0.7788461538461539 0.05889423076923077 0.06850961538461539
2 0.36778846153846156 0.046875 0.11658653846153846 0.09254807692307693
2 0.2439903846153846 0.49759615384615385 0.04326923076923077 0.09735576923076923
4 0.5 0.4987980769230769 0.5961538461538461 0.9963942307692307
2 0.15144230769230768 0.07932692307692307 0.125 0.15865384615384615
2 0.10096153846153846 0.6995192307692307 0.09134615384615384 0.1346153846153846
2 0.5384615384615384 0.8545673076923077 0.055288461538461536 0.056490384615384616
2 0.44350961538461536 0.27163461538461536 0.04807692307692308 0.07451923076923077
2 0.1346153846153846 0.9639423076923077 0.04447115384615385 0.04326923076923077
2 0.8689903846153846 0.19951923076923078 0.051682692307692304 0.057692307692307696
2 0.7379807692307693 0.6574519230769231 0.037259615384615384 0.08413461538461539
2 0.8485576923076923 0.6442307692307693 0.30288461538461536 0.7043269230769231
2 0.046875 0.15985576923076922 0.037259615384615384 0.05048076923076923
2 0.5012019230769231 0.16826923076923078 0.12379807692307693 0.10096153846153846
2 0.5552884615384616 0.5252403846153846 0.06610576923076923 0.09615384615384616
2 0.5697115384615384 0.6802884615384616 0.06610576923076923 0.08413461538461539