2 0.6334134615384616 0.40625 0.056490384615384616 0.05048076923076923
2 0.4723557692307692 0.8161057692307693 0.0829326923076923 0.08052884615384616
2 0.40024038461538464 0.8209134615384616 0.037259615384615384 0.05889423076923077
2 0.28846153846153844 0.25240384615384615 0.17067307692307693 0.1971153846153846
2 0.18509615384615385 0.13701923076923078 0.1466346153846154 0.24639423076923078
2 0.42427884615384615 0.9711538461538461 0.07932692307692307 0.05048076923076923
2 0.8786057692307693 0.6514423076923077 0.1045673076923077 0.09735576923076923
2 0.5300480769230769 0.49038461538461536 0.2980769230769231 0.1935096153846154
2 0.19471153846153846 0.4723557692307692 0.08653846153846154 0.1466346153846154
2 0.04326923076923077 0.021634615384615384 0.02403846153846154 0.03125
2 0.3713942307692308 0.890625 0.06610576923076923 0.08052884615384616
2 0.09375 0.057692307692307696 0.09375 0.078125
2 0.4326923076923077 0.890625 0.018028846153846152 0.06971153846153846
2 0.3425480769230769 0.5204326923076923 0.04567307692307692 0.037259615384615384
2 0.5661057692307693 0.2860576923076923 0.10096153846153846 0.15144230769230768
2 0.8581730769230769 0.5600961538461539 0.04567307692307692 0.06610576923076923
2 0.9675480769230769 0.8545673076923077 0.06490384615384616 0.12379807692307693
2 0.8100961538461539 0.18509615384615385 0.3798076923076923 0.3701923076923077
5 0.31850961538461536 0.0625 0.08173076923076923 0.11298076923076923
2 0.31850961538461536 0.8052884615384616 0.11298076923076923 0.15625
2 0.3016826923076923 0.625 0.14903846153846154 0.21153846153846154
2 0.8040865384615384 0.36778846153846156 0.038461538461538464 0.06850961538461539
2 0.7596153846153846 0.5144230769230769 0.13701923076923078 0.17668269230769232
2 0.49038461538461536 0.6682692307692307 0.24639423076923078 0.23557692307692307
2 0.2776442307692308 0.9459134615384616 0.08413461538461539 0.09735576923076923
2 0.6995192307692307 0.8545673076923077 0.45552884615384615 0.28125
2 0.9699519230769231 0.6526442307692307 0.06009615384615385 0.09975961538461539
2 0.9651442307692307 0.9711538461538461 0.06971153846153846 0.057692307692307696
2 0.028846153846153848 0.9086538461538461 0.057692307692307696 0.11899038461538461
2 0.20673076923076922 0.9483173076923077 0.04807692307692308 0.09014423076923077
2 0.08774038461538461 0.4375 0.17548076923076922 0.6995192307692307
2 0.014423076923076924 0.04447115384615385 0.028846153846153848 0.054086538461538464
2 0.9110576923076923 0.43028846153846156 0.1778846153846154 0.12980769230769232
2 0.12740384615384615 0.12740384615384615 0.06971153846153846 0.06971153846153846
2 0.12620192307692307 0.8810096153846154 0.12620192307692307 0.23197115384615385
2 0.9555288461538461 0.5420673076923077 0.0889423076923077 0.10336538461538461
4 0.39663461538461536 0.4987980769230769 0.4519230769230769 0.9963942307692307
2 0.5132211538461539 0.6298076923076923 0.021634615384615384 0.036057692307692304
5 0.7211538461538461 0.6358173076923077 0.11177884615384616 0.13942307692307693