2 0.7415865384615384 0.5853365384615384 0.2980769230769231 0.3112980769230769
2 0.44711538461538464 0.2848557692307692 0.0673076923076923 0.10096153846153846
2 0.056490384615384616 0.9350961538461539 0.11298076923076923 0.12620192307692307
2 0.328125 0.203125 0.15504807692307693 0.3713942307692308
2 0.12740384615384615 0.3762019230769231 0.07692307692307693 0.0985576923076923
2 0.17668269230769232 0.6634615384615384 0.027644230769230768 0.054086538461538464
2 0.9555288461538461 0.1502403846153846 0.0889423076923077 0.09134615384615384
5 0.8689903846153846 0.4723557692307692 0.0673076923076923 0.08774038461538461
2 0.5480769230769231 0.7247596153846154 0.18629807692307693 0.23557692307692307
2 0.421875 0.5540865384615384 0.2956730769230769 0.38221153846153844
2 0.27283653846153844 0.7920673076923077 0.09495192307692307 0.11658653846153846
2 0.22115384615384615 0.6298076923076923 0.07572115384615384 0.15625
2 0.9603365384615384 0.6430288461538461 0.07932692307692307 0.17067307692307693
2 0.4723557692307692 0.9603365384615384 0.038461538461538464 0.037259615384615384
2 0.6802884615384616 0.8942307692307693 0.03485576923076923 0.09735576923076923
2 0.90625 0.5745192307692307 0.021634615384615384 0.03365384615384615
2 0.9483173076923077 0.9423076923076923 0.10336538461538461 0.10576923076923077
2 0.8834134615384616 0.33533653846153844 0.23197115384615385 0.3894230769230769
2 0.40384615384615385 0.8100961538461539 0.11057692307692307 0.12379807692307693
2 0.8509615384615384 0.6899038461538461 0.055288461538461536 0.05889423076923077
2 0.0625 0.453125 0.125 0.24879807692307693
2 0.052884615384615384 0.6346153846153846 0.06129807692307692 0.08173076923076923
2 0.25841346153846156 0.4495192307692308 0.08653846153846154 0.10576923076923077
2 0.6502403846153846 0.25721153846153844 0.0829326923076923 0.14302884615384615
2 0.4182692307692308 0.19951923076923078 0.055288461538461536 0.10216346153846154
2 0.8149038461538461 0.921875 0.1622596153846154 0.14903846153846154
2 0.09735576923076923 0.16346153846153846 0.19471153846153846 0.3245192307692308
3 0.8461538461538461 0.8774038461538461 0.3076923076923077 0.23557692307692307
2 0.625 0.9254807692307693 0.08774038461538461 0.12379807692307693
2 0.040865384615384616 0.8076923076923077 0.08173076923076923 0.18509615384615385
2 0.6814903846153846 0.11177884615384616 0.27403846153846156 0.18870192307692307
2 0.7091346153846154 0.8377403846153846 0.040865384615384616 0.08173076923076923
2 0.15865384615384615 0.9170673076923077 0.0673076923076923 0.07692307692307693
2 0.1875 0.796875 0.06971153846153846 0.09254807692307693
4 0.5396634615384616 0.4579326923076923 0.9206730769230769 0.9122596153846154
2 0.40865384615384615 0.921875 0.07692307692307693 0.13341346153846154
2 0.8629807692307693 0.06610576923076923 0.11298076923076923 0.09375
2 0.5564903846153846 0.3004807692307692 0.19110576923076922 0.2536057692307692
2 0.27884615384615385 0.9447115384615384 0.18028846153846154 0.10336538461538461
2 0.5612980769230769 0.8725961538461539 0.04326923076923077 0.055288461538461536
2 0.47716346153846156 0.8966346153846154 0.06370192307692307 0.037259615384615384
2 0.5432692307692307 0.9567307692307693 0.0829326923076923 0.0829326923076923
2 0.47475961538461536 0.10216346153846154 0.14423076923076922 0.125