0 0.19471153846153846 0.09615384615384616 0.06971153846153846 0.08173076923076923
0 0.7271634615384616 0.84375 0.5240384615384616 0.3076923076923077
0 0.5817307692307693 0.28966346153846156 0.052884615384615384 0.11057692307692307
0 0.4651442307692308 0.46875 0.13221153846153846 0.0985576923076923
0 0.7560096153846154 0.25 0.10817307692307693 0.18389423076923078
0 0.9495192307692307 0.4098557692307692 0.10096153846153846 0.17067307692307693
14 0.6538461538461539 0.53125 0.18028846153846154 0.08052884615384616
0 0.8052884615384616 0.39903846153846156 0.06971153846153846 0.1201923076923077
0 0.4807692307692308 0.15985576923076922 0.1622596153846154 0.3088942307692308
0 0.39302884615384615 0.3173076923076923 0.07932692307692307 0.18389423076923078
14 0.2932692307692308 0.7884615384615384 0.4411057692307692 0.3713942307692308
0 0.7884615384615384 0.036057692307692304 0.04447115384615385 0.06971153846153846
11 0.5 0.4495192307692308 1 0.47716346153846156
11 0.6213942307692307 0.5721153846153846 0.7560096153846154 0.8485576923076923
0 0.8545673076923077 0.15144230769230768 0.0889423076923077 0.1622596153846154
0 0.8786057692307693 0.8269230769230769 0.07692307692307693 0.10096153846153846
0 0.25 0.2920673076923077 0.056490384615384616 0.09254807692307693
0 0.7584134615384616 0.96875 0.08653846153846154 0.05889423076923077
0 0.9338942307692307 0.04326923076923077 0.10336538461538461 0.08653846153846154
0 0.2283653846153846 0.026442307692307692 0.13942307692307693 0.051682692307692304
0 0.828125 0.9134615384615384 0.08533653846153846 0.11177884615384616
14 0.04447115384615385 0.7524038461538461 0.0889423076923077 0.49038461538461536
0 0.04807692307692308 0.036057692307692304 0.06850961538461539 0.06971153846153846
0 0.16706730769230768 0.20192307692307693 0.11057692307692307 0.13341346153846154
0 0.84375 0.025240384615384616 0.09495192307692307 0.05048076923076923
0 0.5973557692307693 0.12139423076923077 0.14182692307692307 0.24278846153846154
0 0.9651442307692307 0.11177884615384616 0.06850961538461539 0.12379807692307693
0 0.6550480769230769 0.28125 0.09134615384615384 0.18509615384615385
0 0.9290865384615384 0.19951923076923078 0.07211538461538461 0.11899038461538461
0 0.6490384615384616 0.4375 0.20192307692307693 0.14783653846153846
0 0.046875 0.15745192307692307 0.09375 0.171875
0 0.5961538461538461 0.36778846153846156 0.03245192307692308 0.04326923076923077
0 0.08533653846153846 0.2620192307692308 0.056490384615384616 0.06971153846153846
0 0.28125 0.3870192307692308 0.1875 0.13581730769230768
0 0.15144230769230768 0.31009615384615385 0.07572115384615384 0.06971153846153846
14 0.9182692307692307 0.5252403846153846 0.16346153846153846 0.11658653846153846
0 0.8677884615384616 0.30528846153846156 0.07692307692307693 0.11658653846153846
0 0.5612980769230769 0.8521634615384616 0.3425480769230769 0.29447115384615385
0 0.9278846153846154 0.9338942307692307 0.10336538461538461 0.12860576923076922
0 0.33533653846153844 0.25600961538461536 0.1141826923076923 0.19831730769230768
0 0.78125 0.15504807692307693 0.0625 0.1346153846153846
0 0.2956730769230769 0.1310096153846154 0.15865384615384615 0.2247596153846154
0 0.9615384615384616 0.8293269230769231 0.07692307692307693 0.11899038461538461
0 0.7007211538461539 0.07692307692307693 0.13221153846153846 0.15264423076923078
0 0.1201923076923077 0.0625 0.07572115384615384 0.11538461538461539
0 0.5048076923076923 0.3473557692307692 0.1502403846153846 0.17548076923076922