0 0.08653846153846154 0.7463942307692307 0.037259615384615384 0.04567307692307692
2 0.5540865384615384 0.47596153846153844 0.0625 0.07932692307692307
0 0.4879807692307692 0.6899038461538461 0.05889423076923077 0.21634615384615385
0 0.31850961538461536 0.921875 0.025240384615384616 0.05889423076923077
0 0.8966346153846154 0.9567307692307693 0.11057692307692307 0.08173076923076923
0 0.3713942307692308 0.7211538461538461 0.025240384615384616 0.08173076923076923
0 0.14903846153846154 0.037259615384615384 0.036057692307692304 0.05048076923076923
2 0.8461538461538461 0.8545673076923077 0.019230769230769232 0.037259615384615384
0 0.015625 0.9651442307692307 0.03125 0.06490384615384616
0 0.59375 0.2704326923076923 0.06370192307692307 0.06971153846153846
14 0.6754807692307693 0.6971153846153846 0.3293269230769231 0.6021634615384616
0 0.23798076923076922 0.7055288461538461 0.14302884615384615 0.08052884615384616
0 0.4495192307692308 0.7848557692307693 0.037259615384615384 0.09375
0 0.5192307692307693 0.25721153846153844 0.22956730769230768 0.3173076923076923
14 0.25240384615384615 0.15865384615384615 0.5048076923076923 0.31490384615384615
0 0.5697115384615384 0.6875 0.03125 0.04927884615384615
0 0.47836538461538464 0.5048076923076923 0.08413461538461539 0.16826923076923078
0 0.4338942307692308 0.6959134615384616 0.042067307692307696 0.0673076923076923
14 0.09254807692307693 0.27884615384615385 0.18509615384615385 0.3016826923076923
0 0.007211538461538462 0.025240384615384616 0.013221153846153846 0.030048076923076924
0 0.546875 0.7620192307692307 0.027644230769230768 0.06370192307692307
0 0.3581730769230769 0.013221153846153846 0.052884615384615384 0.026442307692307692
0 0.6177884615384616 0.15144230769230768 0.1310096153846154 0.13822115384615385
0 0.22716346153846154 0.4182692307692308 0.06129807692307692 0.12259615384615384
0 0.02283653846153846 0.7596153846153846 0.04567307692307692 0.09735576923076923
0 0.7067307692307693 0.6826923076923077 0.11538461538461539 0.2644230769230769
0 0.5240384615384616 0.06490384615384616 0.051682692307692304 0.06610576923076923
0 0.5685096153846154 0.8341346153846154 0.09735576923076923 0.3269230769230769
2 0.07451923076923077 0.36538461538461536 0.10817307692307693 0.13341346153846154
0 0.7151442307692307 0.29447115384615385 0.0625 0.14903846153846154
0 0.7776442307692307 0.03245192307692308 0.06490384615384616 0.06490384615384616
0 0.07211538461538461 0.7439903846153846 0.14423076923076922 0.17067307692307693
0 0.3786057692307692 0.5552884615384616 0.04447115384615385 0.057692307692307696
0 0.890625 0.6334134615384616 0.07572115384615384 0.14423076923076922
0 0.19951923076923078 0.8725961538461539 0.39903846153846156 0.19230769230769232
14 0.7451923076923077 0.5504807692307693 0.5096153846153846 0.8966346153846154
0 0.0625 0.7163461538461539 0.040865384615384616 0.05048076923076923
0 0.6850961538461539 0.8088942307692307 0.03125 0.078125
14 0.5324519230769231 0.5 0.2824519230769231 0.9963942307692307