2 0.09735576923076923 0.3076923076923077 0.1935096153846154 0.109375
2 0.5084134615384616 0.9230769230769231 0.06490384615384616 0.09134615384615384
2 0.46634615384615385 0.6850961538461539 0.0625 0.08173076923076923
0 0.8665865384615384 0.7872596153846154 0.0829326923076923 0.421875
2 0.8329326923076923 0.39302884615384615 0.06850961538461539 0.11298076923076923
2 0.32572115384615385 0.19471153846153846 0.054086538461538464 0.06610576923076923
2 0.8786057692307693 0.09975961538461539 0.03485576923076923 0.06009615384615385
2 0.3125 0.7067307692307693 0.03485576923076923 0.04447115384615385
2 0.6574519230769231 0.6730769230769231 0.11057692307692307 0.07451923076923077
0 0.5180288461538461 0.03485576923076923 0.12740384615384615 0.06971153846153846
2 0.22596153846153846 0.41225961538461536 0.04807692307692308 0.07692307692307693
2 0.6201923076923077 0.49278846153846156 0.18389423076923078 0.22716346153846154
2 0.5096153846153846 0.5192307692307693 0.040865384615384616 0.06971153846153846
14 0.7151442307692307 0.5889423076923077 0.25721153846153844 0.8221153846153846
2 0.10216346153846154 0.4639423076923077 0.14182692307692307 0.19110576923076922
2 0.6490384615384616 0.9519230769230769 0.13221153846153846 0.08774038461538461
2 0.9110576923076923 0.3112980769230769 0.055288461538461536 0.125
14 0.29086538461538464 0.10576923076923077 0.5817307692307693 0.21153846153846154
11 0.3737980769230769 0.4987980769230769 0.7475961538461539 0.9963942307692307