2 0.7548076923076923 0.41947115384615385 0.19471153846153846 0.1622596153846154
2 0.9579326923076923 0.23197115384615385 0.06971153846153846 0.06610576923076923
2 0.5925480769230769 0.38341346153846156 0.04447115384615385 0.07692307692307693
2 0.9290865384615384 0.030048076923076924 0.06971153846153846 0.06009615384615385
2 0.7668269230769231 0.15985576923076922 0.14543269230769232 0.1466346153846154
2 0.23317307692307693 0.22596153846153846 0.057692307692307696 0.18028846153846154
2 0.5973557692307693 0.05889423076923077 0.051682692307692304 0.0733173076923077
2 0.5456730769230769 0.09975961538461539 0.038461538461538464 0.06009615384615385
11 0.5 0.6057692307692307 1 0.6995192307692307
2 0.4050480769230769 0.24519230769230768 0.05048076923076923 0.21514423076923078
2 0.8545673076923077 0.27283653846153844 0.04807692307692308 0.078125
2 0.484375 0.18509615384615385 0.1201923076923077 0.13942307692307693