2 0.018028846153846152 0.05889423076923077 0.030048076923076924 0.039663461538461536
2 0.4519230769230769 0.9495192307692307 0.09735576923076923 0.08653846153846154
2 0.08774038461538461 0.6490384615384616 0.026442307692307692 0.03365384615384615
2 0.07572115384615384 0.2536057692307692 0.02403846153846154 0.021634615384615384
0 0.9194711538461539 0.75 0.16105769230769232 0.23076923076923078
2 0.5204326923076923 0.5709134615384616 0.02403846153846154 0.04326923076923077
4 0.65625 0.49759615384615385 0.20192307692307693 0.9951923076923077
2 0.4254807692307692 0.8377403846153846 0.030048076923076924 0.05889423076923077
2 0.5925480769230769 0.6478365384615384 0.03245192307692308 0.054086538461538464
2 0.23197115384615385 0.17307692307692307 0.036057692307692304 0.027644230769230768
2 0.43149038461538464 0.6862980769230769 0.055288461538461536 0.07091346153846154
2 0.9555288461538461 0.14783653846153846 0.027644230769230768 0.04567307692307692
0 0.33653846153846156 0.4987980769230769 0.4795673076923077 0.9963942307692307
2 0.9675480769230769 0.02403846153846154 0.04807692307692308 0.040865384615384616
2 0.12139423076923077 0.13221153846153846 0.03485576923076923 0.06370192307692307
2 0.10576923076923077 0.5048076923076923 0.019230769230769232 0.027644230769230768
2 0.8305288461538461 0.31971153846153844 0.22115384615384615 0.4362980769230769
2 0.35096153846153844 0.5204326923076923 0.03245192307692308 0.046875
2 0.03245192307692308 0.3088942307692308 0.06490384615384616 0.1141826923076923
2 0.2800480769230769 0.48197115384615385 0.04567307692307692 0.04567307692307692
2 0.3605769230769231 0.38461538461538464 0.03485576923076923 0.037259615384615384
2 0.0625 0.9098557692307693 0.027644230769230768 0.026442307692307692
2 0.03125 0.1935096153846154 0.052884615384615384 0.08653846153846154
0 0.015625 0.5264423076923077 0.030048076923076924 0.14783653846153846
2 0.2776442307692308 0.0829326923076923 0.13701923076923078 0.1310096153846154
2 0.5564903846153846 0.2704326923076923 0.07211538461538461 0.1935096153846154
2 0.5504807692307693 0.41346153846153844 0.15384615384615385 0.12860576923076922
2 0.5456730769230769 0.6274038461538461 0.03485576923076923 0.037259615384615384
2 0.015625 0.8533653846153846 0.03125 0.052884615384615384
2 0.08413461538461539 0.16706730769230768 0.02403846153846154 0.03485576923076923
2 0.2800480769230769 0.7043269230769231 0.055288461538461536 0.0889423076923077
2 0.11298076923076923 0.7716346153846154 0.04326923076923077 0.04927884615384615
2 0.28846153846153844 0.7836538461538461 0.03125 0.04326923076923077
2 0.296875 0.9699519230769231 0.037259615384615384 0.05889423076923077
2 0.2800480769230769 0.1875 0.030048076923076924 0.04447115384615385
2 0.7572115384615384 0.7944711538461539 0.014423076923076924 0.027644230769230768
2 0.5372596153846154 0.7115384615384616 0.038461538461538464 0.07451923076923077
2 0.35216346153846156 0.84375 0.030048076923076924 0.04326923076923077
2 0.6322115384615384 0.7331730769230769 0.055288461538461536 0.07451923076923077
2 0.09134615384615384 0.051682692307692304 0.03485576923076923 0.038461538461538464
2 0.4879807692307692 0.3125 0.11057692307692307 0.13221153846153846
2 0.8149038461538461 0.6923076923076923 0.1201923076923077 0.18870192307692307
2 0.11298076923076923 0.41466346153846156 0.027644230769230768 0.03485576923076923
2 0.04567307692307692 0.7728365384615384 0.021634615384615384 0.037259615384615384
2 0.9038461538461539 0.06610576923076923 0.04927884615384615 0.036057692307692304
2 0.05048076923076923 0.5973557692307693 0.027644230769230768 0.040865384615384616
2 0.6009615384615384 0.8197115384615384 0.04807692307692308 0.07091346153846154
2 0.4170673076923077 0.2127403846153846 0.04567307692307692 0.040865384615384616