2 0.703125 0.7896634615384616 0.025240384615384616 0.039663461538461536
2 0.5192307692307693 0.9302884615384616 0.08774038461538461 0.13822115384615385
2 0.36899038461538464 0.4651442307692308 0.0889423076923077 0.12860576923076922
5 0.19831730769230768 0.6322115384615384 0.08173076923076923 0.11298076923076923
2 0.36778846153846156 0.9194711538461539 0.055288461538461536 0.06850961538461539
2 0.11057692307692307 0.7019230769230769 0.038461538461538464 0.046875
2 0.07451923076923077 0.8245192307692307 0.12379807692307693 0.08653846153846154
15 0.4074519230769231 0.6322115384615384 0.7091346153846154 0.734375
2 0.021634615384615384 0.6442307692307693 0.042067307692307696 0.10336538461538461
5 0.8449519230769231 0.8137019230769231 0.11298076923076923 0.13822115384615385
2 0.9567307692307693 0.5108173076923077 0.08653846153846154 0.3737980769230769
2 0.24278846153846154 0.36778846153846156 0.055288461538461536 0.14903846153846154
2 0.8052884615384616 0.23317307692307693 0.09375 0.10576923076923077
2 0.43028846153846156 0.07692307692307693 0.11057692307692307 0.15144230769230768
2 0.6286057692307693 0.08173076923076923 0.020432692307692308 0.021634615384615384
2 0.010817307692307692 0.2692307692307692 0.021634615384615384 0.0889423076923077
2 0.640625 0.9759615384615384 0.04567307692307692 0.038461538461538464
2 0.296875 0.2800480769230769 0.055288461538461536 0.12620192307692307
2 0.4387019230769231 0.5396634615384616 0.05048076923076923 0.04567307692307692
2 0.38822115384615385 0.24519230769230768 0.04807692307692308 0.08173076923076923
2 0.05889423076923077 0.43990384615384615 0.11778846153846154 0.19230769230769232
2 0.5721153846153846 0.38822115384615385 0.17548076923076922 0.1935096153846154
5 0.8581730769230769 0.4182692307692308 0.10817307692307693 0.14423076923076922
2 0.0889423076923077 0.6490384615384616 0.013221153846153846 0.03365384615384615
2 0.109375 0.2920673076923077 0.03125 0.0733173076923077
2 0.15264423076923078 0.07091346153846154 0.07451923076923077 0.13221153846153846
2 0.8125 0.03485576923076923 0.17668269230769232 0.0673076923076923
2 0.7944711538461539 0.6117788461538461 0.2536057692307692 0.28725961538461536
2 0.055288461538461536 0.7247596153846154 0.038461538461538464 0.05889423076923077
5 0.08173076923076923 0.6742788461538461 0.019230769230769232 0.02283653846153846
2 0.2668269230769231 0.8894230769230769 0.07692307692307693 0.0889423076923077
5 0.703125 0.5600961538461539 0.02403846153846154 0.07451923076923077
5 0.9242788461538461 0.27524038461538464 0.12259615384615384 0.15264423076923078
2 0.040865384615384616 0.20793269230769232 0.06850961538461539 0.06009615384615385
2 0.3173076923076923 0.36538461538461536 0.019230769230769232 0.03365384615384615
2 0.328125 0.17427884615384615 0.05889423076923077 0.042067307692307696
2 0.9723557692307693 0.9423076923076923 0.055288461538461536 0.11057692307692307
5 0.6021634615384616 0.5240384615384616 0.09975961538461539 0.1310096153846154
2 0.7752403846153846 0.9242788461538461 0.2091346153846154 0.1466346153846154
2 0.06610576923076923 0.6550480769230769 0.014423076923076924 0.037259615384615384
2 0.20673076923076922 0.7740384615384616 0.037259615384615384 0.07211538461538461
2 0.3401442307692308 0.6129807692307693 0.10096153846153846 0.17548076923076922
2 0.3233173076923077 0.042067307692307696 0.10096153846153846 0.08173076923076923
2 0.171875 0.7752403846153846 0.020432692307692308 0.04326923076923077
2 0.3762019230769231 0.7776442307692307 0.23317307692307693 0.17067307692307693
2 0.015625 0.125 0.030048076923076924 0.07451923076923077
2 0.5877403846153846 0.6045673076923077 0.03125 0.03125
2 0.5 0.6574519230769231 0.02403846153846154 0.04326923076923077
2 0.026442307692307692 0.9290865384615384 0.052884615384615384 0.10096153846153846
2 0.5600961538461539 0.046875 0.025240384615384616 0.054086538461538464
2 0.9314903846153846 0.12379807692307693 0.04927884615384615 0.04567307692307692
2 0.546875 0.15865384615384615 0.06009615384615385 0.08052884615384616
2 0.18389423076923078 0.8461538461538461 0.038461538461538464 0.08413461538461539
2 0.21875 0.1875 0.08653846153846154 0.11177884615384616
5 0.02283653846153846 0.3389423076923077 0.040865384615384616 0.05048076923076923
2 0.078125 0.5901442307692307 0.027644230769230768 0.04927884615384615
2 0.3629807692307692 0.0733173076923077 0.040865384615384616 0.12139423076923077
2 0.21394230769230768 0.9603365384615384 0.021634615384615384 0.02283653846153846
2 0.15745192307692307 0.4951923076923077 0.12740384615384615 0.1201923076923077
2 0.6658653846153846 0.027644230769230768 0.038461538461538464 0.03125
2 0.6634615384615384 0.7644230769230769 0.040865384615384616 0.054086538461538464
2 0.15985576923076922 0.38221153846153844 0.04567307692307692 0.042067307692307696
2 0.30649038461538464 0.1045673076923077 0.08052884615384616 0.08413461538461539
2 0.8016826923076923 0.13341346153846154 0.19471153846153846 0.11658653846153846
2 0.23918269230769232 0.6370192307692307 0.042067307692307696 0.078125