2 0.3762019230769231 0.6971153846153846 0.010817307692307692 0.027644230769230768
2 0.5913461538461539 0.30288461538461536 0.019230769230769232 0.02283653846153846
2 0.5084134615384616 0.4543269230769231 0.040865384615384616 0.056490384615384616
2 0.28365384615384615 0.23918269230769232 0.021634615384615384 0.040865384615384616
2 0.21995192307692307 0.22956730769230768 0.020432692307692308 0.030048076923076924
2 0.4891826923076923 0.1875 0.016826923076923076 0.027644230769230768
2 0.39783653846153844 0.18990384615384615 0.030048076923076924 0.03365384615384615
2 0.20072115384615385 0.7776442307692307 0.021634615384615384 0.027644230769230768
2 0.2439903846153846 0.5745192307692307 0.02403846153846154 0.027644230769230768
2 0.9326923076923077 0.11057692307692307 0.016826923076923076 0.019230769230769232
16 0.9002403846153846 0.6875 0.19951923076923078 0.4891826923076923
2 0.27283653846153844 0.3245192307692308 0.026442307692307692 0.03245192307692308
2 0.17427884615384615 0.9014423076923077 0.030048076923076924 0.046875
2 0.8509615384615384 0.4567307692307692 0.02403846153846154 0.027644230769230768