0 0.21153846153846154 0.546875 0.4230769230769231 0.8978365384615384
2 0.6478365384615384 0.9134615384615384 0.14903846153846154 0.16947115384615385
2 0.6658653846153846 0.3401442307692308 0.0625 0.08413461538461539
2 0.8617788461538461 0.7848557692307693 0.08653846153846154 0.15985576923076922
2 0.18509615384615385 0.8990384615384616 0.04927884615384615 0.07211538461538461
2 0.8125 0.6021634615384616 0.052884615384615384 0.06971153846153846
2 0.07692307692307693 0.9098557692307693 0.055288461538461536 0.06370192307692307
2 0.8834134615384616 0.13701923076923078 0.0625 0.06370192307692307
14 0.5 0.18509615384615385 1 0.36658653846153844
2 0.7367788461538461 0.7235576923076923 0.06971153846153846 0.125
2 0.9651442307692307 0.4230769230769231 0.06850961538461539 0.14423076923076922
2 0.17908653846153846 0.7175480769230769 0.13221153846153846 0.140625
2 0.9411057692307693 0.6262019230769231 0.04807692307692308 0.06129807692307692
14 0.5144230769230769 0.5 0.1971153846153846 0.9975961538461539
2 0.3161057692307692 0.8521634615384616 0.06850961538461539 0.14783653846153846
2 0.6069711538461539 0.7824519230769231 0.054086538461538464 0.057692307692307696
2 0.5961538461538461 0.6514423076923077 0.04807692307692308 0.055288461538461536
2 0.2848557692307692 0.27884615384615385 0.042067307692307696 0.055288461538461536
2 0.12379807692307693 0.5432692307692307 0.057692307692307696 0.07932692307692307
2 0.34375 0.39302884615384615 0.06971153846153846 0.09735576923076923
2 0.9603365384615384 0.1310096153846154 0.07211538461538461 0.09014423076923077
2 0.7608173076923077 0.4014423076923077 0.09615384615384616 0.14423076923076922
2 0.9290865384615384 0.5228365384615384 0.04447115384615385 0.06490384615384616