2 0.2956730769230769 0.765625 0.020432692307692308 0.027644230769230768
2 0.3641826923076923 0.15384615384615385 0.03125 0.040865384615384616
2 0.2860576923076923 0.36658653846153844 0.030048076923076924 0.036057692307692304
2 0.31490384615384615 0.14783653846153846 0.014423076923076924 0.018028846153846152
2 0.43990384615384615 0.9783653846153846 0.038461538461538464 0.027644230769230768
2 0.2091346153846154 0.30288461538461536 0.021634615384615384 0.025240384615384616
2 0.984375 0.8449519230769231 0.03125 0.08413461538461539
2 0.6706730769230769 0.05889423076923077 0.013221153846153846 0.010817307692307692
2 0.4951923076923077 0.6057692307692307 0.009615384615384616 0.021634615384615384
2 0.026442307692307692 0.37740384615384615 0.052884615384615384 0.13701923076923078
2 0.1658653846153846 0.038461538461538464 0.057692307692307696 0.07692307692307693
2 0.3605769230769231 0.8329326923076923 0.02403846153846154 0.02283653846153846
2 0.8641826923076923 0.4014423076923077 0.028846153846153848 0.036057692307692304
2 0.08653846153846154 0.25 0.038461538461538464 0.03365384615384615
2 0.5913461538461539 0.13581730769230768 0.019230769230769232 0.021634615384615384
2 0.3076923076923077 0.45913461538461536 0.025240384615384616 0.03125
2 0.5384615384615384 0.5120192307692307 0.027644230769230768 0.04326923076923077
2 0.04927884615384615 0.2848557692307692 0.04807692307692308 0.0625
2 0.4639423076923077 0.4182692307692308 0.019230769230769232 0.02283653846153846
2 0.7403846153846154 0.59375 0.019230769230769232 0.02283653846153846
2 0.35216346153846156 0.08774038461538461 0.019230769230769232 0.018028846153846152
2 0.3016826923076923 0.5528846153846154 0.021634615384615384 0.038461538461538464
2 0.4675480769230769 0.5432692307692307 0.014423076923076924 0.013221153846153846
2 0.6081730769230769 0.3473557692307692 0.016826923076923076 0.027644230769230768
2 0.6322115384615384 0.4423076923076923 0.026442307692307692 0.019230769230769232
2 0.28846153846153844 0.328125 0.12139423076923077 0.10096153846153846
2 0.5 0.21995192307692307 0.06610576923076923 0.04447115384615385
2 0.9230769230769231 0.46033653846153844 0.02403846153846154 0.027644230769230768
2 0.06490384615384616 0.90625 0.10817307692307693 0.13701923076923078
2 0.6574519230769231 0.2644230769230769 0.020432692307692308 0.03125
2 0.2776442307692308 0.18389423076923078 0.020432692307692308 0.027644230769230768
2 0.07091346153846154 0.7475961538461539 0.07692307692307693 0.10576923076923077
2 0.014423076923076924 0.7043269230769231 0.015625 0.020432692307692308
2 0.20552884615384615 0.40625 0.03125 0.040865384615384616
2 0.7379807692307693 0.46875 0.025240384615384616 0.038461538461538464
2 0.06009615384615385 0.43509615384615385 0.05048076923076923 0.046875
2 0.5769230769230769 0.3629807692307692 0.013221153846153846 0.019230769230769232
2 0.5709134615384616 0.3125 0.020432692307692308 0.026442307692307692
2 0.38822115384615385 0.6826923076923077 0.052884615384615384 0.057692307692307696
2 0.36177884615384615 0.5300480769230769 0.042067307692307696 0.05048076923076923
2 0.2283653846153846 0.4807692307692308 0.042067307692307696 0.03245192307692308
2 0.16466346153846154 0.33653846153846156 0.03485576923076923 0.040865384615384616
2 0.41466346153846156 0.44591346153846156 0.016826923076923076 0.025240384615384616
2 0.4387019230769231 0.41346153846153844 0.014423076923076924 0.03485576923076923
2 0.48197115384615385 0.8125 0.015625 0.027644230769230768
2 0.8617788461538461 0.056490384615384616 0.03485576923076923 0.04567307692307692
2 0.11177884615384616 0.36899038461538464 0.02403846153846154 0.019230769230769232
2 0.23197115384615385 0.6466346153846154 0.020432692307692308 0.027644230769230768
2 0.25721153846153844 0.11057692307692307 0.038461538461538464 0.06971153846153846
2 0.7055288461538461 0.33533653846153844 0.03245192307692308 0.04326923076923077
2 0.1141826923076923 0.5204326923076923 0.037259615384615384 0.037259615384615384
2 0.25240384615384615 0.8942307692307693 0.038461538461538464 0.05048076923076923
2 0.2247596153846154 0.038461538461538464 0.014423076923076924 0.02403846153846154
2 0.6875 0.8485576923076923 0.02283653846153846 0.042067307692307696
2 0.8173076923076923 0.1141826923076923 0.10096153846153846 0.20673076923076922
2 0.9459134615384616 0.12740384615384615 0.10697115384615384 0.16826923076923078
2 0.02403846153846154 0.21394230769230768 0.04807692307692308 0.0673076923076923
2 0.2403846153846154 0.7788461538461539 0.04326923076923077 0.051682692307692304
2 0.4567307692307692 0.7860576923076923 0.015625 0.021634615384615384
2 0.6490384615384616 0.35697115384615385 0.028846153846153848 0.05889423076923077
2 0.6322115384615384 0.13701923076923078 0.016826923076923076 0.027644230769230768
2 0.3701923076923077 0.9362980769230769 0.052884615384615384 0.06370192307692307
2 0.7355769230769231 0.9302884615384616 0.10096153846153846 0.10697115384615384
2 0.8064903846153846 0.9146634615384616 0.052884615384615384 0.10336538461538461
2 0.578125 0.1814903846153846 0.020432692307692308 0.03485576923076923
2 0.9483173076923077 0.35336538461538464 0.025240384615384616 0.028846153846153848
2 0.44350961538461536 0.2127403846153846 0.04567307692307692 0.06971153846153846
2 0.2620192307692308 0.021634615384615384 0.030048076923076924 0.021634615384615384
4 0.75 0.5276442307692307 0.5 0.5673076923076923
2 0.3269230769230769 0.19230769230769232 0.025240384615384616 0.040865384615384616
2 0.453125 0.2920673076923077 0.040865384615384616 0.07091346153846154
2 0.2668269230769231 0.27884615384615385 0.015625 0.018028846153846152
2 0.15865384615384615 0.6658653846153846 0.08653846153846154 0.07211538461538461
2 0.7271634615384616 0.05889423076923077 0.03485576923076923 0.04927884615384615
2 0.65625 0.6514423076923077 0.037259615384615384 0.06009615384615385
2 0.6141826923076923 0.953125 0.018028846153846152 0.02403846153846154
2 0.515625 0.11778846153846154 0.018028846153846152 0.027644230769230768
2 0.11177884615384616 0.46033653846153844 0.055288461538461536 0.06009615384615385
2 0.08533653846153846 0.28846153846153844 0.020432692307692308 0.03485576923076923
2 0.18509615384615385 0.18870192307692307 0.036057692307692304 0.039663461538461536
2 0.7620192307692307 0.4182692307692308 0.027644230769230768 0.03485576923076923
2 0.46875 0.14903846153846154 0.03245192307692308 0.05048076923076923
2 0.4182692307692308 0.9375 0.02403846153846154 0.030048076923076924
2 0.3245192307692308 0.8581730769230769 0.028846153846153848 0.036057692307692304
2 0.42427884615384615 0.8497596153846154 0.01201923076923077 0.028846153846153848
2 0.9615384615384616 0.6610576923076923 0.07451923076923077 0.11778846153846154
2 0.6394230769230769 0.22355769230769232 0.018028846153846152 0.03365384615384615
2 0.35096153846153844 0.6177884615384616 0.03125 0.04927884615384615
2 0.9699519230769231 0.421875 0.021634615384615384 0.038461538461538464
2 0.37740384615384615 0.2860576923076923 0.013221153846153846 0.020432692307692308
2 0.016826923076923076 0.8125 0.019230769230769232 0.039663461538461536
2 0.33533653846153844 0.41466346153846156 0.056490384615384616 0.05889423076923077
2 0.11177884615384616 0.16947115384615385 0.037259615384615384 0.04326923076923077
2 0.4951923076923077 0.5192307692307693 0.025240384615384616 0.03365384615384615
2 0.6766826923076923 0.23076923076923078 0.016826923076923076 0.02283653846153846
2 0.38100961538461536 0.484375 0.019230769230769232 0.03365384615384615
2 0.8870192307692307 0.6935096153846154 0.06370192307692307 0.12620192307692307
2 0.3918269230769231 0.5805288461538461 0.006009615384615385 0.010817307692307692
2 0.25 0.21995192307692307 0.020432692307692308 0.02283653846153846
2 0.4026442307692308 0.8161057692307693 0.016826923076923076 0.018028846153846152
2 0.6021634615384616 0.4891826923076923 0.014423076923076924 0.018028846153846152
2 0.13701923076923078 0.7475961538461539 0.07932692307692307 0.08653846153846154
2 0.4723557692307692 0.5877403846153846 0.016826923076923076 0.021634615384615384
2 0.8221153846153846 0.8257211538461539 0.09615384615384616 0.07932692307692307
2 0.1346153846153846 0.11778846153846154 0.0625 0.078125
2 0.19831730769230768 0.5480769230769231 0.05889423076923077 0.056490384615384616
2 0.5721153846153846 0.23677884615384615 0.03125 0.03485576923076923
2 0.4206730769230769 0.06129807692307692 0.056490384615384616 0.057692307692307696
2 0.39302884615384615 0.36177884615384615 0.06850961538461539 0.06610576923076923
2 0.6538461538461539 0.038461538461538464 0.009615384615384616 0.019230769230769232
2 0.14903846153846154 0.8665865384615384 0.030048076923076924 0.03245192307692308
2 0.9915865384615384 0.10817307692307693 0.016826923076923076 0.02283653846153846
2 0.9110576923076923 0.014423076923076924 0.021634615384615384 0.027644230769230768
2 0.7668269230769231 0.7740384615384616 0.03245192307692308 0.09615384615384616
2 0.3016826923076923 0.019230769230769232 0.030048076923076924 0.03485576923076923
2 0.17548076923076922 0.8209134615384616 0.0733173076923077 0.04927884615384615
2 0.25841346153846156 0.7163461538461539 0.030048076923076924 0.030048076923076924
2 0.2848557692307692 0.6165865384615384 0.040865384615384616 0.039663461538461536
2 0.7956730769230769 0.640625 0.08413461538461539 0.08173076923076923
2 0.3389423076923077 0.7427884615384616 0.03485576923076923 0.046875
2 0.8786057692307693 0.5072115384615384 0.11658653846153846 0.12860576923076922
2 0.6875 0.8966346153846154 0.021634615384615384 0.04326923076923077
2 0.6057692307692307 0.038461538461538464 0.042067307692307696 0.07692307692307693
2 0.9747596153846154 0.5408653846153846 0.03245192307692308 0.06490384615384616
2 0.13701923076923078 0.4206730769230769 0.03365384615384615 0.03485576923076923
2 0.4026442307692308 0.6310096153846154 0.010817307692307692 0.018028846153846152
2 0.19591346153846154 0.5961538461538461 0.07451923076923077 0.07091346153846154
2 0.08413461538461539 0.6514423076923077 0.07451923076923077 0.078125
2 0.35336538461538464 0.8822115384615384 0.027644230769230768 0.03365384615384615
2 0.7127403846153846 0.5552884615384616 0.014423076923076924 0.02283653846153846
2 0.46274038461538464 0.3557692307692308 0.015625 0.019230769230769232
2 0.47596153846153844 0.4675480769230769 0.025240384615384616 0.028846153846153848
2 0.5528846153846154 0.5721153846153846 0.03125 0.039663461538461536
2 0.055288461538461536 0.03485576923076923 0.11057692307692307 0.06971153846153846