2 0.9507211538461539 0.640625 0.052884615384615384 0.07692307692307693
2 0.8401442307692307 0.19471153846153846 0.31850961538461536 0.38822115384615385
2 0.8365384615384616 0.4675480769230769 0.06370192307692307 0.07692307692307693
2 0.3112980769230769 0.6682692307692307 0.052884615384615384 0.05048076923076923
2 0.953125 0.44711538461538464 0.09375 0.1622596153846154
5 0.6129807692307693 0.1201923076923077 0.040865384615384616 0.23677884615384615
2 0.21995192307692307 0.9795673076923077 0.10096153846153846 0.036057692307692304
2 0.8016826923076923 0.39903846153846156 0.03245192307692308 0.054086538461538464
2 0.7283653846153846 0.2848557692307692 0.026442307692307692 0.040865384615384616
2 0.23557692307692307 0.7596153846153846 0.04447115384615385 0.06490384615384616
2 0.3701923076923077 0.8197115384615384 0.03365384615384615 0.04326923076923077
5 0.5757211538461539 0.4026442307692308 0.04807692307692308 0.06610576923076923
2 0.34975961538461536 0.7007211538461539 0.030048076923076924 0.08413461538461539
5 0.6598557692307693 0.20673076923076922 0.04567307692307692 0.05889423076923077
2 0.7752403846153846 0.7560096153846154 0.04567307692307692 0.06370192307692307
2 0.11177884615384616 0.5901442307692307 0.11658653846153846 0.15625
2 0.27884615384615385 0.8449519230769231 0.016826923076923076 0.014423076923076924
5 0.31850961538461536 0.47115384615384615 0.125 0.1622596153846154
2 0.09254807692307693 0.07451923076923077 0.05889423076923077 0.08774038461538461
2 0.36778846153846156 0.057692307692307696 0.055288461538461536 0.07451923076923077
2 0.026442307692307692 0.7091346153846154 0.052884615384615384 0.10336538461538461
2 0.828125 0.5697115384615384 0.02403846153846154 0.04326923076923077
2 0.018028846153846152 0.9831730769230769 0.03485576923076923 0.03365384615384615
2 0.4014423076923077 0.9423076923076923 0.020432692307692308 0.056490384615384616
2 0.057692307692307696 0.8125 0.030048076923076924 0.03485576923076923
2 0.7992788461538461 0.3004807692307692 0.03485576923076923 0.06610576923076923
2 0.28966346153846156 0.7800480769230769 0.03125 0.08173076923076923
2 0.22355769230769232 0.6189903846153846 0.037259615384615384 0.055288461538461536
2 0.3870192307692308 0.6514423076923077 0.04927884615384615 0.06610576923076923
2 0.7103365384615384 0.9747596153846154 0.07211538461538461 0.04807692307692308
2 0.6442307692307693 0.3786057692307692 0.08173076923076923 0.07692307692307693
5 0.07451923076923077 0.4230769230769231 0.057692307692307696 0.07451923076923077
14 0.4206730769230769 0.5 0.5264423076923077 0.9963942307692307
2 0.0733173076923077 0.4891826923076923 0.055288461538461536 0.056490384615384616
2 0.7415865384615384 0.6526442307692307 0.038461538461538464 0.04447115384615385
2 0.20072115384615385 0.7524038461538461 0.016826923076923076 0.018028846153846152
2 0.26322115384615385 0.6694711538461539 0.040865384615384616 0.04927884615384615
2 0.19591346153846154 0.9182692307692307 0.042067307692307696 0.055288461538461536
2 0.7439903846153846 0.8786057692307693 0.1346153846153846 0.13822115384615385
2 0.09375 0.9338942307692307 0.020432692307692308 0.037259615384615384
2 0.056490384615384616 0.21995192307692307 0.09254807692307693 0.09375
2 0.5240384615384616 0.48197115384615385 0.10096153846153846 0.11298076923076923
2 0.9170673076923077 0.9278846153846154 0.1658653846153846 0.125
2 0.5877403846153846 0.4951923076923077 0.025240384615384616 0.03485576923076923
5 0.4795673076923077 0.36778846153846156 0.056490384615384616 0.0733173076923077
2 0.025240384615384616 0.4026442307692308 0.05048076923076923 0.07932692307692307
2 0.27884615384615385 0.6177884615384616 0.038461538461538464 0.036057692307692304
2 0.8004807692307693 0.6514423076923077 0.030048076923076924 0.03245192307692308
2 0.65625 0.2932692307692308 0.07572115384615384 0.1141826923076923
2 0.20673076923076922 0.5336538461538461 0.07932692307692307 0.10216346153846154
2 0.46033653846153844 0.025240384615384616 0.03125 0.05048076923076923
2 0.23076923076923078 0.6887019230769231 0.01201923076923077 0.02283653846153846
2 0.35336538461538464 0.2824519230769231 0.47596153846153844 0.5504807692307693
2 0.13701923076923078 0.9362980769230769 0.03245192307692308 0.038461538461538464
5 0.8605769230769231 0.8197115384615384 0.10096153846153846 0.14783653846153846
2 0.9819711538461539 0.7211538461538461 0.036057692307692304 0.11538461538461539
2 0.33052884615384615 0.8894230769230769 0.040865384615384616 0.08413461538461539
2 0.01201923076923077 0.296875 0.02403846153846154 0.09615384615384616
2 0.020432692307692308 0.8653846153846154 0.040865384615384616 0.14783653846153846
2 0.6923076923076923 0.5288461538461539 0.1658653846153846 0.23197115384615385
2 0.859375 0.33052884615384615 0.030048076923076924 0.06009615384615385
2 0.4182692307692308 0.8581730769230769 0.028846153846153848 0.06850961538461539
2 0.3125 0.7271634615384616 0.021634615384615384 0.021634615384615384
2 0.59375 0.6634615384615384 0.03485576923076923 0.056490384615384616
2 0.016826923076923076 0.15504807692307693 0.030048076923076924 0.039663461538461536