2 0.6730769230769231 0.016826923076923076 0.04326923076923077 0.03245192307692308
2 0.18990384615384615 0.4651442307692308 0.08052884615384616 0.08413461538461539
2 0.9375 0.921875 0.12379807692307693 0.14423076923076922
2 0.19110576923076922 0.11658653846153846 0.06129807692307692 0.12139423076923077
2 0.8064903846153846 0.9459134615384616 0.13701923076923078 0.10576923076923077
2 0.20432692307692307 0.6550480769230769 0.05889423076923077 0.06850961538461539
2 0.1201923076923077 0.7379807692307693 0.04807692307692308 0.09615384615384616
2 0.3161057692307692 0.7728365384615384 0.09254807692307693 0.140625
2 0.03245192307692308 0.9675480769230769 0.056490384615384616 0.06129807692307692
2 0.05048076923076923 0.5973557692307693 0.06009615384615385 0.08173076923076923
2 0.6394230769230769 0.5625 0.11298076923076923 0.18870192307692307
2 0.12740384615384615 0.6129807692307693 0.09375 0.1346153846153846
2 0.2848557692307692 0.5805288461538461 0.05889423076923077 0.07451923076923077
2 0.7103365384615384 0.6646634615384616 0.04326923076923077 0.1346153846153846
2 0.8245192307692307 0.26322115384615385 0.35096153846153844 0.5216346153846154
2 0.03365384615384615 0.7175480769230769 0.06009615384615385 0.15625
2 0.5805288461538461 0.27524038461538464 0.0733173076923077 0.10697115384615384
2 0.12980769230769232 0.9146634615384616 0.12259615384615384 0.1622596153846154
14 0.390625 0.5 0.3125 0.9975961538461539
2 0.15264423076923078 0.0829326923076923 0.03245192307692308 0.04807692307692308
2 0.6370192307692307 0.1622596153846154 0.11538461538461539 0.16105769230769232
2 0.8209134615384616 0.7548076923076923 0.19951923076923078 0.2692307692307692
2 0.09014423076923077 0.8137019230769231 0.06129807692307692 0.06610576923076923
5 0.40625 0.17668269230769232 0.15264423076923078 0.19831730769230768
2 0.28966346153846156 0.6862980769230769 0.07211538461538461 0.07451923076923077
2 0.21875 0.8365384615384616 0.07211538461538461 0.13221153846153846
2 0.5637019230769231 0.5012019230769231 0.03485576923076923 0.054086538461538464
2 0.6153846153846154 0.4050480769230769 0.07451923076923077 0.16105769230769232
2 0.46153846153846156 0.328125 0.09254807692307693 0.11538461538461539
2 0.35697115384615385 0.4423076923076923 0.22235576923076922 0.1935096153846154
2 0.11899038461538461 0.26802884615384615 0.23798076923076922 0.5360576923076923
2 0.5192307692307693 0.7403846153846154 0.06971153846153846 0.07932692307692307
2 0.21153846153846154 0.5625 0.06971153846153846 0.08052884615384616
2 0.20072115384615385 0.025240384615384616 0.06370192307692307 0.04326923076923077
2 0.4098557692307692 0.5997596153846154 0.09735576923076923 0.12259615384615384
2 0.8509615384615384 0.5612980769230769 0.12139423076923077 0.09735576923076923
2 0.7415865384615384 0.5444711538461539 0.09254807692307693 0.0733173076923077
2 0.27524038461538464 0.17067307692307693 0.11778846153846154 0.328125
2 0.7115384615384616 0.11177884615384616 0.055288461538461536 0.0829326923076923
5 0.421875 0.9050480769230769 0.11778846153846154 0.1466346153846154
2 0.5949519230769231 0.8305288461538461 0.23557692307692307 0.31971153846153844
2 0.9579326923076923 0.65625 0.08413461538461539 0.3798076923076923
2 0.5612980769230769 0.40384615384615385 0.03485576923076923 0.057692307692307696
2 0.578125 0.07572115384615384 0.025240384615384616 0.05048076923076923