2 0.03125 0.5096153846153846 0.037259615384615384 0.036057692307692304
5 0.054086538461538464 0.2247596153846154 0.020432692307692308 0.026442307692307692
5 0.026442307692307692 0.2512019230769231 0.027644230769230768 0.028846153846153848
2 0.4254807692307692 0.5600961538461539 0.040865384615384616 0.036057692307692304
5 0.10096153846153846 0.016826923076923076 0.027644230769230768 0.03365384615384615
2 0.6262019230769231 0.6490384615384616 0.11899038461538461 0.27403846153846156
2 0.22596153846153846 0.6478365384615384 0.0733173076923077 0.08653846153846154
3 0.71875 0.20552884615384615 0.2800480769230769 0.3858173076923077
2 0.35336538461538464 0.8569711538461539 0.018028846153846152 0.03125
2 0.19110576923076922 0.36177884615384615 0.027644230769230768 0.02403846153846154
2 0.08533653846153846 0.4963942307692308 0.056490384615384616 0.11298076923076923
2 0.3425480769230769 0.7103365384615384 0.03125 0.06129807692307692
5 0.45552884615384615 0.8149038461538461 0.027644230769230768 0.03485576923076923
5 0.06490384615384616 0.21394230769230768 0.03365384615384615 0.027644230769230768
2 0.3629807692307692 0.8088942307692307 0.038461538461538464 0.054086538461538464
2 0.28365384615384615 0.8798076923076923 0.05889423076923077 0.0829326923076923
2 0.5865384615384616 0.24759615384615385 0.04807692307692308 0.07692307692307693
2 0.018028846153846152 0.007211538461538462 0.026442307692307692 0.014423076923076924
2 0.4495192307692308 0.4375 0.10697115384615384 0.09735576923076923
2 0.24639423076923078 0.8990384615384616 0.04807692307692308 0.07692307692307693
2 0.028846153846153848 0.055288461538461536 0.028846153846153848 0.027644230769230768
2 0.3389423076923077 0.5264423076923077 0.04807692307692308 0.046875
2 0.3894230769230769 0.5408653846153846 0.03125 0.07932692307692307
2 0.4891826923076923 0.7764423076923077 0.14543269230769232 0.4074519230769231
5 0.7560096153846154 0.5769230769230769 0.027644230769230768 0.03245192307692308
2 0.03365384615384615 0.14543269230769232 0.06610576923076923 0.15985576923076922
5 0.5144230769230769 0.7824519230769231 0.027644230769230768 0.03365384615384615
5 0.5360576923076923 0.3449519230769231 0.025240384615384616 0.03245192307692308
2 0.037259615384615384 0.7247596153846154 0.07451923076923077 0.16826923076923078
2 0.6466346153846154 0.9867788461538461 0.07451923076923077 0.026442307692307692
2 0.12379807692307693 0.125 0.027644230769230768 0.051682692307692304
2 0.9086538461538461 0.1346153846153846 0.09615384615384616 0.18509615384615385
2 0.6754807692307693 0.8401442307692307 0.055288461538461536 0.11899038461538461
2 0.36538461538461536 0.5576923076923077 0.019230769230769232 0.027644230769230768
3 0.9471153846153846 0.025240384615384616 0.09975961538461539 0.02403846153846154
2 0.5540865384615384 0.5588942307692307 0.08533653846153846 0.11057692307692307
2 0.5661057692307693 0.13701923076923078 0.07572115384615384 0.06370192307692307
2 0.36658653846153844 0.9146634615384616 0.026442307692307692 0.02283653846153846
5 0.7247596153846154 0.6009615384615384 0.03125 0.037259615384615384
2 0.7644230769230769 0.9759615384615384 0.055288461538461536 0.04447115384615385
2 0.7151442307692307 0.47596153846153844 0.1310096153846154 0.15504807692307693
2 0.07091346153846154 0.9855769230769231 0.018028846153846152 0.026442307692307692
2 0.5901442307692307 0.4338942307692308 0.036057692307692304 0.09134615384615384
2 0.30528846153846156 0.14302884615384615 0.037259615384615384 0.04326923076923077
3 0.7776442307692307 0.31009615384615385 0.03365384615384615 0.328125
2 0.8641826923076923 0.5793269230769231 0.13221153846153846 0.1658653846153846
5 0.27403846153846156 0.8185096153846154 0.02403846153846154 0.02403846153846154
2 0.3317307692307692 0.9627403846153846 0.13942307692307693 0.07091346153846154
2 0.7043269230769231 0.9891826923076923 0.027644230769230768 0.019230769230769232
2 0.5492788461538461 0.3125 0.054086538461538464 0.08413461538461539
5 0.1141826923076923 0.27403846153846156 0.028846153846153848 0.04447115384615385
2 0.5853365384615384 0.10576923076923077 0.02283653846153846 0.027644230769230768
2 0.08653846153846154 0.38100961538461536 0.09735576923076923 0.10576923076923077
2 0.8137019230769231 0.19230769230769232 0.038461538461538464 0.04447115384615385
2 0.29927884615384615 0.7007211538461539 0.07692307692307693 0.18990384615384615
2 0.25721153846153844 0.5721153846153846 0.052884615384615384 0.06971153846153846
2 0.18870192307692307 0.9399038461538461 0.06490384615384616 0.11538461538461539
2 0.2127403846153846 0.7944711538461539 0.0829326923076923 0.10697115384615384
2 0.5060096153846154 0.15745192307692307 0.03485576923076923 0.051682692307692304
5 0.5673076923076923 0.18389423076923078 0.026442307692307692 0.03365384615384615
2 0.7920673076923077 0.8125 0.020432692307692308 0.02283653846153846
2 0.36899038461538464 0.18870192307692307 0.02403846153846154 0.03125
2 0.8545673076923077 0.41346153846153844 0.1141826923076923 0.13701923076923078
2 0.23798076923076922 0.3016826923076923 0.08052884615384616 0.125
2 0.4579326923076923 0.5276442307692307 0.04927884615384615 0.038461538461538464
2 0.1875 0.3269230769230769 0.038461538461538464 0.037259615384615384
2 0.16466346153846154 0.2548076923076923 0.06971153846153846 0.11057692307692307
5 0.7103365384615384 0.24879807692307693 0.030048076923076924 0.040865384615384616
2 0.8137019230769231 0.9242788461538461 0.125 0.1466346153846154
2 0.04807692307692308 0.018028846153846152 0.019230769230769232 0.019230769230769232
2 0.14182692307692307 0.02283653846153846 0.055288461538461536 0.04326923076923077
2 0.125 0.5396634615384616 0.13701923076923078 0.4326923076923077
2 0.31009615384615385 0.5817307692307693 0.04807692307692308 0.05048076923076923
2 0.390625 0.7836538461538461 0.020432692307692308 0.028846153846153848
5 0.37259615384615385 0.6033653846153846 0.027644230769230768 0.040865384615384616
5 0.6322115384615384 0.015625 0.021634615384615384 0.027644230769230768
2 0.5060096153846154 0.27283653846153844 0.025240384615384616 0.057692307692307696
5 0.5540865384615384 0.36658653846153844 0.020432692307692308 0.027644230769230768
2 0.07572115384615384 0.2536057692307692 0.06490384615384616 0.09735576923076923
2 0.03485576923076923 0.4651442307692308 0.06129807692307692 0.056490384615384616
2 0.18269230769230768 0.11899038461538461 0.013221153846153846 0.019230769230769232
5 0.33774038461538464 0.20192307692307693 0.021634615384615384 0.026442307692307692
2 0.7259615384615384 0.8449519230769231 0.057692307692307696 0.1346153846153846
2 0.9891826923076923 0.2536057692307692 0.021634615384615384 0.03125
2 0.006009615384615385 0.5276442307692307 0.010817307692307692 0.05048076923076923
2 0.3076923076923077 0.4891826923076923 0.06610576923076923 0.14302884615384615
2 0.41346153846153844 0.2692307692307692 0.14182692307692307 0.24639423076923078
2 0.15264423076923078 0.0985576923076923 0.051682692307692304 0.046875
5 0.054086538461538464 0.9362980769230769 0.03485576923076923 0.042067307692307696
2 0.24158653846153846 0.9867788461538461 0.04567307692307692 0.02283653846153846
2 0.34615384615384615 0.890625 0.027644230769230768 0.030048076923076924
2 0.13701923076923078 0.14903846153846154 0.016826923076923076 0.027644230769230768
2 0.7391826923076923 0.6586538461538461 0.1310096153846154 0.19110576923076922
2 0.09134615384615384 0.11057692307692307 0.04807692307692308 0.0889423076923077
2 0.41225961538461536 0.8725961538461539 0.0625 0.12379807692307693
2 0.4807692307692308 0.28846153846153844 0.021634615384615384 0.05048076923076923
5 0.421875 0.7463942307692307 0.03485576923076923 0.038461538461538464
2 0.21033653846153846 0.47475961538461536 0.04807692307692308 0.11298076923076923
5 0.31009615384615385 0.41466346153846156 0.02403846153846154 0.03245192307692308
2 0.13341346153846154 0.9747596153846154 0.042067307692307696 0.04447115384615385
2 0.020432692307692308 0.9170673076923077 0.040865384615384616 0.07451923076923077
2 0.484375 0.5661057692307693 0.03245192307692308 0.03245192307692308
5 0.6021634615384616 0.016826923076923076 0.020432692307692308 0.021634615384615384
2 0.44350961538461536 0.9567307692307693 0.08052884615384616 0.055288461538461536
2 0.1201923076923077 0.8533653846153846 0.12860576923076922 0.18870192307692307
2 0.8413461538461539 0.8401442307692307 0.016826923076923076 0.026442307692307692
2 0.29447115384615385 0.3125 0.04326923076923077 0.0829326923076923
2 0.051682692307692304 0.5492788461538461 0.038461538461538464 0.054086538461538464
2 0.4026442307692308 0.6887019230769231 0.08413461538461539 0.09615384615384616
2 0.2403846153846154 0.09254807692307693 0.1045673076923077 0.1141826923076923
2 0.9423076923076923 0.43028846153846156 0.11538461538461539 0.24639423076923078
2 0.7584134615384616 0.796875 0.037259615384615384 0.07451923076923077
2 0.4026442307692308 0.6105769230769231 0.021634615384615384 0.03365384615384615
5 0.9302884615384616 0.21394230769230768 0.018028846153846152 0.02283653846153846
2 0.007211538461538462 0.38221153846153844 0.013221153846153846 0.08413461538461539
2 0.5408653846153846 0.4110576923076923 0.0625 0.0733173076923077
14 0.3858173076923077 0.4182692307692308 0.37740384615384615 0.8329326923076923
5 0.4795673076923077 0.9014423076923077 0.02403846153846154 0.03485576923076923
2 0.04326923076923077 0.859375 0.027644230769230768 0.056490384615384616
2 0.036057692307692304 0.9867788461538461 0.051682692307692304 0.02283653846153846
2 0.41947115384615385 0.07451923076923077 0.29927884615384615 0.14783653846153846
5 0.4411057692307692 0.4831730769230769 0.027644230769230768 0.03125
5 0.06610576923076923 0.5072115384615384 0.014423076923076924 0.021634615384615384
2 0.6225961538461539 0.8918269230769231 0.13221153846153846 0.21394230769230768
5 0.546875 0.6995192307692307 0.027644230769230768 0.03245192307692308
5 0.36899038461538464 0.6382211538461539 0.027644230769230768 0.037259615384615384
5 0.23197115384615385 0.5180288461538461 0.027644230769230768 0.036057692307692304
5 0.8882211538461539 0.03125 0.027644230769230768 0.03245192307692308
5 0.6850961538461539 0.9495192307692307 0.03245192307692308 0.04567307692307692
2 0.09495192307692307 0.9927884615384616 0.020432692307692308 0.013221153846153846
2 0.7896634615384616 0.5 0.030048076923076924 0.038461538461538464
2 0.875 0.2668269230769231 0.17668269230769232 0.10336538461538461
2 0.8617788461538461 0.9651442307692307 0.02403846153846154 0.030048076923076924
2 0.27403846153846156 0.42908653846153844 0.0673076923076923 0.109375
2 0.23918269230769232 0.7199519230769231 0.06850961538461539 0.06971153846153846
5 0.5480769230769231 0.4723557692307692 0.04807692307692308 0.07211538461538461
5 0.24158653846153846 0.01201923076923077 0.02403846153846154 0.019230769230769232
5 0.29447115384615385 0.06129807692307692 0.014423076923076924 0.05048076923076923
2 0.6141826923076923 0.515625 0.06971153846153846 0.05889423076923077
2 0.026442307692307692 0.5757211538461539 0.052884615384615384 0.04447115384615385
2 0.953125 0.9879807692307693 0.09375 0.021634615384615384
2 0.1875 0.15384615384615385 0.027644230769230768 0.03365384615384615
2 0.9471153846153846 0.6045673076923077 0.1045673076923077 0.11538461538461539
2 0.6274038461538461 0.44471153846153844 0.042067307692307696 0.0733173076923077
2 0.5264423076923077 0.23197115384615385 0.02403846153846154 0.019230769230769232
2 0.9699519230769231 0.13701923076923078 0.05889423076923077 0.19230769230769232
2 0.6105769230769231 0.171875 0.020432692307692308 0.054086538461538464
2 0.9375 0.8221153846153846 0.125 0.30408653846153844
2 0.859375 0.7283653846153846 0.14783653846153846 0.14783653846153846