2 0.5012019230769231 0.38221153846153844 0.40625 0.328125
2 0.39783653846153844 0.8125 0.052884615384615384 0.0673076923076923
2 0.15865384615384615 0.828125 0.03365384615384615 0.04447115384615385
2 0.10096153846153846 0.9038461538461539 0.20072115384615385 0.18389423076923078
2 0.6682692307692307 0.1346153846153846 0.07451923076923077 0.140625
2 0.1622596153846154 0.625 0.06610576923076923 0.2283653846153846
2 0.4375 0.8822115384615384 0.025240384615384616 0.03245192307692308
2 0.8834134615384616 0.1346153846153846 0.0829326923076923 0.07692307692307693
2 0.4567307692307692 0.5252403846153846 0.06971153846153846 0.08774038461538461
2 0.5949519230769231 0.04927884615384615 0.08413461538461539 0.0985576923076923
2 0.90625 0.8557692307692307 0.021634615384615384 0.03245192307692308
2 0.18870192307692307 0.10576923076923077 0.11538461538461539 0.2091346153846154
2 0.9711538461538461 0.9026442307692307 0.057692307692307696 0.09375
2 0.030048076923076924 0.3713942307692308 0.06009615384615385 0.08173076923076923
2 0.8341346153846154 0.6189903846153846 0.3293269230769231 0.36177884615384615
2 0.8930288461538461 0.9495192307692307 0.06490384615384616 0.051682692307692304
2 0.31009615384615385 0.15264423076923078 0.05889423076923077 0.10576923076923077
2 0.33653846153846156 0.9519230769230769 0.038461538461538464 0.04447115384615385
5 0.49278846153846156 0.15985576923076922 0.23076923076923078 0.296875
2 0.9194711538461539 0.41346153846153844 0.09735576923076923 0.0889423076923077
2 0.5144230769230769 0.9603365384615384 0.04447115384615385 0.05889423076923077
2 0.8365384615384616 0.05048076923076923 0.3269230769230769 0.10096153846153846
2 0.4206730769230769 0.6899038461538461 0.051682692307692304 0.06850961538461539
2 0.9711538461538461 0.3317307692307692 0.057692307692307696 0.10576923076923077
15 0.25841346153846156 0.49759615384615385 0.37740384615384615 0.9951923076923077
2 0.21153846153846154 0.7199519230769231 0.06850961538461539 0.0733173076923077