2 0.15985576923076922 0.054086538461538464 0.040865384615384616 0.05048076923076923
2 0.6057692307692307 0.29447115384615385 0.1658653846153846 0.2439903846153846
2 0.5480769230769231 0.020432692307692308 0.04567307692307692 0.036057692307692304
2 0.4026442307692308 0.2932692307692308 0.06850961538461539 0.07091346153846154
9 0.8713942307692307 0.9447115384615384 0.06610576923076923 0.10216346153846154
2 0.7247596153846154 0.055288461538461536 0.04567307692307692 0.109375
2 0.9362980769230769 0.4951923076923077 0.07932692307692307 0.07692307692307693
2 0.5612980769230769 0.47475961538461536 0.052884615384615384 0.10336538461538461
2 0.6274038461538461 0.05048076923076923 0.09735576923076923 0.10096153846153846
2 0.030048076923076924 0.33653846153846156 0.06009615384615385 0.2536057692307692
2 0.5817307692307693 0.7067307692307693 0.2247596153846154 0.07692307692307693
2 0.6262019230769231 0.6021634615384616 0.03485576923076923 0.07932692307692307
4 0.40625 0.5 0.44471153846153844 0.9963942307692307
2 0.24158653846153846 0.4495192307692308 0.05889423076923077 0.07451923076923077
2 0.16706730769230768 0.30408653846153844 0.052884615384615384 0.0673076923076923
2 0.9495192307692307 0.24639423076923078 0.08533653846153846 0.109375
2 0.4074519230769231 0.8581730769230769 0.07692307692307693 0.10576923076923077
2 0.08533653846153846 0.875 0.16947115384615385 0.2439903846153846
2 0.8064903846153846 0.7199519230769231 0.28846153846153844 0.2439903846153846
0 0.9759615384615384 0.8653846153846154 0.04807692307692308 0.1141826923076923
2 0.07692307692307693 0.06490384615384616 0.07211538461538461 0.09975961538461539
2 0.8605769230769231 0.29086538461538464 0.04567307692307692 0.06009615384615385
2 0.9026442307692307 0.09495192307692307 0.18389423076923078 0.18629807692307693
2 0.4182692307692308 0.21033653846153846 0.057692307692307696 0.057692307692307696
2 0.9591346153846154 0.9579326923076923 0.08173076923076923 0.08413461538461539
2 0.07692307692307693 0.17427884615384615 0.0889423076923077 0.12860576923076922
2 0.6947115384615384 0.4326923076923077 0.09375 0.14903846153846154
2 0.3629807692307692 0.10576923076923077 0.04807692307692308 0.06971153846153846
2 0.96875 0.40625 0.037259615384615384 0.07451923076923077
2 0.40865384615384615 0.3701923076923077 0.11899038461538461 0.07211538461538461
5 0.8786057692307693 0.1875 0.06610576923076923 0.07091346153846154
2 0.328125 0.9026442307692307 0.06850961538461539 0.09975961538461539
2 0.08653846153846154 0.5288461538461539 0.1502403846153846 0.296875
9 0.6117788461538461 0.8834134615384616 0.12139423076923077 0.22235576923076922
2 0.6959134615384616 0.17307692307692307 0.13942307692307693 0.13942307692307693
2 0.25600961538461536 0.5396634615384616 0.040865384615384616 0.038461538461538464
0 0.8413461538461539 0.5649038461538461 0.25961538461538464 0.2127403846153846
0 0.6334134615384616 0.4338942307692308 0.11899038461538461 0.20793269230769232