2 0.3894230769230769 0.6394230769230769 0.05889423076923077 0.07211538461538461
2 0.21875 0.8425480769230769 0.040865384615384616 0.046875
2 0.7151442307692307 0.16826923076923078 0.042067307692307696 0.06490384615384616
2 0.5048076923076923 0.5204326923076923 0.016826923076923076 0.03125
2 0.07091346153846154 0.8269230769230769 0.03485576923076923 0.037259615384615384
2 0.53125 0.6322115384615384 0.1141826923076923 0.11899038461538461
15 0.49759615384615385 0.38822115384615385 0.9951923076923077 0.7764423076923077
2 0.859375 0.3870192307692308 0.04807692307692308 0.06850961538461539
2 0.6141826923076923 0.5853365384615384 0.09014423076923077 0.125
2 0.5576923076923077 0.22235576923076922 0.026442307692307692 0.03485576923076923
2 0.9206730769230769 0.5576923076923077 0.07572115384615384 0.06971153846153846
2 0.3737980769230769 0.5384615384615384 0.09254807692307693 0.10697115384615384
2 0.4987980769230769 0.2127403846153846 0.021634615384615384 0.03125
2 0.9302884615384616 0.875 0.025240384615384616 0.038461538461538464
2 0.8737980769230769 0.6045673076923077 0.037259615384615384 0.07451923076923077
2 0.6237980769230769 0.4026442307692308 0.05889423076923077 0.04807692307692308
2 0.7391826923076923 0.0625 0.03125 0.037259615384615384
2 0.5456730769230769 0.45072115384615385 0.040865384615384616 0.06850961538461539
2 0.6622596153846154 0.08533653846153846 0.08052884615384616 0.109375
2 0.546875 0.9411057692307693 0.030048076923076924 0.11057692307692307
2 0.8497596153846154 0.9110576923076923 0.07211538461538461 0.056490384615384616
2 0.3245192307692308 0.056490384615384616 0.06009615384615385 0.054086538461538464
2 0.8629807692307693 0.1346153846153846 0.18028846153846154 0.2692307692307692
2 0.8653846153846154 0.7896634615384616 0.04567307692307692 0.036057692307692304
2 0.40384615384615385 0.8233173076923077 0.04927884615384615 0.07211538461538461
2 0.1875 0.9014423076923077 0.036057692307692304 0.0829326923076923
2 0.7668269230769231 0.9242788461538461 0.08173076923076923 0.06009615384615385
2 0.23076923076923078 0.16466346153846154 0.06610576923076923 0.06009615384615385
2 0.6153846153846154 0.33052884615384615 0.06129807692307692 0.04927884615384615
2 0.78125 0.6742788461538461 0.04567307692307692 0.055288461538461536
2 0.6322115384615384 0.47596153846153844 0.07692307692307693 0.08653846153846154
2 0.38341346153846156 0.12980769230769232 0.055288461538461536 0.0829326923076923