0 0.6442307692307693 0.9603365384615384 0.1622596153846154 0.078125
2 0.7355769230769231 0.4387019230769231 0.06850961538461539 0.07932692307692307
2 0.5649038461538461 0.484375 0.09735576923076923 0.14783653846153846
2 0.203125 0.7956730769230769 0.07692307692307693 0.0889423076923077
2 0.9855769230769231 0.8353365384615384 0.027644230769230768 0.08774038461538461
2 0.4831730769230769 0.24519230769230768 0.07211538461538461 0.16947115384615385
2 0.9855769230769231 0.4098557692307692 0.028846153846153848 0.0889423076923077
2 0.7223557692307693 0.19591346153846154 0.09014423076923077 0.14783653846153846
0 0.0733173076923077 0.04326923076923077 0.0985576923076923 0.08653846153846154
2 0.36658653846153844 0.2620192307692308 0.09735576923076923 0.1346153846153846
2 0.9302884615384616 0.640625 0.13822115384615385 0.26322115384615385
0 0.39783653846153844 0.9375 0.19110576923076922 0.12379807692307693
2 0.33413461538461536 0.7199519230769231 0.10096153846153846 0.12860576923076922
2 0.890625 0.9134615384615384 0.21754807692307693 0.1622596153846154
2 0.08533653846153846 0.7548076923076923 0.09735576923076923 0.11177884615384616
2 0.828125 0.21394230769230768 0.11778846153846154 0.2776442307692308
2 0.265625 0.9086538461538461 0.11899038461538461 0.17668269230769232
2 0.14903846153846154 0.3473557692307692 0.057692307692307696 0.054086538461538464
2 0.15264423076923078 0.1622596153846154 0.30528846153846156 0.3245192307692308
2 0.7752403846153846 0.5396634615384616 0.06971153846153846 0.09375
0 0.027644230769230768 0.33052884615384615 0.055288461538461536 0.21875
2 0.4567307692307692 0.6766826923076923 0.1045673076923077 0.046875
2 0.7223557692307693 0.29447115384615385 0.03245192307692308 0.04447115384615385
2 0.46875 0.3894230769230769 0.055288461538461536 0.051682692307692304
2 0.10216346153846154 0.9002403846153846 0.20432692307692307 0.18990384615384615
2 0.2848557692307692 0.41466346153846156 0.1310096153846154 0.13581730769230768
2 0.8473557692307693 0.03485576923076923 0.1045673076923077 0.06370192307692307
2 0.9050480769230769 0.4338942307692308 0.037259615384615384 0.04326923076923077
2 0.7692307692307693 0.6298076923076923 0.07211538461538461 0.06009615384615385
0 0.08653846153846154 0.5913461538461539 0.17307692307692307 0.24519230769230768
2 0.6526442307692307 0.4230769230769231 0.06610576923076923 0.0733173076923077
2 0.06009615384615385 0.6478365384615384 0.026442307692307692 0.03485576923076923
2 0.12860576923076922 0.4375 0.052884615384615384 0.09134615384615384
2 0.33653846153846156 0.10336538461538461 0.04326923076923077 0.056490384615384616
2 0.4795673076923077 0.5552884615384616 0.06850961538461539 0.11658653846153846
2 0.33052884615384615 0.828125 0.038461538461538464 0.05048076923076923
2 0.3137019230769231 0.5661057692307693 0.07692307692307693 0.09735576923076923
2 0.7740384615384616 0.7776442307692307 0.1778846153846154 0.13341346153846154
2 0.22956730769230768 0.5204326923076923 0.04927884615384615 0.04567307692307692
2 0.41466346153846156 0.625 0.07692307692307693 0.051682692307692304
2 0.9459134615384616 0.21033653846153846 0.027644230769230768 0.03125
2 0.375 0.019230769230769232 0.040865384615384616 0.036057692307692304
2 0.7680288461538461 0.054086538461538464 0.04326923076923077 0.06370192307692307
2 0.6021634615384616 0.34375 0.125 0.125
2 0.20673076923076922 0.7223557692307693 0.040865384615384616 0.03485576923076923
2 0.04927884615384615 0.4495192307692308 0.07932692307692307 0.09134615384615384
2 0.9375 0.33533653846153844 0.04807692307692308 0.08052884615384616
14 0.7055288461538461 0.2548076923076923 0.5889423076923077 0.5096153846153846
2 0.6033653846153846 0.09735576923076923 0.25 0.1935096153846154
2 0.3762019230769231 0.46153846153846156 0.1466346153846154 0.26802884615384615
2 0.24519230769230768 0.6454326923076923 0.07932692307692307 0.09735576923076923
2 0.578125 0.84375 0.3870192307692308 0.265625
2 0.5745192307692307 0.6574519230769231 0.1346153846153846 0.15144230769230768
2 0.6850961538461539 0.5829326923076923 0.10096153846153846 0.20673076923076922
2 0.9543269230769231 0.09735576923076923 0.028846153846153848 0.1466346153846154