2 0.9278846153846154 0.9639423076923077 0.055288461538461536 0.06129807692307692
2 0.5300480769230769 0.32091346153846156 0.052884615384615384 0.05889423076923077
2 0.30528846153846156 0.6069711538461539 0.08052884615384616 0.09014423076923077
2 0.6634615384615384 0.8161057692307693 0.055288461538461536 0.06971153846153846
2 0.7307692307692307 0.22596153846153846 0.06129807692307692 0.07692307692307693
2 0.36899038461538464 0.054086538461538464 0.0673076923076923 0.06971153846153846
2 0.8822115384615384 0.9146634615384616 0.055288461538461536 0.06971153846153846
17 0.40865384615384615 0.7439903846153846 0.040865384615384616 0.06009615384615385
2 0.5084134615384616 0.09975961538461539 0.0625 0.08052884615384616
2 0.734375 0.6538461538461539 0.040865384615384616 0.057692307692307696
2 0.9014423076923077 0.2692307692307692 0.040865384615384616 0.06610576923076923
2 0.7427884615384616 0.33052884615384615 0.051682692307692304 0.07451923076923077
2 0.2536057692307692 0.4963942307692308 0.1141826923076923 0.09735576923076923
2 0.6141826923076923 0.6430288461538461 0.08653846153846154 0.08173076923076923
2 0.7836538461538461 0.40625 0.038461538461538464 0.0673076923076923
2 0.5504807692307693 0.3858173076923077 0.07692307692307693 0.08052884615384616
2 0.171875 0.84375 0.08653846153846154 0.09014423076923077
2 0.11538461538461539 0.3894230769230769 0.07572115384615384 0.0829326923076923
2 0.47716346153846156 0.056490384615384616 0.06009615384615385 0.08173076923076923
2 0.4375 0.39783653846153844 0.06610576923076923 0.0733173076923077
2 0.9314903846153846 0.7175480769230769 0.0625 0.08173076923076923
2 0.5432692307692307 0.030048076923076924 0.05889423076923077 0.056490384615384616
2 0.8125 0.18389423076923078 0.06850961538461539 0.0829326923076923
2 0.7367788461538461 0.1346153846153846 0.06129807692307692 0.051682692307692304
2 0.6754807692307693 0.3786057692307692 0.06971153846153846 0.09375
2 0.1502403846153846 0.02403846153846154 0.06370192307692307 0.046875
2 0.9254807692307693 0.11899038461538461 0.06971153846153846 0.07692307692307693
2 0.4567307692307692 0.7908653846153846 0.04326923076923077 0.05048076923076923
2 0.36538461538461536 0.8894230769230769 0.125 0.15264423076923078
2 0.8197115384615384 0.6694711538461539 0.09134615384615384 0.12379807692307693
2 0.05048076923076923 0.7644230769230769 0.10096153846153846 0.07451923076923077
2 0.038461538461538464 0.671875 0.07572115384615384 0.09134615384615384
2 0.49278846153846156 0.6754807692307693 0.09615384615384616 0.1201923076923077
4 0.5 0.3605769230769231 1 0.7211538461538461