2 0.8990384615384616 0.16706730769230768 0.02403846153846154 0.027644230769230768
2 0.421875 0.9074519230769231 0.010817307692307692 0.018028846153846152
2 0.008413461538461538 0.6346153846153846 0.016826923076923076 0.056490384615384616
0 0.49278846153846156 0.8858173076923077 0.03485576923076923 0.0733173076923077
0 0.7163461538461539 0.984375 0.020432692307692308 0.027644230769230768
2 0.9783653846153846 0.11298076923076923 0.04326923076923077 0.042067307692307696
2 0.026442307692307692 0.8461538461538461 0.01201923076923077 0.03365384615384615
3 0.9375 0.8149038461538461 0.09375 0.14423076923076922
0 0.45913461538461536 0.9615384615384616 0.07932692307692307 0.0673076923076923
3 0.47836538461538464 0.37259615384615385 0.08653846153846154 0.18269230769230768
2 0.36778846153846156 0.22956730769230768 0.019230769230769232 0.030048076923076924
2 0.05048076923076923 0.75 0.040865384615384616 0.14783653846153846
2 0.1310096153846154 0.7860576923076923 0.07572115384615384 0.056490384615384616
2 0.16947115384615385 0.6923076923076923 0.06009615384615385 0.04447115384615385
2 0.21033653846153846 0.4074519230769231 0.020432692307692308 0.02283653846153846
2 0.19591346153846154 0.8581730769230769 0.019230769230769232 0.026442307692307692
2 0.15144230769230768 0.8822115384615384 0.020432692307692308 0.019230769230769232
2 0.41225961538461536 0.8365384615384616 0.018028846153846152 0.03125
2 0.84375 0.265625 0.027644230769230768 0.03365384615384615
2 0.24639423076923078 0.9651442307692307 0.013221153846153846 0.013221153846153846
2 0.2692307692307692 0.6274038461538461 0.02403846153846154 0.026442307692307692
2 0.3269230769230769 0.6526442307692307 0.03125 0.03485576923076923
2 0.25600961538461536 0.3545673076923077 0.027644230769230768 0.05889423076923077
2 0.8100961538461539 0.47716346153846156 0.016826923076923076 0.019230769230769232
2 0.9399038461538461 0.6622596153846154 0.027644230769230768 0.019230769230769232
3 0.7920673076923077 0.07091346153846154 0.21394230769230768 0.14182692307692307
2 0.4110576923076923 0.39663461538461536 0.02403846153846154 0.037259615384615384
2 0.28846153846153844 0.11658653846153846 0.04807692307692308 0.08173076923076923
2 0.33052884615384615 0.15384615384615385 0.056490384615384616 0.03365384615384615
2 0.18389423076923078 0.8197115384615384 0.020432692307692308 0.03365384615384615
2 0.0625 0.5144230769230769 0.0625 0.10096153846153846
2 0.2956730769230769 0.8701923076923077 0.021634615384615384 0.026442307692307692
2 0.18990384615384615 0.0733173076923077 0.038461538461538464 0.04447115384615385
3 0.7776442307692307 0.7848557692307693 0.18389423076923078 0.3245192307692308
2 0.31850961538461536 0.8197115384615384 0.02403846153846154 0.02283653846153846
2 0.040865384615384616 0.9014423076923077 0.040865384615384616 0.07451923076923077
2 0.11658653846153846 0.84375 0.02403846153846154 0.03125
2 0.12980769230769232 0.5108173076923077 0.037259615384615384 0.04567307692307692
2 0.07091346153846154 0.6225961538461539 0.026442307692307692 0.027644230769230768
2 0.24158653846153846 0.4182692307692308 0.03245192307692308 0.037259615384615384
3 0.12620192307692307 0.13221153846153846 0.07572115384615384 0.2548076923076923
2 0.78125 0.1875 0.018028846153846152 0.019230769230769232
2 0.7800480769230769 0.4326923076923077 0.014423076923076924 0.02403846153846154
2 0.31971153846153844 0.9699519230769231 0.028846153846153848 0.05048076923076923
2 0.5709134615384616 0.5420673076923077 0.04807692307692308 0.027644230769230768
2 0.9254807692307693 0.39783653846153844 0.04927884615384615 0.028846153846153848
2 0.6141826923076923 0.3629807692307692 0.028846153846153848 0.027644230769230768
0 0.734375 0.7800480769230769 0.016826923076923076 0.026442307692307692
2 0.6490384615384616 0.5576923076923077 0.03365384615384615 0.05048076923076923
2 0.6117788461538461 0.6514423076923077 0.05048076923076923 0.054086538461538464
2 0.7896634615384616 0.3389423076923077 0.056490384615384616 0.055288461538461536
2 0.7524038461538461 0.5096153846153846 0.037259615384615384 0.027644230769230768
0 0.375 0.6766826923076923 0.019230769230769232 0.019230769230769232
2 0.12620192307692307 0.33774038461538464 0.021634615384615384 0.037259615384615384
2 0.2608173076923077 0.27283653846153844 0.016826923076923076 0.028846153846153848
3 0.8629807692307693 0.9242788461538461 0.1466346153846154 0.14783653846153846
2 0.9302884615384616 0.6237980769230769 0.027644230769230768 0.056490384615384616
2 0.7680288461538461 0.6911057692307693 0.013221153846153846 0.02403846153846154
2 0.9014423076923077 0.8233173076923077 0.03245192307692308 0.03125
2 0.5865384615384616 0.41346153846153844 0.036057692307692304 0.027644230769230768
2 0.21033653846153846 0.4326923076923077 0.016826923076923076 0.02283653846153846
2 0.7151442307692307 0.171875 0.025240384615384616 0.03365384615384615
0 0.04447115384615385 0.2848557692307692 0.0889423076923077 0.15745192307692307
2 0.9771634615384616 0.9230769230769231 0.04567307692307692 0.05889423076923077
2 0.02283653846153846 0.16466346153846154 0.04567307692307692 0.051682692307692304
2 0.0889423076923077 0.3942307692307692 0.025240384615384616 0.036057692307692304
2 0.9122596153846154 0.038461538461538464 0.016826923076923076 0.021634615384615384
3 0.5492788461538461 0.8413461538461539 0.051682692307692304 0.3112980769230769
2 0.2283653846153846 0.7896634615384616 0.06610576923076923 0.08052884615384616
0 0.7103365384615384 0.054086538461538464 0.04567307692307692 0.06850961538461539
2 0.8341346153846154 0.109375 0.014423076923076924 0.030048076923076924
2 0.8353365384615384 0.3798076923076923 0.05889423076923077 0.04447115384615385
2 0.7728365384615384 0.8112980769230769 0.027644230769230768 0.03125
2 0.5132211538461539 0.625 0.018028846153846152 0.021634615384615384
2 0.6442307692307693 0.4723557692307692 0.027644230769230768 0.028846153846153848
2 0.17307692307692307 0.28846153846153844 0.04807692307692308 0.09735576923076923
2 0.3401442307692308 0.25961538461538464 0.028846153846153848 0.06129807692307692
3 0.15504807692307693 0.21394230769230768 0.31009615384615385 0.08173076923076923
2 0.18870192307692307 0.47115384615384615 0.02403846153846154 0.026442307692307692
0 0.6706730769230769 0.8125 0.07451923076923077 0.15384615384615385
15 0.4326923076923077 0.5 0.19230769230769232 0.9951923076923077
2 0.5204326923076923 0.5588942307692307 0.038461538461538464 0.05048076923076923
2 0.6574519230769231 0.6598557692307693 0.020432692307692308 0.027644230769230768
2 0.23798076923076922 0.14423076923076922 0.037259615384615384 0.036057692307692304
2 0.30408653846153844 0.4014423076923077 0.013221153846153846 0.021634615384615384
2 0.9783653846153846 0.31009615384615385 0.02403846153846154 0.027644230769230768
2 0.7475961538461539 0.6826923076923077 0.025240384615384616 0.03245192307692308
2 0.30528846153846156 0.7295673076923077 0.014423076923076924 0.026442307692307692
2 0.31850961538461536 0.3449519230769231 0.019230769230769232 0.019230769230769232
2 0.15745192307692307 0.4579326923076923 0.016826923076923076 0.03365384615384615
2 0.38461538461538464 0.3641826923076923 0.020432692307692308 0.03485576923076923
0 0.010817307692307692 0.04567307692307692 0.021634615384615384 0.040865384615384616
2 0.42788461538461536 0.765625 0.019230769230769232 0.042067307692307696
2 0.8401442307692307 0.5709134615384616 0.021634615384615384 0.02403846153846154
2 0.8798076923076923 0.9663461538461539 0.040865384615384616 0.037259615384615384
2 0.8954326923076923 0.052884615384615384 0.016826923076923076 0.021634615384615384
2 0.39302884615384615 0.9747596153846154 0.037259615384615384 0.037259615384615384
0 0.0829326923076923 0.05048076923076923 0.10817307692307693 0.10096153846153846
2 0.9567307692307693 0.47596153846153844 0.08653846153846154 0.09254807692307693
2 0.11057692307692307 0.36899038461538464 0.01201923076923077 0.019230769230769232
2 0.7536057692307693 0.7223557692307693 0.03365384615384615 0.04447115384615385
2 0.38822115384615385 0.8389423076923077 0.021634615384615384 0.027644230769230768
2 0.9387019230769231 0.07211538461538461 0.016826923076923076 0.03125
2 0.039663461538461536 0.4411057692307692 0.016826923076923076 0.027644230769230768
2 0.7800480769230769 0.171875 0.03125 0.018028846153846152
2 0.6021634615384616 0.8617788461538461 0.02403846153846154 0.036057692307692304
3 0.59375 0.9375 0.07451923076923077 0.12139423076923077
2 0.3605769230769231 0.6165865384615384 0.020432692307692308 0.027644230769230768
2 0.3870192307692308 0.8954326923076923 0.030048076923076924 0.030048076923076924
2 0.3425480769230769 0.9543269230769231 0.016826923076923076 0.028846153846153848
2 0.5901442307692307 0.6141826923076923 0.020432692307692308 0.03245192307692308
2 0.7475961538461539 0.33052884615384615 0.018028846153846152 0.021634615384615384
2 0.12259615384615384 0.9086538461538461 0.02403846153846154 0.02403846153846154
2 0.025240384615384616 0.3942307692307692 0.03125 0.04807692307692308
3 0.5817307692307693 0.15745192307692307 0.1622596153846154 0.09735576923076923
0 0.6634615384615384 0.9194711538461539 0.027644230769230768 0.03365384615384615
0 0.671875 0.9807692307692307 0.04567307692307692 0.03365384615384615
2 0.10697115384615384 0.4026442307692308 0.016826923076923076 0.013221153846153846
2 0.2764423076923077 0.3401442307692308 0.016826923076923076 0.026442307692307692
2 0.18269230769230768 0.4170673076923077 0.016826923076923076 0.03485576923076923
2 0.20552884615384615 0.9711538461538461 0.02403846153846154 0.055288461538461536
2 0.7536057692307693 0.42788461538461536 0.018028846153846152 0.027644230769230768
2 0.7007211538461539 0.5949519230769231 0.014423076923076924 0.027644230769230768
2 0.5240384615384616 0.71875 0.042067307692307696 0.08173076923076923
2 0.640625 0.29447115384615385 0.014423076923076924 0.02283653846153846
2 0.1875 0.5817307692307693 0.05048076923076923 0.04326923076923077
2 0.23918269230769232 0.4723557692307692 0.028846153846153848 0.037259615384615384
2 0.29447115384615385 0.28125 0.028846153846153848 0.03125
2 0.9338942307692307 0.125 0.014423076923076924 0.019230769230769232
2 0.9290865384615384 0.7043269230769231 0.018028846153846152 0.05048076923076923
2 0.9302884615384616 0.9759615384615384 0.030048076923076924 0.03485576923076923
2 0.7944711538461539 0.25 0.03245192307692308 0.028846153846153848
2 0.5432692307692307 0.23798076923076922 0.025240384615384616 0.03245192307692308
2 0.6526442307692307 0.6117788461538461 0.020432692307692308 0.026442307692307692
0 0.6394230769230769 0.796875 0.030048076923076924 0.055288461538461536
0 0.20793269230769232 0.24879807692307693 0.03485576923076923 0.040865384615384616
0 0.4206730769230769 0.06610576923076923 0.1778846153846154 0.13221153846153846
2 0.9591346153846154 0.4182692307692308 0.016826923076923076 0.02403846153846154
2 0.9771634615384616 0.7151442307692307 0.038461538461538464 0.03485576923076923
2 0.8713942307692307 0.7884615384615384 0.03485576923076923 0.05889423076923077
2 0.9543269230769231 0.8725961538461539 0.027644230769230768 0.03245192307692308
2 0.8016826923076923 0.7151442307692307 0.030048076923076924 0.04447115384615385
2 0.7211538461538461 0.7223557692307693 0.03125 0.040865384615384616
2 0.578125 0.22235576923076922 0.014423076923076924 0.02403846153846154
2 0.3485576923076923 0.7548076923076923 0.025240384615384616 0.040865384615384616
2 0.6646634615384616 0.3581730769230769 0.014423076923076924 0.019230769230769232
2 0.1141826923076923 0.9675480769230769 0.021634615384615384 0.036057692307692304
2 0.5288461538461539 0.4375 0.03485576923076923 0.0733173076923077
2 0.6887019230769231 0.15625 0.02403846153846154 0.019230769230769232
2 0.43509615384615385 0.3125 0.02403846153846154 0.02283653846153846
0 0.41225961538461536 0.18389423076923078 0.027644230769230768 0.03125
0 0.5216346153846154 0.1875 0.05889423076923077 0.054086538461538464
2 0.9663461538461539 0.203125 0.0673076923076923 0.056490384615384616
2 0.9098557692307693 0.34375 0.038461538461538464 0.040865384615384616
2 0.9771634615384616 0.6274038461538461 0.04447115384615385 0.08173076923076923
2 0.8894230769230769 0.53125 0.027644230769230768 0.027644230769230768
2 0.8329326923076923 0.7103365384615384 0.016826923076923076 0.02403846153846154
2 0.7788461538461539 0.6298076923076923 0.016826923076923076 0.027644230769230768
2 0.6033653846153846 0.7536057692307693 0.0673076923076923 0.05048076923076923
2 0.59375 0.46274038461538464 0.04807692307692308 0.06129807692307692