2 0.1814903846153846 0.33653846153846156 0.08173076923076923 0.08052884615384616
5 0.33052884615384615 0.8112980769230769 0.08173076923076923 0.1201923076923077
2 0.9903846153846154 0.2536057692307692 0.019230769230769232 0.07451923076923077
2 0.7223557692307693 0.2956730769230769 0.15985576923076922 0.15144230769230768
2 0.7512019230769231 0.47475961538461536 0.09735576923076923 0.18269230769230768
2 0.41225961538461536 0.25721153846153844 0.0673076923076923 0.10216346153846154
2 0.014423076923076924 0.16466346153846154 0.027644230769230768 0.05048076923076923
2 0.9254807692307693 0.2704326923076923 0.10817307692307693 0.13942307692307693
2 0.12860576923076922 0.9170673076923077 0.19471153846153846 0.15384615384615385
2 0.4411057692307692 0.6598557692307693 0.27163461538461536 0.3701923076923077
2 0.40625 0.15985576923076922 0.4855769230769231 0.31971153846153844
2 0.06009615384615385 0.6394230769230769 0.1201923076923077 0.22596153846153846
2 0.08413461538461539 0.15264423076923078 0.055288461538461536 0.07451923076923077
2 0.8112980769230769 0.39663461538461536 0.027644230769230768 0.09375
2 0.7644230769230769 0.1141826923076923 0.09134615384615384 0.12860576923076922
4 0.5216346153846154 0.8533653846153846 0.33052884615384615 0.23677884615384615
2 0.8112980769230769 0.03245192307692308 0.0829326923076923 0.06490384615384616
2 0.7379807692307693 0.8197115384615384 0.12259615384615384 0.18870192307692307
2 0.6778846153846154 0.1814903846153846 0.052884615384615384 0.06490384615384616
2 0.828125 0.8846153846153846 0.06850961538461539 0.0733173076923077
2 0.2403846153846154 0.4411057692307692 0.29086538461538464 0.18028846153846154
2 0.1814903846153846 0.7175480769230769 0.09735576923076923 0.14903846153846154
2 0.9471153846153846 0.4098557692307692 0.04927884615384615 0.05889423076923077
3 0.07451923076923077 0.8100961538461539 0.14903846153846154 0.36538461538461536
2 0.15625 0.23197115384615385 0.0673076923076923 0.11899038461538461
5 0.6742788461538461 0.47596153846153844 0.038461538461538464 0.054086538461538464
2 0.5564903846153846 0.31009615384615385 0.12139423076923077 0.24639423076923078
2 0.9459134615384616 0.7403846153846154 0.10817307692307693 0.3389423076923077
2 0.203125 0.052884615384615384 0.1310096153846154 0.0829326923076923
2 0.8918269230769231 0.10096153846153846 0.055288461538461536 0.07451923076923077
2 0.09014423076923077 0.02403846153846154 0.09495192307692307 0.042067307692307696
2 0.2956730769230769 0.6286057692307693 0.06129807692307692 0.0733173076923077
5 0.328125 0.9615384615384616 0.1466346153846154 0.0733173076923077
2 0.036057692307692304 0.07211538461538461 0.07211538461538461 0.07692307692307693
2 0.046875 0.43509615384615385 0.09254807692307693 0.16466346153846154
2 0.5588942307692307 0.96875 0.19951923076923078 0.057692307692307696
2 0.8665865384615384 0.9435096153846154 0.12740384615384615 0.10697115384615384
2 0.8209134615384616 0.6286057692307693 0.07692307692307693 0.09975961538461539
2 0.6790865384615384 0.5889423076923077 0.1502403846153846 0.2403846153846154
5 0.07932692307692307 0.25 0.09975961538461539 0.14302884615384615
2 0.4375 0.421875 0.11057692307692307 0.1658653846153846