5 0.296875 0.7560096153846154 0.018028846153846152 0.03365384615384615
2 0.026442307692307692 0.78125 0.052884615384615384 0.07451923076923077
5 0.7692307692307693 0.5096153846153846 0.027644230769230768 0.038461538461538464
5 0.5673076923076923 0.8882211538461539 0.027644230769230768 0.038461538461538464
2 0.13942307692307693 0.6069711538461539 0.2776442307692308 0.28725961538461536
16 0.10216346153846154 0.7007211538461539 0.1971153846153846 0.18269230769230768
5 0.6790865384615384 0.7391826923076923 0.02403846153846154 0.03485576923076923
2 0.06971153846153846 0.49759615384615385 0.1141826923076923 0.07091346153846154
2 0.6490384615384616 0.5480769230769231 0.06850961538461539 0.08653846153846154
2 0.49158653846153844 0.8004807692307693 0.18389423076923078 0.26802884615384615
5 0.6177884615384616 0.5925480769230769 0.02403846153846154 0.028846153846153848
2 0.546875 0.0733173076923077 0.08653846153846154 0.06370192307692307
5 0.2764423076923077 0.796875 0.021634615384615384 0.02283653846153846
5 0.859375 0.27163461538461536 0.018028846153846152 0.026442307692307692
2 0.25240384615384615 0.28966346153846156 0.10817307692307693 0.0829326923076923
3 0.6875 0.057692307692307696 0.6237980769230769 0.10817307692307693
5 0.390625 0.0625 0.02403846153846154 0.03125
2 0.2800480769230769 0.41346153846153844 0.09735576923076923 0.13701923076923078
2 0.41466346153846156 0.9182692307692307 0.11057692307692307 0.12259615384615384
2 0.14543269230769232 0.3112980769230769 0.027644230769230768 0.042067307692307696
2 0.359375 0.96875 0.11298076923076923 0.054086538461538464
5 0.47836538461538464 0.734375 0.028846153846153848 0.027644230769230768
2 0.042067307692307696 0.9086538461538461 0.08413461538461539 0.171875
2 0.7463942307692307 0.6514423076923077 0.2764423076923077 0.2920673076923077
2 0.6237980769230769 0.8088942307692307 0.08653846153846154 0.20673076923076922
2 0.8521634615384616 0.15745192307692307 0.02403846153846154 0.037259615384615384
2 0.17067307692307693 0.8954326923076923 0.17067307692307693 0.19951923076923078
2 0.8930288461538461 0.4098557692307692 0.1814903846153846 0.12860576923076922
2 0.9387019230769231 0.7512019230769231 0.12259615384615384 0.2956730769230769
2 0.40625 0.14302884615384615 0.18269230769230768 0.11658653846153846
2 0.3173076923076923 0.055288461538461536 0.10096153846153846 0.109375
2 0.9927884615384616 0.14543269230769232 0.013221153846153846 0.07451923076923077
2 0.7391826923076923 0.8653846153846154 0.037259615384615384 0.03485576923076923
2 0.3016826923076923 0.5757211538461539 0.10336538461538461 0.14903846153846154
2 0.9338942307692307 0.21153846153846154 0.1310096153846154 0.12980769230769232
2 0.625 0.19471153846153846 0.2536057692307692 0.18629807692307693
2 0.8028846153846154 0.16826923076923078 0.040865384615384616 0.078125
2 0.5528846153846154 0.6442307692307693 0.13221153846153846 0.1346153846153846
2 0.22716346153846154 0.12860576923076922 0.18629807692307693 0.2512019230769231
5 0.014423076923076924 0.44711538461538464 0.027644230769230768 0.039663461538461536
5 0.5492788461538461 0.3293269230769231 0.03365384615384615 0.04326923076923077
5 0.43509615384615385 0.020432692307692308 0.026442307692307692 0.039663461538461536
5 0.6911057692307693 0.19951923076923078 0.027644230769230768 0.04567307692307692
2 0.19110576923076922 0.4170673076923077 0.10817307692307693 0.16706730769230768
5 0.4831730769230769 0.9855769230769231 0.025240384615384616 0.02403846153846154
2 0.8305288461538461 0.8341346153846154 0.0829326923076923 0.14903846153846154
2 0.34375 0.8954326923076923 0.04567307692307692 0.0733173076923077
2 0.9002403846153846 0.9447115384615384 0.19951923076923078 0.10096153846153846
2 0.7283653846153846 0.2980769230769231 0.17067307692307693 0.15625
3 0.36658653846153844 0.6538461538461539 0.18990384615384615 0.4074519230769231
2 0.2512019230769231 0.890625 0.12139423076923077 0.16706730769230768
5 0.4639423076923077 0.03125 0.03125 0.038461538461538464
5 0.24519230769230768 0.7956730769230769 0.03125 0.028846153846153848
2 0.07091346153846154 0.20673076923076922 0.04807692307692308 0.042067307692307696
2 0.7175480769230769 0.828125 0.07211538461538461 0.056490384615384616
2 0.7127403846153846 0.7632211538461539 0.05048076923076923 0.046875
2 0.5396634615384616 0.5240384615384616 0.13942307692307693 0.12980769230769232
5 0.7295673076923077 0.34975961538461536 0.02403846153846154 0.030048076923076924
2 0.7644230769230769 0.4326923076923077 0.12860576923076922 0.15264423076923078
2 0.6057692307692307 0.6454326923076923 0.038461538461538464 0.03365384615384615
2 0.0673076923076923 0.09375 0.1346153846153846 0.18389423076923078
2 0.07091346153846154 0.33052884615384615 0.14182692307692307 0.2860576923076923
2 0.9735576923076923 0.3233173076923077 0.052884615384615384 0.06490384615384616
2 0.8605769230769231 0.31971153846153844 0.057692307692307696 0.057692307692307696
5 0.8173076923076923 0.7824519230769231 0.027644230769230768 0.036057692307692304
5 0.3076923076923077 0.21634615384615385 0.018028846153846152 0.021634615384615384
2 0.15625 0.2620192307692308 0.027644230769230768 0.03365384615384615
2 0.9699519230769231 0.5048076923076923 0.03365384615384615 0.056490384615384616
2 0.40625 0.3173076923076923 0.08774038461538461 0.12860576923076922
2 0.8389423076923077 0.18990384615384615 0.026442307692307692 0.04447115384615385
2 0.8689903846153846 0.5456730769230769 0.1622596153846154 0.14302884615384615
2 0.12980769230769232 0.5649038461538461 0.25721153846153844 0.15264423076923078
14 0.4891826923076923 0.3473557692307692 0.27163461538461536 0.2956730769230769
2 0.09254807692307693 0.796875 0.057692307692307696 0.07692307692307693
5 0.6983173076923077 0.3401442307692308 0.02403846153846154 0.03245192307692308
2 0.7079326923076923 0.9471153846153846 0.20673076923076922 0.09735576923076923