2 0.03245192307692308 0.5192307692307693 0.06490384615384616 0.1141826923076923
2 0.7740384615384616 0.47836538461538464 0.04447115384615385 0.04927884615384615
3 0.7668269230769231 0.8004807692307693 0.4651442307692308 0.17908653846153846
2 0.8822115384615384 0.4675480769230769 0.05889423076923077 0.057692307692307696
2 0.018028846153846152 0.6766826923076923 0.036057692307692304 0.07211538461538461
2 0.9519230769230769 0.4855769230769231 0.09615384615384616 0.15384615384615385
3 0.6442307692307693 0.06971153846153846 0.26802884615384615 0.13581730769230768
3 0.22115384615384615 0.7427884615384616 0.2668269230769231 0.13581730769230768
2 0.9290865384615384 0.057692307692307696 0.14182692307692307 0.1141826923076923
2 0.09735576923076923 0.9038461538461539 0.1466346153846154 0.18990384615384615
2 0.7728365384615384 0.9182692307692307 0.051682692307692304 0.04326923076923077
2 0.640625 0.6490384615384616 0.07572115384615384 0.10096153846153846
4 0.5348557692307693 0.5 0.65625 0.9975961538461539
5 0.9903846153846154 0.21514423076923078 0.019230769230769232 0.0889423076923077
2 0.546875 0.6682692307692307 0.06971153846153846 0.08653846153846154
2 0.09014423076923077 0.5865384615384616 0.08413461538461539 0.15264423076923078
2 0.20673076923076922 0.4014423076923077 0.41346153846153844 0.796875
2 0.953125 0.9495192307692307 0.05889423076923077 0.05889423076923077
2 0.7632211538461539 0.6706730769230769 0.13221153846153846 0.18509615384615385
5 0.9423076923076923 0.30288461538461536 0.09014423076923077 0.13221153846153846
2 0.010817307692307692 0.8725961538461539 0.021634615384615384 0.0673076923076923
2 0.8449519230769231 0.3894230769230769 0.08774038461538461 0.078125
2 0.5372596153846154 0.875 0.10817307692307693 0.1141826923076923