0 0.9543269230769231 0.6947115384615384 0.09134615384615384 0.1141826923076923
0 0.9591346153846154 0.8810096153846154 0.08173076923076923 0.07451923076923077
2 0.8725961538461539 0.3701923076923077 0.04567307692307692 0.04807692307692308
2 0.8137019230769231 0.5625 0.11057692307692307 0.1346153846153846
0 0.7692307692307693 0.9278846153846154 0.2932692307692308 0.10576923076923077
0 0.8341346153846154 0.7043269230769231 0.1658653846153846 0.14302884615384615
2 0.9483173076923077 0.02403846153846154 0.10336538461538461 0.04807692307692308
0 0.17668269230769232 0.8545673076923077 0.35336538461538464 0.28725961538461536
0 0.5769230769230769 0.8822115384615384 0.056490384615384616 0.07451923076923077
0 0.24879807692307693 0.45072115384615385 0.39302884615384615 0.43509615384615385
14 0.5 0.5865384615384616 1 0.6334134615384616
0 0.5024038461538461 0.8665865384615384 0.0889423076923077 0.09735576923076923
0 0.046875 0.17548076923076922 0.09375 0.27403846153846156