2 0.7463942307692307 0.055288461538461536 0.055288461538461536 0.10697115384615384
2 0.49399038461538464 0.3004807692307692 0.22956730769230768 0.26802884615384615
2 0.8725961538461539 0.9098557692307693 0.06370192307692307 0.09615384615384616
9 0.11899038461538461 0.3942307692307692 0.23798076923076922 0.10576923076923077
9 0.4651442307692308 0.1045673076923077 0.03485576923076923 0.2091346153846154
2 0.36177884615384615 0.04807692307692308 0.038461538461538464 0.07932692307692307
2 0.9735576923076923 0.07932692307692307 0.052884615384615384 0.08173076923076923
2 0.22596153846153846 0.125 0.0733173076923077 0.1310096153846154
2 0.6490384615384616 0.4411057692307692 0.08653846153846154 0.0829326923076923
2 0.8485576923076923 0.125 0.037259615384615384 0.055288461538461536
2 0.421875 0.7475961538461539 0.052884615384615384 0.06610576923076923
9 0.15504807692307693 0.6959134615384616 0.3088942307692308 0.4891826923076923
2 0.36899038461538464 0.7175480769230769 0.021634615384615384 0.028846153846153848
2 0.09254807692307693 0.09735576923076923 0.07211538461538461 0.0889423076923077
2 0.11177884615384616 0.29447115384615385 0.10817307692307693 0.17307692307692307
2 0.8233173076923077 0.07091346153846154 0.05048076923076923 0.04927884615384615
2 0.8197115384615384 0.7788461538461539 0.08413461538461539 0.10576923076923077
2 0.6274038461538461 0.8317307692307693 0.020432692307692308 0.036057692307692304
2 0.9447115384615384 0.640625 0.11057692307692307 0.13942307692307693
2 0.8088942307692307 0.49399038461538464 0.15264423076923078 0.46153846153846156
2 0.5012019230769231 0.8221153846153846 0.11057692307692307 0.040865384615384616
9 0.3016826923076923 0.17548076923076922 0.030048076923076924 0.34975961538461536
2 0.9711538461538461 0.8605769230769231 0.057692307692307696 0.23557692307692307
2 0.5372596153846154 0.7704326923076923 0.04447115384615385 0.054086538461538464
9 0.140625 0.6935096153846154 0.05048076923076923 0.0889423076923077
2 0.6995192307692307 0.5348557692307693 0.04326923076923077 0.10096153846153846
2 0.4579326923076923 0.8930288461538461 0.030048076923076924 0.055288461538461536
5 0.1814903846153846 0.6009615384615384 0.052884615384615384 0.08173076923076923
3 0.5384615384615384 0.5 0.7992788461538461 0.9963942307692307
2 0.5793269230769231 0.052884615384615384 0.09615384615384616 0.10576923076923077
2 0.37740384615384615 0.7884615384615384 0.052884615384615384 0.07932692307692307
2 0.24639423076923078 0.4326923076923077 0.06490384615384616 0.07451923076923077
2 0.9134615384615384 0.7920673076923077 0.08413461538461539 0.10697115384615384
2 0.9807692307692307 0.41225961538461536 0.038461538461538464 0.078125
2 0.5264423076923077 0.6971153846153846 0.026442307692307692 0.03485576923076923
2 0.3581730769230769 0.9350961538461539 0.026442307692307692 0.03245192307692308
2 0.7079326923076923 0.36177884615384615 0.054086538461538464 0.07451923076923077
2 0.9459134615384616 0.5180288461538461 0.06009615384615385 0.06850961538461539
2 0.07091346153846154 0.53125 0.11057692307692307 0.10096153846153846
2 0.9086538461538461 0.037259615384615384 0.06370192307692307 0.06490384615384616
5 0.4855769230769231 0.9495192307692307 0.04447115384615385 0.09735576923076923
0 0.18389423076923078 0.7548076923076923 0.11057692307692307 0.12139423076923077
9 0.36899038461538464 0.6117788461538461 0.020432692307692308 0.10576923076923077
9 0.3629807692307692 0.30288461538461536 0.16947115384615385 0.07451923076923077
2 0.8533653846153846 0.21995192307692307 0.27163461538461536 0.17548076923076922
5 0.039663461538461536 0.18389423076923078 0.04326923076923077 0.07692307692307693
5 0.07091346153846154 0.24278846153846154 0.05889423076923077 0.05048076923076923
9 0.3076923076923077 0.953125 0.3088942307692308 0.08653846153846154
9 0.7536057692307693 0.9362980769230769 0.016826923076923076 0.1201923076923077
2 0.5901442307692307 0.5228365384615384 0.0733173076923077 0.11899038461538461
2 0.6778846153846154 0.052884615384615384 0.06971153846153846 0.09014423076923077
2 0.7067307692307693 0.7079326923076923 0.055288461538461536 0.1346153846153846
2 0.6454326923076923 0.234375 0.14543269230769232 0.2608173076923077
2 0.4387019230769231 0.6742788461538461 0.019230769230769232 0.03365384615384615