2 0.15264423076923078 0.7848557692307693 0.018028846153846152 0.02283653846153846
2 0.15745192307692307 0.6598557692307693 0.20673076923076922 0.21634615384615385
2 0.039663461538461536 0.46153846153846156 0.07932692307692307 0.037259615384615384
2 0.17548076923076922 0.7620192307692307 0.016826923076923076 0.019230769230769232
2 0.026442307692307692 0.9627403846153846 0.052884615384615384 0.07091346153846154
2 0.38341346153846156 0.6129807692307693 0.0889423076923077 0.10096153846153846
2 0.7728365384615384 0.75 0.04447115384615385 0.12980769230769232
2 0.21754807692307693 0.8509615384615384 0.18269230769230768 0.2920673076923077
14 0.6358173076923077 0.4987980769230769 0.7283653846153846 0.9963942307692307
2 0.31009615384615385 0.6670673076923077 0.09615384615384616 0.07932692307692307
2 0.7091346153846154 0.8822115384615384 0.05889423076923077 0.06490384615384616
2 0.7944711538461539 0.9302884615384616 0.15264423076923078 0.13341346153846154
2 0.7127403846153846 0.17908653846153846 0.0985576923076923 0.1466346153846154
2 0.890625 0.5625 0.21754807692307693 0.3605769230769231
2 0.44591346153846156 0.43149038461538464 0.21153846153846154 0.1935096153846154
0 0.14182692307692307 0.19471153846153846 0.28365384615384615 0.3858173076923077
3 0.5841346153846154 0.25 0.8317307692307693 0.43990384615384615
2 0.7283653846153846 0.06971153846153846 0.08774038461538461 0.09375
2 0.7824519230769231 0.0625 0.030048076923076924 0.07091346153846154
2 0.3870192307692308 0.9423076923076923 0.0889423076923077 0.109375
2 0.5901442307692307 0.9579326923076923 0.0625 0.07451923076923077
2 0.021634615384615384 0.5865384615384616 0.042067307692307696 0.05048076923076923
2 0.9819711538461539 0.8774038461538461 0.036057692307692304 0.04326923076923077
2 0.6057692307692307 0.6947115384615384 0.17307692307692307 0.16105769230769232
2 0.6754807692307693 0.3894230769230769 0.08774038461538461 0.09735576923076923
2 0.421875 0.8173076923076923 0.055288461538461536 0.06610576923076923
2 0.1622596153846154 0.2536057692307692 0.0733173076923077 0.15264423076923078
2 0.23677884615384615 0.2091346153846154 0.07451923076923077 0.12980769230769232
2 0.8822115384615384 0.14423076923076922 0.06370192307692307 0.10096153846153846
2 0.9435096153846154 0.0625 0.04807692307692308 0.07932692307692307
2 0.8509615384615384 0.7295673076923077 0.11057692307692307 0.125
2 0.7463942307692307 0.5769230769230769 0.12860576923076922 0.18269230769230768
2 0.953125 0.9495192307692307 0.09254807692307693 0.0829326923076923
2 0.6105769230769231 0.46875 0.08413461538461539 0.0985576923076923
2 0.5384615384615384 0.5420673076923077 0.051682692307692304 0.06370192307692307
2 0.28125 0.06370192307692307 0.09735576923076923 0.125
2 0.22596153846153846 0.5108173076923077 0.04326923076923077 0.04567307692307692