3 0.30408653846153844 0.5144230769230769 0.6081730769230769 0.2536057692307692
2 0.5576923076923077 0.9290865384615384 0.08173076923076923 0.0673076923076923
2 0.2956730769230769 0.4014423076923077 0.0733173076923077 0.09134615384615384
2 0.1346153846153846 0.07211538461538461 0.052884615384615384 0.040865384615384616
4 0.5540865384615384 0.5420673076923077 0.24639423076923078 0.1622596153846154
3 0.8858173076923077 0.33052884615384615 0.2283653846153846 0.65625
2 0.7932692307692307 0.6141826923076923 0.28725961538461536 0.6526442307692307
2 0.22235576923076922 0.7283653846153846 0.03485576923076923 0.040865384615384616
2 0.3557692307692308 0.36658653846153844 0.07211538461538461 0.051682692307692304
2 0.2644230769230769 0.09615384615384616 0.037259615384615384 0.057692307692307696
2 0.984375 0.13221153846153846 0.030048076923076924 0.06971153846153846
3 0.42427884615384615 0.6983173076923077 0.21153846153846154 0.19471153846153846
2 0.03365384615384615 0.42788461538461536 0.040865384615384616 0.06850961538461539
2 0.5372596153846154 0.3004807692307692 0.055288461538461536 0.06850961538461539
2 0.3918269230769231 0.25721153846153844 0.021634615384615384 0.028846153846153848
2 0.2091346153846154 0.15264423076923078 0.02403846153846154 0.03365384615384615
2 0.6141826923076923 0.08653846153846154 0.08774038461538461 0.10697115384615384
2 0.4098557692307692 0.02403846153846154 0.03245192307692308 0.04567307692307692
2 0.3004807692307692 0.31850961538461536 0.052884615384615384 0.0733173076923077
2 0.2127403846153846 0.5060096153846154 0.0829326923076923 0.06850961538461539
3 0.4579326923076923 0.9326923076923077 0.07692307692307693 0.12860576923076922
3 0.5661057692307693 0.18509615384615385 0.14182692307692307 0.3641826923076923
2 0.625 0.7824519230769231 0.051682692307692304 0.17548076923076922
2 0.3545673076923077 0.13701923076923078 0.08413461538461539 0.1466346153846154
2 0.5036057692307693 0.8269230769230769 0.038461538461538464 0.05048076923076923
2 0.01201923076923077 0.018028846153846152 0.02403846153846154 0.03365384615384615
2 0.08413461538461539 0.17668269230769232 0.07692307692307693 0.1201923076923077
2 0.02403846153846154 0.8245192307692307 0.04807692307692308 0.04326923076923077
3 0.32572115384615385 0.6177884615384616 0.3245192307692308 0.1346153846153846
2 0.5661057692307693 0.7548076923076923 0.05889423076923077 0.06610576923076923
2 0.22596153846153846 0.4230769230769231 0.03485576923076923 0.056490384615384616
2 0.3233173076923077 0.04447115384615385 0.10336538461538461 0.08774038461538461
3 0.37259615384615385 0.8052884615384616 0.6706730769230769 0.38461538461538464
2 0.2403846153846154 0.24639423076923078 0.06129807692307692 0.11298076923076923
2 0.026442307692307692 0.06009615384615385 0.02283653846153846 0.03245192307692308