2 0.734375 0.7764423076923077 0.05889423076923077 0.06490384615384616
2 0.9471153846153846 0.07692307692307693 0.036057692307692304 0.04927884615384615
2 0.9411057692307693 0.5360576923076923 0.08413461538461539 0.20673076923076922
2 0.03125 0.38341346153846156 0.036057692307692304 0.042067307692307696
2 0.5973557692307693 0.33413461538461536 0.027644230769230768 0.036057692307692304
2 0.7860576923076923 0.046875 0.025240384615384616 0.038461538461538464
2 0.7956730769230769 0.9230769230769231 0.09014423076923077 0.1346153846153846
2 0.9711538461538461 0.7139423076923077 0.052884615384615384 0.08173076923076923
2 0.008413461538461538 0.3389423076923077 0.016826923076923076 0.09134615384615384
2 0.8617788461538461 0.7043269230769231 0.07932692307692307 0.11899038461538461
2 0.02283653846153846 0.15625 0.04447115384615385 0.05048076923076923
2 0.06490384615384616 0.9555288461538461 0.018028846153846152 0.027644230769230768
2 0.17307692307692307 0.7127403846153846 0.02403846153846154 0.03485576923076923
2 0.1466346153846154 0.03485576923076923 0.05889423076923077 0.06370192307692307
2 0.9555288461538461 0.9483173076923077 0.0889423076923077 0.0889423076923077
2 0.45913461538461536 0.16947115384615385 0.038461538461538464 0.05048076923076923
2 0.6394230769230769 0.27884615384615385 0.019230769230769232 0.03125
2 0.7956730769230769 0.27884615384615385 0.125 0.25961538461538464
2 0.203125 0.9098557692307693 0.02403846153846154 0.027644230769230768
2 0.7536057692307693 0.8665865384615384 0.09615384615384616 0.09615384615384616
2 0.07451923076923077 0.19110576923076922 0.08774038461538461 0.09735576923076923
2 0.2980769230769231 0.8064903846153846 0.17668269230769232 0.17668269230769232
2 0.22235576923076922 0.5 0.04807692307692308 0.04326923076923077
4 0.3858173076923077 0.4495192307692308 0.7716346153846154 0.8966346153846154
3 0.026442307692307692 0.6598557692307693 0.052884615384615384 0.2692307692307692
2 0.09495192307692307 0.6322115384615384 0.12139423076923077 0.11899038461538461
2 0.14423076923076922 0.17307692307692307 0.055288461538461536 0.06490384615384616
2 0.06850961538461539 0.4651442307692308 0.13701923076923078 0.13341346153846154
2 0.2980769230769231 0.4026442307692308 0.04326923076923077 0.04807692307692308
2 0.4254807692307692 0.7259615384615384 0.09735576923076923 0.109375
2 0.5444711538461539 0.8822115384615384 0.1045673076923077 0.23076923076923078
2 0.11177884615384616 0.36899038461538464 0.051682692307692304 0.07692307692307693
2 0.11177884615384616 0.2824519230769231 0.07692307692307693 0.09615384615384616
2 0.027644230769230768 0.2764423076923077 0.040865384615384616 0.06009615384615385
2 0.35216346153846156 0.22716346153846154 0.125 0.33774038461538464
2 0.9350961538461539 0.7848557692307693 0.057692307692307696 0.0985576923076923
2 0.46153846153846156 0.08774038461538461 0.06850961538461539 0.04807692307692308
2 0.7536057692307693 0.5685096153846154 0.17668269230769232 0.3329326923076923
2 0.6838942307692307 0.27524038461538464 0.05048076923076923 0.051682692307692304
2 0.6177884615384616 0.20432692307692307 0.021634615384615384 0.028846153846153848
2 0.37259615384615385 0.5396634615384616 0.09375 0.13822115384615385
2 0.5144230769230769 0.6153846153846154 0.21875 0.2776442307692308
2 0.5276442307692307 0.41947115384615385 0.07572115384615384 0.1141826923076923
2 0.10336538461538461 0.06370192307692307 0.03365384615384615 0.07091346153846154
2 0.7055288461538461 0.36778846153846156 0.057692307692307696 0.09375
2 0.6418269230769231 0.5925480769230769 0.030048076923076924 0.04326923076923077
2 0.6322115384615384 0.8473557692307693 0.04807692307692308 0.1346153846153846
2 0.9519230769230769 0.3112980769230769 0.09615384615384616 0.25721153846153844