2 0.33533653846153844 0.8052884615384616 0.04807692307692308 0.07932692307692307
2 0.8064903846153846 0.8473557692307693 0.07932692307692307 0.0829326923076923
2 0.5348557692307693 0.3954326923076923 0.06129807692307692 0.06370192307692307
2 0.9783653846153846 0.8629807692307693 0.03485576923076923 0.05048076923076923
2 0.6346153846153846 0.5625 0.03485576923076923 0.04927884615384615
2 0.38221153846153844 0.46274038461538464 0.09134615384615384 0.23798076923076922
2 0.6021634615384616 0.08173076923076923 0.037259615384615384 0.054086538461538464
2 0.7067307692307693 0.9326923076923077 0.11778846153846154 0.12980769230769232
14 0.265625 0.4987980769230769 0.3233173076923077 0.9951923076923077
2 0.46033653846153844 0.8485576923076923 0.040865384615384616 0.05889423076923077
2 0.13221153846153846 0.31850961538461536 0.054086538461538464 0.06490384615384616
2 0.4651442307692308 0.14783653846153846 0.04807692307692308 0.056490384615384616
2 0.5336538461538461 0.5600961538461539 0.07572115384615384 0.0889423076923077
2 0.7920673076923077 0.6646634615384616 0.027644230769230768 0.036057692307692304