2 0.7283653846153846 0.18509615384615385 0.038461538461538464 0.03125
2 0.5528846153846154 0.7367788461538461 0.06370192307692307 0.11538461538461539
4 0.5 0.3605769230769231 1 0.7127403846153846
2 0.7512019230769231 0.9290865384615384 0.16346153846153846 0.13942307692307693
2 0.6658653846153846 0.6201923076923077 0.04807692307692308 0.06370192307692307
2 0.25841346153846156 0.3545673076923077 0.14543269230769232 0.17908653846153846
2 0.43149038461538464 0.8882211538461539 0.09615384615384616 0.10697115384615384
2 0.5745192307692307 0.08413461538461539 0.09975961538461539 0.15745192307692307
2 0.3605769230769231 0.9603365384615384 0.125 0.078125
2 0.3942307692307692 0.5240384615384616 0.24519230769230768 0.20552884615384615
2 0.8365384615384616 0.042067307692307696 0.027644230769230768 0.028846153846153848
2 0.9591346153846154 0.8798076923076923 0.08173076923076923 0.1346153846153846
2 0.5805288461538461 0.9423076923076923 0.04927884615384615 0.08052884615384616
3 0.036057692307692304 0.18028846153846154 0.07211538461538461 0.2764423076923077
2 0.8786057692307693 0.45552884615384615 0.0985576923076923 0.08052884615384616
2 0.8377403846153846 0.2512019230769231 0.057692307692307696 0.078125
2 0.2439903846153846 0.7127403846153846 0.07932692307692307 0.11177884615384616
2 0.11778846153846154 0.20552884615384615 0.09735576923076923 0.11057692307692307
2 0.6514423076923077 0.8305288461538461 0.10096153846153846 0.040865384615384616
2 0.35096153846153844 0.3713942307692308 0.06490384615384616 0.07692307692307693
2 0.15625 0.7980769230769231 0.03485576923076923 0.05048076923076923
2 0.06129807692307692 0.6526442307692307 0.06610576923076923 0.11658653846153846
2 0.5168269230769231 0.890625 0.03125 0.05889423076923077
3 0.6586538461538461 0.23798076923076922 0.6826923076923077 0.46634615384615385
2 0.84375 0.8701923076923077 0.04807692307692308 0.09014423076923077
2 0.10336538461538461 0.4050480769230769 0.10336538461538461 0.20673076923076922
3 0.6322115384615384 0.5733173076923077 0.44711538461538464 0.41225961538461536
2 0.9122596153846154 0.7752403846153846 0.07932692307692307 0.07451923076923077
2 0.06129807692307692 0.7776442307692307 0.12259615384615384 0.11057692307692307
2 0.020432692307692308 0.4483173076923077 0.040865384615384616 0.10096153846153846
2 0.18028846153846154 0.6742788461538461 0.0733173076923077 0.11899038461538461
2 0.16826923076923078 0.5528846153846154 0.11778846153846154 0.10216346153846154
2 0.27403846153846156 0.9050480769230769 0.03245192307692308 0.05889423076923077
2 0.25 0.8233173076923077 0.056490384615384616 0.07211538461538461
2 0.030048076923076924 0.3473557692307692 0.05889423076923077 0.06971153846153846
2 0.12139423076923077 0.8798076923076923 0.09495192307692307 0.10216346153846154
2 0.9819711538461539 0.12379807692307693 0.036057692307692304 0.13701923076923078