2 0.44350961538461536 0.171875 0.020432692307692308 0.027644230769230768
2 0.38461538461538464 0.21634615384615385 0.020432692307692308 0.021634615384615384
2 0.9891826923076923 0.5060096153846154 0.021634615384615384 0.027644230769230768
9 0.26802884615384615 0.17548076923076922 0.04447115384615385 0.11177884615384616
2 0.7199519230769231 0.7692307692307693 0.06610576923076923 0.046875
2 0.6730769230769231 0.48197115384615385 0.02403846153846154 0.027644230769230768
9 0.2668269230769231 0.8100961538461539 0.030048076923076924 0.05048076923076923
9 0.5216346153846154 0.6201923076923077 0.11778846153846154 0.026442307692307692
2 0.8581730769230769 0.9122596153846154 0.021634615384615384 0.027644230769230768
16 0.04927884615384615 0.4423076923076923 0.0985576923076923 0.3137019230769231
2 0.8305288461538461 0.12139423076923077 0.2608173076923077 0.051682692307692304
8 0.3557692307692308 0.5252403846153846 0.038461538461538464 0.05048076923076923