2 0.10576923076923077 0.5925480769230769 0.02403846153846154 0.019230769230769232
2 0.6694711538461539 0.8269230769230769 0.020432692307692308 0.02283653846153846
2 0.9074519230769231 0.21514423076923078 0.015625 0.018028846153846152
2 0.7331730769230769 0.6117788461538461 0.01201923076923077 0.019230769230769232
9 0.9314903846153846 0.7175480769230769 0.02403846153846154 0.05048076923076923
2 0.9927884615384616 0.6706730769230769 0.014423076923076924 0.019230769230769232
2 0.8653846153846154 0.31971153846153844 0.016826923076923076 0.020432692307692308
2 0.6778846153846154 0.984375 0.013221153846153846 0.020432692307692308
2 0.7307692307692307 0.43990384615384615 0.014423076923076924 0.019230769230769232
2 0.9182692307692307 0.53125 0.01201923076923077 0.020432692307692308
2 0.9723557692307693 0.84375 0.01201923076923077 0.01201923076923077
2 0.5504807692307693 0.7379807692307693 0.009615384615384616 0.016826923076923076
2 0.13221153846153846 0.8677884615384616 0.013221153846153846 0.02403846153846154
2 0.6334134615384616 0.47596153846153844 0.016826923076923076 0.03125
2 0.5637019230769231 0.7091346153846154 0.014423076923076924 0.019230769230769232
2 0.7896634615384616 0.33533653846153844 0.021634615384615384 0.02283653846153846
2 0.21995192307692307 0.9290865384615384 0.01201923076923077 0.01201923076923077
2 0.3016826923076923 0.9411057692307693 0.016826923076923076 0.019230769230769232
2 0.5661057692307693 0.4098557692307692 0.013221153846153846 0.021634615384615384
4 0.6838942307692307 0.4963942307692308 0.4254807692307692 0.9927884615384616
2 0.5072115384615384 0.4423076923076923 0.016826923076923076 0.021634615384615384
2 0.7512019230769231 0.5889423076923077 0.02403846153846154 0.02403846153846154
2 0.9266826923076923 0.2283653846153846 0.016826923076923076 0.02403846153846154
2 0.8137019230769231 0.29086538461538464 0.016826923076923076 0.027644230769230768
2 0.8137019230769231 0.6586538461538461 0.027644230769230768 0.01201923076923077
2 0.640625 0.7283653846153846 0.021634615384615384 0.02403846153846154
2 0.26322115384615385 0.49278846153846156 0.009615384615384616 0.018028846153846152
2 0.7740384615384616 0.5036057692307693 0.025240384615384616 0.019230769230769232
2 0.625 0.14302884615384615 0.02403846153846154 0.02403846153846154
2 0.2536057692307692 0.8125 0.013221153846153846 0.019230769230769232
2 0.2776442307692308 0.9302884615384616 0.014423076923076924 0.015625
2 0.47475961538461536 0.6634615384615384 0.009615384615384616 0.014423076923076924
2 0.6189903846153846 0.8786057692307693 0.014423076923076924 0.019230769230769232
2 0.5120192307692307 0.953125 0.02403846153846154 0.037259615384615384
2 0.19951923076923078 0.29927884615384615 0.016826923076923076 0.03485576923076923
2 0.8293269230769231 0.7704326923076923 0.021634615384615384 0.04567307692307692
2 0.10697115384615384 0.3245192307692308 0.015625 0.02283653846153846
2 0.1658653846153846 0.3016826923076923 0.010817307692307692 0.02283653846153846
2 0.1346153846153846 0.8257211538461539 0.016826923076923076 0.019230769230769232
2 0.17908653846153846 0.9879807692307693 0.016826923076923076 0.020432692307692308
2 0.3125 0.8858173076923077 0.013221153846153846 0.016826923076923076
2 0.32572115384615385 0.8173076923076923 0.014423076923076924 0.020432692307692308
2 0.24278846153846154 0.01201923076923077 0.013221153846153846 0.016826923076923076
2 0.11298076923076923 0.08653846153846154 0.020432692307692308 0.026442307692307692
2 0.7824519230769231 0.8882211538461539 0.018028846153846152 0.02403846153846154
0 0.38461538461538464 0.11298076923076923 0.042067307692307696 0.04326923076923077
9 0.5949519230769231 0.7151442307692307 0.14903846153846154 0.18990384615384615
9 0.6394230769230769 0.2980769230769231 0.29086538461538464 0.14423076923076922
2 0.052884615384615384 0.6838942307692307 0.02403846153846154 0.03365384615384615
2 0.29086538461538464 0.11778846153846154 0.01201923076923077 0.020432692307692308
2 0.390625 0.018028846153846152 0.02283653846153846 0.02283653846153846
2 0.23798076923076922 0.24278846153846154 0.006009615384615385 0.009615384615384616
2 0.10697115384615384 0.1502403846153846 0.013221153846153846 0.028846153846153848
2 0.9615384615384616 0.8774038461538461 0.015625 0.021634615384615384
2 0.1971153846153846 0.6105769230769231 0.019230769230769232 0.02283653846153846
2 0.20072115384615385 0.06971153846153846 0.014423076923076924 0.02283653846153846
2 0.6129807692307693 0.5865384615384616 0.03245192307692308 0.03125
2 0.9326923076923077 0.8245192307692307 0.014423076923076924 0.02283653846153846
2 0.21153846153846154 0.4098557692307692 0.016826923076923076 0.021634615384615384
9 0.4963942307692308 0.7728365384615384 0.22596153846153846 0.40625
2 0.36778846153846156 0.6213942307692307 0.019230769230769232 0.02403846153846154
2 0.2980769230769231 0.4699519230769231 0.014423076923076924 0.018028846153846152
2 0.44471153846153844 0.9567307692307693 0.010817307692307692 0.013221153846153846
2 0.32211538461538464 0.25961538461538464 0.02403846153846154 0.021634615384615384
2 0.18389423076923078 0.6574519230769231 0.014423076923076924 0.027644230769230768
2 0.4387019230769231 0.027644230769230768 0.027644230769230768 0.04567307692307692
2 0.7355769230769231 0.38221153846153844 0.020432692307692308 0.019230769230769232
2 0.7199519230769231 0.9747596153846154 0.015625 0.021634615384615384
2 0.49278846153846156 0.07572115384615384 0.019230769230769232 0.02403846153846154
2 0.3161057692307692 0.6346153846153846 0.01201923076923077 0.019230769230769232
9 0.040865384615384616 0.2620192307692308 0.08052884615384616 0.15384615384615385
2 0.8725961538461539 0.90625 0.014423076923076924 0.018028846153846152
2 0.25 0.6466346153846154 0.010817307692307692 0.019230769230769232
2 0.7944711538461539 0.6346153846153846 0.014423076923076924 0.02283653846153846
2 0.038461538461538464 0.8173076923076923 0.027644230769230768 0.027644230769230768
2 0.3401442307692308 0.7307692307692307 0.010817307692307692 0.018028846153846152
2 0.8533653846153846 0.9675480769230769 0.019230769230769232 0.026442307692307692
2 0.23076923076923078 0.12139423076923077 0.014423076923076924 0.020432692307692308
9 0.33653846153846156 0.9026442307692307 0.15625 0.18870192307692307
2 0.34615384615384615 0.20793269230769232 0.008413461538461538 0.016826923076923076
2 0.7680288461538461 0.1346153846153846 0.021634615384615384 0.02403846153846154
2 0.09254807692307693 0.38100961538461536 0.016826923076923076 0.026442307692307692
2 0.7716346153846154 0.44711538461538464 0.021634615384615384 0.03365384615384615
2 0.1346153846153846 0.11057692307692307 0.02403846153846154 0.02403846153846154