3 0.5 0.22716346153846154 0.24879807692307693 0.4495192307692308
2 0.6129807692307693 0.5372596153846154 0.03245192307692308 0.027644230769230768
2 0.3485576923076923 0.31971153846153844 0.04807692307692308 0.07932692307692307
0 0.9074519230769231 0.7704326923076923 0.18509615384615385 0.4543269230769231
3 0.33533653846153844 0.7836538461538461 0.25961538461538464 0.4326923076923077
2 0.2704326923076923 0.28966346153846156 0.11538461538461539 0.1658653846153846
2 0.15384615384615385 0.5396634615384616 0.14302884615384615 0.21875
2 0.07692307692307693 0.9278846153846154 0.15384615384615385 0.1310096153846154
0 0.18269230769230768 0.5 0.36538461538461536 0.9963942307692307
2 0.671875 0.9471153846153846 0.19230769230769232 0.10216346153846154
2 0.19591346153846154 0.7283653846153846 0.11899038461538461 0.1935096153846154
2 0.1346153846153846 0.10216346153846154 0.11899038461538461 0.16706730769230768
2 0.9819711538461539 0.027644230769230768 0.036057692307692304 0.054086538461538464
2 0.9699519230769231 0.2848557692307692 0.06009615384615385 0.30528846153846156
2 0.515625 0.9230769230769231 0.0829326923076923 0.12139423076923077
2 0.8413461538461539 0.3004807692307692 0.10336538461538461 0.22235576923076922
2 0.02403846153846154 0.03125 0.04807692307692308 0.04927884615384615
2 0.7644230769230769 0.875 0.027644230769230768 0.037259615384615384
2 0.7632211538461539 0.8365384615384616 0.04447115384615385 0.05048076923076923
2 0.03125 0.5276442307692307 0.06129807692307692 0.2548076923076923
2 0.8918269230769231 0.44471153846153844 0.12980769230769232 0.13581730769230768
4 0.5432692307692307 0.4723557692307692 0.7355769230769231 0.9447115384615384
2 0.7403846153846154 0.5348557692307693 0.1346153846153846 0.13581730769230768
2 0.5925480769230769 0.7223557692307693 0.12860576923076922 0.14783653846153846
0 0.7367788461538461 0.6742788461538461 0.08653846153846154 0.20673076923076922