2 0.4963942307692308 0.038461538461538464 0.07211538461538461 0.07451923076923077
2 0.4206730769230769 0.6790865384615384 0.06129807692307692 0.0829326923076923
2 0.234375 0.8665865384615384 0.056490384615384616 0.08653846153846154
2 0.2860576923076923 0.12139423076923077 0.09495192307692307 0.07932692307692307
2 0.5048076923076923 0.9026442307692307 0.056490384615384616 0.0733173076923077
2 0.056490384615384616 0.6274038461538461 0.06490384615384616 0.07692307692307693
2 0.20072115384615385 0.7728365384615384 0.018028846153846152 0.037259615384615384
2 0.06850961538461539 0.29086538461538464 0.13701923076923078 0.23557692307692307
2 0.28725961538461536 0.042067307692307696 0.06610576923076923 0.0829326923076923
2 0.18509615384615385 0.3245192307692308 0.0889423076923077 0.17908653846153846
2 0.11899038461538461 0.08052884615384616 0.030048076923076924 0.07451923076923077
2 0.41225961538461536 0.40024038461538464 0.04807692307692308 0.0889423076923077
2 0.13701923076923078 0.6201923076923077 0.040865384615384616 0.054086538461538464
2 0.9615384615384616 0.027644230769230768 0.07692307692307693 0.051682692307692304
2 0.5516826923076923 0.33774038461538464 0.055288461538461536 0.06610576923076923
2 0.5384615384615384 0.22716346153846154 0.052884615384615384 0.051682692307692304
2 0.6057692307692307 0.8449519230769231 0.052884615384615384 0.06370192307692307
2 0.027644230769230768 0.0889423076923077 0.055288461538461536 0.10576923076923077
2 0.6430288461538461 0.8870192307692307 0.027644230769230768 0.04326923076923077
2 0.8245192307692307 0.8233173076923077 0.07692307692307693 0.1141826923076923
2 0.03125 0.7475961538461539 0.06129807692307692 0.09375
2 0.08774038461538461 0.8473557692307693 0.027644230769230768 0.03485576923076923
2 0.7139423076923077 0.24278846153846154 0.07211538461538461 0.18389423076923078
4 0.45552884615384615 0.7055288461538461 0.9110576923076923 0.5865384615384616
2 0.6646634615384616 0.125 0.09254807692307693 0.08774038461538461
2 0.2091346153846154 0.13341346153846154 0.06370192307692307 0.10096153846153846
2 0.35216346153846156 0.20192307692307693 0.23798076923076922 0.29927884615384615
2 0.7824519230769231 0.2692307692307692 0.04326923076923077 0.07692307692307693
2 0.18269230769230768 0.5552884615384616 0.04326923076923077 0.06490384615384616