4 0.5396634615384616 0.3737980769230769 0.37740384615384615 0.20192307692307693
2 0.41346153846153844 0.5240384615384616 0.08413461538461539 0.0829326923076923
0 0.6574519230769231 0.15625 0.06610576923076923 0.08774038461538461
2 0.4387019230769231 0.078125 0.08774038461538461 0.15504807692307693
3 0.34375 0.3557692307692308 0.07692307692307693 0.31850961538461536
5 0.9399038461538461 0.5144230769230769 0.056490384615384616 0.06971153846153846
5 0.021634615384615384 0.7247596153846154 0.04326923076923077 0.06129807692307692
2 0.2127403846153846 0.4362980769230769 0.056490384615384616 0.11177884615384616
2 0.4651442307692308 0.8509615384615384 0.07692307692307693 0.06490384615384616
2 0.453125 0.25 0.026442307692307692 0.07451923076923077
2 0.23677884615384615 0.12139423076923077 0.05889423076923077 0.07451923076923077
2 0.06370192307692307 0.7439903846153846 0.042067307692307696 0.08173076923076923
2 0.25240384615384615 0.24519230769230768 0.03245192307692308 0.027644230769230768
2 0.27524038461538464 0.38221153846153844 0.04567307692307692 0.06490384615384616
5 0.008413461538461538 0.8737980769230769 0.016826923076923076 0.06009615384615385
2 0.6021634615384616 0.4879807692307692 0.019230769230769232 0.027644230769230768
2 0.5228365384615384 0.5252403846153846 0.0733173076923077 0.11298076923076923
2 0.12379807692307693 0.48197115384615385 0.11778846153846154 0.1622596153846154
2 0.02403846153846154 0.39783653846153844 0.025240384615384616 0.03485576923076923
2 0.06971153846153846 0.20673076923076922 0.025240384615384616 0.02283653846153846
2 0.09014423076923077 0.2536057692307692 0.02403846153846154 0.028846153846153848
2 0.20072115384615385 0.8557692307692307 0.025240384615384616 0.03245192307692308
2 0.24158653846153846 0.8786057692307693 0.02283653846153846 0.03365384615384615
2 0.5 0.7848557692307693 0.04807692307692308 0.06129807692307692
2 0.27884615384615385 0.14423076923076922 0.020432692307692308 0.027644230769230768
2 0.375 0.0673076923076923 0.03485576923076923 0.039663461538461536
2 0.038461538461538464 0.8100961538461539 0.055288461538461536 0.055288461538461536
2 0.17908653846153846 0.9002403846153846 0.03245192307692308 0.027644230769230768
2 0.265625 0.19591346153846154 0.07211538461538461 0.0673076923076923
2 0.5685096153846154 0.9807692307692307 0.040865384615384616 0.03485576923076923
2 0.3245192307692308 0.1658653846153846 0.021634615384615384 0.027644230769230768
2 0.46033653846153844 0.1814903846153846 0.018028846153846152 0.027644230769230768
2 0.6670673076923077 0.8269230769230769 0.021634615384615384 0.027644230769230768
2 0.7944711538461539 0.9783653846153846 0.03245192307692308 0.03485576923076923
2 0.9158653846153846 0.9903846153846154 0.025240384615384616 0.019230769230769232
2 0.8353365384615384 0.9867788461538461 0.021634615384615384 0.02403846153846154
2 0.9951923076923077 0.9795673076923077 0.009615384615384616 0.040865384615384616
2 0.984375 0.8173076923076923 0.01201923076923077 0.019230769230769232
2 0.9194711538461539 0.6358173076923077 0.028846153846153848 0.037259615384615384
2 0.328125 0.09014423076923077 0.030048076923076924 0.04927884615384615
2 0.6971153846153846 0.8257211538461539 0.016826923076923076 0.018028846153846152
2 0.5721153846153846 0.8942307692307693 0.021634615384615384 0.028846153846153848
2 0.45913461538461536 0.7572115384615384 0.030048076923076924 0.021634615384615384
2 0.9507211538461539 0.9495192307692307 0.03245192307692308 0.028846153846153848
2 0.9615384615384616 0.9927884615384616 0.01201923076923077 0.013221153846153846
2 0.9471153846153846 0.9855769230769231 0.008413461538461538 0.009615384615384616
2 0.9591346153846154 0.8028846153846154 0.038461538461538464 0.04326923076923077
2 0.8245192307692307 0.6466346153846154 0.03365384615384615 0.03245192307692308
2 0.8786057692307693 0.7091346153846154 0.015625 0.036057692307692304
2 0.8293269230769231 0.5144230769230769 0.014423076923076924 0.03125
2 0.7980769230769231 0.5060096153846154 0.01201923076923077 0.018028846153846152
2 0.9387019230769231 0.6478365384615384 0.03245192307692308 0.06009615384615385
2 0.7944711538461539 0.7307692307692307 0.036057692307692304 0.03485576923076923
2 0.9903846153846154 0.53125 0.019230769230769232 0.06370192307692307
2 0.9026442307692307 0.7632211538461539 0.02403846153846154 0.02403846153846154
2 0.6923076923076923 0.6189903846153846 0.028846153846153848 0.038461538461538464
2 0.8689903846153846 0.9627403846153846 0.027644230769230768 0.07091346153846154
2 0.9014423076923077 0.9651442307692307 0.019230769230769232 0.025240384615384616
2 0.84375 0.7548076923076923 0.01201923076923077 0.015625
2 0.02283653846153846 0.10576923076923077 0.020432692307692308 0.016826923076923076
2 0.7524038461538461 0.8978365384615384 0.05889423076923077 0.11538461538461539
2 0.5264423076923077 0.8389423076923077 0.01201923076923077 0.013221153846153846
2 0.6935096153846154 0.5757211538461539 0.027644230769230768 0.030048076923076924
2 0.48677884615384615 0.9326923076923077 0.028846153846153848 0.03245192307692308
2 0.875 0.8942307692307693 0.01201923076923077 0.019230769230769232
2 0.6177884615384616 0.9939903846153846 0.019230769230769232 0.01201923076923077
2 0.5276442307692307 0.9326923076923077 0.021634615384615384 0.05048076923076923
2 0.8701923076923077 0.5733173076923077 0.014423076923076924 0.03245192307692308
2 0.4831730769230769 0.5949519230769231 0.01201923076923077 0.026442307692307692
2 0.7596153846153846 0.7163461538461539 0.025240384615384616 0.06850961538461539
2 0.7403846153846154 0.5024038461538461 0.016826923076923076 0.009615384615384616
2 0.8822115384615384 0.5384615384615384 0.03485576923076923 0.05048076923076923
2 0.39903846153846156 0.8269230769230769 0.016826923076923076 0.021634615384615384
2 0.9807692307692307 0.5877403846153846 0.013221153846153846 0.018028846153846152