2 0.5228365384615384 0.8076923076923077 0.15144230769230768 0.38461538461538464
2 0.19110576923076922 0.5625 0.10697115384615384 0.13701923076923078
3 0.4891826923076923 0.06610576923076923 0.013221153846153846 0.019230769230769232
2 0.2860576923076923 0.5492788461538461 0.02283653846153846 0.02283653846153846
2 0.19951923076923078 0.75 0.02283653846153846 0.028846153846153848
2 0.2439903846153846 0.859375 0.07451923076923077 0.09014423076923077
2 0.3293269230769231 0.43149038461538464 0.038461538461538464 0.05048076923076923
2 0.38100961538461536 0.2536057692307692 0.014423076923076924 0.046875
2 0.6225961538461539 0.24158653846153846 0.08413461538461539 0.04807692307692308
2 0.3088942307692308 0.08413461538461539 0.07211538461538461 0.08653846153846154
8 0.5396634615384616 0.46875 0.27403846153846156 0.3293269230769231
2 0.0889423076923077 0.3737980769230769 0.056490384615384616 0.07211538461538461
2 0.078125 0.5216346153846154 0.054086538461538464 0.05889423076923077
2 0.016826923076923076 0.8137019230769231 0.03245192307692308 0.021634615384615384
2 0.16466346153846154 0.8557692307692307 0.03125 0.042067307692307696
2 0.026442307692307692 0.7572115384615384 0.051682692307692304 0.057692307692307696
2 0.37740384615384615 0.5240384615384616 0.026442307692307692 0.04447115384615385
2 0.7379807692307693 0.9639423076923077 0.09254807692307693 0.07211538461538461
2 0.14182692307692307 0.09254807692307693 0.2776442307692308 0.18389423076923078
2 0.027644230769230768 0.052884615384615384 0.055288461538461536 0.10576923076923077
2 0.0673076923076923 0.640625 0.1346153846153846 0.18269230769230768
2 0.15504807692307693 0.7415865384615384 0.027644230769230768 0.02283653846153846
2 0.49278846153846156 0.13942307692307693 0.02403846153846154 0.028846153846153848
2 0.055288461538461536 0.4411057692307692 0.037259615384615384 0.07091346153846154
2 0.4675480769230769 0.028846153846153848 0.021634615384615384 0.019230769230769232
2 0.30528846153846156 0.31009615384615385 0.06850961538461539 0.09375
2 0.12259615384615384 0.8076923076923077 0.037259615384615384 0.07451923076923077
2 0.12379807692307693 0.7512019230769231 0.014423076923076924 0.019230769230769232
2 0.08533653846153846 0.9122596153846154 0.16947115384615385 0.17548076923076922
2 0.17427884615384615 0.7067307692307693 0.018028846153846152 0.030048076923076924
2 0.39302884615384615 0.18870192307692307 0.02403846153846154 0.028846153846153848
2 0.34615384615384615 0.3317307692307692 0.02403846153846154 0.030048076923076924
2 0.20072115384615385 0.22716346153846154 0.1622596153846154 0.09615384615384616
2 0.06610576923076923 0.8088942307692307 0.06370192307692307 0.04326923076923077
2 0.8088942307692307 0.5132211538461539 0.0985576923076923 0.09014423076923077
2 0.5600961538461539 0.8858173076923077 0.07211538461538461 0.10576923076923077
2 0.9146634615384616 0.9134615384615384 0.04326923076923077 0.052884615384615384
2 0.9314903846153846 0.25600961538461536 0.037259615384615384 0.07692307692307693
2 0.9591346153846154 0.234375 0.02403846153846154 0.028846153846153848
2 0.9495192307692307 0.10096153846153846 0.10096153846153846 0.12259615384615384
2 0.8689903846153846 0.5637019230769231 0.037259615384615384 0.04447115384615385
2 0.5649038461538461 0.9711538461538461 0.04927884615384615 0.052884615384615384
2 0.8737980769230769 0.15384615384615385 0.06370192307692307 0.06971153846153846
2 0.9519230769230769 0.18629807692307693 0.03485576923076923 0.036057692307692304
2 0.5841346153846154 0.13221153846153846 0.03485576923076923 0.054086538461538464
2 0.4074519230769231 0.5637019230769231 0.016826923076923076 0.021634615384615384
2 0.9567307692307693 0.765625 0.04807692307692308 0.037259615384615384
2 0.9615384615384616 0.2692307692307692 0.02283653846153846 0.03485576923076923
2 0.44350961538461536 0.2620192307692308 0.04567307692307692 0.08173076923076923
2 0.8245192307692307 0.09495192307692307 0.07932692307692307 0.109375
2 0.8197115384615384 0.38100961538461536 0.11177884615384616 0.22115384615384615
2 0.051682692307692304 0.24759615384615385 0.10336538461538461 0.125
2 0.07572115384615384 0.7524038461538461 0.037259615384615384 0.04807692307692308
2 0.7872596153846154 0.7259615384615384 0.037259615384615384 0.042067307692307696
2 0.9519230769230769 0.3581730769230769 0.09615384615384616 0.125
2 0.025240384615384616 0.4254807692307692 0.05048076923076923 0.09375
2 0.6550480769230769 0.6814903846153846 0.14423076923076922 0.15264423076923078
2 0.7572115384615384 0.22235576923076922 0.054086538461538464 0.03125
2 0.7836538461538461 0.6382211538461539 0.08533653846153846 0.0985576923076923
2 0.25961538461538464 0.4326923076923077 0.016826923076923076 0.016826923076923076
2 0.9735576923076923 0.5913461538461539 0.052884615384615384 0.08653846153846154
2 0.7536057692307693 0.8725961538461539 0.2439903846153846 0.2548076923076923
2 0.40024038461538464 0.9182692307692307 0.10697115384615384 0.15865384615384615
2 0.8629807692307693 0.23677884615384615 0.06850961538461539 0.07451923076923077
2 0.43149038461538464 0.042067307692307696 0.039663461538461536 0.04447115384615385
2 0.027644230769230768 0.328125 0.030048076923076924 0.037259615384615384
2 0.359375 0.4182692307692308 0.021634615384615384 0.03125
2 0.2692307692307692 0.7704326923076923 0.019230769230769232 0.030048076923076924
3 0.53125 0.15985576923076922 0.06971153846153846 0.3137019230769231
2 0.5925480769230769 0.8040865384615384 0.06850961538461539 0.06971153846153846
2 0.7956730769230769 0.25721153846153844 0.02403846153846154 0.027644230769230768
2 0.34975961538461536 0.4735576923076923 0.02403846153846154 0.026442307692307692
2 0.484375 0.1045673076923077 0.021634615384615384 0.019230769230769232
2 0.8942307692307693 0.5132211538461539 0.04326923076923077 0.03485576923076923
2 0.7235576923076923 0.12980769230769232 0.13221153846153846 0.13221153846153846
2 0.8762019230769231 0.7932692307692307 0.12860576923076922 0.12980769230769232
2 0.1346153846153846 0.4338942307692308 0.07692307692307693 0.12139423076923077
2 0.6658653846153846 0.9302884615384616 0.037259615384615384 0.037259615384615384
2 0.6850961538461539 0.7716346153846154 0.06971153846153846 0.04927884615384615
2 0.7740384615384616 0.5733173076923077 0.042067307692307696 0.028846153846153848
2 0.9447115384615384 0.4795673076923077 0.04807692307692308 0.08533653846153846
2 0.7596153846153846 0.06370192307692307 0.03245192307692308 0.03365384615384615
2 0.25961538461538464 0.6634615384615384 0.04927884615384615 0.038461538461538464
2 0.8930288461538461 0.6526442307692307 0.11057692307692307 0.08173076923076923
3 0.38221153846153844 0.8040865384615384 0.3004807692307692 0.38100961538461536
2 0.7199519230769231 0.42908653846153844 0.12860576923076922 0.3557692307692308
2 0.07211538461538461 0.42788461538461536 0.025240384615384616 0.025240384615384616
2 0.2127403846153846 0.35096153846153844 0.10697115384615384 0.10697115384615384
2 0.96875 0.8822115384615384 0.04447115384615385 0.0673076923076923