2 0.7199519230769231 0.040865384615384616 0.040865384615384616 0.04567307692307692
2 0.8954326923076923 0.40865384615384615 0.027644230769230768 0.04447115384615385
2 0.9122596153846154 0.11057692307692307 0.06370192307692307 0.09735576923076923
2 0.5108173076923077 0.5865384615384616 0.05889423076923077 0.06610576923076923
2 0.7788461538461539 0.1466346153846154 0.1778846153846154 0.17908653846153846
2 0.9519230769230769 0.8870192307692307 0.056490384615384616 0.11538461538461539
2 0.8449519230769231 0.4675480769230769 0.027644230769230768 0.027644230769230768
2 0.4375 0.6742788461538461 0.07451923076923077 0.11899038461538461
2 0.6225961538461539 0.109375 0.09134615384615384 0.21875
2 0.9771634615384616 0.6766826923076923 0.04567307692307692 0.12139423076923077
2 0.7067307692307693 0.7391826923076923 0.057692307692307696 0.13701923076923078
2 0.4543269230769231 0.9411057692307693 0.0625 0.10216346153846154
2 0.5108173076923077 0.828125 0.1778846153846154 0.12379807692307693
2 0.2403846153846154 0.9639423076923077 0.07091346153846154 0.07211538461538461
2 0.6298076923076923 0.8149038461538461 0.04326923076923077 0.06370192307692307
2 0.30528846153846156 0.41466346153846156 0.06129807692307692 0.078125
2 0.7860576923076923 0.9026442307692307 0.34975961538461536 0.1935096153846154
2 0.9855769230769231 0.9675480769230769 0.028846153846153848 0.06490384615384616
2 0.30528846153846156 0.9230769230769231 0.037259615384615384 0.0625
2 0.2620192307692308 0.8689903846153846 0.11778846153846154 0.12379807692307693
2 0.46875 0.203125 0.025240384615384616 0.03125
2 0.75 0.4411057692307692 0.1466346153846154 0.10336538461538461
2 0.8052884615384616 0.04567307692307692 0.054086538461538464 0.09014423076923077
2 0.6802884615384616 0.008413461538461538 0.028846153846153848 0.016826923076923076
2 0.22956730769230768 0.6442307692307693 0.19110576923076922 0.2920673076923077
2 0.38822115384615385 0.75 0.030048076923076924 0.03365384615384615
2 0.9579326923076923 0.484375 0.08413461538461539 0.26802884615384615
2 0.3485576923076923 0.9026442307692307 0.03365384615384615 0.05889423076923077
2 0.8894230769230769 0.6177884615384616 0.03365384615384615 0.03245192307692308
2 0.8064903846153846 0.765625 0.07932692307692307 0.0625
2 0.3629807692307692 0.9723557692307693 0.078125 0.055288461538461536
2 0.828125 0.5516826923076923 0.009615384615384616 0.014423076923076924
2 0.4987980769230769 0.12620192307692307 0.13221153846153846 0.13701923076923078
2 0.9242788461538461 0.8052884615384616 0.08653846153846154 0.125
2 0.6478365384615384 0.6838942307692307 0.06129807692307692 0.09254807692307693
2 0.2704326923076923 0.5108173076923077 0.026442307692307692 0.03485576923076923
2 0.8701923076923077 0.7295673076923077 0.026442307692307692 0.028846153846153848
2 0.021634615384615384 0.7451923076923077 0.03365384615384615 0.03365384615384615
2 0.5673076923076923 0.5240384615384616 0.056490384615384616 0.06610576923076923
2 0.34975961538461536 0.640625 0.06971153846153846 0.09975961538461539
2 0.8810096153846154 0.4723557692307692 0.027644230769230768 0.038461538461538464
2 0.35216346153846156 0.7848557692307693 0.036057692307692304 0.05889423076923077
2 0.5516826923076923 0.2548076923076923 0.09254807692307693 0.23918269230769232
2 0.46875 0.5252403846153846 0.09735576923076923 0.11298076923076923
2 0.4735576923076923 0.7259615384615384 0.0673076923076923 0.11658653846153846
2 0.40024038461538464 0.8665865384615384 0.03485576923076923 0.08774038461538461
2 0.12379807692307693 0.051682692307692304 0.0733173076923077 0.078125
2 0.38461538461538464 0.5480769230769231 0.052884615384615384 0.09254807692307693
2 0.09975961538461539 0.8786057692307693 0.19951923076923078 0.24278846153846154
2 0.9555288461538461 0.23317307692307693 0.0889423076923077 0.18389423076923078
2 0.34375 0.24759615384615385 0.2644230769230769 0.4951923076923077
2 0.5264423076923077 0.04567307692307692 0.15504807692307693 0.09014423076923077
8 0.7163461538461539 0.5625 0.18629807692307693 0.14423076923076922
2 0.4951923076923077 0.9567307692307693 0.06850961538461539 0.0625
2 0.0673076923076923 0.5144230769230769 0.13341346153846154 0.4230769230769231
2 0.19230769230769232 0.40024038461538464 0.17067307692307693 0.25600961538461536
2 0.8449519230769231 0.3701923076923077 0.09495192307692307 0.12980769230769232
2 0.9819711538461539 0.08774038461538461 0.036057692307692304 0.05889423076923077
2 0.6286057692307693 0.32091346153846156 0.09735576923076923 0.14182692307692307
2 0.7115384615384616 0.30528846153846156 0.11778846153846154 0.12980769230769232
2 0.6478365384615384 0.4483173076923077 0.051682692307692304 0.08774038461538461
2 0.8725961538461539 0.01201923076923077 0.028846153846153848 0.02403846153846154
2 0.8028846153846154 0.27283653846153844 0.0889423076923077 0.0829326923076923
2 0.9182692307692307 0.019230769230769232 0.03365384615384615 0.038461538461538464
2 0.5889423076923077 0.4483173076923077 0.056490384615384616 0.06009615384615385