2 0.65625 0.0889423076923077 0.028846153846153848 0.036057692307692304
2 0.6574519230769231 0.030048076923076924 0.02403846153846154 0.03245192307692308
2 0.5540865384615384 0.921875 0.020432692307692308 0.05048076923076923
2 0.8449519230769231 0.8245192307692307 0.31009615384615385 0.3485576923076923
2 0.9591346153846154 0.4483173076923077 0.08173076923076923 0.15144230769230768
0 0.7776442307692307 0.8341346153846154 0.07451923076923077 0.10336538461538461
4 0.45913461538461536 0.4723557692307692 0.3401442307692308 0.4411057692307692
2 0.054086538461538464 0.6490384615384616 0.013221153846153846 0.025240384615384616
2 0.12620192307692307 0.4723557692307692 0.021634615384615384 0.019230769230769232
2 0.2980769230769231 0.9459134615384616 0.014423076923076924 0.030048076923076924
2 0.21153846153846154 0.9903846153846154 0.02283653846153846 0.019230769230769232
2 0.21153846153846154 0.7896634615384616 0.021634615384615384 0.04326923076923077
2 0.12980769230769232 0.9651442307692307 0.010817307692307692 0.026442307692307692
2 0.08052884615384616 0.7307692307692307 0.016826923076923076 0.020432692307692308
2 0.2932692307692308 0.5889423076923077 0.040865384615384616 0.028846153846153848
2 0.34615384615384615 0.5685096153846154 0.04807692307692308 0.055288461538461536
2 0.34375 0.38221153846153844 0.02283653846153846 0.019230769230769232
2 0.2439903846153846 0.4230769230769231 0.21153846153846154 0.24519230769230768
2 0.5324519230769231 0.057692307692307696 0.016826923076923076 0.016826923076923076
2 0.6225961538461539 0.9122596153846154 0.014423076923076924 0.018028846153846152
2 0.6418269230769231 0.125 0.030048076923076924 0.040865384615384616
2 0.7283653846153846 0.46274038461538464 0.016826923076923076 0.013221153846153846
2 0.47836538461538464 0.8990384615384616 0.009615384615384616 0.014423076923076924
2 0.09014423076923077 0.6766826923076923 0.019230769230769232 0.014423076923076924
2 0.10216346153846154 0.23076923076923078 0.038461538461538464 0.05048076923076923
2 0.7548076923076923 0.10096153846153846 0.026442307692307692 0.018028846153846152
2 0.06129807692307692 0.828125 0.12259615384615384 0.3389423076923077
2 0.051682692307692304 0.5709134615384616 0.10336538461538461 0.13701923076923078
2 0.07692307692307693 0.020432692307692308 0.02283653846153846 0.021634615384615384
2 0.7463942307692307 0.21153846153846154 0.025240384615384616 0.04447115384615385
2 0.06971153846153846 0.6959134615384616 0.03125 0.03125
2 0.5793269230769231 0.4651442307692308 0.021634615384615384 0.036057692307692304
2 0.3629807692307692 0.6225961538461539 0.016826923076923076 0.025240384615384616
2 0.13581730769230768 0.5276442307692307 0.03125 0.04326923076923077
0 0.7127403846153846 0.9411057692307693 0.055288461538461536 0.0733173076923077
0 0.7487980769230769 0.3894230769230769 0.06971153846153846 0.15745192307692307
2 0.36899038461538464 0.6466346153846154 0.009615384615384616 0.014423076923076924
2 0.8365384615384616 0.26322115384615385 0.040865384615384616 0.03485576923076923
0 0.6454326923076923 0.23076923076923078 0.054086538461538464 0.13341346153846154
2 0.9819711538461539 0.59375 0.036057692307692304 0.10096153846153846
2 0.13701923076923078 0.019230769230769232 0.008413461538461538 0.014423076923076924
0 0.8629807692307693 0.6850961538461539 0.06610576923076923 0.078125
2 0.11177884615384616 0.7896634615384616 0.038461538461538464 0.03485576923076923
2 0.04807692307692308 0.17908653846153846 0.09615384615384616 0.28125
2 0.42427884615384615 0.01201923076923077 0.016826923076923076 0.02403846153846154
2 0.1502403846153846 0.6201923076923077 0.13822115384615385 0.1045673076923077
2 0.08774038461538461 0.7584134615384616 0.016826923076923076 0.026442307692307692
0 0.8569711538461539 0.5721153846153846 0.15625 0.15745192307692307
2 0.7019230769230769 0.4182692307692308 0.019230769230769232 0.027644230769230768
2 0.6778846153846154 0.9074519230769231 0.016826923076923076 0.018028846153846152
2 0.8834134615384616 0.1875 0.23317307692307693 0.375
2 0.2536057692307692 0.640625 0.010817307692307692 0.019230769230769232
2 0.1045673076923077 0.45913461538461536 0.014423076923076924 0.01201923076923077
0 0.6947115384615384 0.3004807692307692 0.040865384615384616 0.10576923076923077
2 0.1045673076923077 0.5216346153846154 0.037259615384615384 0.04326923076923077
2 0.17668269230769232 0.7067307692307693 0.030048076923076924 0.030048076923076924
0 0.8161057692307693 0.42788461538461536 0.06850961538461539 0.13341346153846154
0 0.8257211538461539 0.7403846153846154 0.051682692307692304 0.10336538461538461
2 0.2403846153846154 0.9579326923076923 0.02403846153846154 0.019230769230769232
2 0.11057692307692307 0.3581730769230769 0.03485576923076923 0.03485576923076923
0 0.5913461538461539 0.125 0.07932692307692307 0.22596153846153846
0 0.5144230769230769 0.025240384615384616 0.07692307692307693 0.05048076923076923