2 0.07451923076923077 0.46875 0.039663461538461536 0.040865384615384616
2 0.21153846153846154 0.051682692307692304 0.040865384615384616 0.04447115384615385
2 0.03485576923076923 0.25600961538461536 0.030048076923076924 0.04326923076923077
2 0.014423076923076924 0.34375 0.028846153846153848 0.038461538461538464
2 0.0625 0.038461538461538464 0.125 0.07692307692307693
2 0.3798076923076923 0.1466346153846154 0.019230769230769232 0.04447115384615385
2 0.08173076923076923 0.19951923076923078 0.02403846153846154 0.038461538461538464
2 0.18509615384615385 0.984375 0.051682692307692304 0.030048076923076924
2 0.08052884615384616 0.7091346153846154 0.028846153846153848 0.038461538461538464
2 0.010817307692307692 0.6382211538461539 0.021634615384615384 0.06009615384615385
2 0.18028846153846154 0.18509615384615385 0.026442307692307692 0.05889423076923077
2 0.30528846153846156 0.04567307692307692 0.028846153846153848 0.042067307692307696
2 0.020432692307692308 0.4170673076923077 0.03245192307692308 0.03125
2 0.09014423076923077 0.37740384615384615 0.028846153846153848 0.036057692307692304
2 0.8942307692307693 0.8245192307692307 0.03485576923076923 0.040865384615384616
2 0.0625 0.671875 0.042067307692307696 0.054086538461538464
2 0.04807692307692308 0.6201923076923077 0.027644230769230768 0.03485576923076923
2 0.4963942307692308 0.14423076923076922 0.038461538461538464 0.051682692307692304
2 0.9699519230769231 0.359375 0.06009615384615385 0.10216346153846154
2 0.9915865384615384 0.7427884615384616 0.016826923076923076 0.04326923076923077
2 0.16826923076923078 0.9230769230769231 0.0625 0.056490384615384616
2 0.042067307692307696 0.7367788461538461 0.04447115384615385 0.04807692307692308
2 0.14783653846153846 0.640625 0.046875 0.054086538461538464
2 0.12860576923076922 0.2536057692307692 0.03245192307692308 0.042067307692307696
2 0.8870192307692307 0.9230769230769231 0.03245192307692308 0.040865384615384616
0 0.44471153846153844 0.4855769230769231 0.6634615384615384 0.9663461538461539
2 0.15865384615384615 0.7223557692307693 0.03485576923076923 0.03245192307692308
2 0.9134615384615384 0.09375 0.17307692307692307 0.1814903846153846
2 0.984375 0.8209134615384616 0.03125 0.05048076923076923
2 0.006009615384615385 0.5444711538461539 0.01201923076923077 0.036057692307692304
8 0.6045673076923077 0.5108173076923077 0.5721153846153846 0.6129807692307693
2 0.41466346153846156 0.8221153846153846 0.07211538461538461 0.17548076923076922