2 0.04567307692307692 0.49399038461538464 0.025240384615384616 0.026442307692307692
9 0.21634615384615385 0.4519230769230769 0.06971153846153846 0.046875
9 0.6478365384615384 0.9495192307692307 0.07572115384615384 0.09375
2 0.1045673076923077 0.8629807692307693 0.015625 0.016826923076923076
2 0.2283653846153846 0.6081730769230769 0.03365384615384615 0.040865384615384616
4 0.7127403846153846 0.5 0.3473557692307692 1
2 0.17067307692307693 0.8389423076923077 0.030048076923076924 0.030048076923076924
2 0.41346153846153844 0.9302884615384616 0.021634615384615384 0.03125
2 0.42427884615384615 0.7980769230769231 0.03245192307692308 0.042067307692307696
2 0.07451923076923077 0.7764423076923077 0.027644230769230768 0.046875
9 0.30408653846153844 0.6466346153846154 0.31009615384615385 0.22115384615384615
9 0.5625 0.09495192307692307 0.04447115384615385 0.036057692307692304
9 0.5588942307692307 0.7620192307692307 0.18990384615384615 0.4723557692307692
9 0.030048076923076924 0.25 0.06009615384615385 0.12860576923076922
2 0.06610576923076923 0.6478365384615384 0.030048076923076924 0.02403846153846154
2 0.21754807692307693 0.8161057692307693 0.026442307692307692 0.0625
9 0.3425480769230769 0.11057692307692307 0.18629807692307693 0.04447115384615385
9 0.31490384615384615 0.16105769230769232 0.056490384615384616 0.06129807692307692
9 0.2091346153846154 0.29927884615384615 0.07572115384615384 0.21514423076923078
9 0.028846153846153848 0.025240384615384616 0.055288461538461536 0.042067307692307696
2 0.6754807692307693 0.71875 0.03125 0.027644230769230768
2 0.1502403846153846 0.5372596153846154 0.037259615384615384 0.038461538461538464
2 0.6237980769230769 0.7560096153846154 0.02283653846153846 0.03485576923076923
2 0.5841346153846154 0.7307692307692307 0.03485576923076923 0.056490384615384616
9 0.4074519230769231 0.8918269230769231 0.09735576923076923 0.09014423076923077
2 0.5252403846153846 0.9627403846153846 0.019230769230769232 0.02283653846153846
9 0.3581730769230769 0.38461538461538464 0.1622596153846154 0.09975961538461539
9 0.125 0.4375 0.040865384615384616 0.040865384615384616
9 0.8353365384615384 0.140625 0.026442307692307692 0.04326923076923077
9 0.15745192307692307 0.7740384615384616 0.07211538461538461 0.040865384615384616
9 0.07451923076923077 0.5685096153846154 0.08173076923076923 0.09134615384615384
9 0.4266826923076923 0.38221153846153844 0.03245192307692308 0.027644230769230768
4 0.24879807692307693 0.5 0.10576923076923077 1
2 0.35096153846153844 0.2403846153846154 0.036057692307692304 0.05889423076923077
9 0.018028846153846152 0.9074519230769231 0.036057692307692304 0.17908653846153846
9 0.4639423076923077 0.7271634615384616 0.31971153846153844 0.13341346153846154
2 0.019230769230769232 0.7884615384615384 0.038461538461538464 0.046875
2 0.9699519230769231 0.46634615384615385 0.06009615384615385 0.11538461538461539
9 0.08173076923076923 0.4495192307692308 0.11298076923076923 0.2956730769230769
9 0.11899038461538461 0.1622596153846154 0.0625 0.21514423076923078
2 0.890625 0.9495192307692307 0.026442307692307692 0.03485576923076923
9 0.7620192307692307 0.5625 0.06971153846153846 0.13581730769230768
9 0.4170673076923077 0.14302884615384615 0.06129807692307692 0.1201923076923077
9 0.7331730769230769 0.9675480769230769 0.07932692307692307 0.06129807692307692
9 0.7776442307692307 0.8449519230769231 0.052884615384615384 0.29447115384615385
9 0.4495192307692308 0.7668269230769231 0.016826923076923076 0.05889423076923077
2 0.6682692307692307 0.8894230769230769 0.030048076923076924 0.03125
2 0.8978365384615384 0.8966346153846154 0.02283653846153846 0.026442307692307692
9 0.1875 0.13221153846153846 0.019230769230769232 0.04567307692307692
9 0.5384615384615384 0.7908653846153846 0.04567307692307692 0.12860576923076922
2 0.7560096153846154 0.055288461538461536 0.01201923076923077 0.018028846153846152
2 0.010817307692307692 0.09975961538461539 0.021634615384615384 0.026442307692307692
2 0.890625 0.41346153846153844 0.05889423076923077 0.04447115384615385
2 0.8365384615384616 0.07932692307692307 0.038461538461538464 0.054086538461538464
2 0.5540865384615384 0.15745192307692307 0.016826923076923076 0.020432692307692308
2 0.9723557692307693 0.7151442307692307 0.016826923076923076 0.020432692307692308
2 0.4651442307692308 0.13341346153846154 0.015625 0.04326923076923077
2 0.24759615384615385 0.057692307692307696 0.019230769230769232 0.03245192307692308
2 0.9855769230769231 0.10817307692307693 0.018028846153846152 0.019230769230769232
2 0.515625 0.19831730769230768 0.030048076923076924 0.03125
2 0.9399038461538461 0.37740384615384615 0.016826923076923076 0.016826923076923076
2 0.8930288461538461 0.5168269230769231 0.019230769230769232 0.021634615384615384
2 0.5733173076923077 0.35216346153846156 0.013221153846153846 0.018028846153846152
2 0.75 0.7608173076923077 0.026442307692307692 0.028846153846153848
2 0.7848557692307693 0.140625 0.03245192307692308 0.039663461538461536
2 0.9362980769230769 0.5637019230769231 0.014423076923076924 0.021634615384615384
2 0.5697115384615384 0.3137019230769231 0.009615384615384616 0.016826923076923076
2 0.9459134615384616 0.3088942307692308 0.009615384615384616 0.018028846153846152
2 0.3401442307692308 0.055288461538461536 0.025240384615384616 0.021634615384615384
2 0.13701923076923078 0.027644230769230768 0.04326923076923077 0.055288461538461536
9 0.5 0.046875 0.057692307692307696 0.09375
2 0.5745192307692307 0.2824519230769231 0.016826923076923076 0.014423076923076924
2 0.9831730769230769 0.23677884615384615 0.025240384615384616 0.039663461538461536
2 0.6382211538461539 0.36538461538461536 0.025240384615384616 0.030048076923076924
2 0.8221153846153846 0.36658653846153844 0.038461538461538464 0.04807692307692308
2 0.8509615384615384 0.20432692307692307 0.021634615384615384 0.036057692307692304
2 0.7199519230769231 0.4675480769230769 0.030048076923076924 0.028846153846153848
2 0.06490384615384616 0.2512019230769231 0.018028846153846152 0.02283653846153846
2 0.5108173076923077 0.30528846153846156 0.030048076923076924 0.03365384615384615
2 0.7151442307692307 0.12139423076923077 0.020432692307692308 0.026442307692307692
2 0.45552884615384615 0.4326923076923077 0.042067307692307696 0.04326923076923077
2 0.6430288461538461 0.8365384615384616 0.021634615384615384 0.028846153846153848
2 0.9158653846153846 0.7692307692307693 0.013221153846153846 0.019230769230769232
9 0.6466346153846154 0.5444711538461539 0.109375 0.18870192307692307
2 0.5697115384615384 0.41586538461538464 0.016826923076923076 0.02403846153846154
2 0.5745192307692307 0.25240384615384615 0.016826923076923076 0.016826923076923076
2 0.5432692307692307 0.25721153846153844 0.014423076923076924 0.02283653846153846
2 0.5072115384615384 0.171875 0.013221153846153846 0.013221153846153846
2 0.6286057692307693 0.25600961538461536 0.015625 0.019230769230769232
2 0.5997596153846154 0.22716346153846154 0.015625 0.016826923076923076
2 0.27884615384615385 0.008413461538461538 0.016826923076923076 0.016826923076923076
2 0.6971153846153846 0.8040865384615384 0.02403846153846154 0.026442307692307692
2 0.9771634615384616 0.5877403846153846 0.018028846153846152 0.018028846153846152
2 0.9002403846153846 0.5673076923076923 0.025240384615384616 0.02403846153846154
2 0.8713942307692307 0.28725961538461536 0.038461538461538464 0.054086538461538464
2 0.9387019230769231 0.41346153846153844 0.025240384615384616 0.039663461538461536
2 0.8689903846153846 0.4723557692307692 0.016826923076923076 0.02403846153846154
2 0.8990384615384616 0.21033653846153846 0.02283653846153846 0.026442307692307692
2 0.07211538461538461 0.203125 0.038461538461538464 0.055288461538461536
2 0.984375 0.9254807692307693 0.01201923076923077 0.021634615384615384
2 0.38341346153846156 0.3269230769230769 0.03125 0.03485576923076923
2 0.43990384615384615 0.3329326923076923 0.03125 0.038461538461538464
2 0.6213942307692307 0.7115384615384616 0.021634615384615384 0.03125
9 0.4230769230769231 0.057692307692307696 0.037259615384615384 0.11538461538461539
9 0.296875 0.04807692307692308 0.03365384615384615 0.01201923076923077
2 0.02403846153846154 0.38221153846153844 0.014423076923076924 0.018028846153846152
9 0.75 0.5865384615384616 0.16105769230769232 0.1201923076923077
9 0.5829326923076923 0.49759615384615385 0.037259615384615384 0.2932692307692308
2 0.21754807692307693 0.5276442307692307 0.0733173076923077 0.08653846153846154
2 0.9651442307692307 0.6622596153846154 0.06610576923076923 0.042067307692307696
2 0.11538461538461539 0.39302884615384615 0.027644230769230768 0.05048076923076923
2 0.1658653846153846 0.9603365384615384 0.03125 0.04447115384615385