9 0.020432692307692308 0.953125 0.040865384615384616 0.08653846153846154
14 0.6418269230769231 0.4639423076923077 0.21754807692307693 0.3473557692307692
9 0.9591346153846154 0.8161057692307693 0.08173076923076923 0.18509615384615385
9 0.34134615384615385 0.7908653846153846 0.14903846153846154 0.33413461538461536
9 0.8834134615384616 0.48677884615384615 0.018028846153846152 0.027644230769230768
9 0.5072115384615384 0.7103365384615384 0.3401442307692308 0.578125
2 0.6418269230769231 0.038461538461538464 0.06971153846153846 0.07451923076923077
9 0.47836538461538464 0.43509615384615385 0.07692307692307693 0.35096153846153844
2 0.9495192307692307 0.484375 0.03125 0.04326923076923077
9 0.12860576923076922 0.8100961538461539 0.11899038461538461 0.3713942307692308
9 0.33052884615384615 0.9819711538461539 0.04326923076923077 0.036057692307692304
2 0.7824519230769231 0.4110576923076923 0.038461538461538464 0.04567307692307692
2 0.9362980769230769 0.71875 0.026442307692307692 0.030048076923076924
2 0.90625 0.4855769230769231 0.030048076923076924 0.03365384615384615
2 0.6971153846153846 0.7331730769230769 0.021634615384615384 0.026442307692307692
2 0.6682692307692307 0.7451923076923077 0.021634615384615384 0.028846153846153848
2 0.3557692307692308 0.24158653846153846 0.014423076923076924 0.019230769230769232
9 0.8221153846153846 0.3858173076923077 0.3557692307692308 0.7548076923076923
9 0.7259615384615384 0.9759615384615384 0.12379807692307693 0.038461538461538464
2 0.7680288461538461 0.2932692307692308 0.030048076923076924 0.038461538461538464
2 0.9759615384615384 0.578125 0.02403846153846154 0.03485576923076923
2 0.3161057692307692 0.8966346153846154 0.04927884615384615 0.055288461538461536
2 0.31009615384615385 0.19110576923076922 0.015625 0.02283653846153846
2 0.8473557692307693 0.38461538461538464 0.027644230769230768 0.040865384615384616
2 0.5673076923076923 0.2536057692307692 0.028846153846153848 0.028846153846153848
2 0.3473557692307692 0.3449519230769231 0.021634615384615384 0.025240384615384616
2 0.8870192307692307 0.8942307692307693 0.02403846153846154 0.039663461538461536
9 0.34375 0.008413461538461538 0.06370192307692307 0.016826923076923076
2 0.3088942307692308 0.11177884615384616 0.02283653846153846 0.030048076923076924
9 0.4182692307692308 0.019230769230769232 0.04326923076923077 0.03245192307692308
9 0.6322115384615384 0.08173076923076923 0.020432692307692308 0.10576923076923077
2 0.9495192307692307 0.3233173076923077 0.030048076923076924 0.04326923076923077
2 0.8834134615384616 0.9771634615384616 0.038461538461538464 0.04447115384615385
9 0.4567307692307692 0.8918269230769231 0.18990384615384615 0.07091346153846154
2 0.09254807692307693 0.4326923076923077 0.04326923076923077 0.06129807692307692
2 0.5516826923076923 0.0673076923076923 0.028846153846153848 0.036057692307692304
2 0.9206730769230769 0.6382211538461539 0.03485576923076923 0.03125
2 0.8834134615384616 0.4050480769230769 0.019230769230769232 0.026442307692307692
2 0.8100961538461539 0.7487980769230769 0.027644230769230768 0.036057692307692304
2 0.8413461538461539 0.9086538461538461 0.026442307692307692 0.03245192307692308
2 0.2920673076923077 0.9543269230769231 0.02283653846153846 0.05889423076923077
2 0.4326923076923077 0.21875 0.036057692307692304 0.042067307692307696
2 0.057692307692307696 0.007211538461538462 0.021634615384615384 0.014423076923076924
2 0.04567307692307692 0.5288461538461539 0.037259615384615384 0.04927884615384615
2 0.9459134615384616 0.8701923076923077 0.030048076923076924 0.042067307692307696
2 0.9194711538461539 0.2620192307692308 0.021634615384615384 0.036057692307692304
2 0.44471153846153844 0.7980769230769231 0.03365384615384615 0.03125
2 0.4639423076923077 0.6983173076923077 0.027644230769230768 0.02283653846153846
2 0.5612980769230769 0.5372596153846154 0.02403846153846154 0.028846153846153848
2 0.4855769230769231 0.38822115384615385 0.040865384615384616 0.04326923076923077
2 0.13822115384615385 0.056490384615384616 0.016826923076923076 0.020432692307692308
2 0.453125 0.7367788461538461 0.030048076923076924 0.037259615384615384
2 0.16826923076923078 0.10216346153846154 0.037259615384615384 0.04927884615384615
2 0.16826923076923078 0.7247596153846154 0.030048076923076924 0.03365384615384615
2 0.15384615384615385 0.765625 0.019230769230769232 0.02403846153846154
2 0.3798076923076923 0.9723557692307693 0.025240384615384616 0.03245192307692308
2 0.026442307692307692 0.7223557692307693 0.03485576923076923 0.04567307692307692
2 0.7067307692307693 0.6935096153846154 0.037259615384615384 0.042067307692307696
2 0.6850961538461539 0.5072115384615384 0.02403846153846154 0.03245192307692308
2 0.5685096153846154 0.9254807692307693 0.03485576923076923 0.04927884615384615
2 0.08653846153846154 0.8185096153846154 0.030048076923076924 0.03365384615384615