9 0.6334134615384616 0.8125 0.11057692307692307 0.07091346153846154
0 0.36899038461538464 0.42427884615384615 0.07692307692307693 0.09495192307692307
2 0.35096153846153844 0.9423076923076923 0.08413461538461539 0.1141826923076923
2 0.9711538461538461 0.20432692307692307 0.057692307692307696 0.04567307692307692
2 0.8858173076923077 0.5865384615384616 0.014423076923076924 0.021634615384615384
2 0.5120192307692307 0.9302884615384616 0.020432692307692308 0.021634615384615384
2 0.5108173076923077 0.9627403846153846 0.038461538461538464 0.051682692307692304
2 0.9675480769230769 0.5264423076923077 0.06490384615384616 0.1201923076923077
9 0.6394230769230769 0.5805288461538461 0.052884615384615384 0.2692307692307692
2 0.8557692307692307 0.9651442307692307 0.03245192307692308 0.04807692307692308
2 0.44471153846153844 0.09615384615384616 0.18389423076923078 0.19110576923076922
0 0.7584134615384616 0.42788461538461536 0.07572115384615384 0.10576923076923077
2 0.3245192307692308 0.9519230769230769 0.04807692307692308 0.09615384615384616
2 0.7584134615384616 0.9230769230769231 0.05889423076923077 0.06850961538461539
2 0.7091346153846154 0.9411057692307693 0.052884615384615384 0.056490384615384616
9 0.8581730769230769 0.5564903846153846 0.11778846153846154 0.2620192307692308
0 0.9350961538461539 0.06129807692307692 0.12139423076923077 0.10096153846153846
2 0.3473557692307692 0.8209134615384616 0.0733173076923077 0.0625
2 0.8245192307692307 0.14903846153846154 0.09375 0.10576923076923077
0 0.6971153846153846 0.4855769230769231 0.056490384615384616 0.07091346153846154
2 0.5552884615384616 0.765625 0.06370192307692307 0.15504807692307693
2 0.9026442307692307 0.9939903846153846 0.021634615384615384 0.01201923076923077
0 0.9278846153846154 0.2091346153846154 0.10336538461538461 0.11298076923076923
2 0.4182692307692308 0.9411057692307693 0.037259615384615384 0.04927884615384615
2 0.8100961538461539 0.9098557692307693 0.028846153846153848 0.04326923076923077
2 0.7788461538461539 0.8942307692307693 0.019230769230769232 0.028846153846153848
2 0.3786057692307692 0.9086538461538461 0.030048076923076924 0.039663461538461536
2 0.8689903846153846 0.03365384615384615 0.06370192307692307 0.06610576923076923
2 0.9819711538461539 0.7740384615384616 0.03485576923076923 0.078125
9 0.7091346153846154 0.24158653846153846 0.08413461538461539 0.16466346153846154
2 0.7524038461538461 0.9507211538461539 0.01201923076923077 0.036057692307692304
2 0.6418269230769231 0.32091346153846156 0.09134615384615384 0.12259615384615384
2 0.14423076923076922 0.9507211538461539 0.10576923076923077 0.09615384615384616
2 0.8329326923076923 0.40024038461538464 0.06610576923076923 0.11057692307692307
2 0.71875 0.9807692307692307 0.10576923076923077 0.038461538461538464
2 0.4699519230769231 0.8629807692307693 0.04807692307692308 0.04447115384615385
9 0.6466346153846154 0.21153846153846154 0.02283653846153846 0.12740384615384615
2 0.8173076923076923 0.9711538461538461 0.019230769230769232 0.057692307692307696
2 0.07451923076923077 0.7848557692307693 0.14903846153846154 0.13822115384615385
2 0.9230769230769231 0.08653846153846154 0.03245192307692308 0.08653846153846154
2 0.8064903846153846 0.8149038461538461 0.056490384615384616 0.07451923076923077
2 0.8870192307692307 0.9314903846153846 0.02283653846153846 0.027644230769230768
2 0.7692307692307693 0.6117788461538461 0.21634615384615385 0.22235576923076922
2 0.9735576923076923 0.2644230769230769 0.015625 0.015625
2 0.8930288461538461 0.13341346153846154 0.03485576923076923 0.07451923076923077
2 0.7728365384615384 0.20793269230769232 0.08173076923076923 0.12379807692307693
2 0.7908653846153846 0.9663461538461539 0.03365384615384615 0.0673076923076923
2 0.6153846153846154 0.5973557692307693 0.038461538461538464 0.05048076923076923
2 0.4855769230769231 0.9362980769230769 0.026442307692307692 0.03365384615384615
2 0.9290865384615384 0.7331730769230769 0.04326923076923077 0.09375
2 0.7199519230769231 0.8052884615384616 0.05048076923076923 0.03485576923076923
2 0.734375 0.84375 0.10096153846153846 0.07451923076923077
2 0.6358173076923077 0.90625 0.13341346153846154 0.15625
2 0.9266826923076923 0.46634615384615385 0.09975961538461539 0.09615384615384616
2 0.8990384615384616 0.296875 0.10697115384615384 0.07572115384615384
0 0.921875 0.8882211538461539 0.04807692307692308 0.039663461538461536
2 0.8966346153846154 0.9663461538461539 0.030048076923076924 0.056490384615384616
2 0.8509615384615384 0.9098557692307693 0.04927884615384615 0.07091346153846154
2 0.8882211538461539 0.8161057692307693 0.056490384615384616 0.12620192307692307
2 0.4891826923076923 0.8317307692307693 0.025240384615384616 0.026442307692307692
2 0.9699519230769231 0.36658653846153844 0.06009615384615385 0.12740384615384615
9 0.9182692307692307 0.9639423076923077 0.010817307692307692 0.07211538461538461
5 0.18629807692307693 0.3016826923076923 0.03365384615384615 0.04326923076923077
5 0.671875 0.9459134615384616 0.025240384615384616 0.03365384615384615
5 0.2283653846153846 0.10336538461538461 0.025240384615384616 0.04447115384615385
5 0.2824519230769231 0.20673076923076922 0.014423076923076924 0.03245192307692308
5 0.33052884615384615 0.3918269230769231 0.015625 0.05048076923076923
5 0.42908653846153844 0.2091346153846154 0.02403846153846154 0.030048076923076924
2 0.9807692307692307 0.9747596153846154 0.01201923076923077 0.013221153846153846
5 0.32572115384615385 0.34134615384615385 0.038461538461538464 0.046875
2 0.9447115384615384 0.9651442307692307 0.006009615384615385 0.010817307692307692
5 0.32211538461538464 0.27163461538461536 0.03485576923076923 0.040865384615384616
5 0.8581730769230769 0.10336538461538461 0.02403846153846154 0.03245192307692308
5 0.8425480769230769 0.078125 0.027644230769230768 0.030048076923076924
5 0.25721153846153844 0.11778846153846154 0.038461538461538464 0.04326923076923077
5 0.5228365384615384 0.8389423076923077 0.025240384615384616 0.054086538461538464
2 0.12139423076923077 0.7019230769230769 0.07932692307692307 0.11899038461538461
2 0.2692307692307692 0.7211538461538461 0.12620192307692307 0.14903846153846154
14 0.11177884615384616 0.3701923076923077 0.22235576923076922 0.0733173076923077
2 0.21514423076923078 0.2403846153846154 0.18629807692307693 0.1778846153846154
14 0.5901442307692307 0.5372596153846154 0.8185096153846154 0.9230769230769231
2 0.2980769230769231 0.014423076923076924 0.055288461538461536 0.027644230769230768
5 0.46634615384615385 0.8870192307692307 0.039663461538461536 0.036057692307692304
5 0.3137019230769231 0.30408653846153844 0.019230769230769232 0.028846153846153848
2 0.9831730769230769 0.8930288461538461 0.03365384615384615 0.03485576923076923
2 0.06971153846153846 0.5685096153846154 0.13822115384615385 0.3112980769230769
9 0.04807692307692308 0.3016826923076923 0.09615384615384616 0.0889423076923077
2 0.04927884615384615 0.23798076923076922 0.09735576923076923 0.1466346153846154
2 0.028846153846153848 0.9507211538461539 0.020432692307692308 0.030048076923076924
2 0.0889423076923077 0.0673076923076923 0.1778846153846154 0.13341346153846154
0 0.6069711538461539 0.42908653846153844 0.07572115384615384 0.15865384615384615
2 0.46274038461538464 0.4543269230769231 0.1875 0.5264423076923077
0 0.20673076923076922 0.8076923076923077 0.12620192307692307 0.19230769230769232
2 0.23317307692307693 0.5096153846153846 0.2668269230769231 0.2800480769230769
5 0.35336538461538464 0.2620192307692308 0.03365384615384615 0.04567307692307692
5 0.5769230769230769 0.7355769230769231 0.03245192307692308 0.046875
9 0.9242788461538461 0.9278846153846154 0.08413461538461539 0.052884615384615384
2 0.15384615384615385 0.04326923076923077 0.08173076923076923 0.08533653846153846
2 0.7079326923076923 0.11057692307692307 0.3016826923076923 0.22115384615384615
2 0.2512019230769231 0.05048076923076923 0.14182692307692307 0.09975961538461539