2 0.43509615384615385 0.0889423076923077 0.03485576923076923 0.06610576923076923
2 0.23317307692307693 0.25721153846153844 0.010817307692307692 0.01201923076923077
2 0.3786057692307692 0.21995192307692307 0.052884615384615384 0.056490384615384616
2 0.32091346153846156 0.109375 0.014423076923076924 0.02403846153846154
2 0.25 0.24759615384615385 0.02283653846153846 0.03125
2 0.4014423076923077 0.33052884615384615 0.04927884615384615 0.08052884615384616
0 0.7728365384615384 0.6189903846153846 0.027644230769230768 0.0625
2 0.9266826923076923 0.9435096153846154 0.03485576923076923 0.05048076923076923
2 0.10697115384615384 0.6971153846153846 0.03245192307692308 0.040865384615384616
2 0.3762019230769231 0.109375 0.018028846153846152 0.026442307692307692
2 0.28365384615384615 0.18028846153846154 0.05048076923076923 0.0625
2 0.5793269230769231 0.06370192307692307 0.039663461538461536 0.051682692307692304
2 0.35096153846153844 0.4639423076923077 0.06009615384615385 0.1346153846153846
2 0.14302884615384615 0.019230769230769232 0.013221153846153846 0.037259615384615384
2 0.5144230769230769 0.008413461538461538 0.019230769230769232 0.016826923076923076
2 0.6382211538461539 0.8064903846153846 0.037259615384615384 0.056490384615384616
2 0.3858173076923077 0.0733173076923077 0.054086538461538464 0.06610576923076923
2 0.41586538461538464 0.1935096153846154 0.018028846153846152 0.027644230769230768
2 0.34975961538461536 0.007211538461538462 0.015625 0.014423076923076924
9 0.48677884615384615 0.12740384615384615 0.06129807692307692 0.1466346153846154
2 0.35096153846153844 0.038461538461538464 0.02283653846153846 0.03245192307692308
2 0.46153846153846156 0.22596153846153846 0.04326923076923077 0.10576923076923077
2 0.30288461538461536 0.007211538461538462 0.013221153846153846 0.013221153846153846
2 0.22235576923076922 0.078125 0.020432692307692308 0.021634615384615384
2 0.7680288461538461 0.3004807692307692 0.025240384615384616 0.04567307692307692
2 0.6310096153846154 0.1201923076923077 0.018028846153846152 0.01201923076923077
2 0.6177884615384616 0.05889423076923077 0.008413461538461538 0.01201923076923077
2 0.5853365384615384 0.015625 0.038461538461538464 0.03125
2 0.30649038461538464 0.07692307692307693 0.009615384615384616 0.018028846153846152
9 0.14783653846153846 0.6298076923076923 0.0889423076923077 0.07451923076923077
2 0.09254807692307693 0.7680288461538461 0.028846153846153848 0.07451923076923077
2 0.23918269230769232 0.7439903846153846 0.046875 0.051682692307692304
9 0.9206730769230769 0.8641826923076923 0.037259615384615384 0.08653846153846154
9 0.9855769230769231 0.45072115384615385 0.009615384615384616 0.04326923076923077
2 0.9855769230769231 0.8653846153846154 0.028846153846153848 0.09615384615384616
2 0.7055288461538461 0.7463942307692307 0.027644230769230768 0.0673076923076923
9 0.9146634615384616 0.28125 0.06370192307692307 0.026442307692307692
9 0.9471153846153846 0.7620192307692307 0.02283653846153846 0.051682692307692304
2 0.9507211538461539 0.016826923076923076 0.016826923076923076 0.03365384615384615
2 0.06009615384615385 0.9675480769230769 0.04447115384615385 0.06490384615384616
2 0.07692307692307693 0.5420673076923077 0.014423076923076924 0.018028846153846152
2 0.1466346153846154 0.7199519230769231 0.04326923076923077 0.08653846153846154
2 0.7079326923076923 0.8942307692307693 0.03245192307692308 0.05048076923076923
2 0.6766826923076923 0.4579326923076923 0.038461538461538464 0.04807692307692308
2 0.9194711538461539 0.17548076923076922 0.0625 0.09014423076923077
2 0.8774038461538461 0.109375 0.026442307692307692 0.07932692307692307
2 0.9086538461538461 0.025240384615384616 0.04567307692307692 0.046875
2 0.46153846153846156 0.390625 0.06850961538461539 0.03365384615384615
2 0.3016826923076923 0.7127403846153846 0.038461538461538464 0.051682692307692304
2 0.09735576923076923 0.3076923076923077 0.1935096153846154 0.41346153846153844
2 0.9723557692307693 0.9579326923076923 0.055288461538461536 0.0829326923076923
2 0.39663461538461536 0.9002403846153846 0.03485576923076923 0.040865384615384616
2 0.6778846153846154 0.9038461538461539 0.03485576923076923 0.04567307692307692
9 0.18870192307692307 0.025240384615384616 0.020432692307692308 0.05048076923076923
2 0.7524038461538461 0.140625 0.05889423076923077 0.06850961538461539
2 0.9651442307692307 0.22596153846153846 0.027644230769230768 0.05048076923076923
2 0.1466346153846154 0.7836538461538461 0.018028846153846152 0.015625
9 0.9338942307692307 0.6213942307692307 0.009615384615384616 0.056490384615384616
9 0.18389423076923078 0.09014423076923077 0.0673076923076923 0.17668269230769232
5 0.5360576923076923 0.07451923076923077 0.04807692307692308 0.11658653846153846
2 0.8197115384615384 0.15504807692307693 0.02283653846153846 0.03245192307692308
2 0.9519230769230769 0.3737980769230769 0.09615384615384616 0.13701923076923078
9 0.5276442307692307 0.234375 0.07692307692307693 0.06490384615384616
2 0.040865384615384616 0.6237980769230769 0.03485576923076923 0.055288461538461536
9 0.3798076923076923 0.8485576923076923 0.20432692307692307 0.051682692307692304
2 0.004807692307692308 0.9891826923076923 0.008413461538461538 0.019230769230769232
2 0.2848557692307692 0.5637019230769231 0.13221153846153846 0.06009615384615385
2 0.8713942307692307 0.8257211538461539 0.1310096153846154 0.2848557692307692
2 0.32091346153846156 0.6622596153846154 0.01201923076923077 0.016826923076923076
2 0.5396634615384616 0.8954326923076923 0.03245192307692308 0.051682692307692304
14 0.6875 0.6069711538461539 0.2608173076923077 0.7860576923076923
2 0.125 0.8533653846153846 0.042067307692307696 0.05048076923076923
2 0.21394230769230768 0.8605769230769231 0.08173076923076923 0.09495192307692307
2 0.30528846153846156 0.9471153846153846 0.02283653846153846 0.02403846153846154
2 0.42427884615384615 0.7103365384615384 0.07451923076923077 0.19471153846153846
2 0.8521634615384616 0.38822115384615385 0.04567307692307692 0.056490384615384616
9 0.9699519230769231 0.11538461538461539 0.06009615384615385 0.038461538461538464
2 0.13341346153846154 0.9170673076923077 0.026442307692307692 0.027644230769230768
2 0.009615384615384616 0.7716346153846154 0.019230769230769232 0.05048076923076923
2 0.765625 0.8870192307692307 0.030048076923076924 0.03245192307692308
2 0.984375 0.6165865384615384 0.03125 0.23798076923076922
2 0.8221153846153846 0.07451923076923077 0.09254807692307693 0.14903846153846154
0 0.25600961538461536 0.46875 0.18028846153846154 0.17548076923076922
5 0.13581730769230768 0.9723557692307693 0.04567307692307692 0.051682692307692304
2 0.6382211538461539 0.5108173076923077 0.04447115384615385 0.026442307692307692
2 0.6790865384615384 0.6334134615384616 0.05048076923076923 0.12259615384615384