2 0.1466346153846154 0.3161057692307692 0.06129807692307692 0.0673076923076923
2 0.4026442307692308 0.4855769230769231 0.052884615384615384 0.051682692307692304
2 0.7067307692307693 0.7536057692307693 0.030048076923076924 0.040865384615384616
2 0.8449519230769231 0.6538461538461539 0.019230769230769232 0.027644230769230768
2 0.8930288461538461 0.578125 0.027644230769230768 0.03485576923076923
14 0.4411057692307692 0.6274038461538461 0.8786057692307693 0.7379807692307693
2 0.7800480769230769 0.6947115384615384 0.04567307692307692 0.06370192307692307
2 0.21634615384615385 0.33533653846153844 0.03485576923076923 0.04326923076923077
2 0.7463942307692307 0.15504807692307693 0.016826923076923076 0.015625
2 0.8653846153846154 0.515625 0.014423076923076924 0.027644230769230768
2 0.5084134615384616 0.125 0.02283653846153846 0.036057692307692304
2 0.3233173076923077 0.29447115384615385 0.14423076923076922 0.15985576923076922
2 0.6802884615384616 0.10216346153846154 0.12139423076923077 0.1935096153846154
2 0.14903846153846154 0.09014423076923077 0.040865384615384616 0.046875
2 0.7896634615384616 0.0733173076923077 0.009615384615384616 0.014423076923076924
2 0.8233173076923077 0.6045673076923077 0.02403846153846154 0.026442307692307692
2 0.2283653846153846 0.10697115384615384 0.016826923076923076 0.018028846153846152
2 0.859375 0.23076923076923078 0.016826923076923076 0.014423076923076924
2 0.9086538461538461 0.41346153846153844 0.010817307692307692 0.018028846153846152
2 0.8822115384615384 0.3125 0.08413461538461539 0.10697115384615384
14 0.33774038461538464 0.7007211538461539 0.6754807692307693 0.59375
2 0.5997596153846154 0.6045673076923077 0.026442307692307692 0.07451923076923077
2 0.5540865384615384 0.5877403846153846 0.026442307692307692 0.037259615384615384
2 0.9615384615384616 0.08052884615384616 0.020432692307692308 0.030048076923076924
2 0.8954326923076923 0.03245192307692308 0.025240384615384616 0.036057692307692304
2 0.7271634615384616 0.2127403846153846 0.030048076923076924 0.08173076923076923
2 0.7992788461538461 0.12620192307692307 0.01201923076923077 0.016826923076923076
2 0.9038461538461539 0.8004807692307693 0.040865384615384616 0.04567307692307692
2 0.9699519230769231 0.7872596153846154 0.020432692307692308 0.03125
2 0.7548076923076923 0.5072115384615384 0.040865384615384616 0.0673076923076923
2 0.9435096153846154 0.055288461538461536 0.016826923076923076 0.021634615384615384
2 0.7019230769230769 0.4483173076923077 0.05889423076923077 0.07451923076923077
2 0.9242788461538461 0.42788461538461536 0.02403846153846154 0.02403846153846154
2 0.6911057692307693 0.5348557692307693 0.042067307692307696 0.030048076923076924
2 0.7151442307692307 0.5084134615384616 0.02403846153846154 0.036057692307692304
2 0.4735576923076923 0.1346153846153846 0.027644230769230768 0.04447115384615385
2 0.5805288461538461 0.19110576923076922 0.025240384615384616 0.02403846153846154
2 0.625 0.6826923076923077 0.014423076923076924 0.02403846153846154
2 0.6502403846153846 0.9447115384615384 0.04567307692307692 0.06971153846153846
2 0.5396634615384616 0.6201923076923077 0.02283653846153846 0.028846153846153848
2 0.5901442307692307 0.484375 0.0829326923076923 0.11899038461538461
2 0.5 0.3786057692307692 0.021634615384615384 0.019230769230769232
2 0.7896634615384616 0.5709134615384616 0.018028846153846152 0.03245192307692308
2 0.9338942307692307 0.6201923076923077 0.03125 0.027644230769230768
2 0.9350961538461539 0.15745192307692307 0.03365384615384615 0.028846153846153848
14 0.2848557692307692 0.8401442307692307 0.5685096153846154 0.31009615384615385
2 0.17067307692307693 0.2403846153846154 0.06129807692307692 0.06610576923076923
2 0.40625 0.3473557692307692 0.027644230769230768 0.028846153846153848
2 0.7463942307692307 0.7379807692307693 0.042067307692307696 0.06850961538461539
2 0.7487980769230769 0.46274038461538464 0.027644230769230768 0.03365384615384615
2 0.7932692307692307 0.03365384615384615 0.030048076923076924 0.054086538461538464
2 0.7824519230769231 0.34375 0.02403846153846154 0.019230769230769232
2 0.234375 0.18870192307692307 0.06971153846153846 0.07451923076923077
2 0.8197115384615384 0.6995192307692307 0.042067307692307696 0.056490384615384616
2 0.13221153846153846 0.1622596153846154 0.051682692307692304 0.06370192307692307
2 0.9675480769230769 0.3545673076923077 0.02403846153846154 0.019230769230769232
2 0.06971153846153846 0.16706730769230768 0.038461538461538464 0.06850961538461539
2 0.22956730769230768 0.027644230769230768 0.03245192307692308 0.05048076923076923
2 0.9086538461538461 0.45913461538461536 0.03125 0.04927884615384615
2 0.3762019230769231 0.15504807692307693 0.05889423076923077 0.05889423076923077
2 0.8990384615384616 0.6838942307692307 0.027644230769230768 0.04447115384615385
2 0.7704326923076923 0.6274038461538461 0.021634615384615384 0.03485576923076923
2 0.4230769230769231 0.03245192307692308 0.04807692307692308 0.06490384615384616
2 0.6033653846153846 0.2848557692307692 0.018028846153846152 0.027644230769230768
2 0.7223557692307693 0.421875 0.5552884615384616 0.8401442307692307
2 0.49158653846153844 0.0673076923076923 0.016826923076923076 0.02403846153846154
2 0.28125 0.10697115384615384 0.027644230769230768 0.03365384615384615
2 0.5709134615384616 0.3870192307692308 0.027644230769230768 0.02403846153846154