2 0.006009615384615385 0.3125 0.01201923076923077 0.03485576923076923
2 0.15504807692307693 0.2127403846153846 0.3004807692307692 0.4254807692307692
2 0.5108173076923077 0.4230769230769231 0.014423076923076924 0.008413461538461538
2 0.12860576923076922 0.6538461538461539 0.010817307692307692 0.018028846153846152
2 0.11177884615384616 0.7379807692307693 0.010817307692307692 0.016826923076923076
2 0.3629807692307692 0.546875 0.05889423076923077 0.037259615384615384
2 0.07451923076923077 0.6802884615384616 0.014423076923076924 0.018028846153846152
2 0.013221153846153846 0.421875 0.025240384615384616 0.04326923076923077
2 0.1045673076923077 0.6526442307692307 0.010817307692307692 0.019230769230769232
2 0.054086538461538464 0.3401442307692308 0.038461538461538464 0.05889423076923077
2 0.15384615384615385 0.640625 0.042067307692307696 0.019230769230769232
2 0.15384615384615385 0.734375 0.02403846153846154 0.027644230769230768
2 0.004807692307692308 0.6490384615384616 0.008413461538461538 0.027644230769230768
2 0.14543269230769232 0.4879807692307692 0.037259615384615384 0.06850961538461539
2 0.04447115384615385 0.4879807692307692 0.0889423076923077 0.08653846153846154
2 0.16706730769230768 0.4266826923076923 0.14783653846153846 0.056490384615384616
4 0.3473557692307692 0.7295673076923077 0.6538461538461539 0.5228365384615384
2 0.02283653846153846 0.8978365384615384 0.021634615384615384 0.02283653846153846
2 0.3317307692307692 0.5865384615384616 0.052884615384615384 0.046875
2 0.03125 0.7451923076923077 0.025240384615384616 0.025240384615384616
5 0.36658653846153844 0.8317307692307693 0.04447115384615385 0.06009615384615385
2 0.003605769230769231 0.8293269230769231 0.006009615384615385 0.019230769230769232
2 0.234375 0.6766826923076923 0.019230769230769232 0.026442307692307692
2 0.109375 0.703125 0.01201923076923077 0.01201923076923077
2 0.20552884615384615 0.7055288461538461 0.018028846153846152 0.027644230769230768
5 0.3173076923076923 0.8665865384615384 0.052884615384615384 0.07211538461538461
5 0.028846153846153848 0.5588942307692307 0.057692307692307696 0.08653846153846154
2 0.8521634615384616 0.30649038461538464 0.030048076923076924 0.04326923076923077
2 0.48677884615384615 0.046875 0.2668269230769231 0.09375
2 0.33774038461538464 0.3581730769230769 0.021634615384615384 0.027644230769230768
2 0.8485576923076923 0.5444711538461539 0.057692307692307696 0.046875
2 0.53125 0.6754807692307693 0.2800480769230769 0.46153846153846156
2 0.0829326923076923 0.7836538461538461 0.05048076923076923 0.054086538461538464
2 0.6526442307692307 0.09615384615384616 0.07932692307692307 0.12259615384615384
2 0.5216346153846154 0.13221153846153846 0.04807692307692308 0.05889423076923077
2 0.9855769230769231 0.5552884615384616 0.028846153846153848 0.09134615384615384
2 0.6490384615384616 0.5949519230769231 0.06370192307692307 0.11899038461538461
2 0.5372596153846154 0.9723557692307693 0.04447115384615385 0.054086538461538464
2 0.25 0.9483173076923077 0.11057692307692307 0.10336538461538461
2 0.07692307692307693 0.8497596153846154 0.008413461538461538 0.015625
5 0.25240384615384615 0.49399038461538464 0.06850961538461539 0.036057692307692304
5 0.5841346153846154 0.3425480769230769 0.04807692307692308 0.06009615384615385
5 0.33052884615384615 0.7199519230769231 0.057692307692307696 0.078125
2 0.8100961538461539 0.3004807692307692 0.020432692307692308 0.03485576923076923
2 0.7211538461538461 0.4182692307692308 0.038461538461538464 0.06009615384615385
2 0.6766826923076923 0.42427884615384615 0.04447115384615385 0.06370192307692307
2 0.9507211538461539 0.671875 0.0985576923076923 0.18389423076923078
2 0.8774038461538461 0.7043269230769231 0.03365384615384615 0.08533653846153846
2 0.8449519230769231 0.7355769230769231 0.025240384615384616 0.04326923076923077
2 0.07572115384615384 0.6334134615384616 0.01201923076923077 0.027644230769230768
2 0.6646634615384616 0.8605769230769231 0.042067307692307696 0.07572115384615384
2 0.019230769230769232 0.7115384615384616 0.008413461538461538 0.013221153846153846
2 0.6862980769230769 0.36778846153846156 0.055288461538461536 0.06009615384615385
2 0.04567307692307692 0.6466346153846154 0.020432692307692308 0.027644230769230768
2 0.04567307692307692 0.828125 0.014423076923076924 0.020432692307692308
2 0.009615384615384616 0.7956730769230769 0.01201923076923077 0.014423076923076924
5 0.04927884615384615 0.23317307692307693 0.04807692307692308 0.09615384615384616
2 0.23557692307692307 0.6177884615384616 0.057692307692307696 0.09375
5 0.7920673076923077 0.7019230769230769 0.056490384615384616 0.08173076923076923
5 0.14423076923076922 0.5973557692307693 0.12379807692307693 0.06610576923076923
2 0.7019230769230769 0.5757211538461539 0.07091346153846154 0.07572115384615384
2 0.7415865384615384 0.18509615384615385 0.15865384615384615 0.2692307692307692
5 0.3329326923076923 0.49038461538461536 0.06610576923076923 0.0829326923076923
5 0.28725961538461536 0.609375 0.05048076923076923 0.05889423076923077
5 0.08173076923076923 0.052884615384615384 0.055288461538461536 0.08413461538461539
2 0.18269230769230768 0.5108173076923077 0.03485576923076923 0.05048076923076923
2 0.10576923076923077 0.46153846153846156 0.030048076923076924 0.018028846153846152
2 0.5925480769230769 0.9543269230769231 0.016826923076923076 0.013221153846153846
2 0.36538461538461536 0.38100961538461536 0.021634615384615384 0.028846153846153848
2 0.14543269230769232 0.8834134615384616 0.03485576923076923 0.08413461538461539
2 0.5733173076923077 0.4182692307692308 0.03245192307692308 0.09615384615384616
2 0.6165865384615384 0.15504807692307693 0.08413461538461539 0.06490384615384616
2 0.6838942307692307 0.7091346153846154 0.06850961538461539 0.10336538461538461
2 0.5961538461538461 0.25600961538461536 0.028846153846153848 0.05048076923076923
2 0.42908653846153844 0.8473557692307693 0.15504807692307693 0.30408653846153844
2 0.0889423076923077 0.9807692307692307 0.06610576923076923 0.038461538461538464
2 0.31971153846153844 0.7956730769230769 0.09014423076923077 0.0733173076923077
2 0.12740384615384615 0.7055288461538461 0.015625 0.02283653846153846
5 0.5096153846153846 0.7920673076923077 0.05048076923076923 0.07932692307692307
2 0.2127403846153846 0.7800480769230769 0.037259615384615384 0.026442307692307692
2 0.9182692307692307 0.07932692307692307 0.16346153846153846 0.15865384615384615
5 0.4170673076923077 0.25 0.07211538461538461 0.11177884615384616
2 0.17908653846153846 0.7331730769230769 0.019230769230769232 0.016826923076923076
2 0.7415865384615384 0.6646634615384616 0.046875 0.07091346153846154
5 0.48677884615384615 0.32091346153846156 0.07211538461538461 0.10216346153846154
2 0.7439903846153846 0.5420673076923077 0.09014423076923077 0.07692307692307693
2 0.43028846153846156 0.21153846153846154 0.24278846153846154 0.18389423076923078
2 0.057692307692307696 0.8149038461538461 0.009615384615384616 0.013221153846153846
2 0.4254807692307692 0.44350961538461536 0.025240384615384616 0.019230769230769232
2 0.17548076923076922 0.5528846153846154 0.01201923076923077 0.014423076923076924
2 0.8293269230769231 0.8774038461538461 0.34134615384615385 0.24519230769230768
2 0.18389423076923078 0.6538461538461539 0.03245192307692308 0.04927884615384615
5 0.38100961538461536 0.9375 0.052884615384615384 0.07091346153846154
2 0.41346153846153844 0.38100961538461536 0.025240384615384616 0.03485576923076923
2 0.8629807692307693 0.359375 0.27403846153846156 0.3076923076923077
5 0.6201923076923077 0.41466346153846156 0.06610576923076923 0.09014423076923077
2 0.23918269230769232 0.7127403846153846 0.038461538461538464 0.046875
2 0.20793269230769232 0.6766826923076923 0.02403846153846154 0.027644230769230768
2 0.28846153846153844 0.3858173076923077 0.030048076923076924 0.04927884615384615
5 0.27163461538461536 0.4987980769230769 0.11778846153846154 0.12620192307692307
2 0.6334134615384616 0.9579326923076923 0.028846153846153848 0.042067307692307696
2 0.3762019230769231 0.33653846153846156 0.040865384615384616 0.046875