2 0.9122596153846154 0.7824519230769231 0.02283653846153846 0.02403846153846154
2 0.8497596153846154 0.6947115384615384 0.06370192307692307 0.14783653846153846
2 0.17548076923076922 0.5192307692307693 0.042067307692307696 0.03245192307692308
2 0.19831730769230768 0.24639423076923078 0.07091346153846154 0.12740384615384615
2 0.265625 0.042067307692307696 0.23076923076923078 0.08413461538461539
2 0.5336538461538461 0.1658653846153846 0.025240384615384616 0.054086538461538464
2 0.5012019230769231 0.30288461538461536 0.06610576923076923 0.09375
2 0.7992788461538461 0.890625 0.056490384615384616 0.10817307692307693
15 0.06490384615384616 0.6310096153846154 0.12860576923076922 0.20673076923076922
15 0.4987980769230769 0.4387019230769231 0.9975961538461539 0.8774038461538461
2 0.8798076923076923 0.7860576923076923 0.02283653846153846 0.038461538461538464
2 0.7788461538461539 0.7223557692307693 0.052884615384615384 0.054086538461538464
2 0.6394230769230769 0.7127403846153846 0.038461538461538464 0.052884615384615384
2 0.007211538461538462 0.9903846153846154 0.014423076923076924 0.019230769230769232
2 0.4963942307692308 0.3798076923076923 0.140625 0.22596153846153846
2 0.5 0.042067307692307696 0.015625 0.042067307692307696
2 0.6574519230769231 0.33653846153846156 0.046875 0.05048076923076923
2 0.6334134615384616 0.24519230769230768 0.12860576923076922 0.18990384615384615
2 0.7271634615384616 0.16466346153846154 0.01201923076923077 0.019230769230769232
2 0.7620192307692307 0.06610576923076923 0.016826923076923076 0.03245192307692308
2 0.9519230769230769 0.42788461538461536 0.030048076923076924 0.027644230769230768
2 0.1778846153846154 0.6502403846153846 0.055288461538461536 0.0673076923076923
2 0.19591346153846154 0.140625 0.03125 0.04326923076923077
2 0.734375 0.09254807692307693 0.019230769230769232 0.02283653846153846
2 0.5865384615384616 0.39302884615384615 0.014423076923076924 0.02403846153846154
5 0.31971153846153844 0.5576923076923077 0.027644230769230768 0.030048076923076924
2 0.9699519230769231 0.296875 0.03245192307692308 0.057692307692307696
2 0.8822115384615384 0.7019230769230769 0.040865384615384616 0.04326923076923077
2 0.1971153846153846 0.4519230769230769 0.17548076923076922 0.15504807692307693
2 0.4050480769230769 0.5625 0.16706730769230768 0.16346153846153846
2 0.28966346153846156 0.390625 0.02403846153846154 0.025240384615384616
2 0.4050480769230769 0.4254807692307692 0.06971153846153846 0.056490384615384616
2 0.39783653846153844 0.28125 0.020432692307692308 0.03125
2 0.6754807692307693 0.10817307692307693 0.1201923076923077 0.12259615384615384
2 0.7007211538461539 0.018028846153846152 0.054086538461538464 0.036057692307692304
2 0.3713942307692308 0.12860576923076922 0.1310096153846154 0.13701923076923078
2 0.9399038461538461 0.6802884615384616 0.052884615384615384 0.0673076923076923
2 0.24519230769230768 0.33533653846153844 0.05889423076923077 0.06610576923076923
2 0.30408653846153844 0.3317307692307692 0.018028846153846152 0.027644230769230768
2 0.6478365384615384 0.9338942307692307 0.016826923076923076 0.027644230769230768
2 0.057692307692307696 0.2283653846153846 0.04807692307692308 0.1310096153846154
2 0.9639423076923077 0.8641826923076923 0.016826923076923076 0.025240384615384616
5 0.7680288461538461 0.24759615384615385 0.016826923076923076 0.037259615384615384
2 0.65625 0.40384615384615385 0.019230769230769232 0.04927884615384615
2 0.7139423076923077 0.9831730769230769 0.051682692307692304 0.03365384615384615
2 0.9879807692307693 0.3317307692307692 0.02403846153846154 0.028846153846153848
2 0.8822115384615384 0.4651442307692308 0.11658653846153846 0.13701923076923078
5 0.15144230769230768 0.484375 0.013221153846153846 0.04326923076923077
2 0.46033653846153844 0.009615384615384616 0.020432692307692308 0.019230769230769232
2 0.25240384615384615 0.6033653846153846 0.037259615384615384 0.0625
2 0.9891826923076923 0.22235576923076922 0.021634615384615384 0.07932692307692307
2 0.3713942307692308 0.34375 0.046875 0.042067307692307696
2 0.009615384615384616 0.2776442307692308 0.019230769230769232 0.12860576923076922
5 0.6899038461538461 0.921875 0.027644230769230768 0.03125
5 0.9927884615384616 0.3112980769230769 0.013221153846153846 0.040865384615384616
2 0.7956730769230769 0.6382211538461539 0.036057692307692304 0.04447115384615385
2 0.5612980769230769 0.0829326923076923 0.10817307692307693 0.1658653846153846
2 0.19471153846153846 0.07932692307692307 0.037259615384615384 0.03245192307692308
2 0.7331730769230769 0.8942307692307693 0.07451923076923077 0.17548076923076922
2 0.33052884615384615 0.46875 0.030048076923076924 0.03125
2 0.10697115384615384 0.30288461538461536 0.030048076923076924 0.14302884615384615
2 0.09254807692307693 0.921875 0.025240384615384616 0.028846153846153848
2 0.9795673076923077 0.17908653846153846 0.016826923076923076 0.042067307692307696
2 0.9362980769230769 0.375 0.009615384615384616 0.01201923076923077
2 0.5829326923076923 0.36778846153846156 0.013221153846153846 0.016826923076923076
2 0.6935096153846154 0.5985576923076923 0.06490384615384616 0.109375
2 0.640625 0.015625 0.03125 0.03125
2 0.15985576923076922 0.5745192307692307 0.03245192307692308 0.028846153846153848
2 0.026442307692307692 0.515625 0.042067307692307696 0.06850961538461539
2 0.27524038461538464 0.6754807692307693 0.07091346153846154 0.07932692307692307
2 0.0625 0.703125 0.04567307692307692 0.036057692307692304
2 0.46153846153846156 0.046875 0.02403846153846154 0.028846153846153848
2 0.38341346153846156 0.984375 0.016826923076923076 0.02283653846153846
2 0.8413461538461539 0.9399038461538461 0.11057692307692307 0.1201923076923077
2 0.4699519230769231 0.19110576923076922 0.09495192307692307 0.13942307692307693
2 0.15144230769230768 0.7427884615384616 0.030048076923076924 0.03485576923076923
2 0.6586538461538461 0.9723557692307693 0.008413461538461538 0.018028846153846152
2 0.35216346153846156 0.6442307692307693 0.02403846153846154 0.02283653846153846
2 0.4338942307692308 0.9699519230769231 0.02283653846153846 0.042067307692307696
2 0.040865384615384616 0.9903846153846154 0.014423076923076924 0.019230769230769232
2 0.5637019230769231 0.20793269230769232 0.06370192307692307 0.14903846153846154
2 0.5480769230769231 0.9074519230769231 0.11057692307692307 0.18509615384615385
2 0.671875 0.8713942307692307 0.020432692307692308 0.08413461538461539
2 0.6983173076923077 0.7079326923076923 0.05048076923076923 0.05048076923076923
2 0.4987980769230769 0.8269230769230769 0.02403846153846154 0.026442307692307692
2 0.32091346153846156 0.8918269230769231 0.1778846153846154 0.21634615384615385
2 0.9891826923076923 0.7463942307692307 0.021634615384615384 0.05048076923076923
5 0.4543269230769231 0.9615384615384616 0.01201923076923077 0.026442307692307692
2 0.37740384615384615 0.9543269230769231 0.014423076923076924 0.019230769230769232
2 0.12379807692307693 0.921875 0.03125 0.06610576923076923
2 0.6358173076923077 0.9939903846153846 0.01201923076923077 0.01201923076923077
2 0.9399038461538461 0.9435096153846154 0.11899038461538461 0.11298076923076923
2 0.953125 0.7872596153846154 0.04927884615384615 0.04927884615384615