2 0.8641826923076923 0.1502403846153846 0.27163461538461536 0.29086538461538464
2 0.35096153846153844 0.6310096153846154 0.018028846153846152 0.03125
2 0.4495192307692308 0.7596153846153846 0.027644230769230768 0.03485576923076923
2 0.03365384615384615 0.4723557692307692 0.021634615384615384 0.02403846153846154
2 0.04807692307692308 0.8064903846153846 0.018028846153846152 0.04567307692307692
2 0.3293269230769231 0.24519230769230768 0.030048076923076924 0.0829326923076923
14 0.9050480769230769 0.7355769230769231 0.18990384615384615 0.5192307692307693
2 0.5264423076923077 0.8173076923076923 0.02403846153846154 0.037259615384615384
2 0.2932692307692308 0.703125 0.04807692307692308 0.057692307692307696
2 0.4879807692307692 0.3954326923076923 0.07692307692307693 0.07451923076923077
2 0.45913461538461536 0.8449519230769231 0.040865384615384616 0.06490384615384616
2 0.1622596153846154 0.4699519230769231 0.10576923076923077 0.14182692307692307
2 0.019230769230769232 0.015625 0.038461538461538464 0.03125
2 0.1310096153846154 0.6646634615384616 0.051682692307692304 0.078125
2 0.36177884615384615 0.5060096153846154 0.020432692307692308 0.036057692307692304
2 0.3233173076923077 0.7848557692307693 0.10697115384615384 0.12379807692307693
2 0.5252403846153846 0.4795673076923077 0.018028846153846152 0.028846153846153848
2 0.49278846153846156 0.5769230769230769 0.021634615384615384 0.026442307692307692
2 0.7415865384615384 0.7956730769230769 0.026442307692307692 0.03485576923076923
2 0.0625 0.41947115384615385 0.051682692307692304 0.07451923076923077
2 0.013221153846153846 0.640625 0.026442307692307692 0.0829326923076923
2 0.5384615384615384 0.7079326923076923 0.0733173076923077 0.05889423076923077
2 0.18389423076923078 0.7403846153846154 0.04326923076923077 0.057692307692307696
2 0.3762019230769231 0.8822115384615384 0.021634615384615384 0.02283653846153846
2 0.6935096153846154 0.8088942307692307 0.010817307692307692 0.021634615384615384
2 0.6658653846153846 0.6454326923076923 0.014423076923076924 0.020432692307692308
2 0.8028846153846154 0.7824519230769231 0.040865384615384616 0.06370192307692307
2 0.2283653846153846 0.7055288461538461 0.05048076923076923 0.0733173076923077
2 0.390625 0.9759615384615384 0.04807692307692308 0.037259615384615384
2 0.43149038461538464 0.6237980769230769 0.021634615384615384 0.02403846153846154
0 0.5745192307692307 0.3269230769230769 0.7608173076923077 0.6526442307692307
2 0.5132211538461539 0.6274038461538461 0.018028846153846152 0.025240384615384616