0 0.5949519230769231 0.8966346153846154 0.2512019230769231 0.20432692307692307
2 0.7163461538461539 0.5096153846153846 0.07692307692307693 0.06129807692307692
2 0.08774038461538461 0.052884615384615384 0.06490384615384616 0.10216346153846154
2 0.15625 0.8497596153846154 0.051682692307692304 0.054086538461538464
2 0.6550480769230769 0.22596153846153846 0.08173076923076923 0.07451923076923077
2 0.0733173076923077 0.6490384615384616 0.027644230769230768 0.036057692307692304
2 0.29086538461538464 0.7223557692307693 0.10336538461538461 0.1622596153846154
2 0.6538461538461539 0.7596153846153846 0.016826923076923076 0.019230769230769232
2 0.5444711538461539 0.359375 0.125 0.1466346153846154
14 0.4182692307692308 0.4987980769230769 0.22235576923076922 0.9951923076923077
2 0.203125 0.16947115384615385 0.16947115384615385 0.14423076923076922
2 0.06971153846153846 0.33533653846153844 0.11899038461538461 0.15985576923076922
2 0.21995192307692307 0.3798076923076923 0.018028846153846152 0.027644230769230768
2 0.08533653846153846 0.9350961538461539 0.05048076923076923 0.08653846153846154
0 0.8353365384615384 0.546875 0.3293269230769231 0.8882211538461539
2 0.08052884615384616 0.78125 0.03245192307692308 0.051682692307692304
2 0.6153846153846154 0.09014423076923077 0.18028846153846154 0.13341346153846154
2 0.765625 0.4831730769230769 0.02403846153846154 0.06850961538461539
2 0.027644230769230768 0.10096153846153846 0.055288461538461536 0.07692307692307693
14 0.5612980769230769 0.5012019230769231 0.8197115384615384 0.9975961538461539
2 0.6165865384615384 0.7752403846153846 0.03245192307692308 0.03125
2 0.34375 0.421875 0.05048076923076923 0.04447115384615385