2 0.1875 0.296875 0.1622596153846154 0.2548076923076923
2 0.03125 0.19110576923076922 0.0625 0.10216346153846154
2 0.75 0.6538461538461539 0.09375 0.09014423076923077
2 0.6971153846153846 0.5637019230769231 0.06370192307692307 0.042067307692307696
2 0.9338942307692307 0.8737980769230769 0.13221153846153846 0.25240384615384615
2 0.9663461538461539 0.6009615384615384 0.0673076923076923 0.28365384615384615
2 0.9399038461538461 0.10576923076923077 0.04326923076923077 0.0625
2 0.7956730769230769 0.17548076923076922 0.09975961538461539 0.07692307692307693
2 0.2608173076923077 0.9278846153846154 0.0673076923076923 0.10216346153846154
2 0.042067307692307696 0.6947115384615384 0.05889423076923077 0.046875
2 0.03125 0.055288461538461536 0.0625 0.11057692307692307
14 0.47475961538461536 0.5 0.4362980769230769 1
2 0.9447115384615384 0.19230769230769232 0.02403846153846154 0.04447115384615385
2 0.6766826923076923 0.3798076923076923 0.21754807692307693 0.3425480769230769
2 0.7079326923076923 0.2536057692307692 0.019230769230769232 0.020432692307692308
2 0.8605769230769231 0.04807692307692308 0.04326923076923077 0.039663461538461536
2 0.25 0.5769230769230769 0.042067307692307696 0.06971153846153846
2 0.9891826923076923 0.34615384615384615 0.021634615384615384 0.23677884615384615
2 0.8209134615384616 0.09735576923076923 0.10697115384615384 0.06850961538461539
2 0.14182692307692307 0.8569711538461539 0.17427884615384615 0.1141826923076923
2 0.02403846153846154 0.4855769230769231 0.04807692307692308 0.08173076923076923
2 0.9615384615384616 0.019230769230769232 0.019230769230769232 0.026442307692307692
2 0.7283653846153846 0.78125 0.15144230769230768 0.18870192307692307
2 0.8112980769230769 0.9242788461538461 0.08653846153846154 0.15144230769230768
2 0.6646634615384616 0.07932692307692307 0.10697115384615384 0.13221153846153846
2 0.10096153846153846 0.5877403846153846 0.04326923076923077 0.056490384615384616
2 0.8377403846153846 0.3389423076923077 0.04326923076923077 0.05048076923076923
2 0.10096153846153846 0.06009615384615385 0.07932692307692307 0.1201923076923077
2 0.7524038461538461 0.013221153846153846 0.027644230769230768 0.026442307692307692
2 0.9819711538461539 0.055288461538461536 0.036057692307692304 0.109375
2 0.8581730769230769 0.8449519230769231 0.06129807692307692 0.13822115384615385
2 0.06850961538461539 0.3317307692307692 0.04567307692307692 0.14302884615384615
2 0.13221153846153846 0.6550480769230769 0.046875 0.06370192307692307
2 0.15504807692307693 0.7776442307692307 0.11057692307692307 0.07692307692307693
2 0.03485576923076923 0.8461538461538461 0.06971153846153846 0.11298076923076923
2 0.21153846153846154 0.7259615384615384 0.07211538461538461 0.08173076923076923
2 0.2824519230769231 0.8028846153846154 0.0673076923076923 0.1045673076923077
2 0.8677884615384616 0.43149038461538464 0.027644230769230768 0.05048076923076923
2 0.6538461538461539 0.20072115384615385 0.01201923076923077 0.02283653846153846
2 0.18028846153846154 0.06850961538461539 0.0889423076923077 0.0829326923076923
2 0.18269230769230768 0.9447115384615384 0.1045673076923077 0.09014423076923077
2 0.8509615384615384 0.6850961538461539 0.09735576923076923 0.171875
2 0.6947115384615384 0.17668269230769232 0.05889423076923077 0.055288461538461536
2 0.203125 0.49399038461538464 0.055288461538461536 0.1201923076923077
2 0.9807692307692307 0.18269230769230768 0.037259615384615384 0.15144230769230768