2 0.40384615384615385 0.15745192307692307 0.02283653846153846 0.015625
2 0.7788461538461539 0.6899038461538461 0.015625 0.018028846153846152
2 0.6862980769230769 0.8521634615384616 0.018028846153846152 0.019230769230769232
2 0.875 0.8161057692307693 0.006009615384615385 0.015625
2 0.7920673076923077 0.09975961538461539 0.014423076923076924 0.027644230769230768
2 0.8629807692307693 0.5661057692307693 0.027644230769230768 0.06009615384615385
2 0.7127403846153846 0.18509615384615385 0.030048076923076924 0.03245192307692308
2 0.003605769230769231 0.40625 0.007211538461538462 0.040865384615384616
2 0.46153846153846156 0.7776442307692307 0.04447115384615385 0.04326923076923077
5 0.43990384615384615 0.23677884615384615 0.026442307692307692 0.042067307692307696
2 0.984375 0.8581730769230769 0.009615384615384616 0.013221153846153846
2 0.49038461538461536 0.9038461538461539 0.02403846153846154 0.039663461538461536
2 0.6959134615384616 0.7776442307692307 0.016826923076923076 0.016826923076923076
2 0.3233173076923077 0.16826923076923078 0.009615384615384616 0.016826923076923076
2 0.2403846153846154 0.18269230769230768 0.07692307692307693 0.12139423076923077
2 0.4735576923076923 0.30649038461538464 0.010817307692307692 0.01201923076923077
5 0.22716346153846154 0.007211538461538462 0.025240384615384616 0.013221153846153846
2 0.640625 0.11538461538461539 0.02403846153846154 0.02283653846153846
2 0.8137019230769231 0.953125 0.008413461538461538 0.013221153846153846
2 0.18028846153846154 0.27283653846153844 0.027644230769230768 0.039663461538461536
2 0.21153846153846154 0.07211538461538461 0.07091346153846154 0.14423076923076922
2 0.6153846153846154 0.9050480769230769 0.007211538461538462 0.006009615384615385
2 0.6165865384615384 0.15384615384615385 0.028846153846153848 0.04447115384615385
2 0.38221153846153844 0.3449519230769231 0.028846153846153848 0.06009615384615385
0 0.8942307692307693 0.5024038461538461 0.038461538461538464 0.06490384615384616
2 0.46033653846153844 0.5072115384615384 0.025240384615384616 0.039663461538461536
2 0.054086538461538464 0.1346153846153846 0.051682692307692304 0.04326923076923077
2 0.8870192307692307 0.7836538461538461 0.01201923076923077 0.01201923076923077
2 0.9050480769230769 0.037259615384615384 0.09254807692307693 0.07451923076923077
2 0.9639423076923077 0.8701923076923077 0.018028846153846152 0.030048076923076924
2 0.4014423076923077 0.875 0.019230769230769232 0.046875
2 0.13701923076923078 0.6129807692307693 0.016826923076923076 0.018028846153846152
2 0.6875 0.6862980769230769 0.007211538461538462 0.014423076923076924
2 0.27524038461538464 0.8173076923076923 0.007211538461538462 0.018028846153846152
2 0.06971153846153846 0.8461538461538461 0.007211538461538462 0.007211538461538462
2 0.3581730769230769 0.47596153846153844 0.03245192307692308 0.03125
2 0.2127403846153846 0.5228365384615384 0.02403846153846154 0.04326923076923077
2 0.24278846153846154 0.27283653846153844 0.013221153846153846 0.016826923076923076
2 0.5264423076923077 0.18389423076923078 0.13701923076923078 0.11658653846153846
2 0.3016826923076923 0.14783653846153846 0.021634615384615384 0.019230769230769232
2 0.32091346153846156 0.15384615384615385 0.009615384615384616 0.009615384615384616
2 0.15504807692307693 0.046875 0.010817307692307692 0.019230769230769232
2 0.9795673076923077 0.007211538461538462 0.010817307692307692 0.013221153846153846
2 0.31490384615384615 0.8317307692307693 0.009615384615384616 0.009615384615384616
2 0.055288461538461536 0.9651442307692307 0.06610576923076923 0.06850961538461539
2 0.006009615384615385 0.8329326923076923 0.01201923076923077 0.026442307692307692
2 0.1346153846153846 0.7956730769230769 0.01201923076923077 0.01201923076923077
2 0.36177884615384615 0.7355769230769231 0.009615384615384616 0.010817307692307692
2 0.5540865384615384 0.7211538461538461 0.010817307692307692 0.016826923076923076
2 0.2956730769230769 0.5865384615384616 0.014423076923076924 0.019230769230769232
2 0.006009615384615385 0.47836538461538464 0.010817307692307692 0.01201923076923077
2 0.17668269230769232 0.5060096153846154 0.010817307692307692 0.013221153846153846
2 0.30408653846153844 0.890625 0.006009615384615385 0.008413461538461538
2 0.8762019230769231 0.9675480769230769 0.05048076923076923 0.06490384615384616
2 0.6778846153846154 0.051682692307692304 0.06971153846153846 0.10336538461538461
2 0.8052884615384616 0.07211538461538461 0.02403846153846154 0.03125
2 0.38100961538461536 0.8617788461538461 0.01201923076923077 0.01201923076923077
2 0.21153846153846154 0.28846153846153844 0.018028846153846152 0.046875
2 0.4387019230769231 0.359375 0.016826923076923076 0.03125
2 0.2824519230769231 0.046875 0.016826923076923076 0.01201923076923077
2 0.9050480769230769 0.09375 0.03125 0.039663461538461536
2 0.9819711538461539 0.875 0.014423076923076924 0.019230769230769232
2 0.9170673076923077 0.8473557692307693 0.025240384615384616 0.021634615384615384
2 0.8461538461538461 0.9723557692307693 0.006009615384615385 0.010817307692307692
2 0.7800480769230769 0.9423076923076923 0.03245192307692308 0.03245192307692308
2 0.8076923076923077 0.7439903846153846 0.030048076923076924 0.03485576923076923
2 0.9399038461538461 0.625 0.014423076923076924 0.027644230769230768
2 0.9723557692307693 0.765625 0.006009615384615385 0.006009615384615385
2 0.5697115384615384 0.828125 0.030048076923076924 0.019230769230769232
2 0.007211538461538462 0.11778846153846154 0.014423076923076924 0.019230769230769232
2 0.7992788461538461 0.9098557692307693 0.013221153846153846 0.015625
2 0.7668269230769231 0.9867788461538461 0.038461538461538464 0.026442307692307692
2 0.9555288461538461 0.5889423076923077 0.021634615384615384 0.03485576923076923
2 0.7067307692307693 0.8629807692307693 0.019230769230769232 0.01201923076923077
2 0.7067307692307693 0.9447115384615384 0.010817307692307692 0.009615384615384616
2 0.7211538461538461 0.9122596153846154 0.007211538461538462 0.009615384615384616
2 0.7944711538461539 0.8365384615384616 0.010817307692307692 0.014423076923076924
2 0.5240384615384616 0.8858173076923077 0.013221153846153846 0.01201923076923077
2 0.4014423076923077 0.8161057692307693 0.037259615384615384 0.06610576923076923
2 0.5865384615384616 0.9603365384615384 0.05048076923076923 0.07932692307692307
2 0.27884615384615385 0.15985576923076922 0.056490384615384616 0.18028846153846154
2 0.09254807692307693 0.28846153846153844 0.18509615384615385 0.3137019230769231
2 0.13942307692307693 0.12860576923076922 0.056490384615384616 0.051682692307692304
2 0.15384615384615385 0.019230769230769232 0.016826923076923076 0.037259615384615384
2 0.4651442307692308 0.06370192307692307 0.3293269230769231 0.12740384615384615
2 0.3449519230769231 0.13942307692307693 0.020432692307692308 0.025240384615384616
2 0.7427884615384616 0.06971153846153846 0.04326923076923077 0.06610576923076923
2 0.8161057692307693 0.14783653846153846 0.03485576923076923 0.06850961538461539
2 0.7788461538461539 0.8786057692307693 0.007211538461538462 0.009615384615384616
2 0.8918269230769231 0.6538461538461539 0.04447115384615385 0.0673076923076923
2 0.9795673076923077 0.6514423076923077 0.040865384615384616 0.14302884615384615
2 0.7403846153846154 0.8509615384615384 0.009615384615384616 0.016826923076923076
2 0.7199519230769231 0.8461538461538461 0.013221153846153846 0.016826923076923076
2 0.6550480769230769 0.8990384615384616 0.010817307692307692 0.016826923076923076
2 0.9639423076923077 0.7584134615384616 0.004807692307692308 0.01201923076923077
2 0.6201923076923077 0.9867788461538461 0.04326923076923077 0.026442307692307692
2 0.5132211538461539 0.9831730769230769 0.025240384615384616 0.03245192307692308
2 0.5456730769230769 0.8918269230769231 0.01201923076923077 0.018028846153846152
2 0.8509615384615384 0.8834134615384616 0.03245192307692308 0.05048076923076923
2 0.8293269230769231 0.8317307692307693 0.014423076923076924 0.016826923076923076
2 0.6466346153846154 0.8004807692307693 0.014423076923076924 0.018028846153846152
2 0.4579326923076923 0.8617788461538461 0.007211538461538462 0.010817307692307692
2 0.9050480769230769 0.8088942307692307 0.025240384615384616 0.05048076923076923
2 0.44471153846153844 0.8100961538461539 0.021634615384615384 0.02403846153846154
2 0.6622596153846154 0.9711538461538461 0.030048076923076924 0.02403846153846154
2 0.8341346153846154 0.5576923076923077 0.03245192307692308 0.019230769230769232
2 0.9519230769230769 0.6442307692307693 0.007211538461538462 0.009615384615384616
2 0.6550480769230769 0.7115384615384616 0.015625 0.03485576923076923
2 0.7355769230769231 0.9387019230769231 0.014423076923076924 0.013221153846153846
2 0.42427884615384615 0.8822115384615384 0.019230769230769232 0.027644230769230768
2 0.8209134615384616 0.9411057692307693 0.013221153846153846 0.010817307692307692
2 0.8473557692307693 0.9459134615384616 0.013221153846153846 0.01201923076923077
2 0.9134615384615384 0.7331730769230769 0.056490384615384616 0.052884615384615384
10 0.4987980769230769 0.4651442307692308 0.9975961538461539 0.6105769230769231
5 0.41947115384615385 0.2091346153846154 0.03485576923076923 0.03365384615384615
2 0.234375 0.890625 0.006009615384615385 0.013221153846153846
2 0.20432692307692307 0.9639423076923077 0.008413461538461538 0.01201923076923077
2 0.2644230769230769 0.7463942307692307 0.009615384615384616 0.01201923076923077
2 0.27163461538461536 0.9447115384615384 0.009615384615384616 0.007211538461538462
2 0.02403846153846154 0.47475961538461536 0.009615384615384616 0.01201923076923077
5 0.24278846153846154 0.03365384615384615 0.021634615384615384 0.04447115384615385
2 0.9723557692307693 0.9699519230769231 0.055288461538461536 0.06009615384615385
2 0.9302884615384616 0.9435096153846154 0.008413461538461538 0.01201923076923077
9 0.3137019230769231 0.2932692307692308 0.06971153846153846 0.04326923076923077
2 0.28846153846153844 0.8557692307692307 0.010817307692307692 0.01201923076923077
2 0.38341346153846156 0.8966346153846154 0.01201923076923077 0.020432692307692308
2 0.3137019230769231 0.8822115384615384 0.006009615384615385 0.008413461538461538
2 0.1346153846153846 0.8798076923076923 0.006009615384615385 0.007211538461538462
2 0.5216346153846154 0.8088942307692307 0.008413461538461538 0.009615384615384616
2 0.7331730769230769 0.578125 0.01201923076923077 0.020432692307692308
2 0.31009615384615385 0.47596153846153844 0.06971153846153846 0.078125
2 0.42427884615384615 0.7391826923076923 0.009615384615384616 0.013221153846153846
2 0.40384615384615385 0.7548076923076923 0.009615384615384616 0.016826923076923076
2 0.4579326923076923 0.71875 0.020432692307692308 0.040865384615384616
2 0.36177884615384615 0.7776442307692307 0.006009615384615385 0.013221153846153846
2 0.3473557692307692 0.8221153846153846 0.007211538461538462 0.01201923076923077
2 0.04807692307692308 0.8557692307692307 0.003605769230769231 0.006009615384615385
2 0.7043269230769231 0.5228365384615384 0.008413461538461538 0.02403846153846154
9 0.2439903846153846 0.44350961538461536 0.06129807692307692 0.125
2 0.19951923076923078 0.5973557692307693 0.030048076923076924 0.037259615384615384
2 0.07211538461538461 0.6334134615384616 0.09615384615384616 0.10817307692307693
2 0.11177884615384616 0.5420673076923077 0.01201923076923077 0.009615384615384616
2 0.3798076923076923 0.5360576923076923 0.01201923076923077 0.02283653846153846
2 0.4326923076923077 0.7536057692307693 0.009615384615384616 0.01201923076923077
2 0.234375 0.8725961538461539 0.009615384615384616 0.01201923076923077
2 0.16826923076923078 0.3076923076923077 0.02403846153846154 0.026442307692307692
2 0.06129807692307692 0.036057692307692304 0.02403846153846154 0.03365384615384615
2 0.9242788461538461 0.8930288461538461 0.037259615384615384 0.056490384615384616
2 0.013221153846153846 0.02403846153846154 0.025240384615384616 0.028846153846153848
2 0.19831730769230768 0.3786057692307692 0.051682692307692304 0.056490384615384616
2 0.12740384615384615 0.65625 0.01201923076923077 0.008413461538461538
2 0.1622596153846154 0.9350961538461539 0.007211538461538462 0.007211538461538462
2 0.10817307692307693 0.9447115384615384 0.007211538461538462 0.01201923076923077
2 0.0985576923076923 0.4495192307692308 0.037259615384615384 0.06129807692307692
2 0.2764423076923077 0.9651442307692307 0.007211538461538462 0.009615384615384616
2 0.22596153846153846 0.9891826923076923 0.009615384615384616 0.010817307692307692
2 0.3786057692307692 0.44711538461538464 0.014423076923076924 0.025240384615384616
2 0.31850961538461536 0.21033653846153846 0.015625 0.036057692307692304
2 0.3112980769230769 0.7776442307692307 0.013221153846153846 0.015625
2 0.10576923076923077 0.030048076923076924 0.02403846153846154 0.02283653846153846
5 0.4735576923076923 0.25961538461538464 0.04807692307692308 0.03485576923076923
2 0.19951923076923078 0.8569711538461539 0.01201923076923077 0.01201923076923077
2 0.46274038461538464 0.6634615384615384 0.006009615384615385 0.01201923076923077
2 0.2127403846153846 0.7668269230769231 0.015625 0.016826923076923076
2 0.27524038461538464 0.8497596153846154 0.013221153846153846 0.013221153846153846
2 0.06971153846153846 0.49278846153846156 0.025240384615384616 0.02283653846153846
2 0.4411057692307692 0.9963942307692307 0.008413461538461538 0.006009615384615385
2 0.3629807692307692 0.7944711538461539 0.007211538461538462 0.010817307692307692