2 0.40625 0.17307692307692307 0.0625 0.06129807692307692
3 0.4026442307692308 0.30528846153846156 0.8052884615384616 0.41466346153846156
2 0.8064903846153846 0.171875 0.007211538461538462 0.010817307692307692
8 0.2536057692307692 0.5997596153846154 0.3737980769230769 0.5564903846153846
2 0.640625 0.15985576923076922 0.03125 0.051682692307692304
2 0.9254807692307693 0.38822115384615385 0.025240384615384616 0.04326923076923077
2 0.08052884615384616 0.09495192307692307 0.051682692307692304 0.04927884615384615
2 0.6237980769230769 0.8100961538461539 0.01201923076923077 0.015625
2 0.6730769230769231 0.1658653846153846 0.030048076923076924 0.036057692307692304
3 0.09014423076923077 0.8125 0.0985576923076923 0.3713942307692308
2 0.8365384615384616 0.7848557692307693 0.3269230769230769 0.41346153846153844
2 0.9771634615384616 0.08413461538461539 0.02283653846153846 0.02283653846153846
3 0.5432692307692307 0.41225961538461536 0.3473557692307692 0.453125
2 0.8293269230769231 0.21875 0.025240384615384616 0.03125
2 0.9867788461538461 0.39783653846153844 0.026442307692307692 0.06971153846153846
2 0.9771634615384616 0.27283653846153844 0.04447115384615385 0.15625
2 0.40625 0.07692307692307693 0.021634615384615384 0.026442307692307692
2 0.8665865384615384 0.2283653846153846 0.014423076923076924 0.019230769230769232
2 0.10216346153846154 0.046875 0.04807692307692308 0.046875
2 0.18028846153846154 0.040865384615384616 0.09254807692307693 0.08173076923076923
2 0.7211538461538461 0.03485576923076923 0.06850961538461539 0.06009615384615385
2 0.7896634615384616 0.016826923076923076 0.015625 0.018028846153846152
2 0.8341346153846154 0.5588942307692307 0.016826923076923076 0.019230769230769232
2 0.6334134615384616 0.9302884615384616 0.037259615384615384 0.055288461538461536
2 0.7956730769230769 0.25600961538461536 0.010817307692307692 0.02283653846153846
2 0.6814903846153846 0.8161057692307693 0.010817307692307692 0.019230769230769232
2 0.8365384615384616 0.08533653846153846 0.01201923076923077 0.027644230769230768
2 0.59375 0.17668269230769232 0.04807692307692308 0.08173076923076923
2 0.6262019230769231 0.8629807692307693 0.013221153846153846 0.021634615384615384
2 0.8353365384615384 0.009615384615384616 0.01201923076923077 0.015625
2 0.8317307692307693 0.03485576923076923 0.019230769230769232 0.019230769230769232
2 0.9591346153846154 0.05889423076923077 0.010817307692307692 0.013221153846153846
2 0.8774038461538461 0.030048076923076924 0.021634615384615384 0.030048076923076924
2 0.5745192307692307 0.6838942307692307 0.07572115384615384 0.12259615384615384
2 0.7043269230769231 0.10697115384615384 0.040865384615384616 0.05048076923076923
2 0.9555288461538461 0.484375 0.0889423076923077 0.16706730769230768
2 0.671875 0.5372596153846154 0.07932692307692307 0.11899038461538461
2 0.8161057692307693 0.125 0.07932692307692307 0.08413461538461539
2 0.9158653846153846 0.06490384615384616 0.040865384615384616 0.05889423076923077
2 0.6045673076923077 0.11177884615384616 0.030048076923076924 0.04567307692307692
2 0.7884615384615384 0.5432692307692307 0.04326923076923077 0.08413461538461539
2 0.8052884615384616 0.20072115384615385 0.02283653846153846 0.027644230769230768
2 0.7439903846153846 0.10817307692307693 0.036057692307692304 0.038461538461538464
2 0.6658653846153846 0.05048076923076923 0.009615384615384616 0.010817307692307692
2 0.26802884615384615 0.9375 0.2776442307692308 0.11899038461538461
2 0.9759615384615384 0.15504807692307693 0.04807692307692308 0.06490384615384616
2 0.05048076923076923 0.052884615384615384 0.030048076923076924 0.037259615384615384
2 0.6538461538461539 0.7860576923076923 0.04326923076923077 0.04326923076923077
2 0.6550480769230769 0.8617788461538461 0.037259615384615384 0.054086538461538464
2 0.8701923076923077 0.4495192307692308 0.06850961538461539 0.0625
2 0.6802884615384616 0.6911057692307693 0.11057692307692307 0.16947115384615385
2 0.5120192307692307 0.8173076923076923 0.20192307692307693 0.35697115384615385
2 0.6766826923076923 0.9603365384615384 0.019230769230769232 0.019230769230769232
2 0.9579326923076923 0.39903846153846156 0.030048076923076924 0.027644230769230768
2 0.8581730769230769 0.2704326923076923 0.007211538461538462 0.01201923076923077
2 0.7463942307692307 0.24278846153846154 0.021634615384615384 0.030048076923076924
2 0.71875 0.16105769230769232 0.02283653846153846 0.04326923076923077
2 0.8846153846153846 0.11057692307692307 0.013221153846153846 0.02283653846153846
2 0.9266826923076923 0.25 0.037259615384615384 0.03485576923076923
2 0.28125 0.018028846153846152 0.04807692307692308 0.03485576923076923
2 0.9495192307692307 0.10697115384615384 0.019230769230769232 0.02283653846153846
2 0.9146634615384616 0.21394230769230768 0.02403846153846154 0.055288461538461536
2 0.8545673076923077 0.05889423076923077 0.021634615384615384 0.030048076923076924
2 0.5420673076923077 0.037259615384615384 0.10817307692307693 0.06971153846153846
2 0.6382211538461539 0.078125 0.019230769230769232 0.020432692307692308
2 0.6490384615384616 0.9771634615384616 0.025240384615384616 0.04447115384615385
2 0.9254807692307693 0.3125 0.08653846153846154 0.09735576923076923
2 0.8569711538461539 0.24879807692307693 0.010817307692307692 0.019230769230769232
2 0.7463942307692307 0.21514423076923078 0.010817307692307692 0.01201923076923077
2 0.7884615384615384 0.34375 0.125 0.15144230769230768
2 0.9891826923076923 0.039663461538461536 0.021634615384615384 0.03125
2 0.055288461538461536 0.39903846153846156 0.11057692307692307 0.21514423076923078