2 0.3088942307692308 0.9627403846153846 0.026442307692307692 0.040865384615384616
2 0.7283653846153846 0.3762019230769231 0.0625 0.06490384615384616
2 0.8305288461538461 0.37740384615384615 0.03365384615384615 0.04326923076923077
2 0.3473557692307692 0.6346153846153846 0.03125 0.05048076923076923
2 0.20192307692307693 0.9471153846153846 0.03245192307692308 0.09735576923076923
0 0.7259615384615384 0.8894230769230769 0.13221153846153846 0.21634615384615385
2 0.27403846153846156 0.4495192307692308 0.05048076923076923 0.04567307692307692
2 0.8125 0.484375 0.030048076923076924 0.06129807692307692
2 0.1201923076923077 0.1971153846153846 0.07211538461538461 0.08052884615384616
2 0.8209134615384616 0.9591346153846154 0.09134615384615384 0.07451923076923077
2 0.26802884615384615 0.030048076923076924 0.02403846153846154 0.030048076923076924
2 0.28846153846153844 0.0733173076923077 0.025240384615384616 0.036057692307692304
2 0.9507211538461539 0.42908653846153844 0.0985576923076923 0.19951923076923078
2 0.40024038461538464 0.02403846153846154 0.12740384615384615 0.042067307692307696
2 0.2860576923076923 0.5036057692307693 0.07932692307692307 0.09014423076923077
2 0.9326923076923077 0.06610576923076923 0.05048076923076923 0.06490384615384616
2 0.6189903846153846 0.6947115384615384 0.052884615384615384 0.09975961538461539
2 0.21514423076923078 0.6490384615384616 0.09975961538461539 0.12860576923076922
2 0.15144230769230768 0.039663461538461536 0.038461538461538464 0.06129807692307692
2 0.8329326923076923 0.10817307692307693 0.06971153846153846 0.06610576923076923
2 0.9230769230769231 0.8677884615384616 0.09735576923076923 0.13221153846153846
0 0.5072115384615384 0.3317307692307692 0.3918269230769231 0.5649038461538461
2 0.23076923076923078 0.09975961538461539 0.09375 0.15144230769230768
8 0.5012019230769231 0.2920673076923077 0.20072115384615385 0.3401442307692308
2 0.84375 0.6838942307692307 0.19951923076923078 0.32091346153846156