2 0.5709134615384616 0.9362980769230769 0.04447115384615385 0.06009615384615385
2 0.5072115384615384 0.9266826923076923 0.030048076923076924 0.042067307692307696
2 0.18269230769230768 0.9639423076923077 0.04567307692307692 0.06490384615384616
2 0.7403846153846154 0.4206730769230769 0.052884615384615384 0.06971153846153846
2 0.019230769230769232 0.9206730769230769 0.038461538461538464 0.09975961538461539
2 0.7307692307692307 0.5588942307692307 0.04567307692307692 0.056490384615384616
4 0.5 0.5180288461538461 1 0.6802884615384616
2 0.5745192307692307 0.3641826923076923 0.09615384615384616 0.11298076923076923
2 0.5 0.1875 1 0.3713942307692308
2 0.24158653846153846 0.59375 0.06971153846153846 0.08052884615384616
2 0.21634615384615385 0.8221153846153846 0.12980769230769232 0.10576923076923077
2 0.8581730769230769 0.8209134615384616 0.04927884615384615 0.05889423076923077
2 0.6670673076923077 0.8557692307692307 0.04326923076923077 0.07451923076923077
2 0.7752403846153846 0.515625 0.03245192307692308 0.04326923076923077
2 0.40865384615384615 0.8161057692307693 0.1622596153846154 0.13701923076923078
0 0.10216346153846154 0.49158653846153844 0.20432692307692307 0.46634615384615385
2 0.2824519230769231 0.6802884615384616 0.1141826923076923 0.14423076923076922
2 0.10817307692307693 0.8870192307692307 0.09495192307692307 0.12860576923076922
2 0.5132211538461539 0.8329326923076923 0.06490384615384616 0.08173076923076923
2 0.7524038461538461 0.8485576923076923 0.038461538461538464 0.07091346153846154
2 0.5288461538461539 0.6021634615384616 0.056490384615384616 0.056490384615384616
2 0.3737980769230769 0.5096153846153846 0.06971153846153846 0.06971153846153846