2 0.4411057692307692 0.8798076923076923 0.05889423076923077 0.09134615384615384
2 0.3918269230769231 0.15264423076923078 0.056490384615384616 0.05048076923076923
2 0.6899038461538461 0.609375 0.07932692307692307 0.11899038461538461
2 0.5625 0.8810096153846154 0.08653846153846154 0.10817307692307693
2 0.984375 0.7475961538461539 0.03125 0.0829326923076923
2 0.7824519230769231 0.7271634615384616 0.06009615384615385 0.05889423076923077
2 0.578125 0.3425480769230769 0.07692307692307693 0.10336538461538461
2 0.36899038461538464 0.24759615384615385 0.04567307692307692 0.0733173076923077
2 0.9819711538461539 0.8966346153846154 0.036057692307692304 0.06129807692307692
2 0.5516826923076923 0.21754807692307693 0.03245192307692308 0.078125
2 0.8353365384615384 0.4699519230769231 0.07451923076923077 0.0829326923076923
2 0.8569711538461539 0.5805288461538461 0.037259615384615384 0.04807692307692308
2 0.9074519230769231 0.9230769230769231 0.06129807692307692 0.12379807692307693
2 0.9891826923076923 0.390625 0.021634615384615384 0.06490384615384616
2 0.15985576923076922 0.3125 0.1875 0.1935096153846154
2 0.3269230769230769 0.06971153846153846 0.037259615384615384 0.039663461538461536
2 0.3317307692307692 0.5204326923076923 0.07692307692307693 0.05048076923076923
2 0.28846153846153844 0.6153846153846154 0.05889423076923077 0.10576923076923077
2 0.5096153846153846 0.4014423076923077 0.07692307692307693 0.1201923076923077
2 0.625 0.6826923076923077 0.040865384615384616 0.07692307692307693
2 0.06490384615384616 0.6646634615384616 0.03365384615384615 0.052884615384615384
2 0.04927884615384615 0.5793269230769231 0.04567307692307692 0.06129807692307692
2 0.6430288461538461 0.3245192307692308 0.036057692307692304 0.04447115384615385
11 0.5012019230769231 0.5 0.9975961538461539 1
2 0.43028846153846156 0.5384615384615384 0.028846153846153848 0.039663461538461536
2 0.14903846153846154 0.18870192307692307 0.03485576923076923 0.042067307692307696
2 0.35096153846153844 0.42427884615384615 0.11538461538461539 0.125
2 0.15504807692307693 0.42427884615384615 0.057692307692307696 0.0673076923076923
2 0.2512019230769231 0.14903846153846154 0.037259615384615384 0.055288461538461536
2 0.9254807692307693 0.34375 0.0625 0.07572115384615384
2 0.46875 0.7896634615384616 0.08774038461538461 0.09495192307692307