4 0.2860576923076923 0.49759615384615385 0.27884615384615385 0.9951923076923077
2 0.08052884615384616 0.6165865384615384 0.028846153846153848 0.02283653846153846
2 0.33052884615384615 0.48677884615384615 0.016826923076923076 0.01201923076923077
2 0.07211538461538461 0.36538461538461536 0.028846153846153848 0.04567307692307692
2 0.03485576923076923 0.17427884615384615 0.019230769230769232 0.019230769230769232
2 0.014423076923076924 0.06971153846153846 0.020432692307692308 0.014423076923076924
2 0.1814903846153846 0.13221153846153846 0.030048076923076924 0.021634615384615384
2 0.6322115384615384 0.8870192307692307 0.021634615384615384 0.04447115384615385
2 0.5612980769230769 0.9675480769230769 0.020432692307692308 0.025240384615384616
2 0.84375 0.359375 0.02283653846153846 0.051682692307692304
2 0.7560096153846154 0.4074519230769231 0.021634615384615384 0.018028846153846152
2 0.06370192307692307 0.12860576923076922 0.04567307692307692 0.04567307692307692
2 0.9579326923076923 0.5793269230769231 0.027644230769230768 0.037259615384615384
2 0.515625 0.671875 0.02403846153846154 0.036057692307692304
2 0.49399038461538464 0.037259615384615384 0.016826923076923076 0.026442307692307692
2 0.3713942307692308 0.7439903846153846 0.016826923076923076 0.025240384615384616
2 0.33413461538461536 0.6598557692307693 0.016826923076923076 0.021634615384615384
2 0.05048076923076923 0.4026442307692308 0.016826923076923076 0.014423076923076924
2 0.08533653846153846 0.26322115384615385 0.021634615384615384 0.021634615384615384
2 0.8425480769230769 0.7692307692307693 0.02283653846153846 0.020432692307692308
2 0.8641826923076923 0.7403846153846154 0.020432692307692308 0.027644230769230768
2 0.44471153846153844 0.5673076923076923 0.019230769230769232 0.01201923076923077
2 0.44591346153846156 0.4951923076923077 0.014423076923076924 0.025240384615384616
2 0.9182692307692307 0.019230769230769232 0.027644230769230768 0.027644230769230768
2 0.18629807692307693 0.7379807692307693 0.013221153846153846 0.036057692307692304
2 0.3125 0.5444711538461539 0.020432692307692308 0.025240384615384616
2 0.10576923076923077 0.6682692307692307 0.030048076923076924 0.037259615384615384
2 0.3870192307692308 0.12980769230769232 0.021634615384615384 0.02283653846153846
2 0.7860576923076923 0.04567307692307692 0.03125 0.027644230769230768
2 0.056490384615384616 0.9230769230769231 0.016826923076923076 0.027644230769230768
2 0.35336538461538464 0.5096153846153846 0.016826923076923076 0.03125
2 0.09975961538461539 0.5673076923076923 0.052884615384615384 0.07091346153846154
2 0.4170673076923077 0.8064903846153846 0.019230769230769232 0.018028846153846152
2 0.8713942307692307 0.6682692307692307 0.025240384615384616 0.036057692307692304
2 0.46153846153846156 0.5661057692307693 0.016826923076923076 0.019230769230769232
2 0.59375 0.4495192307692308 0.019230769230769232 0.014423076923076924
2 0.39783653846153844 0.38461538461538464 0.037259615384615384 0.036057692307692304
2 0.6935096153846154 0.3858173076923077 0.01201923076923077 0.014423076923076924
2 0.15745192307692307 0.35096153846153844 0.025240384615384616 0.04326923076923077
2 0.25240384615384615 0.8112980769230769 0.028846153846153848 0.026442307692307692
2 0.49399038461538464 0.16466346153846154 0.020432692307692308 0.030048076923076924
2 0.18629807692307693 0.6899038461538461 0.025240384615384616 0.039663461538461536
2 0.35216346153846156 0.1346153846153846 0.021634615384615384 0.02403846153846154
2 0.5096153846153846 0.25240384615384615 0.03245192307692308 0.038461538461538464
2 0.21394230769230768 0.71875 0.014423076923076924 0.02403846153846154
2 0.052884615384615384 0.7295673076923077 0.040865384615384616 0.04447115384615385
2 0.9603365384615384 0.038461538461538464 0.02283653846153846 0.021634615384615384
2 0.055288461538461536 0.9663461538461539 0.021634615384615384 0.027644230769230768
2 0.484375 0.1310096153846154 0.016826923076923076 0.027644230769230768
2 0.1971153846153846 0.030048076923076924 0.02283653846153846 0.027644230769230768
2 0.03245192307692308 0.9278846153846154 0.016826923076923076 0.025240384615384616
2 0.020432692307692308 0.6778846153846154 0.030048076923076924 0.03485576923076923
2 0.3233173076923077 0.44471153846153844 0.019230769230769232 0.02403846153846154
2 0.25600961538461536 0.296875 0.027644230769230768 0.03125
2 0.03485576923076923 0.6322115384615384 0.026442307692307692 0.03365384615384615
2 0.578125 0.9134615384615384 0.02403846153846154 0.030048076923076924
2 0.4987980769230769 0.3786057692307692 0.02403846153846154 0.027644230769230768
2 0.921875 0.3125 0.016826923076923076 0.014423076923076924
2 0.7920673076923077 0.19471153846153846 0.02403846153846154 0.014423076923076924
2 0.9074519230769231 0.08653846153846154 0.042067307692307696 0.06490384615384616
2 0.5252403846153846 0.9795673076923077 0.025240384615384616 0.040865384615384616
2 0.9519230769230769 0.71875 0.025240384615384616 0.052884615384615384
2 0.6466346153846154 0.41947115384615385 0.019230769230769232 0.02403846153846154
2 0.6682692307692307 0.7800480769230769 0.021634615384615384 0.016826923076923076
2 0.5793269230769231 0.8197115384615384 0.020432692307692308 0.026442307692307692
2 0.4375 0.7223557692307693 0.04326923076923077 0.042067307692307696
2 0.8149038461538461 0.36177884615384615 0.021634615384615384 0.021634615384615384
2 0.3701923076923077 0.8894230769230769 0.025240384615384616 0.021634615384615384
2 0.8137019230769231 0.21394230769230768 0.019230769230769232 0.03125
2 0.7668269230769231 0.96875 0.021634615384615384 0.027644230769230768
2 0.7644230769230769 0.875 0.018028846153846152 0.03485576923076923
2 0.9110576923076923 0.890625 0.037259615384615384 0.03485576923076923
2 0.5997596153846154 0.5973557692307693 0.02403846153846154 0.020432692307692308
2 0.7884615384615384 0.4963942307692308 0.016826923076923076 0.02403846153846154
2 0.9134615384615384 0.26802884615384615 0.02283653846153846 0.0625
2 0.8389423076923077 0.10096153846153846 0.020432692307692308 0.019230769230769232
2 0.640625 0.46033653846153844 0.013221153846153846 0.013221153846153846
2 0.4375 0.5432692307692307 0.018028846153846152 0.018028846153846152
2 0.8810096153846154 0.36899038461538464 0.014423076923076924 0.02283653846153846
2 0.7091346153846154 0.16826923076923078 0.02283653846153846 0.027644230769230768
2 0.6526442307692307 0.38221153846153844 0.013221153846153846 0.014423076923076924
2 0.5889423076923077 0.3954326923076923 0.05889423076923077 0.054086538461538464
2 0.7584134615384616 0.14182692307692307 0.055288461538461536 0.09014423076923077
2 0.71875 0.9242788461538461 0.046875 0.0733173076923077