3 0.9338942307692307 0.1875 0.1310096153846154 0.10096153846153846
2 0.5625 0.20793269230769232 0.04807692307692308 0.07451923076923077
2 0.8822115384615384 0.7872596153846154 0.07451923076923077 0.10576923076923077
2 0.6177884615384616 0.2403846153846154 0.028846153846153848 0.03245192307692308
2 0.5540865384615384 0.7572115384615384 0.021634615384615384 0.026442307692307692
2 0.625 0.5420673076923077 0.013221153846153846 0.02403846153846154
2 0.8365384615384616 0.33653846153846156 0.052884615384615384 0.051682692307692304
2 0.859375 0.2848557692307692 0.036057692307692304 0.027644230769230768
2 0.6682692307692307 0.23677884615384615 0.02283653846153846 0.030048076923076924
0 0.984375 0.3485576923076923 0.030048076923076924 0.10096153846153846
2 0.9879807692307693 0.046875 0.02403846153846154 0.06971153846153846
2 0.8173076923076923 0.65625 0.019230769230769232 0.025240384615384616
2 0.7115384615384616 0.4543269230769231 0.01201923076923077 0.01201923076923077
2 0.49759615384615385 0.4963942307692308 0.021634615384615384 0.02283653846153846
2 0.6165865384615384 0.20793269230769232 0.028846153846153848 0.02283653846153846
2 0.4723557692307692 0.3161057692307692 0.026442307692307692 0.03485576923076923
2 0.8473557692307693 0.8725961538461539 0.02283653846153846 0.021634615384615384
2 0.8185096153846154 0.7463942307692307 0.02403846153846154 0.025240384615384616
2 0.9603365384615384 0.5120192307692307 0.019230769230769232 0.019230769230769232
2 0.8834134615384616 0.5625 0.014423076923076924 0.027644230769230768
2 0.5492788461538461 0.5420673076923077 0.02283653846153846 0.02283653846153846
2 0.7920673076923077 0.5168269230769231 0.030048076923076924 0.03485576923076923
2 0.6814903846153846 0.3918269230769231 0.019230769230769232 0.027644230769230768
2 0.8028846153846154 0.16346153846153846 0.016826923076923076 0.025240384615384616
2 0.7235576923076923 0.1971153846153846 0.028846153846153848 0.036057692307692304
2 0.5240384615384616 0.3545673076923077 0.016826923076923076 0.028846153846153848
2 0.3701923076923077 0.6598557692307693 0.016826923076923076 0.026442307692307692
2 0.40865384615384615 0.5733173076923077 0.02283653846153846 0.03245192307692308
2 0.2824519230769231 0.8137019230769231 0.02403846153846154 0.03365384615384615
2 0.15144230769230768 0.32211538461538464 0.04807692307692308 0.05889423076923077
2 0.8497596153846154 0.07211538461538461 0.016826923076923076 0.020432692307692308
2 0.484375 0.28846153846153844 0.020432692307692308 0.021634615384615384
2 0.5096153846153846 0.27524038461538464 0.014423076923076924 0.020432692307692308
2 0.8545673076923077 0.44711538461538464 0.051682692307692304 0.0673076923076923
2 0.8473557692307693 0.5072115384615384 0.030048076923076924 0.051682692307692304
2 0.9627403846153846 0.20552884615384615 0.027644230769230768 0.037259615384615384
2 0.9675480769230769 0.7379807692307693 0.02403846153846154 0.06009615384615385
2 0.5576923076923077 0.27403846153846156 0.028846153846153848 0.028846153846153848
2 0.43149038461538464 0.46153846153846156 0.03485576923076923 0.028846153846153848
2 0.6466346153846154 0.06971153846153846 0.04326923076923077 0.04927884615384615
2 0.6971153846153846 0.9663461538461539 0.030048076923076924 0.03245192307692308
2 0.9290865384615384 0.5228365384615384 0.02403846153846154 0.030048076923076924
2 0.75 0.625 0.016826923076923076 0.015625
2 0.7199519230769231 0.578125 0.020432692307692308 0.027644230769230768
2 0.06610576923076923 0.28725961538461536 0.028846153846153848 0.0733173076923077
2 0.9867788461538461 0.4567307692307692 0.026442307692307692 0.052884615384615384
2 0.6610576923076923 0.3870192307692308 0.020432692307692308 0.025240384615384616
2 0.7487980769230769 0.02283653846153846 0.05889423076923077 0.04567307692307692
2 0.6442307692307693 0.030048076923076924 0.026442307692307692 0.021634615384615384
2 0.7127403846153846 0.6201923076923077 0.014423076923076924 0.019230769230769232
2 0.6814903846153846 0.609375 0.016826923076923076 0.03365384615384615
2 0.9411057692307693 0.65625 0.027644230769230768 0.026442307692307692
2 0.8088942307692307 0.46875 0.014423076923076924 0.015625
2 0.9134615384615384 0.1045673076923077 0.030048076923076924 0.021634615384615384
2 0.49759615384615385 0.7692307692307693 0.042067307692307696 0.05048076923076923
2 0.6081730769230769 0.984375 0.03245192307692308 0.028846153846153848
2 0.43990384615384615 0.6526442307692307 0.02403846153846154 0.02403846153846154
2 0.11057692307692307 0.28125 0.037259615384615384 0.06610576923076923
2 0.7175480769230769 0.25961538461538464 0.06490384615384616 0.06850961538461539
2 0.34975961538461536 0.7956730769230769 0.03245192307692308 0.05048076923076923
2 0.49278846153846156 0.6009615384615384 0.014423076923076924 0.016826923076923076
2 0.4014423076923077 0.5096153846153846 0.014423076923076924 0.027644230769230768
2 0.171875 0.47596153846153844 0.016826923076923076 0.021634615384615384
2 0.07692307692307693 0.5084134615384616 0.016826923076923076 0.027644230769230768
2 0.24278846153846154 0.7379807692307693 0.030048076923076924 0.019230769230769232
2 0.18509615384615385 0.9783653846153846 0.027644230769230768 0.04326923076923077
2 0.8713942307692307 0.9146634615384616 0.06490384615384616 0.06850961538461539
2 0.25961538461538464 0.5757211538461539 0.030048076923076924 0.026442307692307692
2 0.09615384615384616 0.22235576923076922 0.037259615384615384 0.04447115384615385
2 0.38100961538461536 0.7079326923076923 0.019230769230769232 0.03245192307692308
2 0.9399038461538461 0.9591346153846154 0.04807692307692308 0.036057692307692304
2 0.109375 0.5120192307692307 0.027644230769230768 0.02283653846153846
2 0.4266826923076923 0.9098557692307693 0.016826923076923076 0.018028846153846152
2 0.31490384615384615 0.6442307692307693 0.06610576923076923 0.06971153846153846
2 0.9507211538461539 0.28966346153846156 0.027644230769230768 0.037259615384615384
2 0.1346153846153846 0.6694711538461539 0.014423076923076924 0.026442307692307692
2 0.4723557692307692 0.5204326923076923 0.028846153846153848 0.040865384615384616
2 0.19110576923076922 0.9122596153846154 0.02403846153846154 0.03125
2 0.125 0.8966346153846154 0.016826923076923076 0.027644230769230768
2 0.02403846153846154 0.8052884615384616 0.015625 0.014423076923076924
2 0.055288461538461536 0.5805288461538461 0.037259615384615384 0.057692307692307696
2 0.2608173076923077 0.4411057692307692 0.04567307692307692 0.0625
2 0.013221153846153846 0.39903846153846156 0.021634615384615384 0.02283653846153846
2 0.042067307692307696 0.28846153846153844 0.008413461538461538 0.037259615384615384
2 0.02403846153846154 0.11177884615384616 0.018028846153846152 0.019230769230769232
2 0.2980769230769231 0.2668269230769231 0.014423076923076924 0.013221153846153846
2 0.7800480769230769 0.5745192307692307 0.019230769230769232 0.025240384615384616
2 0.5348557692307693 0.5144230769230769 0.014423076923076924 0.02283653846153846
2 0.4182692307692308 0.7223557692307693 0.013221153846153846 0.025240384615384616
2 0.21153846153846154 0.46634615384615385 0.03485576923076923 0.04567307692307692
2 0.20432692307692307 0.6262019230769231 0.016826923076923076 0.03485576923076923
2 0.31850961538461536 0.9627403846153846 0.020432692307692308 0.019230769230769232
2 0.10216346153846154 0.8894230769230769 0.013221153846153846 0.014423076923076924
2 0.08653846153846154 0.9302884615384616 0.02403846153846154 0.027644230769230768
2 0.06971153846153846 0.8125 0.016826923076923076 0.02283653846153846
2 0.3173076923076923 0.25240384615384615 0.016826923076923076 0.02403846153846154
0 0.9242788461538461 0.203125 0.038461538461538464 0.04567307692307692
0 0.7848557692307693 0.9723557692307693 0.036057692307692304 0.04807692307692308
2 0.6634615384615384 0.5829326923076923 0.02403846153846154 0.03365384615384615
2 0.921875 0.46634615384615385 0.014423076923076924 0.025240384615384616
2 0.6394230769230769 0.4699519230769231 0.014423076923076924 0.014423076923076924
2 0.6622596153846154 0.5288461538461539 0.018028846153846152 0.027644230769230768
2 0.018028846153846152 0.9747596153846154 0.03125 0.03125
2 0.35336538461538464 0.9086538461538461 0.026442307692307692 0.027644230769230768
2 0.2800480769230769 0.7391826923076923 0.030048076923076924 0.03245192307692308
2 0.055288461538461536 0.7800480769230769 0.016826923076923076 0.02283653846153846
2 0.010817307692307692 0.27163461538461536 0.021634615384615384 0.03485576923076923
2 0.16706730769230768 0.765625 0.021634615384615384 0.025240384615384616
2 0.5288461538461539 0.5817307692307693 0.01201923076923077 0.019230769230769232
0 0.5432692307692307 0.9302884615384616 0.10697115384615384 0.13822115384615385
2 0.171875 0.5348557692307693 0.055288461538461536 0.07451923076923077
2 0.4387019230769231 0.9302884615384616 0.016826923076923076 0.019230769230769232
2 0.15985576923076922 0.054086538461538464 0.08413461538461539 0.09615384615384616
2 0.7608173076923077 0.6634615384615384 0.021634615384615384 0.03125
2 0.1935096153846154 0.16466346153846154 0.02283653846153846 0.05048076923076923
2 0.3581730769230769 0.4831730769230769 0.01201923076923077 0.02403846153846154
2 0.31850961538461536 0.5132211538461539 0.016826923076923076 0.025240384615384616
2 0.3473557692307692 0.8521634615384616 0.020432692307692308 0.020432692307692308
2 0.9903846153846154 0.8798076923076923 0.019230769230769232 0.10216346153846154
2 0.9387019230769231 0.39302884615384615 0.014423076923076924 0.025240384615384616
2 0.007211538461538462 0.3605769230769231 0.008413461538461538 0.021634615384615384
3 0.6177884615384616 0.0733173076923077 0.18269230769230768 0.1466346153846154
3 0.7319711538461539 0.7932692307692307 0.5360576923076923 0.40865384615384615
2 0.40625 0.20072115384615385 0.015625 0.019230769230769232
2 0.4831730769230769 0.19831730769230768 0.030048076923076924 0.038461538461538464
2 0.28966346153846156 0.038461538461538464 0.020432692307692308 0.020432692307692308
2 0.8882211538461539 0.8521634615384616 0.02283653846153846 0.020432692307692308
2 0.9050480769230769 0.5144230769230769 0.013221153846153846 0.019230769230769232
2 0.6286057692307693 0.6442307692307693 0.052884615384615384 0.03485576923076923
2 0.7223557692307693 0.5144230769230769 0.019230769230769232 0.027644230769230768
2 0.9002403846153846 0.4026442307692308 0.016826923076923076 0.03245192307692308
2 0.7872596153846154 0.36177884615384615 0.030048076923076924 0.03245192307692308
2 0.8846153846153846 0.2692307692307692 0.027644230769230768 0.030048076923076924
2 0.3918269230769231 0.6742788461538461 0.019230769230769232 0.02283653846153846
2 0.26322115384615385 0.2824519230769231 0.030048076923076924 0.03245192307692308
2 0.171875 0.36658653846153844 0.03485576923076923 0.025240384615384616
2 0.4338942307692308 0.328125 0.019230769230769232 0.02403846153846154
2 0.5456730769230769 0.3473557692307692 0.02403846153846154 0.028846153846153848
2 0.2608173076923077 0.10216346153846154 0.030048076923076924 0.04326923076923077
2 0.1814903846153846 0.22355769230769232 0.01201923076923077 0.01201923076923077
2 0.2536057692307692 0.12980769230769232 0.014423076923076924 0.021634615384615384
2 0.4495192307692308 0.3161057692307692 0.01201923076923077 0.008413461538461538
2 0.7932692307692307 0.6310096153846154 0.021634615384615384 0.025240384615384616
2 0.6634615384615384 0.7355769230769231 0.04567307692307692 0.03485576923076923
2 0.546875 0.6658653846153846 0.027644230769230768 0.07451923076923077
2 0.08774038461538461 0.7548076923076923 0.026442307692307692 0.027644230769230768
2 0.4170673076923077 0.039663461538461536 0.02283653846153846 0.03125
0 0.6658653846153846 0.8401442307692307 0.13581730769230768 0.10697115384615384
2 0.2127403846153846 0.1935096153846154 0.014423076923076924 0.019230769230769232
2 0.35216346153846156 0.16346153846153846 0.019230769230769232 0.025240384615384616
2 0.33052884615384615 0.14903846153846154 0.013221153846153846 0.014423076923076924
2 0.3942307692307692 0.31971153846153844 0.014423076923076924 0.02403846153846154
2 0.22115384615384615 0.10096153846153846 0.042067307692307696 0.08774038461538461
2 0.4423076923076923 0.019230769230769232 0.014423076923076924 0.020432692307692308
2 0.39783653846153844 0.09134615384615384 0.01201923076923077 0.018028846153846152
14 0.4387019230769231 0.23197115384615385 0.6947115384615384 0.46153846153846156
2 0.9567307692307693 0.9375 0.027644230769230768 0.030048076923076924
2 0.3112980769230769 0.3473557692307692 0.019230769230769232 0.026442307692307692
2 0.5120192307692307 0.6610576923076923 0.039663461538461536 0.06971153846153846
2 0.21514423076923078 0.01201923076923077 0.03125 0.02403846153846154
0 0.7415865384615384 0.09735576923076923 0.0889423076923077 0.09735576923076923
2 0.2536057692307692 0.23798076923076922 0.014423076923076924 0.018028846153846152
2 0.20432692307692307 0.37259615384615385 0.027644230769230768 0.04567307692307692
2 0.02403846153846154 0.8954326923076923 0.030048076923076924 0.027644230769230768
2 0.22956730769230768 0.24158653846153846 0.01201923076923077 0.015625
2 0.35336538461538464 0.20673076923076922 0.020432692307692308 0.020432692307692308
2 0.03245192307692308 0.027644230769230768 0.016826923076923076 0.020432692307692308
2 0.42908653846153844 0.41586538461538464 0.028846153846153848 0.03485576923076923
2 0.25 0.8293269230769231 0.015625 0.015625
2 0.028846153846153848 0.09134615384615384 0.010817307692307692 0.02283653846153846
2 0.2920673076923077 0.234375 0.021634615384615384 0.026442307692307692
2 0.390625 0.010817307692307692 0.02283653846153846 0.020432692307692308
2 0.7644230769230769 0.8137019230769231 0.09375 0.08774038461538461
2 0.07692307692307693 0.1201923076923077 0.040865384615384616 0.054086538461538464
2 0.31971153846153844 0.125 0.018028846153846152 0.018028846153846152
2 0.11057692307692307 0.5925480769230769 0.03485576923076923 0.046875
2 0.11899038461538461 0.3870192307692308 0.025240384615384616 0.020432692307692308
2 0.27524038461538464 0.13701923076923078 0.016826923076923076 0.03245192307692308
2 0.38221153846153844 0.5432692307692307 0.016826923076923076 0.016826923076923076
2 0.4026442307692308 0.7319711538461539 0.016826923076923076 0.040865384615384616
2 0.021634615384615384 0.20673076923076922 0.019230769230769232 0.038461538461538464
2 0.12860576923076922 0.7259615384615384 0.030048076923076924 0.027644230769230768
2 0.328125 0.8882211538461539 0.02403846153846154 0.026442307692307692
2 0.2608173076923077 0.8798076923076923 0.021634615384615384 0.02283653846153846