2 0.8918269230769231 0.4795673076923077 0.004807692307692308 0.006009615384615385
2 0.5324519230769231 0.15985576923076922 0.016826923076923076 0.02403846153846154
2 0.7259615384615384 0.16466346153846154 0.006009615384615385 0.006009615384615385
2 0.25600961538461536 0.8293269230769231 0.02403846153846154 0.013221153846153846
2 0.9759615384615384 0.6045673076923077 0.003605769230769231 0.006009615384615385
2 0.8641826923076923 0.01201923076923077 0.010817307692307692 0.01201923076923077
2 0.9471153846153846 0.27283653846153844 0.018028846153846152 0.027644230769230768
2 0.3088942307692308 0.22115384615384615 0.004807692307692308 0.008413461538461538
2 0.43028846153846156 0.1778846153846154 0.014423076923076924 0.030048076923076924
2 0.8269230769230769 0.4723557692307692 0.006009615384615385 0.008413461538461538
2 0.5877403846153846 0.9615384615384616 0.02403846153846154 0.038461538461538464
10 0.5 0.6646634615384616 1 0.3473557692307692
2 0.9098557692307693 0.9266826923076923 0.014423076923076924 0.02403846153846154
2 0.9723557692307693 0.6875 0.014423076923076924 0.01201923076923077
2 0.9182692307692307 0.10697115384615384 0.01201923076923077 0.016826923076923076
2 0.25240384615384615 0.3401442307692308 0.010817307692307692 0.018028846153846152
2 0.16466346153846154 0.8942307692307693 0.027644230769230768 0.02283653846153846
2 0.7848557692307693 0.16826923076923078 0.021634615384615384 0.02283653846153846
2 0.9435096153846154 0.5120192307692307 0.007211538461538462 0.009615384615384616
2 0.8100961538461539 0.4735576923076923 0.007211538461538462 0.006009615384615385
2 0.7295673076923077 0.4831730769230769 0.007211538461538462 0.004807692307692308
2 0.8341346153846154 0.6995192307692307 0.009615384615384616 0.008413461538461538
2 0.9963942307692307 0.48677884615384615 0.007211538461538462 0.007211538461538462
2 0.9963942307692307 0.5144230769230769 0.006009615384615385 0.010817307692307692
2 0.7716346153846154 0.49399038461538464 0.007211538461538462 0.009615384615384616
2 0.9867788461538461 0.6141826923076923 0.01201923076923077 0.01201923076923077
2 0.9399038461538461 0.6694711538461539 0.008413461538461538 0.01201923076923077
2 0.9903846153846154 0.47596153846153844 0.008413461538461538 0.01201923076923077
2 0.9507211538461539 0.5625 0.008413461538461538 0.009615384615384616
2 0.8942307692307693 0.27403846153846156 0.010817307692307692 0.013221153846153846
2 0.4723557692307692 0.20192307692307693 0.006009615384615385 0.006009615384615385
2 0.03485576923076923 0.35216346153846156 0.02403846153846154 0.020432692307692308
2 0.04807692307692308 0.328125 0.009615384615384616 0.019230769230769232
2 0.5961538461538461 0.6430288461538461 0.015625 0.006009615384615385
2 0.37259615384615385 0.027644230769230768 0.016826923076923076 0.021634615384615384
2 0.421875 0.4182692307692308 0.02403846153846154 0.027644230769230768
2 0.5048076923076923 0.40625 0.016826923076923076 0.030048076923076924
2 0.8473557692307693 0.1502403846153846 0.021634615384615384 0.027644230769230768
2 0.0733173076923077 0.8293269230769231 0.016826923076923076 0.021634615384615384
2 0.1045673076923077 0.9314903846153846 0.016826923076923076 0.021634615384615384
2 0.2403846153846154 0.9483173076923077 0.020432692307692308 0.03125
2 0.22596153846153846 0.7740384615384616 0.026442307692307692 0.027644230769230768
2 0.5540865384615384 0.5949519230769231 0.020432692307692308 0.027644230769230768
2 0.8473557692307693 0.765625 0.03485576923076923 0.06610576923076923
16 0.6153846153846154 0.08173076923076923 0.48197115384615385 0.1622596153846154
2 0.08533653846153846 0.9423076923076923 0.02283653846153846 0.02403846153846154
2 0.3112980769230769 0.2932692307692308 0.019230769230769232 0.020432692307692308
2 0.8173076923076923 0.625 0.019230769230769232 0.021634615384615384
2 0.4483173076923077 0.19230769230769232 0.02403846153846154 0.037259615384615384
2 0.6177884615384616 0.35216346153846156 0.009615384615384616 0.01201923076923077
2 0.9182692307692307 0.49278846153846156 0.018028846153846152 0.021634615384615384
2 0.71875 0.390625 0.006009615384615385 0.019230769230769232
2 0.6538461538461539 0.4338942307692308 0.01201923076923077 0.014423076923076924
2 0.8365384615384616 0.31009615384615385 0.01201923076923077 0.019230769230769232
2 0.7127403846153846 0.265625 0.004807692307692308 0.009615384615384616
2 0.4891826923076923 0.39302884615384615 0.009615384615384616 0.010817307692307692
2 0.4879807692307692 0.46153846153846156 0.003605769230769231 0.006009615384615385
2 0.25841346153846156 0.3737980769230769 0.021634615384615384 0.028846153846153848
2 0.4074519230769231 0.17427884615384615 0.016826923076923076 0.02283653846153846
2 0.5024038461538461 0.14903846153846154 0.016826923076923076 0.027644230769230768
2 0.4182692307692308 0.3173076923076923 0.014423076923076924 0.019230769230769232
2 0.6526442307692307 0.4050480769230769 0.018028846153846152 0.021634615384615384
2 0.9014423076923077 0.1502403846153846 0.01201923076923077 0.019230769230769232
2 0.9170673076923077 0.39663461538461536 0.019230769230769232 0.03125
2 0.9819711538461539 0.734375 0.020432692307692308 0.02403846153846154
2 0.06370192307692307 0.6610576923076923 0.016826923076923076 0.03245192307692308
2 0.09615384615384616 0.7055288461538461 0.021634615384615384 0.021634615384615384
2 0.41346153846153844 0.8665865384615384 0.020432692307692308 0.026442307692307692
2 0.37259615384615385 0.5745192307692307 0.016826923076923076 0.027644230769230768
2 0.8413461538461539 0.9735576923076923 0.02403846153846154 0.019230769230769232
2 0.6947115384615384 0.2860576923076923 0.02283653846153846 0.026442307692307692
2 0.11298076923076923 0.0985576923076923 0.007211538461538462 0.009615384615384616
2 0.3629807692307692 0.5420673076923077 0.018028846153846152 0.03485576923076923
2 0.3918269230769231 0.9326923076923077 0.007211538461538462 0.007211538461538462
2 0.6778846153846154 0.6658653846153846 0.008413461538461538 0.015625
2 0.4831730769230769 0.6153846153846154 0.009615384615384616 0.015625
0 0.6887019230769231 0.44471153846153844 0.021634615384615384 0.037259615384615384
2 0.8521634615384616 0.265625 0.02283653846153846 0.027644230769230768
2 0.875 0.06971153846153846 0.02403846153846154 0.027644230769230768
2 0.9579326923076923 0.09735576923076923 0.020432692307692308 0.021634615384615384
2 0.8473557692307693 0.5877403846153846 0.020432692307692308 0.02283653846153846
2 0.828125 0.6069711538461539 0.020432692307692308 0.019230769230769232
2 0.23317307692307693 0.8737980769230769 0.020432692307692308 0.03245192307692308
2 0.4014423076923077 0.7668269230769231 0.026442307692307692 0.03485576923076923
2 0.34975961538461536 0.6935096153846154 0.03485576923076923 0.05048076923076923
2 0.40625 0.5697115384615384 0.014423076923076924 0.018028846153846152
2 0.5120192307692307 0.2764423076923077 0.007211538461538462 0.009615384615384616
2 0.4951923076923077 0.47716346153846156 0.01201923076923077 0.009615384615384616
2 0.35697115384615385 0.22956730769230768 0.007211538461538462 0.008413461538461538
2 0.19110576923076922 0.2247596153846154 0.006009615384615385 0.008413461538461538
2 0.028846153846153848 0.5300480769230769 0.007211538461538462 0.008413461538461538
2 0.4206730769230769 0.5697115384615384 0.013221153846153846 0.019230769230769232
2 0.47475961538461536 0.6298076923076923 0.019230769230769232 0.013221153846153846
2 0.4254807692307692 0.34615384615384615 0.007211538461538462 0.008413461538461538
2 0.040865384615384616 0.24158653846153846 0.02403846153846154 0.021634615384615384
2 0.10336538461538461 0.5036057692307693 0.021634615384615384 0.021634615384615384
2 0.4567307692307692 0.48677884615384615 0.019230769230769232 0.02403846153846154
2 0.7127403846153846 0.3004807692307692 0.030048076923076924 0.03485576923076923
2 0.6947115384615384 0.15985576923076922 0.019230769230769232 0.027644230769230768
2 0.7524038461538461 0.4495192307692308 0.02403846153846154 0.019230769230769232
2 0.5649038461538461 0.9050480769230769 0.019230769230769232 0.030048076923076924
2 0.9158653846153846 0.26322115384615385 0.009615384615384616 0.009615384615384616
2 0.23798076923076922 0.4879807692307692 0.016826923076923076 0.019230769230769232
2 0.609375 0.4206730769230769 0.02283653846153846 0.03245192307692308
2 0.8605769230769231 0.5685096153846154 0.021634615384615384 0.02403846153846154
2 0.7427884615384616 0.5444711538461539 0.016826923076923076 0.02283653846153846
2 0.703125 0.26322115384615385 0.01201923076923077 0.014423076923076924
2 0.3629807692307692 0.046875 0.014423076923076924 0.016826923076923076
2 0.25 0.40865384615384615 0.007211538461538462 0.009615384615384616
2 0.7175480769230769 0.7632211538461539 0.010817307692307692 0.013221153846153846
2 0.30649038461538464 0.42908653846153844 0.026442307692307692 0.027644230769230768
2 0.3137019230769231 0.09495192307692307 0.018028846153846152 0.026442307692307692
2 0.8786057692307693 0.3918269230769231 0.02403846153846154 0.026442307692307692
2 0.24639423076923078 0.11658653846153846 0.02403846153846154 0.03365384615384615
2 0.21033653846153846 0.34375 0.009615384615384616 0.015625
2 0.6225961538461539 0.265625 0.007211538461538462 0.008413461538461538
2 0.055288461538461536 0.4675480769230769 0.014423076923076924 0.019230769230769232
2 0.7884615384615384 0.4254807692307692 0.014423076923076924 0.019230769230769232
2 0.5745192307692307 0.2704326923076923 0.006009615384615385 0.009615384615384616
2 0.8930288461538461 0.8365384615384616 0.020432692307692308 0.03125
2 0.6442307692307693 0.9290865384615384 0.025240384615384616 0.030048076923076924
2 0.038461538461538464 0.8689903846153846 0.021634615384615384 0.027644230769230768
2 0.06610576923076923 0.3245192307692308 0.030048076923076924 0.026442307692307692
2 0.9903846153846154 0.11057692307692307 0.008413461538461538 0.01201923076923077
2 0.5673076923076923 0.7019230769230769 0.020432692307692308 0.02283653846153846
2 0.9735576923076923 0.09254807692307693 0.007211538461538462 0.010817307692307692
2 0.0829326923076923 0.08052884615384616 0.02403846153846154 0.019230769230769232
2 0.4098557692307692 0.6225961538461539 0.004807692307692308 0.008413461538461538
2 0.7055288461538461 0.21394230769230768 0.01201923076923077 0.01201923076923077
2 0.010817307692307692 0.046875 0.021634615384615384 0.03125
2 0.08533653846153846 0.1141826923076923 0.016826923076923076 0.021634615384615384
2 0.36538461538461536 0.6538461538461539 0.01201923076923077 0.019230769230769232
2 0.7139423076923077 0.84375 0.01201923076923077 0.016826923076923076
2 0.08653846153846154 0.057692307692307696 0.013221153846153846 0.018028846153846152
2 0.49278846153846156 0.6370192307692307 0.021634615384615384 0.03125
2 0.16105769230769232 0.5829326923076923 0.026442307692307692 0.021634615384615384
2 0.43149038461538464 0.8762019230769231 0.019230769230769232 0.037259615384615384
2 0.05889423076923077 0.4050480769230769 0.021634615384615384 0.026442307692307692
2 0.3858173076923077 0.6069711538461539 0.016826923076923076 0.03485576923076923
2 0.4338942307692308 0.6105769230769231 0.019230769230769232 0.03485576923076923
2 0.6862980769230769 0.24879807692307693 0.016826923076923076 0.016826923076923076