2 0.9543269230769231 0.9074519230769231 0.09014423076923077 0.08413461538461539
2 0.03245192307692308 0.8125 0.06490384615384616 0.12980769230769232
2 0.8533653846153846 0.07451923076923077 0.0673076923076923 0.1346153846153846
0 0.25841346153846156 0.8617788461538461 0.33653846153846156 0.2692307692307692
14 0.5264423076923077 0.5 0.6490384615384616 1
0 0.052884615384615384 0.2848557692307692 0.10576923076923077 0.3786057692307692
2 0.5432692307692307 0.13822115384615385 0.11538461538461539 0.12139423076923077
2 0.4098557692307692 0.41466346153846156 0.16105769230769232 0.12139423076923077
2 0.8016826923076923 0.6358173076923077 0.06610576923076923 0.078125
2 0.8834134615384616 0.7992788461538461 0.12139423076923077 0.125
2 0.46634615384615385 0.8521634615384616 0.1971153846153846 0.19951923076923078
2 0.984375 0.24879807692307693 0.030048076923076924 0.06490384615384616
2 0.7776442307692307 0.16466346153846154 0.15384615384615385 0.15264423076923078
2 0.25841346153846156 0.21153846153846154 0.06971153846153846 0.07932692307692307
2 0.11899038461538461 0.03125 0.0673076923076923 0.06129807692307692