2 0.5661057692307693 0.796875 0.030048076923076924 0.04326923076923077
2 0.453125 0.09375 0.08533653846153846 0.10576923076923077
2 0.6430288461538461 0.7259615384615384 0.025240384615384616 0.03125
2 0.453125 0.7463942307692307 0.07211538461538461 0.0733173076923077
2 0.11658653846153846 0.10697115384615384 0.07932692307692307 0.12139423076923077
2 0.8365384615384616 0.8149038461538461 0.07451923076923077 0.09615384615384616
2 0.671875 0.11177884615384616 0.13701923076923078 0.16706730769230768
4 0.08653846153846154 0.7920673076923077 0.17307692307692307 0.26802884615384615
4 0.7295673076923077 0.5 0.5348557692307693 0.9951923076923077
2 0.9495192307692307 0.057692307692307696 0.06971153846153846 0.0985576923076923
2 0.7992788461538461 0.9026442307692307 0.08774038461538461 0.10216346153846154
2 0.4182692307692308 0.37740384615384615 0.09375 0.09735576923076923
2 0.24879807692307693 0.22235576923076922 0.09375 0.15144230769230768
2 0.6189903846153846 0.3581730769230769 0.08413461538461539 0.15264423076923078
2 0.3485576923076923 0.0733173076923077 0.06009615384615385 0.07692307692307693
2 0.421875 0.5396634615384616 0.052884615384615384 0.06009615384615385
2 0.11658653846153846 0.9795673076923077 0.04807692307692308 0.027644230769230768
2 0.5997596153846154 0.9350961538461539 0.06971153846153846 0.0733173076923077
2 0.04447115384615385 0.6117788461538461 0.08052884615384616 0.10216346153846154