2 0.025240384615384616 0.27403846153846156 0.019230769230769232 0.013221153846153846
2 0.14543269230769232 0.5048076923076923 0.016826923076923076 0.02283653846153846
2 0.013221153846153846 0.36778846153846156 0.014423076923076924 0.01201923076923077
2 0.08653846153846154 0.08052884615384616 0.016826923076923076 0.016826923076923076
2 0.10096153846153846 0.02403846153846154 0.018028846153846152 0.03485576923076923
2 0.6454326923076923 0.8125 0.007211538461538462 0.010817307692307692
0 0.2860576923076923 0.5492788461538461 0.040865384615384616 0.06971153846153846
0 0.7728365384615384 0.828125 0.03485576923076923 0.04447115384615385
0 0.8641826923076923 0.8004807692307693 0.06129807692307692 0.07451923076923077
2 0.3401442307692308 0.8978365384615384 0.055288461538461536 0.06009615384615385
2 0.6478365384615384 0.7451923076923077 0.020432692307692308 0.046875
2 0.43990384615384615 0.2776442307692308 0.02403846153846154 0.027644230769230768
14 0.5180288461538461 0.5697115384615384 0.7740384615384616 0.8557692307692307
2 0.8882211538461539 0.5432692307692307 0.021634615384615384 0.018028846153846152
2 0.6850961538461539 0.052884615384615384 0.015625 0.037259615384615384
2 0.5084134615384616 0.07451923076923077 0.01201923076923077 0.016826923076923076
2 0.11899038461538461 0.6826923076923077 0.052884615384615384 0.09735576923076923
2 0.0625 0.6983173076923077 0.027644230769230768 0.027644230769230768
2 0.6274038461538461 0.7259615384615384 0.01201923076923077 0.010817307692307692
2 0.3425480769230769 0.018028846153846152 0.007211538461538462 0.009615384615384616
2 0.02403846153846154 0.21754807692307693 0.014423076923076924 0.02403846153846154
2 0.03485576923076923 0.3401442307692308 0.027644230769230768 0.03485576923076923
2 0.8149038461538461 0.671875 0.01201923076923077 0.02283653846153846
2 0.171875 0.7391826923076923 0.052884615384615384 0.05048076923076923
2 0.6081730769230769 0.9867788461538461 0.02403846153846154 0.026442307692307692
2 0.10817307692307693 0.5564903846153846 0.016826923076923076 0.021634615384615384
2 0.07091346153846154 0.5036057692307693 0.042067307692307696 0.025240384615384616
2 0.054086538461538464 0.1622596153846154 0.004807692307692308 0.016826923076923076
2 0.48677884615384615 0.9110576923076923 0.016826923076923076 0.02283653846153846
2 0.38221153846153844 0.40024038461538464 0.04567307692307692 0.04567307692307692
2 0.22956730769230768 0.9735576923076923 0.026442307692307692 0.025240384615384616
2 0.036057692307692304 0.14423076923076922 0.016826923076923076 0.02283653846153846
2 0.007211538461538462 0.3317307692307692 0.014423076923076924 0.016826923076923076
2 0.09735576923076923 0.43149038461538464 0.01201923076923077 0.027644230769230768
2 0.11538461538461539 0.10096153846153846 0.021634615384615384 0.030048076923076924
2 0.3004807692307692 0.03485576923076923 0.013221153846153846 0.01201923076923077
2 0.24879807692307693 0.6057692307692307 0.019230769230769232 0.025240384615384616
2 0.31850961538461536 0.007211538461538462 0.016826923076923076 0.014423076923076924
2 0.06490384615384616 0.3713942307692308 0.016826923076923076 0.018028846153846152
2 0.10697115384615384 0.45913461538461536 0.01201923076923077 0.01201923076923077
2 0.09254807692307693 0.39663461538461536 0.01201923076923077 0.018028846153846152
2 0.08653846153846154 0.35096153846153844 0.020432692307692308 0.027644230769230768
2 0.010817307692307692 0.296875 0.021634615384615384 0.03125
2 0.8137019230769231 0.7776442307692307 0.02283653846153846 0.025240384615384616
2 0.21033653846153846 0.3894230769230769 0.07692307692307693 0.06850961538461539
3 0.6081730769230769 0.36899038461538464 0.2848557692307692 0.7379807692307693
2 0.8016826923076923 0.5528846153846154 0.04567307692307692 0.037259615384615384
2 0.9891826923076923 0.9290865384615384 0.021634615384615384 0.019230769230769232
2 0.4891826923076923 0.9507211538461539 0.016826923076923076 0.019230769230769232
2 0.8713942307692307 0.12980769230769232 0.021634615384615384 0.039663461538461536
2 0.5120192307692307 0.038461538461538464 0.037259615384615384 0.02403846153846154
2 0.37740384615384615 0.026442307692307692 0.025240384615384616 0.052884615384615384
2 0.44591346153846156 0.34975961538461536 0.02283653846153846 0.025240384615384616
2 0.18389423076923078 0.43509615384615385 0.016826923076923076 0.020432692307692308
2 0.5408653846153846 0.5108173076923077 0.026442307692307692 0.027644230769230768
2 0.4254807692307692 0.9915865384615384 0.04326923076923077 0.016826923076923076
0 0.9170673076923077 0.6526442307692307 0.04447115384615385 0.056490384615384616
2 0.04447115384615385 0.8353365384615384 0.016826923076923076 0.019230769230769232
2 0.43028846153846156 0.6514423076923077 0.030048076923076924 0.03365384615384615
2 0.5685096153846154 0.5192307692307693 0.016826923076923076 0.019230769230769232
2 0.9050480769230769 0.25721153846153844 0.038461538461538464 0.05048076923076923
2 0.25 0.32211538461538464 0.04807692307692308 0.03485576923076923
2 0.8521634615384616 0.1201923076923077 0.020432692307692308 0.03365384615384615
2 0.13221153846153846 0.20192307692307693 0.055288461538461536 0.040865384615384616
2 0.28725961538461536 0.6754807692307693 0.025240384615384616 0.03485576923076923
0 0.40865384615384615 0.5432692307692307 0.0625 0.08052884615384616
2 0.5084134615384616 0.9050480769230769 0.02283653846153846 0.027644230769230768
0 0.8004807692307693 0.4723557692307692 0.08413461538461539 0.10336538461538461
0 0.5721153846153846 0.19230769230769232 0.15985576923076922 0.2860576923076923
2 0.8689903846153846 0.051682692307692304 0.018028846153846152 0.027644230769230768
2 0.25841346153846156 0.06009615384615385 0.019230769230769232 0.025240384615384616
2 0.11177884615384616 0.8221153846153846 0.013221153846153846 0.02403846153846154
2 0.21153846153846154 0.15745192307692307 0.030048076923076924 0.030048076923076924
2 0.5228365384615384 0.37740384615384615 0.016826923076923076 0.019230769230769232
2 0.38221153846153844 0.3088942307692308 0.020432692307692308 0.018028846153846152
2 0.3016826923076923 0.3713942307692308 0.016826923076923076 0.026442307692307692
2 0.3389423076923077 0.375 0.021634615384615384 0.021634615384615384
2 0.28846153846153844 0.11177884615384616 0.03245192307692308 0.03365384615384615
2 0.41466346153846156 0.734375 0.025240384615384616 0.040865384615384616
0 0.4879807692307692 0.4879807692307692 0.06850961538461539 0.11298076923076923
2 0.3918269230769231 0.24158653846153846 0.018028846153846152 0.027644230769230768
2 0.27403846153846156 0.7367788461538461 0.01201923076923077 0.02283653846153846
2 0.7884615384615384 0.14543269230769232 0.021634615384615384 0.03125
2 0.3786057692307692 0.109375 0.021634615384615384 0.02283653846153846
2 0.4831730769230769 0.08173076923076923 0.01201923076923077 0.018028846153846152
2 0.7980769230769231 0.08413461538461539 0.02403846153846154 0.039663461538461536
2 0.8834134615384616 0.49399038461538464 0.016826923076923076 0.021634615384615384
2 0.22115384615384615 0.9134615384615384 0.021634615384615384 0.03125
2 0.08653846153846154 0.8365384615384616 0.019230769230769232 0.018028846153846152
2 0.7608173076923077 0.7139423076923077 0.039663461538461536 0.03485576923076923
2 0.3125 0.39663461538461536 0.02403846153846154 0.028846153846153848
2 0.8521634615384616 0.17548076923076922 0.01201923076923077 0.014423076923076924
0 0.0673076923076923 0.4411057692307692 0.03245192307692308 0.054086538461538464
2 0.5877403846153846 0.36778846153846156 0.04927884615384615 0.040865384615384616
2 0.18629807692307693 0.015625 0.04567307692307692 0.03125
2 0.828125 0.35216346153846156 0.030048076923076924 0.038461538461538464
3 0.9639423076923077 0.28846153846153844 0.07211538461538461 0.0985576923076923
2 0.7848557692307693 0.203125 0.038461538461538464 0.04326923076923077
2 0.9783653846153846 0.7788461538461539 0.015625 0.014423076923076924