2 0.3161057692307692 0.1466346153846154 0.010817307692307692 0.01201923076923077
2 0.6634615384615384 0.8221153846153846 0.019230769230769232 0.030048076923076924
2 0.4026442307692308 0.8966346153846154 0.01201923076923077 0.018028846153846152
2 0.15144230769230768 0.31971153846153844 0.010817307692307692 0.016826923076923076
2 0.27283653846153844 0.23557692307692307 0.007211538461538462 0.01201923076923077
2 0.43990384615384615 0.9122596153846154 0.009615384615384616 0.015625
2 0.13341346153846154 0.38341346153846156 0.021634615384615384 0.016826923076923076
2 0.5973557692307693 0.9615384615384616 0.025240384615384616 0.05048076923076923
2 0.17427884615384615 0.34615384615384615 0.010817307692307692 0.01201923076923077
2 0.25240384615384615 0.1778846153846154 0.007211538461538462 0.004807692307692308
2 0.15865384615384615 0.3245192307692308 0.007211538461538462 0.010817307692307692
2 0.4483173076923077 0.9699519230769231 0.07692307692307693 0.06009615384615385
2 0.7716346153846154 0.9831730769230769 0.009615384615384616 0.016826923076923076
2 0.2127403846153846 0.18269230769230768 0.01201923076923077 0.018028846153846152
2 0.29447115384615385 0.3088942307692308 0.01201923076923077 0.02403846153846154
2 0.3425480769230769 0.21995192307692307 0.014423076923076924 0.01201923076923077
2 0.296875 0.24278846153846154 0.01201923076923077 0.013221153846153846
2 0.7055288461538461 0.7379807692307693 0.025240384615384616 0.02283653846153846
2 0.5757211538461539 0.6574519230769231 0.04807692307692308 0.055288461538461536
2 0.9579326923076923 0.5685096153846154 0.04326923076923077 0.0985576923076923
2 0.3293269230769231 0.24639423076923078 0.008413461538461538 0.008413461538461538
2 0.31490384615384615 0.3269230769230769 0.016826923076923076 0.02283653846153846
2 0.28846153846153844 0.3713942307692308 0.006009615384615385 0.010817307692307692
2 0.28125 0.2920673076923077 0.006009615384615385 0.01201923076923077
2 0.2620192307692308 0.296875 0.009615384615384616 0.015625
2 0.2127403846153846 0.27884615384615385 0.007211538461538462 0.008413461538461538
2 0.1935096153846154 0.28725961538461536 0.007211538461538462 0.014423076923076924
2 0.18990384615384615 0.3485576923076923 0.009615384615384616 0.008413461538461538
2 0.14903846153846154 0.359375 0.008413461538461538 0.013221153846153846
2 0.13341346153846154 0.31850961538461536 0.008413461538461538 0.007211538461538462
2 0.09254807692307693 0.2608173076923077 0.014423076923076924 0.027644230769230768
2 0.06850961538461539 0.32211538461538464 0.026442307692307692 0.025240384615384616
2 0.6658653846153846 0.7512019230769231 0.04326923076923077 0.09134615384615384
2 0.13581730769230768 0.12740384615384615 0.04807692307692308 0.04927884615384615
2 0.17908653846153846 0.06971153846153846 0.02403846153846154 0.027644230769230768
2 0.4050480769230769 0.018028846153846152 0.016826923076923076 0.027644230769230768
2 0.19471153846153846 0.23076923076923078 0.025240384615384616 0.02403846153846154
2 0.22596153846153846 0.125 0.01201923076923077 0.013221153846153846
2 0.15745192307692307 0.16706730769230768 0.007211538461538462 0.015625
2 0.37740384615384615 0.055288461538461536 0.007211538461538462 0.006009615384615385
2 0.3401442307692308 0.003605769230769231 0.008413461538461538 0.006009615384615385
2 0.35336538461538464 0.013221153846153846 0.008413461538461538 0.009615384615384616
2 0.5072115384615384 0.008413461538461538 0.006009615384615385 0.007211538461538462
2 0.21033653846153846 0.1466346153846154 0.007211538461538462 0.01201923076923077
2 0.052884615384615384 0.8016826923076923 0.014423076923076924 0.02283653846153846
2 0.002403846153846154 0.828125 0.004807692307692308 0.01201923076923077
2 0.2091346153846154 0.45552884615384615 0.009615384615384616 0.008413461538461538
2 0.22596153846153846 0.4495192307692308 0.014423076923076924 0.027644230769230768
2 0.24759615384615385 0.42908653846153844 0.009615384615384616 0.008413461538461538
2 0.013221153846153846 0.7560096153846154 0.01201923076923077 0.01201923076923077
2 0.7512019230769231 0.6694711538461539 0.055288461538461536 0.0673076923076923
2 0.6935096153846154 0.7019230769230769 0.014423076923076924 0.027644230769230768
2 0.5685096153846154 0.765625 0.019230769230769232 0.026442307692307692
2 0.10096153846153846 0.7019230769230769 0.04807692307692308 0.06490384615384616
2 0.12740384615384615 0.21033653846153846 0.09975961538461539 0.07451923076923077
2 0.7884615384615384 0.6274038461538461 0.04807692307692308 0.06009615384615385
2 0.3329326923076923 0.07572115384615384 0.007211538461538462 0.008413461538461538
2 0.3449519230769231 0.06610576923076923 0.009615384615384616 0.009615384615384616
2 0.359375 0.09014423076923077 0.016826923076923076 0.016826923076923076
2 0.2956730769230769 0.19591346153846154 0.006009615384615385 0.007211538461538462
2 0.18269230769230768 0.7932692307692307 0.010817307692307692 0.016826923076923076
2 0.2776442307692308 0.7980769230769231 0.02403846153846154 0.06850961538461539
2 0.7980769230769231 0.14423076923076922 0.18389423076923078 0.13701923076923078
2 0.10817307692307693 0.36538461538461536 0.03125 0.036057692307692304
2 0.4567307692307692 0.054086538461538464 0.007211538461538462 0.010817307692307692
2 0.484375 0.030048076923076924 0.004807692307692308 0.008413461538461538
2 0.37740384615384615 0.14423076923076922 0.013221153846153846 0.018028846153846152
2 0.27283653846153844 0.4579326923076923 0.008413461538461538 0.006009615384615385
2 0.1141826923076923 0.6286057692307693 0.04567307692307692 0.038461538461538464
2 0.014423076923076924 0.6141826923076923 0.014423076923076924 0.03245192307692308
2 0.3401442307692308 0.057692307692307696 0.006009615384615385 0.010817307692307692
2 0.3798076923076923 0.06370192307692307 0.003605769230769231 0.008413461538461538
2 0.33774038461538464 0.03125 0.007211538461538462 0.01201923076923077
2 0.46033653846153844 0.03245192307692308 0.008413461538461538 0.010817307692307692
2 0.32211538461538464 0.18269230769230768 0.006009615384615385 0.010817307692307692
2 0.08413461538461539 0.7331730769230769 0.01201923076923077 0.021634615384615384
2 0.038461538461538464 0.7235576923076923 0.007211538461538462 0.008413461538461538
2 0.23557692307692307 0.11658653846153846 0.007211538461538462 0.01201923076923077
2 0.042067307692307696 0.8557692307692307 0.014423076923076924 0.016826923076923076
2 0.34134615384615385 0.5576923076923077 0.014423076923076924 0.019230769230769232
2 0.40625 0.09495192307692307 0.04567307692307692 0.03245192307692308
2 0.3641826923076923 0.19230769230769232 0.004807692307692308 0.007211538461538462
2 0.31971153846153844 0.21634615384615385 0.006009615384615385 0.009615384615384616
2 0.9254807692307693 0.16466346153846154 0.07692307692307693 0.06610576923076923
2 0.0985576923076923 0.47475961538461536 0.03485576923076923 0.04567307692307692
2 0.15985576923076922 0.7776442307692307 0.013221153846153846 0.018028846153846152
2 0.30288461538461536 0.27283653846153844 0.01201923076923077 0.027644230769230768
2 0.9206730769230769 0.07451923076923077 0.15745192307692307 0.14423076923076922
0 0.27163461538461536 0.8918269230769231 0.13701923076923078 0.1658653846153846
2 0.2091346153846154 0.6850961538461539 0.018028846153846152 0.025240384615384616
2 0.10817307692307693 0.14423076923076922 0.030048076923076924 0.05048076923076923
2 0.31971153846153844 0.9879807692307693 0.038461538461538464 0.02403846153846154
2 0.09615384615384616 0.39663461538461536 0.009615384615384616 0.01201923076923077
2 0.05048076923076923 0.24639423076923078 0.006009615384615385 0.009615384615384616
2 0.078125 0.13581730769230768 0.009615384615384616 0.013221153846153846
2 0.13341346153846154 0.9170673076923077 0.01201923076923077 0.019230769230769232
2 0.21153846153846154 0.9819711538461539 0.039663461538461536 0.036057692307692304
2 0.4423076923076923 0.27524038461538464 0.026442307692307692 0.025240384615384616
2 0.6033653846153846 0.23918269230769232 0.037259615384615384 0.06610576923076923
2 0.84375 0.6442307692307693 0.03485576923076923 0.07692307692307693
4 0.5865384615384616 0.5913461538461539 0.10096153846153846 0.4495192307692308
2 0.2608173076923077 0.2776442307692308 0.008413461538461538 0.010817307692307692
2 0.12860576923076922 0.2956730769230769 0.014423076923076924 0.014423076923076924
0 0.5913461538461539 0.3076923076923077 0.44471153846153844 0.6105769230769231
2 0.09975961538461539 0.5817307692307693 0.009615384615384616 0.019230769230769232
2 0.23317307692307693 0.5348557692307693 0.007211538461538462 0.009615384615384616
2 0.26322115384615385 0.3161057692307692 0.006009615384615385 0.009615384615384616
2 0.9134615384615384 0.8786057692307693 0.013221153846153846 0.013221153846153846
2 0.8834134615384616 0.9507211538461539 0.020432692307692308 0.03485576923076923
2 0.84375 0.6995192307692307 0.02403846153846154 0.02283653846153846
2 0.27163461538461536 0.15745192307692307 0.006009615384615385 0.008413461538461538
2 0.2824519230769231 0.31971153846153844 0.006009615384615385 0.01201923076923077
2 0.2644230769230769 0.26322115384615385 0.009615384615384616 0.01201923076923077
2 0.17548076923076922 0.36778846153846156 0.006009615384615385 0.006009615384615385
2 0.18509615384615385 0.33533653846153844 0.004807692307692308 0.007211538461538462
2 0.17067307692307693 0.3016826923076923 0.009615384615384616 0.01201923076923077
2 0.14182692307692307 0.3737980769230769 0.009615384615384616 0.007211538461538462
2 0.03125 0.3425480769230769 0.019230769230769232 0.03485576923076923
0 0.35216346153846156 0.7283653846153846 0.037259615384615384 0.05048076923076923
2 0.2536057692307692 0.3317307692307692 0.014423076923076924 0.014423076923076924
2 0.38100961538461536 0.18389423076923078 0.008413461538461538 0.014423076923076924
2 0.5108173076923077 0.09615384615384616 0.010817307692307692 0.015625
2 0.2704326923076923 0.14182692307692307 0.009615384615384616 0.014423076923076924
2 0.1935096153846154 0.18269230769230768 0.010817307692307692 0.016826923076923076
2 0.39663461538461536 0.7884615384615384 0.025240384615384616 0.021634615384615384
2 0.24759615384615385 0.46153846153846156 0.008413461538461538 0.01201923076923077
2 0.08413461538461539 0.7764423076923077 0.013221153846153846 0.02283653846153846
2 0.6682692307692307 0.49278846153846156 0.038461538461538464 0.036057692307692304
17 0.6081730769230769 0.5336538461538461 0.020432692307692308 0.025240384615384616
2 0.6225961538461539 0.5769230769230769 0.01201923076923077 0.021634615384615384
2 0.640625 0.5516826923076923 0.019230769230769232 0.026442307692307692
2 0.9903846153846154 0.44350961538461536 0.019230769230769232 0.026442307692307692
2 0.9555288461538461 0.3125 0.046875 0.06490384615384616
2 0.8341346153846154 0.3269230769230769 0.014423076923076924 0.019230769230769232
2 0.6911057692307693 0.3016826923076923 0.025240384615384616 0.052884615384615384
2 0.004807692307692308 0.9182692307692307 0.009615384615384616 0.027644230769230768
2 0.47596153846153844 0.07692307692307693 0.03125 0.05889423076923077
2 0.030048076923076924 0.2668269230769231 0.016826923076923076 0.025240384615384616
2 0.07091346153846154 0.25 0.007211538461538462 0.01201923076923077
2 0.0625 0.21153846153846154 0.007211538461538462 0.010817307692307692
2 0.042067307692307696 0.109375 0.009615384615384616 0.010817307692307692
2 0.030048076923076924 0.0829326923076923 0.014423076923076924 0.030048076923076924
2 0.057692307692307696 0.0733173076923077 0.019230769230769232 0.016826923076923076
2 0.042067307692307696 0.01201923076923077 0.014423076923076924 0.018028846153846152
2 0.06370192307692307 0.4567307692307692 0.008413461538461538 0.014423076923076924
2 0.0625 0.6057692307692307 0.008413461538461538 0.010817307692307692
2 0.016826923076923076 0.6598557692307693 0.007211538461538462 0.013221153846153846
2 0.07211538461538461 0.5504807692307693 0.008413461538461538 0.009615384615384616
2 0.0829326923076923 0.5504807692307693 0.004807692307692308 0.009615384615384616
0 0.19471153846153846 0.6045673076923077 0.3581730769230769 0.7848557692307693
2 0.014423076923076924 0.042067307692307696 0.028846153846153848 0.036057692307692304
2 0.052884615384615384 0.18870192307692307 0.019230769230769232 0.040865384615384616
2 0.06971153846153846 0.4963942307692308 0.004807692307692308 0.004807692307692308
2 0.018028846153846152 0.3076923076923077 0.006009615384615385 0.009615384615384616
3 0.6466346153846154 0.27524038461538464 0.13581730769230768 0.3425480769230769
2 0.4567307692307692 0.8942307692307693 0.013221153846153846 0.019230769230769232
2 0.36778846153846156 0.9591346153846154 0.04807692307692308 0.0673076923076923
2 0.5492788461538461 0.7512019230769231 0.007211538461538462 0.015625
2 0.5889423076923077 0.7163461538461539 0.036057692307692304 0.056490384615384616
2 0.8112980769230769 0.4855769230769231 0.03485576923076923 0.06009615384615385
2 0.3016826923076923 0.15144230769230768 0.006009615384615385 0.006009615384615385
2 0.3016826923076923 0.37259615384615385 0.006009615384615385 0.01201923076923077
2 0.18028846153846154 0.14543269230769232 0.025240384615384616 0.054086538461538464
2 0.26322115384615385 0.03125 0.019230769230769232 0.02283653846153846
2 0.5024038461538461 0.10336538461538461 0.008413461538461538 0.010817307692307692
2 0.3137019230769231 0.051682692307692304 0.019230769230769232 0.028846153846153848
2 0.021634615384615384 0.6875 0.021634615384615384 0.028846153846153848
2 0.296875 0.17427884615384615 0.006009615384615385 0.009615384615384616
2 0.6802884615384616 0.4423076923076923 0.015625 0.019230769230769232
2 0.8786057692307693 0.28725961538461536 0.016826923076923076 0.027644230769230768
2 0.5336538461538461 0.45552884615384615 0.016826923076923076 0.021634615384615384
2 0.35336538461538464 0.5853365384615384 0.013221153846153846 0.018028846153846152
2 0.3581730769230769 0.36658653846153844 0.015625 0.046875
2 0.4110576923076923 0.23557692307692307 0.015625 0.02283653846153846
2 0.0889423076923077 0.16346153846153846 0.014423076923076924 0.021634615384615384
2 0.038461538461538464 0.4254807692307692 0.019230769230769232 0.020432692307692308
2 0.13581730769230768 0.25721153846153844 0.026442307692307692 0.039663461538461536
2 0.040865384615384616 0.4026442307692308 0.010817307692307692 0.013221153846153846
2 0.014423076923076924 0.5168269230769231 0.013221153846153846 0.039663461538461536
2 0.46274038461538464 0.9242788461538461 0.019230769230769232 0.015625
0 0.7788461538461539 0.29447115384615385 0.07932692307692307 0.109375
2 0.4951923076923077 0.8822115384615384 0.021634615384615384 0.02283653846153846
3 0.6706730769230769 0.5865384615384616 0.3605769230769231 0.7067307692307693
2 0.9014423076923077 0.8209134615384616 0.038461538461538464 0.051682692307692304
2 0.9927884615384616 0.5276442307692307 0.01201923076923077 0.027644230769230768
2 0.6466346153846154 0.15745192307692307 0.051682692307692304 0.06370192307692307
2 0.09014423076923077 0.6201923076923077 0.026442307692307692 0.039663461538461536
2 0.12980769230769232 0.5516826923076923 0.015625 0.12139423076923077
2 0.036057692307692304 0.578125 0.01201923076923077 0.015625
2 0.2920673076923077 0.5408653846153846 0.013221153846153846 0.02283653846153846
2 0.06971153846153846 0.9783653846153846 0.019230769230769232 0.04326923076923077
2 0.5576923076923077 0.7932692307692307 0.03125 0.02283653846153846
2 0.234375 0.578125 0.026442307692307692 0.054086538461538464
2 0.5721153846153846 0.8365384615384616 0.03125 0.0829326923076923
2 0.171875 0.640625 0.007211538461538462 0.008413461538461538
2 0.4483173076923077 0.7548076923076923 0.02283653846153846 0.03245192307692308
2 0.36658653846153844 0.22355769230769232 0.020432692307692308 0.020432692307692308
2 0.3137019230769231 0.2764423076923077 0.004807692307692308 0.009615384615384616
2 0.8509615384615384 0.49038461538461536 0.055288461538461536 0.055288461538461536
2 0.3112980769230769 0.29927884615384615 0.009615384615384616 0.008413461538461538
0 0.13822115384615385 0.9759615384615384 0.08653846153846154 0.046875
2 0.2091346153846154 0.8774038461538461 0.036057692307692304 0.0625
2 0.20552884615384615 0.03125 0.040865384615384616 0.0625
2 0.5264423076923077 0.038461538461538464 0.018028846153846152 0.01201923076923077
2 0.05048076923076923 0.028846153846153848 0.014423076923076924 0.018028846153846152
2 0.14903846153846154 0.6069711538461539 0.004807692307692308 0.004807692307692308
2 0.1658653846153846 0.4879807692307692 0.01201923076923077 0.014423076923076924
2 0.18990384615384615 0.5432692307692307 0.04447115384615385 0.046875
2 0.04807692307692308 0.5120192307692307 0.009615384615384616 0.013221153846153846
2 0.08173076923076923 0.43990384615384615 0.01201923076923077 0.019230769230769232
2 0.057692307692307696 0.2824519230769231 0.010817307692307692 0.019230769230769232
2 0.2536057692307692 0.8377403846153846 0.040865384615384616 0.037259615384615384
2 0.36538461538461536 0.2980769230769231 0.028846153846153848 0.05889423076923077
2 0.46033653846153844 0.5372596153846154 0.03245192307692308 0.05048076923076923
2 0.2800480769230769 0.5625 0.014423076923076924 0.015625
2 0.1141826923076923 0.8990384615384616 0.021634615384615384 0.027644230769230768
2 0.5637019230769231 0.1045673076923077 0.05048076923076923 0.0829326923076923
2 0.9362980769230769 0.39903846153846156 0.05889423076923077 0.07211538461538461
2 0.8293269230769231 0.3918269230769231 0.04567307692307692 0.09014423076923077
2 0.9146634615384616 0.24158653846153846 0.02283653846153846 0.036057692307692304
2 0.6646634615384616 0.09975961538461539 0.019230769230769232 0.026442307692307692
2 0.4050480769230769 0.953125 0.025240384615384616 0.04447115384615385
2 0.019230769230769232 0.2920673076923077 0.014423076923076924 0.010817307692307692
2 0.007211538461538462 0.4651442307692308 0.013221153846153846 0.02283653846153846
2 0.025240384615384616 0.6418269230769231 0.007211538461538462 0.010817307692307692
2 0.04567307692307692 0.8293269230769231 0.016826923076923076 0.027644230769230768
2 0.23798076923076922 0.03125 0.008413461538461538 0.013221153846153846
2 0.11538461538461539 0.04927884615384615 0.0889423076923077 0.09254807692307693
2 0.6334134615384616 0.09134615384615384 0.04807692307692308 0.051682692307692304
2 0.6526442307692307 0.4182692307692308 0.02403846153846154 0.02283653846153846
2 0.7259615384615384 0.5997596153846154 0.07692307692307693 0.04567307692307692
2 0.3954326923076923 0.046875 0.004807692307692308 0.006009615384615385
2 0.2932692307692308 0.1875 0.003605769230769231 0.008413461538461538
2 0.3629807692307692 0.16466346153846154 0.010817307692307692 0.020432692307692308
2 0.27403846153846156 0.3137019230769231 0.007211538461538462 0.010817307692307692
2 0.054086538461538464 0.3449519230769231 0.003605769230769231 0.008413461538461538
2 0.5552884615384616 0.2932692307692308 0.021634615384615384 0.02403846153846154
2 0.7307692307692307 0.3317307692307692 0.018028846153846152 0.02403846153846154
2 0.6862980769230769 0.5709134615384616 0.02403846153846154 0.0625
2 0.0889423076923077 0.8365384615384616 0.036057692307692304 0.04326923076923077
2 0.4326923076923077 0.08173076923076923 0.018028846153846152 0.019230769230769232
2 0.21754807692307693 0.765625 0.010817307692307692 0.014423076923076924
2 0.05048076923076923 0.4855769230769231 0.009615384615384616 0.015625
2 0.021634615384615384 0.421875 0.010817307692307692 0.013221153846153846
2 0.5120192307692307 0.9278846153846154 0.027644230769230768 0.028846153846153848
2 0.036057692307692304 0.15144230769230768 0.008413461538461538 0.01201923076923077
2 0.9939903846153846 0.3629807692307692 0.010817307692307692 0.042067307692307696
2 0.07451923076923077 0.5384615384615384 0.008413461538461538 0.010817307692307692
2 0.1778846153846154 0.6766826923076923 0.006009615384615385 0.014423076923076924
2 0.34134615384615385 0.6622596153846154 0.02283653846153846 0.04326923076923077
2 0.46634615384615385 0.5985576923076923 0.019230769230769232 0.03245192307692308
2 0.027644230769230768 0.5540865384615384 0.018028846153846152 0.014423076923076924
2 0.040865384615384616 0.6538461538461539 0.007211538461538462 0.008413461538461538
2 0.22355769230769232 0.3004807692307692 0.007211538461538462 0.013221153846153846
2 0.19471153846153846 0.31009615384615385 0.009615384615384616 0.019230769230769232
2 0.13942307692307693 0.34134615384615385 0.004807692307692308 0.006009615384615385
2 0.04447115384615385 0.6935096153846154 0.007211538461538462 0.007211538461538462
2 0.4723557692307692 0.013221153846153846 0.004807692307692308 0.01201923076923077
2 0.3245192307692308 0.11778846153846154 0.009615384615384616 0.009615384615384616
2 0.5336538461538461 0.953125 0.016826923076923076 0.02283653846153846
2 0.4579326923076923 0.6983173076923077 0.020432692307692308 0.020432692307692308
2 0.7451923076923077 0.9927884615384616 0.007211538461538462 0.013221153846153846
2 0.8052884615384616 0.7680288461538461 0.02283653846153846 0.02283653846153846
2 0.9627403846153846 0.8942307692307693 0.0625 0.09134615384615384
2 0.8894230769230769 0.6646634615384616 0.027644230769230768 0.039663461538461536
2 0.2668269230769231 0.21153846153846154 0.006009615384615385 0.007211538461538462
2 0.24759615384615385 0.1935096153846154 0.01201923076923077 0.008413461538461538
2 0.25 0.1346153846153846 0.007211538461538462 0.01201923076923077
2 0.29086538461538464 0.359375 0.009615384615384616 0.01201923076923077
2 0.2439903846153846 0.23557692307692307 0.03125 0.02403846153846154
2 0.21995192307692307 0.39903846153846156 0.021634615384615384 0.039663461538461536
2 0.20552884615384615 0.29447115384615385 0.007211538461538462 0.01201923076923077
2 0.14783653846153846 0.33533653846153844 0.004807692307692308 0.008413461538461538
2 0.0889423076923077 0.33052884615384615 0.007211538461538462 0.008413461538461538
2 0.057692307692307696 0.30528846153846156 0.007211538461538462 0.009615384615384616
2 0.6670673076923077 0.6334134615384616 0.009615384615384616 0.01201923076923077
2 0.8846153846153846 0.359375 0.052884615384615384 0.05048076923076923
2 0.27524038461538464 0.6935096153846154 0.015625 0.026442307692307692
2 0.010817307692307692 0.25721153846153844 0.021634615384615384 0.037259615384615384
2 0.026442307692307692 0.3918269230769231 0.007211538461538462 0.01201923076923077
2 0.17307692307692307 0.5973557692307693 0.010817307692307692 0.014423076923076924
2 0.6382211538461539 0.6622596153846154 0.016826923076923076 0.020432692307692308
2 0.4519230769230769 0.47716346153846156 0.01201923076923077 0.014423076923076924
2 0.20432692307692307 0.31850961538461536 0.006009615384615385 0.01201923076923077
2 0.18990384615384615 0.3870192307692308 0.014423076923076924 0.014423076923076924
2 0.8161057692307693 0.6478365384615384 0.02283653846153846 0.052884615384615384
2 0.33533653846153844 0.2091346153846154 0.008413461538461538 0.01201923076923077
2 0.44711538461538464 0.6670673076923077 0.038461538461538464 0.042067307692307696
2 0.8293269230769231 0.8978365384615384 0.0625 0.06009615384615385
2 0.22355769230769232 0.3401442307692308 0.004807692307692308 0.006009615384615385
2 0.2776442307692308 0.09014423076923077 0.04567307692307692 0.042067307692307696
2 0.054086538461538464 0.7620192307692307 0.014423076923076924 0.019230769230769232
2 0.23317307692307693 0.49278846153846156 0.028846153846153848 0.037259615384615384
2 0.07211538461538461 0.21995192307692307 0.007211538461538462 0.013221153846153846
2 0.7127403846153846 0.5216346153846154 0.05048076923076923 0.05048076923076923
2 0.3401442307692308 0.12860576923076922 0.010817307692307692 0.013221153846153846
2 0.03365384615384615 0.4855769230769231 0.007211538461538462 0.008413461538461538
2 0.8485576923076923 0.4483173076923077 0.016826923076923076 0.019230769230769232
2 0.2860576923076923 0.06129807692307692 0.010817307692307692 0.013221153846153846
2 0.16466346153846154 0.44711538461538464 0.01201923076923077 0.01201923076923077
2 0.8413461538461539 0.21875 0.016826923076923076 0.026442307692307692
2 0.1310096153846154 0.16466346153846154 0.019230769230769232 0.015625
2 0.2800480769230769 0.010817307692307692 0.009615384615384616 0.018028846153846152
2 0.12740384615384615 0.4423076923076923 0.021634615384615384 0.03485576923076923
2 0.46875 0.16346153846153846 0.055288461538461536 0.08052884615384616
2 0.057692307692307696 0.5276442307692307 0.015625 0.026442307692307692
2 0.03125 0.5240384615384616 0.01201923076923077 0.019230769230769232
2 0.2644230769230769 0.5925480769230769 0.03125 0.03365384615384615
2 0.49399038461538464 0.03125 0.009615384615384616 0.013221153846153846
2 0.36538461538461536 0.051682692307692304 0.006009615384615385 0.009615384615384616
2 0.21514423076923078 0.515625 0.007211538461538462 0.01201923076923077
2 0.734375 0.44471153846153844 0.040865384615384616 0.07451923076923077
2 0.34134615384615385 0.19230769230769232 0.010817307692307692 0.009615384615384616