2 0.06610576923076923 0.9759615384615384 0.036057692307692304 0.038461538461538464
2 0.5168269230769231 0.8028846153846154 0.040865384615384616 0.054086538461538464
2 0.609375 0.020432692307692308 0.030048076923076924 0.040865384615384616
2 0.28846153846153844 0.3581730769230769 0.028846153846153848 0.046875
2 0.1658653846153846 0.3425480769230769 0.04447115384615385 0.06850961538461539
2 0.45072115384615385 0.5997596153846154 0.03365384615384615 0.06610576923076923
2 0.026442307692307692 0.8413461538461539 0.03245192307692308 0.040865384615384616
2 0.3125 0.16947115384615385 0.027644230769230768 0.03485576923076923
2 0.16105769230769232 0.7944711538461539 0.038461538461538464 0.05048076923076923
2 0.46634615384615385 0.9182692307692307 0.030048076923076924 0.05048076923076923
2 0.32572115384615385 0.49278846153846156 0.026442307692307692 0.037259615384615384
2 0.22716346153846154 0.7151442307692307 0.030048076923076924 0.039663461538461536
2 0.22596153846153846 0.46153846153846156 0.04567307692307692 0.05048076923076923
2 0.6009615384615384 0.4879807692307692 0.052884615384615384 0.07451923076923077
2 0.9855769230769231 0.3870192307692308 0.027644230769230768 0.040865384615384616
2 0.5084134615384616 0.5769230769230769 0.055288461538461536 0.07692307692307693
2 0.7475961538461539 0.14903846153846154 0.04567307692307692 0.0673076923076923
2 0.9915865384615384 0.1045673076923077 0.016826923076923076 0.02403846153846154
2 0.5540865384615384 0.1201923076923077 0.038461538461538464 0.054086538461538464
2 0.14783653846153846 0.6382211538461539 0.026442307692307692 0.037259615384615384
2 0.6983173076923077 0.4567307692307692 0.04567307692307692 0.08173076923076923
2 0.03485576923076923 0.19230769230769232 0.055288461538461536 0.0889423076923077
2 0.5456730769230769 0.6430288461538461 0.04567307692307692 0.056490384615384616
14 0.5 0.43149038461538464 0.8389423076923077 0.8605769230769231
0 0.8016826923076923 0.9074519230769231 0.07692307692307693 0.09134615384615384
2 0.9495192307692307 0.16706730769230768 0.02403846153846154 0.03485576923076923
2 0.44591346153846156 0.11658653846153846 0.04807692307692308 0.05889423076923077
2 0.39783653846153844 0.12620192307692307 0.055288461538461536 0.0733173076923077
2 0.49278846153846156 0.5036057692307693 0.037259615384615384 0.037259615384615384
2 0.7043269230769231 0.6923076923076923 0.042067307692307696 0.08173076923076923
2 0.765625 0.7872596153846154 0.04567307692307692 0.06490384615384616
2 0.32091346153846156 0.06971153846153846 0.04807692307692308 0.0829326923076923
2 0.4026442307692308 0.7175480769230769 0.040865384615384616 0.06490384615384616
2 0.2668269230769231 0.12740384615384615 0.042067307692307696 0.046875
2 0.34615384615384615 0.8545673076923077 0.055288461538461536 0.055288461538461536
2 0.2764423076923077 0.7824519230769231 0.04447115384615385 0.054086538461538464
2 0.9591346153846154 0.9723557692307693 0.054086538461538464 0.054086538461538464
2 0.6442307692307693 0.06490384615384616 0.037259615384615384 0.057692307692307696
2 0.8762019230769231 0.8173076923076923 0.042067307692307696 0.06009615384615385
2 0.6887019230769231 0.9362980769230769 0.03125 0.03365384615384615