2 0.27524038461538464 0.34975961538461536 0.042067307692307696 0.07091346153846154
2 0.4254807692307692 0.18990384615384615 0.04567307692307692 0.06490384615384616
2 0.6105769230769231 0.8725961538461539 0.03485576923076923 0.06009615384615385
2 0.21514423076923078 0.9110576923076923 0.042067307692307696 0.0829326923076923
2 0.0673076923076923 0.6262019230769231 0.038461538461538464 0.05048076923076923
2 0.5432692307692307 0.7307692307692307 0.052884615384615384 0.06850961538461539
2 0.16947115384615385 0.5120192307692307 0.040865384615384616 0.08173076923076923
2 0.8125 0.078125 0.04567307692307692 0.040865384615384616
2 0.12139423076923077 0.609375 0.03245192307692308 0.03485576923076923
2 0.4543269230769231 0.7932692307692307 0.036057692307692304 0.06009615384615385
0 0.8665865384615384 0.6826923076923077 0.07692307692307693 0.09615384615384616
2 0.8569711538461539 0.2620192307692308 0.014423076923076924 0.027644230769230768
14 0.3317307692307692 0.5204326923076923 0.6634615384615384 0.9543269230769231
2 0.5036057692307693 0.53125 0.055288461538461536 0.1502403846153846
2 0.25721153846153844 0.23798076923076922 0.042067307692307696 0.04326923076923077
2 0.0889423076923077 0.5396634615384616 0.051682692307692304 0.08774038461538461