2 0.7439903846153846 0.7367788461538461 0.052884615384615384 0.07932692307692307
2 0.8762019230769231 0.9711538461538461 0.06009615384615385 0.057692307692307696
2 0.8665865384615384 0.13341346153846154 0.06490384615384616 0.08173076923076923
2 0.5637019230769231 0.3473557692307692 0.1201923076923077 0.12379807692307693
2 0.7235576923076923 0.42427884615384615 0.052884615384615384 0.0673076923076923
2 0.25240384615384615 0.13942307692307693 0.03365384615384615 0.038461538461538464
2 0.078125 0.3713942307692308 0.06009615384615385 0.06610576923076923
14 0.3401442307692308 0.4987980769230769 0.6802884615384616 0.9975961538461539
2 0.9230769230769231 0.7776442307692307 0.025240384615384616 0.02403846153846154
2 0.8353365384615384 0.4026442307692308 0.13701923076923078 0.14423076923076922
2 0.5444711538461539 0.5144230769230769 0.05048076923076923 0.06971153846153846
2 0.4963942307692308 0.9014423076923077 0.052884615384615384 0.06370192307692307
2 0.3449519230769231 0.6237980769230769 0.04326923076923077 0.06971153846153846
2 0.44711538461538464 0.43028846153846156 0.0733173076923077 0.09615384615384616
2 0.6790865384615384 0.042067307692307696 0.07211538461538461 0.08173076923076923
2 0.6959134615384616 0.17067307692307693 0.05048076923076923 0.06971153846153846
2 0.9747596153846154 0.7680288461538461 0.03365384615384615 0.07692307692307693
2 0.26802884615384615 0.8990384615384616 0.07692307692307693 0.10216346153846154
2 0.6057692307692307 0.5997596153846154 0.055288461538461536 0.0673076923076923
2 0.7271634615384616 0.9375 0.020432692307692308 0.03245192307692308
2 0.4110576923076923 0.6394230769230769 0.06490384615384616 0.12139423076923077
2 0.7151442307692307 0.49278846153846156 0.038461538461538464 0.05889423076923077
2 0.78125 0.6334134615384616 0.09375 0.10576923076923077