2 0.18389423076923078 0.43990384615384615 0.02403846153846154 0.02283653846153846
2 0.7620192307692307 0.06850961538461539 0.17427884615384615 0.13701923076923078
2 0.9471153846153846 0.3713942307692308 0.02403846153846154 0.030048076923076924
2 0.7163461538461539 0.5588942307692307 0.055288461538461536 0.051682692307692304
2 0.5733173076923077 0.8461538461538461 0.021634615384615384 0.03245192307692308
2 0.8966346153846154 0.8689903846153846 0.016826923076923076 0.030048076923076924
2 0.9855769230769231 0.8617788461538461 0.015625 0.016826923076923076
2 0.8569711538461539 0.9026442307692307 0.008413461538461538 0.015625
2 0.8257211538461539 0.8834134615384616 0.04807692307692308 0.06610576923076923
2 0.09134615384615384 0.7668269230769231 0.01201923076923077 0.019230769230769232
2 0.14302884615384615 0.78125 0.013221153846153846 0.019230769230769232
2 0.09735576923076923 0.8209134615384616 0.015625 0.019230769230769232
2 0.06971153846153846 0.7560096153846154 0.007211538461538462 0.007211538461538462
2 0.15865384615384615 0.7764423076923077 0.009615384615384616 0.01201923076923077
2 0.22716346153846154 0.9014423076923077 0.03365384615384615 0.03485576923076923
2 0.359375 0.5360576923076923 0.02283653846153846 0.05048076923076923
2 0.019230769230769232 0.5925480769230769 0.016826923076923076 0.018028846153846152
2 0.003605769230769231 0.5625 0.007211538461538462 0.013221153846153846
2 0.03365384615384615 0.5108173076923077 0.030048076923076924 0.06610576923076923
2 0.5865384615384616 0.6009615384615384 0.028846153846153848 0.05048076923076923
2 0.7548076923076923 0.609375 0.025240384615384616 0.040865384615384616
2 0.921875 0.7644230769230769 0.016826923076923076 0.021634615384615384
2 0.9387019230769231 0.7560096153846154 0.007211538461538462 0.01201923076923077
2 0.3233173076923077 0.8197115384615384 0.09134615384615384 0.14423076923076922
2 0.17668269230769232 0.06490384615384616 0.01201923076923077 0.01201923076923077
2 0.16947115384615385 0.7764423076923077 0.009615384615384616 0.015625
2 0.8461538461538461 0.9362980769230769 0.016826923076923076 0.04447115384615385
2 0.8269230769230769 0.9399038461538461 0.010817307692307692 0.01201923076923077
2 0.33052884615384615 0.5420673076923077 0.020432692307692308 0.025240384615384616
2 0.2548076923076923 0.9098557692307693 0.016826923076923076 0.021634615384615384
2 0.6225961538461539 0.16346153846153846 0.013221153846153846 0.046875
2 0.765625 0.2620192307692308 0.01201923076923077 0.008413461538461538
2 0.8870192307692307 0.9639423076923077 0.027644230769230768 0.03125
2 0.140625 0.9375 0.05048076923076923 0.09254807692307693
2 0.9951923076923077 0.8088942307692307 0.009615384615384616 0.018028846153846152
2 0.9903846153846154 0.6887019230769231 0.019230769230769232 0.02403846153846154
2 0.5480769230769231 0.9567307692307693 0.04326923076923077 0.04567307692307692
2 0.35336538461538464 0.9146634615384616 0.03485576923076923 0.054086538461538464
2 0.2127403846153846 0.8125 0.09495192307692307 0.07091346153846154
2 0.14783653846153846 0.8052884615384616 0.03485576923076923 0.03365384615384615
2 0.13701923076923078 0.84375 0.014423076923076924 0.025240384615384616
2 0.0985576923076923 0.84375 0.016826923076923076 0.025240384615384616
2 0.23317307692307693 0.9314903846153846 0.02403846153846154 0.025240384615384616
2 0.004807692307692308 0.640625 0.009615384615384616 0.026442307692307692
2 0.22956730769230768 0.2920673076923077 0.025240384615384616 0.021634615384615384
2 0.3894230769230769 0.4182692307692308 0.03245192307692308 0.03485576923076923
2 0.8137019230769231 0.22716346153846154 0.09014423076923077 0.10216346153846154
2 0.7632211538461539 0.28725961538461536 0.018028846153846152 0.014423076923076924
2 0.7331730769230769 0.2536057692307692 0.040865384615384616 0.042067307692307696
2 0.6610576923076923 0.5048076923076923 0.10576923076923077 0.05889423076923077
2 0.8076923076923077 0.46875 0.08653846153846154 0.19591346153846154
2 0.6454326923076923 0.8653846153846154 0.025240384615384616 0.03485576923076923
2 0.9314903846153846 0.9711538461538461 0.02403846153846154 0.027644230769230768
2 0.9423076923076923 0.9447115384615384 0.015625 0.03125
2 0.9795673076923077 0.9074519230769231 0.039663461538461536 0.07451923076923077
2 0.04927884615384615 0.5540865384615384 0.06490384615384616 0.0625
2 0.32211538461538464 0.4807692307692308 0.039663461538461536 0.028846153846153848
2 0.9098557692307693 0.96875 0.014423076923076924 0.027644230769230768
2 0.06971153846153846 0.6033653846153846 0.014423076923076924 0.03485576923076923
2 0.06129807692307692 0.5 0.016826923076923076 0.013221153846153846
2 0.140625 0.6526442307692307 0.11057692307692307 0.12980769230769232
2 0.6129807692307693 0.7115384615384616 0.15985576923076922 0.10336538461538461
2 0.4050480769230769 0.9783653846153846 0.055288461538461536 0.04326923076923077
0 0.18870192307692307 0.6394230769230769 0.10817307692307693 0.17067307692307693
2 0.921875 0.7920673076923077 0.01201923076923077 0.016826923076923076
2 0.37740384615384615 0.27283653846153844 0.019230769230769232 0.027644230769230768
2 0.7560096153846154 0.8317307692307693 0.052884615384615384 0.07451923076923077
2 0.40384615384615385 0.8137019230769231 0.07451923076923077 0.13581730769230768
2 0.10697115384615384 0.09014423076923077 0.006009615384615385 0.008413461538461538
2 0.14903846153846154 0.47836538461538464 0.007211538461538462 0.009615384615384616
2 0.30649038461538464 0.35096153846153844 0.040865384615384616 0.05889423076923077
2 0.38100961538461536 0.24639423076923078 0.021634615384615384 0.018028846153846152
2 0.7319711538461539 0.9483173076923077 0.008413461538461538 0.027644230769230768
2 0.5612980769230769 0.7956730769230769 0.021634615384615384 0.037259615384615384
2 0.32572115384615385 0.42427884615384615 0.01201923076923077 0.019230769230769232
2 0.3605769230769231 0.6153846153846154 0.010817307692307692 0.015625
2 0.9951923076923077 0.8449519230769231 0.006009615384615385 0.008413461538461538
2 0.33533653846153844 0.6141826923076923 0.01201923076923077 0.007211538461538462
2 0.8581730769230769 0.96875 0.01201923076923077 0.013221153846153846
2 0.24639423076923078 0.875 0.036057692307692304 0.025240384615384616
2 0.008413461538461538 0.4795673076923077 0.016826923076923076 0.019230769230769232
2 0.11057692307692307 0.44350961538461536 0.03245192307692308 0.05889423076923077
2 0.8798076923076923 0.6526442307692307 0.014423076923076924 0.013221153846153846
2 0.06971153846153846 0.9110576923076923 0.04807692307692308 0.06850961538461539
2 0.9447115384615384 0.4014423076923077 0.021634615384615384 0.027644230769230768
2 0.8076923076923077 0.9567307692307693 0.009615384615384616 0.01201923076923077
2 0.1935096153846154 0.2932692307692308 0.038461538461538464 0.0673076923076923
2 0.2644230769230769 0.5372596153846154 0.025240384615384616 0.03485576923076923
2 0.18990384615384615 0.9254807692307693 0.040865384615384616 0.07692307692307693
2 0.3233173076923077 0.9735576923076923 0.06850961538461539 0.051682692307692304
0 0.49759615384615385 0.8100961538461539 0.08653846153846154 0.07451923076923077
2 0.9819711538461539 0.4266826923076923 0.027644230769230768 0.05889423076923077
2 0.1875 0.734375 0.019230769230769232 0.027644230769230768
2 0.9206730769230769 0.9375 0.009615384615384616 0.013221153846153846
2 0.24158653846153846 0.43990384615384615 0.12139423076923077 0.1935096153846154
2 0.12620192307692307 0.09134615384615384 0.020432692307692308 0.030048076923076924
2 0.203125 0.056490384615384616 0.006009615384615385 0.007211538461538462
2 0.042067307692307696 0.026442307692307692 0.003605769230769231 0.007211538461538462
2 0.13581730769230768 0.47596153846153844 0.010817307692307692 0.019230769230769232
2 0.4855769230769231 0.9771634615384616 0.01201923076923077 0.02403846153846154
2 0.8762019230769231 0.8365384615384616 0.01201923076923077 0.015625
2 0.125 0.5661057692307693 0.0829326923076923 0.0625
2 0.7668269230769231 0.96875 0.046875 0.06129807692307692
2 0.6033653846153846 0.8088942307692307 0.009615384615384616 0.009615384615384616
2 0.04567307692307692 0.46153846153846156 0.03365384615384615 0.042067307692307696
2 0.38100961538461536 0.33653846153846156 0.009615384615384616 0.01201923076923077
2 0.21514423076923078 0.016826923076923076 0.03245192307692308 0.03365384615384615
2 0.7932692307692307 0.7692307692307693 0.03365384615384615 0.03485576923076923
2 0.09375 0.3942307692307692 0.009615384615384616 0.007211538461538462
2 0.734375 0.15985576923076922 0.009615384615384616 0.01201923076923077
2 0.7524038461538461 0.20072115384615385 0.009615384615384616 0.018028846153846152
2 0.7536057692307693 0.45913461538461536 0.02283653846153846 0.08653846153846154
2 0.16346153846153846 0.4110576923076923 0.01201923076923077 0.010817307692307692
2 0.06971153846153846 0.3762019230769231 0.037259615384615384 0.057692307692307696
2 0.1045673076923077 0.28846153846153844 0.01201923076923077 0.018028846153846152
2 0.0829326923076923 0.28966346153846156 0.02283653846153846 0.019230769230769232
2 0.31009615384615385 0.17668269230769232 0.027644230769230768 0.036057692307692304
2 0.34134615384615385 0.09495192307692307 0.056490384615384616 0.05889423076923077
2 0.36778846153846156 0.15625 0.016826923076923076 0.013221153846153846
2 0.3629807692307692 0.13581730769230768 0.009615384615384616 0.014423076923076924
2 0.4567307692307692 0.030048076923076924 0.0673076923076923 0.06009615384615385
2 0.5396634615384616 0.2512019230769231 0.037259615384615384 0.056490384615384616
2 0.5612980769230769 0.1778846153846154 0.04447115384615385 0.06610576923076923
2 0.6802884615384616 0.39783653846153844 0.11899038461538461 0.17548076923076922
2 0.007211538461538462 0.055288461538461536 0.006009615384615385 0.008413461538461538
2 0.12980769230769232 0.2860576923076923 0.037259615384615384 0.03125
2 0.13701923076923078 0.4266826923076923 0.007211538461538462 0.01201923076923077
2 0.015625 0.014423076923076924 0.003605769230769231 0.004807692307692308
2 0.33052884615384615 0.13341346153846154 0.009615384615384616 0.014423076923076924
2 0.07451923076923077 0.2668269230769231 0.006009615384615385 0.01201923076923077
2 0.11778846153846154 0.16466346153846154 0.007211538461538462 0.010817307692307692
2 0.4639423076923077 0.4375 0.040865384615384616 0.05889423076923077
2 0.38461538461538464 0.12620192307692307 0.02403846153846154 0.046875
2 0.8978365384615384 0.484375 0.09975961538461539 0.25
2 0.8112980769230769 0.6574519230769231 0.016826923076923076 0.02403846153846154
2 0.6322115384615384 0.6141826923076923 0.1310096153846154 0.16346153846153846
2 0.14182692307692307 0.8701923076923077 0.015625 0.014423076923076924
2 0.17307692307692307 0.04447115384615385 0.008413461538461538 0.01201923076923077
2 0.17548076923076922 0.0889423076923077 0.025240384615384616 0.020432692307692308
2 0.20432692307692307 0.07932692307692307 0.019230769230769232 0.019230769230769232
2 0.23918269230769232 0.03485576923076923 0.03485576923076923 0.06850961538461539
2 0.21754807692307693 0.12740384615384615 0.009615384615384616 0.01201923076923077
2 0.3894230769230769 0.36899038461538464 0.02403846153846154 0.026442307692307692
2 0.3581730769230769 0.4735576923076923 0.027644230769230768 0.04567307692307692
2 0.6911057692307693 0.04447115384615385 0.016826923076923076 0.019230769230769232
2 0.6814903846153846 0.008413461538461538 0.03485576923076923 0.016826923076923076
2 0.7103365384615384 0.28966346153846156 0.02403846153846154 0.02403846153846154
2 0.8978365384615384 0.33052884615384615 0.025240384615384616 0.036057692307692304
2 0.7848557692307693 0.59375 0.030048076923076924 0.027644230769230768
2 0.5949519230769231 0.9411057692307693 0.016826923076923076 0.019230769230769232
2 0.5997596153846154 0.7692307692307693 0.025240384615384616 0.03125
2 0.9338942307692307 0.7463942307692307 0.014423076923076924 0.008413461538461538
2 0.42788461538461536 0.6911057692307693 0.052884615384615384 0.09975961538461539
2 0.29927884615384615 0.90625 0.040865384615384616 0.03485576923076923
2 0.0985576923076923 0.9615384615384616 0.009615384615384616 0.01201923076923077
2 0.03125 0.71875 0.025240384615384616 0.04326923076923077
2 0.04567307692307692 0.7512019230769231 0.010817307692307692 0.01201923076923077
2 0.14423076923076922 0.0625 0.03485576923076923 0.03125
2 0.20552884615384615 0.03245192307692308 0.007211538461538462 0.006009615384615385
2 0.22956730769230768 0.09254807692307693 0.006009615384615385 0.021634615384615384
2 0.3425480769230769 0.33413461538461536 0.009615384615384616 0.016826923076923076
2 0.3317307692307692 0.26802884615384615 0.04807692307692308 0.055288461538461536
2 0.296875 0.2920673076923077 0.019230769230769232 0.037259615384615384
2 0.7548076923076923 0.3233173076923077 0.013221153846153846 0.013221153846153846
2 0.8040865384615384 0.28725961538461536 0.02403846153846154 0.027644230769230768
2 0.7728365384615384 0.36899038461538464 0.06129807692307692 0.10216346153846154
2 0.9603365384615384 0.4375 0.03365384615384615 0.036057692307692304
2 0.04447115384615385 0.3918269230769231 0.009615384615384616 0.014423076923076924
2 0.19110576923076922 0.36538461538461536 0.014423076923076924 0.016826923076923076
2 0.27403846153846156 0.13942307692307693 0.008413461538461538 0.009615384615384616
2 0.328125 0.021634615384615384 0.030048076923076924 0.04326923076923077
2 0.39903846153846156 0.026442307692307692 0.02283653846153846 0.03485576923076923
2 0.39903846153846156 0.06610576923076923 0.009615384615384616 0.026442307692307692
2 0.5685096153846154 0.5192307692307693 0.042067307692307696 0.03485576923076923
2 0.5997596153846154 0.375 0.0733173076923077 0.07451923076923077
2 0.5949519230769231 0.296875 0.08173076923076923 0.06850961538461539
2 0.640625 0.2824519230769231 0.020432692307692308 0.04807692307692308
2 0.43149038461538464 0.203125 0.08653846153846154 0.14903846153846154
2 0.004807692307692308 0.026442307692307692 0.009615384615384616 0.025240384615384616
0 0.04567307692307692 0.9387019230769231 0.09014423076923077 0.12259615384615384
0 0.7067307692307693 0.65625 0.10336538461538461 0.1814903846153846
2 0.24879807692307693 0.31971153846153844 0.06850961538461539 0.08173076923076923
2 0.4230769230769231 0.4326923076923077 0.025240384615384616 0.020432692307692308
2 0.3918269230769231 0.31971153846153844 0.008413461538461538 0.014423076923076924
2 0.40865384615384615 0.2848557692307692 0.040865384615384616 0.046875
2 0.2403846153846154 0.078125 0.007211538461538462 0.010817307692307692
2 0.7776442307692307 0.2980769230769231 0.013221153846153846 0.016826923076923076
2 0.19471153846153846 0.1310096153846154 0.036057692307692304 0.07572115384615384
2 0.1045673076923077 0.10576923076923077 0.009615384615384616 0.019230769230769232
2 0.24158653846153846 0.20673076923076922 0.11057692307692307 0.12740384615384615
2 0.003605769230769231 0.7475961538461539 0.007211538461538462 0.019230769230769232
2 0.7944711538461539 0.16346153846153846 0.026442307692307692 0.036057692307692304
2 0.3004807692307692 0.25600961538461536 0.014423076923076924 0.015625
2 0.22115384615384615 0.09014423076923077 0.006009615384615385 0.009615384615384616
8 0.4735576923076923 0.5901442307692307 0.1814903846153846 0.2283653846153846
16 0.9194711538461539 0.18028846153846154 0.16105769230769232 0.3605769230769231
2 0.9951923076923077 0.9831730769230769 0.009615384615384616 0.025240384615384616
2 0.046875 0.21514423076923078 0.008413461538461538 0.008413461538461538
2 0.12860576923076922 0.4110576923076923 0.006009615384615385 0.008413461538461538
2 0.9350961538461539 0.9134615384615384 0.008413461538461538 0.01201923076923077
2 0.9002403846153846 0.9158653846153846 0.014423076923076924 0.014423076923076924
2 0.8966346153846154 0.9290865384615384 0.006009615384615385 0.01201923076923077
2 0.125 0.8088942307692307 0.008413461538461538 0.025240384615384616
2 0.109375 0.8689903846153846 0.030048076923076924 0.07572115384615384
2 0.25841346153846156 0.578125 0.02283653846153846 0.027644230769230768
2 0.34134615384615385 0.38341346153846156 0.021634615384615384 0.03125
2 0.609375 0.5649038461538461 0.014423076923076924 0.014423076923076924
2 0.5865384615384616 0.5600961538461539 0.010817307692307692 0.013221153846153846
2 0.07451923076923077 0.43149038461538464 0.03125 0.03485576923076923
2 0.16105769230769232 0.2920673076923077 0.010817307692307692 0.013221153846153846
2 0.10336538461538461 0.2644230769230769 0.007211538461538462 0.008413461538461538
2 0.0985576923076923 0.234375 0.025240384615384616 0.04447115384615385
2 0.008413461538461538 0.16947115384615385 0.016826923076923076 0.05048076923076923
2 0.057692307692307696 0.08653846153846154 0.05048076923076923 0.0733173076923077
2 0.06129807692307692 0.019230769230769232 0.026442307692307692 0.026442307692307692
2 0.1045673076923077 0.037259615384615384 0.016826923076923076 0.018028846153846152
2 0.375 0.016826923076923076 0.025240384615384616 0.03365384615384615
2 0.44591346153846156 0.09495192307692307 0.03485576923076923 0.052884615384615384
2 0.5204326923076923 0.15985576923076922 0.021634615384615384 0.042067307692307696
2 0.5024038461538461 0.375 0.09735576923076923 0.1814903846153846
2 0.5745192307692307 0.07572115384615384 0.15144230769230768 0.1466346153846154
2 0.13822115384615385 0.18629807692307693 0.013221153846153846 0.015625
2 0.056490384615384616 0.15384615384615385 0.08774038461538461 0.0625
2 0.47836538461538464 0.06610576923076923 0.025240384615384616 0.021634615384615384
2 0.3557692307692308 0.05889423076923077 0.01201923076923077 0.014423076923076924
2 0.1622596153846154 0.33653846153846156 0.055288461538461536 0.06610576923076923
2 0.08533653846153846 0.002403846153846154 0.01201923076923077 0.004807692307692308
2 0.10216346153846154 0.13581730769230768 0.006009615384615385 0.008413461538461538
2 0.09975961538461539 0.3293269230769231 0.0625 0.05048076923076923
2 0.37740384615384615 0.051682692307692304 0.009615384615384616 0.020432692307692308
2 0.11778846153846154 0.390625 0.007211538461538462 0.014423076923076924
2 0.32572115384615385 0.4050480769230769 0.009615384615384616 0.010817307692307692
2 0.3581730769230769 0.5793269230769231 0.020432692307692308 0.021634615384615384
2 0.19230769230769232 0.8629807692307693 0.016826923076923076 0.03485576923076923
2 0.12740384615384615 0.7391826923076923 0.009615384615384616 0.016826923076923076
2 0.11298076923076923 0.5060096153846154 0.04927884615384615 0.05048076923076923
2 0.15384615384615385 0.45913461538461536 0.009615384615384616 0.01201923076923077
2 0.09014423076923077 0.5408653846153846 0.003605769230769231 0.007211538461538462
2 0.5865384615384616 0.8076923076923077 0.009615384615384616 0.014423076923076924
2 0.010817307692307692 0.53125 0.019230769230769232 0.03125
2 0.11658653846153846 0.051682692307692304 0.010817307692307692 0.007211538461538462
2 0.015625 0.39663461538461536 0.030048076923076924 0.051682692307692304
2 0.1045673076923077 0.38822115384615385 0.006009615384615385 0.007211538461538462
2 0.7908653846153846 0.6598557692307693 0.028846153846153848 0.051682692307692304
2 0.8137019230769231 0.7223557692307693 0.03245192307692308 0.038461538461538464
2 0.45072115384615385 0.9254807692307693 0.037259615384615384 0.054086538461538464
2 0.31850961538461536 0.9387019230769231 0.028846153846153848 0.026442307692307692
2 0.21995192307692307 0.9699519230769231 0.0985576923076923 0.06009615384615385
2 0.09735576923076923 0.9879807692307693 0.01201923076923077 0.02283653846153846
2 0.25 0.12860576923076922 0.015625 0.025240384615384616
3 0.6838942307692307 0.8125 0.47836538461538464 0.25841346153846156
2 0.9050480769230769 0.890625 0.01201923076923077 0.009615384615384616
2 0.27283653846153844 0.6935096153846154 0.11778846153846154 0.17427884615384615
2 0.14543269230769232 0.7536057692307693 0.004807692307692308 0.008413461538461538
2 0.07692307692307693 0.8028846153846154 0.014423076923076924 0.01201923076923077
2 0.06971153846153846 0.78125 0.028846153846153848 0.040865384615384616
2 0.10096153846153846 0.7379807692307693 0.042067307692307696 0.046875
2 0.35336538461538464 0.6670673076923077 0.04447115384615385 0.07932692307692307
2 0.33653846153846156 0.5817307692307693 0.019230769230769232 0.04326923076923077
2 0.30288461538461536 0.5745192307692307 0.04567307692307692 0.06129807692307692
2 0.15144230769230768 0.515625 0.018028846153846152 0.03485576923076923
2 0.6177884615384616 0.7728365384615384 0.007211538461538462 0.007211538461538462
2 0.11778846153846154 0.4050480769230769 0.010817307692307692 0.008413461538461538
2 0.4170673076923077 0.11899038461538461 0.026442307692307692 0.03485576923076923
2 0.4831730769230769 0.1502403846153846 0.04326923076923077 0.020432692307692308
2 0.515625 0.019230769230769232 0.055288461538461536 0.038461538461538464
2 0.3605769230769231 0.21634615384615385 0.021634615384615384 0.02403846153846154
2 0.01201923076923077 0.004807692307692308 0.007211538461538462 0.009615384615384616
2 0.7139423076923077 0.20552884615384615 0.021634615384615384 0.02283653846153846
2 0.030048076923076924 0.21033653846153846 0.010817307692307692 0.014423076923076924
2 0.6658653846153846 0.20072115384615385 0.057692307692307696 0.09495192307692307
2 0.03125 0.2608173076923077 0.0625 0.09134615384615384
2 0.38461538461538464 0.21875 0.019230769230769232 0.03245192307692308
2 0.6875 0.2620192307692308 0.027644230769230768 0.026442307692307692
2 0.15745192307692307 0.13822115384615385 0.027644230769230768 0.040865384615384616
2 0.03245192307692308 0.004807692307692308 0.01201923076923077 0.009615384615384616
2 0.10096153846153846 0.06610576923076923 0.006009615384615385 0.004807692307692308
2 0.15625 0.1045673076923077 0.008413461538461538 0.009615384615384616
2 0.5060096153846154 0.234375 0.026442307692307692 0.04807692307692308
2 0.05889423076923077 0.40865384615384615 0.019230769230769232 0.01201923076923077
2 0.08052884615384616 0.03125 0.006009615384615385 0.008413461538461538
2 0.027644230769230768 0.8485576923076923 0.05048076923076923 0.10096153846153846
2 0.8233173076923077 0.3557692307692308 0.04567307692307692 0.03365384615384615
2 0.1875 0.390625 0.007211538461538462 0.007211538461538462
2 0.006009615384615385 0.43509615384615385 0.01201923076923077 0.015625
2 0.12139423076923077 0.22235576923076922 0.03245192307692308 0.05889423076923077
2 0.11177884615384616 0.06490384615384616 0.007211538461538462 0.01201923076923077
2 0.6634615384615384 0.2956730769230769 0.021634615384615384 0.03485576923076923
2 0.9879807692307693 0.5168269230769231 0.02403846153846154 0.07451923076923077
2 0.9783653846153846 0.59375 0.039663461538461536 0.0733173076923077
2 0.5817307692307693 0.46274038461538464 0.06370192307692307 0.09014423076923077
2 0.8329326923076923 0.31009615384615385 0.03485576923076923 0.046875
2 0.013221153846153846 0.03125 0.003605769230769231 0.007211538461538462
2 0.06490384615384616 0.6502403846153846 0.04326923076923077 0.06009615384615385
2 0.15504807692307693 0.02403846153846154 0.06610576923076923 0.046875
2 0.04567307692307692 0.29086538461538464 0.020432692307692308 0.027644230769230768
2 0.9639423076923077 0.5108173076923077 0.020432692307692308 0.030048076923076924
2 0.28966346153846156 0.06971153846153846 0.056490384615384616 0.09735576923076923
2 0.9182692307692307 0.8197115384615384 0.027644230769230768 0.026442307692307692
2 0.06490384615384616 0.25961538461538464 0.01201923076923077 0.019230769230769232
2 0.03125 0.34134615384615385 0.06129807692307692 0.06610576923076923
2 0.6033653846153846 0.22596153846153846 0.06490384615384616 0.055288461538461536
2 0.17427884615384615 0.11177884615384616 0.014423076923076924 0.019230769230769232
2 0.08774038461538461 0.203125 0.037259615384615384 0.02403846153846154
2 0.43149038461538464 0.3485576923076923 0.055288461538461536 0.10576923076923077
2 0.32211538461538464 0.30408653846153844 0.019230769230769232 0.015625
2 0.06971153846153846 0.8305288461538461 0.030048076923076924 0.04447115384615385
2 0.38461538461538464 0.9194711538461539 0.019230769230769232 0.03485576923076923
2 0.9723557692307693 0.7163461538461539 0.010817307692307692 0.018028846153846152