0 0.8689903846153846 0.9747596153846154 0.09014423076923077 0.05048076923076923
0 0.26322115384615385 0.7584134615384616 0.5264423076923077 0.48197115384615385
5 0.9675480769230769 0.19110576923076922 0.06490384615384616 0.08413461538461539
0 0.7271634615384616 0.057692307692307696 0.16346153846153846 0.11177884615384616
2 0.7764423076923077 0.41947115384615385 0.38100961538461536 0.43990384615384615
14 0.47836538461538464 0.6274038461538461 0.546875 0.7451923076923077
2 0.2764423076923077 0.7668269230769231 0.037259615384615384 0.04326923076923077
2 0.8617788461538461 0.8125 0.028846153846153848 0.03365384615384615
0 0.9435096153846154 0.02403846153846154 0.11298076923076923 0.04807692307692308
2 0.30288461538461536 0.7692307692307693 0.019230769230769232 0.025240384615384616
2 0.921875 0.8569711538461539 0.025240384615384616 0.03125
2 0.9038461538461539 0.6875 0.015625 0.019230769230769232
2 0.46634615384615385 0.4675480769230769 0.018028846153846152 0.01201923076923077
2 0.46033653846153844 0.15745192307692307 0.03245192307692308 0.03365384615384615
2 0.6322115384615384 0.007211538461538462 0.021634615384615384 0.013221153846153846
2 0.8076923076923077 0.7463942307692307 0.02403846153846154 0.039663461538461536
2 0.20673076923076922 0.49759615384615385 0.04447115384615385 0.06971153846153846
0 0.3401442307692308 0.5072115384615384 0.21153846153846154 0.41346153846153844
2 0.16706730769230768 0.021634615384615384 0.06610576923076923 0.042067307692307696
0 0.44350961538461536 0.6322115384615384 0.0673076923076923 0.09375
2 0.5432692307692307 0.6358173076923077 0.042067307692307696 0.04927884615384615
2 0.5288461538461539 0.7223557692307693 0.016826923076923076 0.018028846153846152
2 0.6658653846153846 0.203125 0.019230769230769232 0.019230769230769232
2 0.11538461538461539 0.2668269230769231 0.08533653846153846 0.1201923076923077
2 0.47596153846153844 0.05048076923076923 0.11057692307692307 0.10096153846153846
2 0.5456730769230769 0.18509615384615385 0.04447115384615385 0.054086538461538464
0 0.84375 0.3125 0.17067307692307693 0.17548076923076922
0 0.6790865384615384 0.6862980769230769 0.09014423076923077 0.1466346153846154
2 0.9290865384615384 0.7884615384615384 0.016826923076923076 0.019230769230769232
2 0.9423076923076923 0.7608173076923077 0.021634615384615384 0.02403846153846154
2 0.5901442307692307 0.13822115384615385 0.04567307692307692 0.06490384615384616
2 0.703125 0.16826923076923078 0.04807692307692308 0.038461538461538464
2 0.6322115384615384 0.7884615384615384 0.025240384615384616 0.03485576923076923
2 0.4963942307692308 0.6382211538461539 0.04326923076923077 0.12139423076923077
2 0.4699519230769231 0.5576923076923077 0.016826923076923076 0.021634615384615384
2 0.44711538461538464 0.49278846153846156 0.027644230769230768 0.030048076923076924
2 0.484375 0.36899038461538464 0.046875 0.06971153846153846
2 0.24759615384615385 0.4362980769230769 0.06370192307692307 0.0985576923076923
2 0.16466346153846154 0.17668269230769232 0.3293269230769231 0.35336538461538464
2 0.055288461538461536 0.09014423076923077 0.11057692307692307 0.18028846153846154
2 0.7512019230769231 0.4795673076923077 0.11298076923076923 0.16947115384615385
2 0.5336538461538461 0.036057692307692304 0.013221153846153846 0.019230769230769232
2 0.39783653846153844 0.33413461538461536 0.056490384615384616 0.08653846153846154
2 0.8653846153846154 0.43028846153846156 0.016826923076923076 0.030048076923076924
2 0.8413461538461539 0.8485576923076923 0.020432692307692308 0.027644230769230768
2 0.7716346153846154 0.8942307692307693 0.020432692307692308 0.020432692307692308
2 0.9170673076923077 0.7283653846153846 0.020432692307692308 0.02283653846153846
2 0.7704326923076923 0.3173076923076923 0.027644230769230768 0.039663461538461536
2 0.7295673076923077 0.27283653846153844 0.028846153846153848 0.05889423076923077
2 0.8653846153846154 0.0673076923076923 0.015625 0.03245192307692308
2 0.5360576923076923 0.6838942307692307 0.025240384615384616 0.03245192307692308
2 0.5793269230769231 0.5096153846153846 0.03245192307692308 0.037259615384615384
2 0.578125 0.42427884615384615 0.02403846153846154 0.042067307692307696
2 0.8449519230769231 0.47716346153846156 0.03485576923076923 0.056490384615384616
2 0.8882211538461539 0.8882211538461539 0.03365384615384615 0.04326923076923077
2 0.17668269230769232 0.36658653846153844 0.05048076923076923 0.046875
2 0.5444711538461539 0.7944711538461539 0.016826923076923076 0.016826923076923076
2 0.36658653846153844 0.4375 0.10817307692307693 0.1346153846153846
2 0.65625 0.16346153846153846 0.02403846153846154 0.030048076923076924
2 0.5901442307692307 0.8978365384615384 0.20192307692307693 0.1875
2 0.19591346153846154 0.7247596153846154 0.046875 0.06490384615384616
2 0.4182692307692308 0.5612980769230769 0.056490384615384616 0.06850961538461539
2 0.27283653846153844 0.8966346153846154 0.04447115384615385 0.10216346153846154
2 0.025240384615384616 0.5745192307692307 0.05048076923076923 0.0733173076923077
2 0.546875 0.5697115384615384 0.052884615384615384 0.0733173076923077
2 0.4483173076923077 0.8125 0.025240384615384616 0.055288461538461536
2 0.38461538461538464 0.8786057692307693 0.03485576923076923 0.06129807692307692
2 0.051682692307692304 0.7848557692307693 0.10336538461538461 0.19110576923076922
2 0.14302884615384615 0.8245192307692307 0.10216346153846154 0.1045673076923077
2 0.5865384615384616 0.7247596153846154 0.04927884615384615 0.06129807692307692
2 0.6610576923076923 0.34134615384615385 0.03125 0.04447115384615385
2 0.6009615384615384 0.7992788461538461 0.021634615384615384 0.027644230769230768
2 0.9783653846153846 0.10336538461538461 0.04326923076923077 0.09014423076923077
2 0.11177884615384616 0.38100961538461536 0.051682692307692304 0.0829326923076923
2 0.26322115384615385 0.234375 0.0829326923076923 0.0889423076923077
2 0.8317307692307693 0.08653846153846154 0.021634615384615384 0.030048076923076924
2 0.6213942307692307 0.12620192307692307 0.015625 0.027644230769230768
2 0.18990384615384615 0.2920673076923077 0.04807692307692308 0.07211538461538461
2 0.5084134615384616 0.4423076923076923 0.040865384615384616 0.04927884615384615
2 0.1971153846153846 0.19471153846153846 0.019230769230769232 0.019230769230769232
2 0.9362980769230769 0.22235576923076922 0.08774038461538461 0.09975961538461539
2 0.39302884615384615 0.8209134615384616 0.03125 0.039663461538461536
2 0.5420673076923077 0.4879807692307692 0.01201923076923077 0.015625
2 0.5456730769230769 0.25240384615384615 0.021634615384615384 0.03485576923076923
2 0.6310096153846154 0.22956730769230768 0.06850961538461539 0.05048076923076923
2 0.2403846153846154 0.13221153846153846 0.03485576923076923 0.03245192307692308
2 0.14302884615384615 0.671875 0.046875 0.0673076923076923
2 0.41346153846153844 0.2403846153846154 0.1814903846153846 0.4807692307692308
2 0.9098557692307693 0.12379807692307693 0.030048076923076924 0.040865384615384616
2 0.47475961538461536 0.8894230769230769 0.03245192307692308 0.039663461538461536
2 0.90625 0.06971153846153846 0.02283653846153846 0.042067307692307696