2 0.17668269230769232 0.6358173076923077 0.018028846153846152 0.027644230769230768
2 0.10336538461538461 0.05889423076923077 0.20673076923076922 0.11778846153846154
2 0.09495192307692307 0.2091346153846154 0.1346153846153846 0.12620192307692307
2 0.5492788461538461 0.15745192307692307 0.12860576923076922 0.16346153846153846
2 0.23798076923076922 0.1310096153846154 0.12259615384615384 0.12620192307692307
2 0.36538461538461536 0.8100961538461539 0.051682692307692304 0.08413461538461539
2 0.5180288461538461 0.9158653846153846 0.22596153846153846 0.16826923076923078
2 0.8810096153846154 0.40865384615384615 0.23798076923076922 0.2644230769230769
2 0.04807692307692308 0.4026442307692308 0.09615384615384616 0.2860576923076923
2 0.6141826923076923 0.31490384615384615 0.18629807692307693 0.3137019230769231
2 0.32572115384615385 0.055288461538461536 0.10817307692307693 0.11057692307692307
2 0.7115384615384616 0.12139423076923077 0.10817307692307693 0.24158653846153846
2 0.9939903846153846 0.9050480769230769 0.01201923076923077 0.07572115384615384
2 0.5096153846153846 0.8545673076923077 0.04927884615384615 0.05048076923076923
2 0.2920673076923077 0.31971153846153844 0.40024038461538464 0.40625
2 0.21514423076923078 0.046875 0.05048076923076923 0.0673076923076923
2 0.7331730769230769 0.6875 0.036057692307692304 0.08413461538461539
2 0.3161057692307692 0.7115384615384616 0.055288461538461536 0.09254807692307693
2 0.15384615384615385 0.9387019230769231 0.15504807692307693 0.12259615384615384
2 0.9471153846153846 0.18629807692307693 0.10576923076923077 0.24639423076923078
2 0.38822115384615385 0.5504807692307693 0.24158653846153846 0.15865384615384615
2 0.7115384615384616 0.7331730769230769 0.028846153846153848 0.026442307692307692
2 0.38341346153846156 0.6682692307692307 0.08653846153846154 0.11899038461538461
2 0.7668269230769231 0.5552884615384616 0.027644230769230768 0.027644230769230768
2 0.06009615384615385 0.7692307692307693 0.1201923076923077 0.46153846153846156
2 0.20552884615384615 0.7764423076923077 0.1622596153846154 0.22596153846153846
2 0.4254807692307692 0.6370192307692307 0.025240384615384616 0.04567307692307692
2 0.052884615384615384 0.6057692307692307 0.025240384615384616 0.027644230769230768
2 0.36177884615384615 0.9411057692307693 0.08533653846153846 0.11658653846153846
2 0.9675480769230769 0.9783653846153846 0.038461538461538464 0.04326923076923077
2 0.8533653846153846 0.7512019230769231 0.2932692307692308 0.4338942307692308
2 0.7103365384615384 0.9254807692307693 0.15985576923076922 0.10817307692307693
8 0.6838942307692307 0.4879807692307692 0.34615384615384615 0.6237980769230769
2 0.4338942307692308 0.7319711538461539 0.038461538461538464 0.038461538461538464
2 0.2644230769230769 0.9771634615384616 0.09254807692307693 0.04567307692307692
2 0.6706730769230769 0.84375 0.05889423076923077 0.07091346153846154
2 0.3076923076923077 0.8389423076923077 0.03365384615384615 0.054086538461538464