2 0.875 0.71875 0.038461538461538464 0.039663461538461536
2 0.10336538461538461 0.6682692307692307 0.037259615384615384 0.06129807692307692
2 0.921875 0.25721153846153844 0.04807692307692308 0.06490384615384616
2 0.9411057692307693 0.1875 0.055288461538461536 0.06850961538461539
2 0.051682692307692304 0.5709134615384616 0.07451923076923077 0.14423076923076922
2 0.47596153846153844 0.5817307692307693 0.09495192307692307 0.19951923076923078
2 0.9951923076923077 0.359375 0.009615384615384616 0.016826923076923076
2 0.30528846153846156 0.44591346153846156 0.006009615384615385 0.009615384615384616
2 0.1778846153846154 0.4675480769230769 0.008413461538461538 0.01201923076923077
2 0.65625 0.8942307692307693 0.1502403846153846 0.21153846153846154
2 0.12740384615384615 0.6682692307692307 0.02403846153846154 0.025240384615384616
2 0.19110576923076922 0.796875 0.04807692307692308 0.12980769230769232
2 0.6045673076923077 0.12259615384615384 0.21514423076923078 0.0985576923076923
2 0.9459134615384616 0.11298076923076923 0.04447115384615385 0.056490384615384616
2 0.9807692307692307 0.2439903846153846 0.037259615384615384 0.038461538461538464
2 0.9230769230769231 0.78125 0.05889423076923077 0.046875
2 0.2283653846153846 0.49278846153846156 0.028846153846153848 0.051682692307692304
2 0.14182692307692307 0.4567307692307692 0.010817307692307692 0.014423076923076924
5 0.7007211538461539 0.2668269230769231 0.1658653846153846 0.24639423076923078
5 0.8305288461538461 0.040865384615384616 0.08173076923076923 0.08173076923076923
5 0.5757211538461539 0.04567307692307692 0.2608173076923077 0.09134615384615384
16 0.13341346153846154 0.7980769230769231 0.2668269230769231 0.40384615384615385
2 0.32211538461538464 0.8641826923076923 0.2512019230769231 0.2704326923076923
2 0.8990384615384616 0.8930288461538461 0.20192307692307693 0.21394230769230768
2 0.34975961538461536 0.15985576923076922 0.23197115384615385 0.20673076923076922
2 0.12740384615384615 0.7752403846153846 0.06370192307692307 0.1141826923076923
2 0.04447115384615385 0.42427884615384615 0.0889423076923077 0.11778846153846154
2 0.9314903846153846 0.8317307692307693 0.019230769230769232 0.019230769230769232
15 0.5 0.4230769230769231 1 0.7247596153846154
2 0.765625 0.8870192307692307 0.09134615384615384 0.22596153846153846
2 0.18990384615384615 0.5132211538461539 0.015625 0.019230769230769232
2 0.21153846153846154 0.47596153846153844 0.014423076923076924 0.014423076923076924
2 0.5769230769230769 0.27403846153846156 0.1045673076923077 0.21033653846153846
2 0.25841346153846156 0.484375 0.009615384615384616 0.008413461538461538
2 0.9435096153846154 0.33774038461538464 0.08052884615384616 0.09495192307692307
2 0.8197115384615384 0.7067307692307693 0.026442307692307692 0.04447115384615385
2 0.1141826923076923 0.07572115384615384 0.20072115384615385 0.15144230769230768
2 0.3317307692307692 0.6370192307692307 0.15264423076923078 0.21995192307692307
2 0.35216346153846156 0.03125 0.2091346153846154 0.0625
2 0.23317307692307693 0.4254807692307692 0.009615384615384616 0.01201923076923077
5 0.7572115384615384 0.08653846153846154 0.0829326923076923 0.1045673076923077
2 0.6730769230769231 0.6802884615384616 0.11899038461538461 0.16706730769230768
2 0.8641826923076923 0.7668269230769231 0.056490384615384616 0.03485576923076923
2 0.8581730769230769 0.3233173076923077 0.28365384615384615 0.5408653846153846
2 0.12620192307692307 0.43509615384615385 0.019230769230769232 0.02283653846153846
2 0.234375 0.6959134615384616 0.09014423076923077 0.08653846153846154
2 0.1466346153846154 0.5480769230769231 0.09254807692307693 0.11177884615384616
2 0.29447115384615385 0.515625 0.06129807692307692 0.05889423076923077
2 0.4495192307692308 0.25 0.16346153846153846 0.22596153846153846
2 0.13581730769230768 0.47836538461538464 0.014423076923076924 0.018028846153846152
2 0.08052884615384616 0.3293269230769231 0.16105769230769232 0.14903846153846154
2 0.7680288461538461 0.7199519230769231 0.07451923076923077 0.0985576923076923
2 0.5252403846153846 0.7403846153846154 0.17067307692307693 0.28966346153846156
2 0.21634615384615385 0.5733173076923077 0.014423076923076924 0.02283653846153846
2 0.6189903846153846 0.7596153846153846 0.057692307692307696 0.06610576923076923