5 0.24519230769230768 0.056490384615384616 0.09254807692307693 0.11298076923076923
2 0.2932692307692308 0.5240384615384616 0.05048076923076923 0.08533653846153846
2 0.06370192307692307 0.546875 0.12740384615384615 0.2956730769230769
2 0.2800480769230769 0.2848557692307692 0.07932692307692307 0.1310096153846154
2 0.3701923076923077 0.6947115384615384 0.03245192307692308 0.055288461538461536
2 0.37740384615384615 0.9411057692307693 0.015625 0.02403846153846154
2 0.2692307692307692 0.6298076923076923 0.054086538461538464 0.09014423076923077
2 0.42788461538461536 0.5192307692307693 0.08052884615384616 0.13701923076923078
2 0.0829326923076923 0.4098557692307692 0.16466346153846154 0.14423076923076922
2 0.16105769230769232 0.23076923076923078 0.12980769230769232 0.21153846153846154
2 0.2980769230769231 0.8052884615384616 0.051682692307692304 0.038461538461538464
5 0.8978365384615384 0.5697115384615384 0.07211538461538461 0.08173076923076923
2 0.828125 0.203125 0.05048076923076923 0.03365384615384615
2 0.2920673076923077 0.43028846153846156 0.055288461538461536 0.08774038461538461
2 0.39903846153846156 0.7019230769230769 0.013221153846153846 0.03125
2 0.38100961538461536 0.890625 0.01201923076923077 0.021634615384615384
2 0.38100961538461536 0.9771634615384616 0.020432692307692308 0.025240384615384616
5 0.6790865384615384 0.4891826923076923 0.04567307692307692 0.06490384615384616
2 0.8149038461538461 0.8329326923076923 0.3701923076923077 0.3329326923076923
2 0.46875 0.734375 0.1201923076923077 0.15625
2 0.9314903846153846 0.14423076923076922 0.008413461538461538 0.019230769230769232
2 0.8737980769230769 0.18990384615384615 0.052884615384615384 0.07451923076923077
2 0.7836538461538461 0.23317307692307693 0.04807692307692308 0.04447115384615385
2 0.8149038461538461 0.08413461538461539 0.18269230769230768 0.16826923076923078
5 0.8882211538461539 0.31009615384615385 0.1658653846153846 0.23557692307692307
5 0.32211538461538464 0.11899038461538461 0.1045673076923077 0.10336538461538461
5 0.05048076923076923 0.2824519230769231 0.09735576923076923 0.13701923076923078
2 0.16947115384615385 0.9278846153846154 0.17548076923076922 0.14423076923076922
2 0.9507211538461539 0.056490384615384616 0.0985576923076923 0.11298076923076923
5 0.8269230769230769 0.6778846153846154 0.15504807692307693 0.1935096153846154
2 0.515625 0.23677884615384615 0.040865384615384616 0.09134615384615384
2 0.6947115384615384 0.5612980769230769 0.020432692307692308 0.03125
2 0.3545673076923077 0.5733173076923077 0.12379807692307693 0.12139423076923077
2 0.13701923076923078 0.3701923076923077 0.020432692307692308 0.0673076923076923
2 0.6658653846153846 0.640625 0.042067307692307696 0.054086538461538464
2 0.27163461538461536 0.7175480769230769 0.03485576923076923 0.03365384615384615
2 0.3786057692307692 0.859375 0.04326923076923077 0.039663461538461536
2 0.1045673076923077 0.10697115384615384 0.2091346153846154 0.21394230769230768
2 0.34615384615384615 0.21754807692307693 0.054086538461538464 0.1045673076923077
5 0.6995192307692307 0.2932692307692308 0.13822115384615385 0.21514423076923078
5 0.6850961538461539 0.6826923076923077 0.040865384615384616 0.04326923076923077
2 0.06490384615384616 0.8257211538461539 0.12980769230769232 0.3485576923076923
2 0.35697115384615385 0.43149038461538464 0.1141826923076923 0.21394230769230768
2 0.16706730769230768 0.6298076923076923 0.19110576923076922 0.23076923076923078
2 0.20072115384615385 0.47115384615384615 0.11538461538461539 0.13701923076923078
4 0.4375 0.484375 0.3713942307692308 0.6526442307692307
2 0.2704326923076923 0.7560096153846154 0.030048076923076924 0.02403846153846154
2 0.6298076923076923 0.5348557692307693 0.03485576923076923 0.11899038461538461
2 0.6081730769230769 0.039663461538461536 0.027644230769230768 0.038461538461538464
2 0.6694711538461539 0.10096153846153846 0.14423076923076922 0.20192307692307693
2 0.8064903846153846 0.5300480769230769 0.08533653846153846 0.09735576923076923
5 0.46033653846153844 0.1466346153846154 0.1201923076923077 0.15625
2 0.33052884615384615 0.7704326923076923 0.07451923076923077 0.07211538461538461
5 0.2127403846153846 0.8173076923076923 0.12259615384615384 0.16706730769230768
2 0.40625 0.2704326923076923 0.07211538461538461 0.14543269230769232
2 0.5408653846153846 0.08173076923076923 0.09495192307692307 0.1622596153846154
2 0.4543269230769231 0.39663461538461536 0.08413461538461539 0.11298076923076923
5 0.7992788461538461 0.3942307692307692 0.08052884615384616 0.1141826923076923
2 0.625 0.29447115384615385 0.10096153846153846 0.2548076923076923
2 0.4423076923076923 0.046875 0.11298076923076923 0.09375
2 0.5060096153846154 0.8509615384615384 0.07692307692307693 0.13822115384615385
5 0.5576923076923077 0.5396634615384616 0.11057692307692307 0.13822115384615385
5 0.21033653846153846 0.34134615384615385 0.10817307692307693 0.15625
5 0.08173076923076923 0.15625 0.10336538461538461 0.13942307692307693
5 0.11177884615384616 0.03365384615384615 0.06850961538461539 0.0673076923076923
5 0.921875 0.6670673076923077 0.06971153846153846 0.234375
2 0.3137019230769231 0.90625 0.11899038461538461 0.18629807692307693
2 0.5913461538461539 0.6454326923076923 0.054086538461538464 0.09735576923076923
2 0.5300480769230769 0.3798076923076923 0.15384615384615385 0.24519230769230768
2 0.9435096153846154 0.11899038461538461 0.014423076923076924 0.021634615384615384
5 0.8209134615384616 0.9146634615384616 0.15745192307692307 0.17067307692307693
2 0.9783653846153846 0.2247596153846154 0.04326923076923077 0.25721153846153844
5 0.7415865384615384 0.6177884615384616 0.052884615384615384 0.0829326923076923
5 0.578125 0.8930288461538461 0.10817307692307693 0.15144230769230768
5 0.32211538461538464 0.054086538461538464 0.12620192307692307 0.10697115384615384
2 0.9338942307692307 0.4519230769230769 0.13221153846153846 0.22596153846153846
2 0.4206730769230769 0.8161057692307693 0.09735576923076923 0.12980769230769232
5 0.5564903846153846 0.7524038461538461 0.056490384615384616 0.07091346153846154
2 0.7223557692307693 0.4651442307692308 0.11177884615384616 0.15264423076923078
2 0.4735576923076923 0.9302884615384616 0.14423076923076922 0.13822115384615385
2 0.8617788461538461 0.4519230769230769 0.019230769230769232 0.037259615384615384