2 0.27283653846153844 0.7151442307692307 0.13942307692307693 0.15384615384615385
2 0.06009615384615385 0.234375 0.1201923076923077 0.3918269230769231
2 0.5865384615384616 0.8774038461538461 0.3317307692307692 0.24519230769230768
2 0.3701923076923077 0.7536057692307693 0.016826923076923076 0.030048076923076924
2 0.30528846153846156 0.15384615384615385 0.07692307692307693 0.15504807692307693
2 0.45552884615384615 0.22235576923076922 0.021634615384615384 0.019230769230769232
2 0.46153846153846156 0.04326923076923077 0.07692307692307693 0.08533653846153846
2 0.39903846153846156 0.1201923076923077 0.07932692307692307 0.14182692307692307
2 0.3954326923076923 0.2091346153846154 0.05048076923076923 0.03365384615384615
2 0.014423076923076924 0.47716346153846156 0.027644230769230768 0.11298076923076923
2 0.203125 0.9867788461538461 0.019230769230769232 0.020432692307692308
2 0.18389423076923078 0.47115384615384615 0.11538461538461539 0.23798076923076922
2 0.17668269230769232 0.20793269230769232 0.07451923076923077 0.10697115384615384
2 0.23317307692307693 0.28846153846153844 0.021634615384615384 0.021634615384615384
2 0.2920673076923077 0.039663461538461536 0.006009615384615385 0.010817307692307692
2 0.27283653846153844 0.9567307692307693 0.1346153846153846 0.08533653846153846
2 0.16346153846153846 0.1466346153846154 0.008413461538461538 0.015625
2 0.20793269230769232 0.057692307692307696 0.016826923076923076 0.03485576923076923
2 0.38221153846153844 0.018028846153846152 0.03245192307692308 0.036057692307692304
2 0.19471153846153846 0.3088942307692308 0.04927884615384615 0.07932692307692307
2 0.020432692307692308 0.020432692307692308 0.02283653846153846 0.040865384615384616
2 0.06850961538461539 0.9399038461538461 0.13701923076923078 0.1201923076923077
2 0.4254807692307692 0.9122596153846154 0.1310096153846154 0.16826923076923078
2 0.5733173076923077 0.06009615384615385 0.1045673076923077 0.1201923076923077
2 0.44591346153846156 0.16466346153846154 0.02403846153846154 0.030048076923076924
2 0.18269230769230768 0.14182692307692307 0.021634615384615384 0.019230769230769232
2 0.09735576923076923 0.009615384615384616 0.007211538461538462 0.019230769230769232
2 0.1045673076923077 0.5817307692307693 0.2091346153846154 0.33653846153846156
2 0.3485576923076923 0.8629807692307693 0.06610576923076923 0.07211538461538461
2 0.2512019230769231 0.057692307692307696 0.06370192307692307 0.1141826923076923
2 0.25 0.2620192307692308 0.016826923076923076 0.013221153846153846
2 0.20552884615384615 0.12620192307692307 0.01201923076923077 0.027644230769230768
2 0.26802884615384615 0.8088942307692307 0.07451923076923077 0.08173076923076923
2 0.23317307692307693 0.140625 0.056490384615384616 0.056490384615384616
2 0.04567307692307692 0.018028846153846152 0.030048076923076924 0.03485576923076923
2 0.4879807692307692 0.15985576923076922 0.056490384615384616 0.04326923076923077
2 0.22956730769230768 0.8701923076923077 0.014423076923076924 0.025240384615384616
2 0.18028846153846154 0.9915865384615384 0.019230769230769232 0.016826923076923076
2 0.30288461538461536 0.8894230769230769 0.05889423076923077 0.046875
2 0.1502403846153846 0.14182692307692307 0.01201923076923077 0.013221153846153846
2 0.703125 0.08173076923076923 0.019230769230769232 0.03245192307692308
2 0.06971153846153846 0.013221153846153846 0.009615384615384616 0.018028846153846152
2 0.23798076923076922 0.21634615384615385 0.014423076923076924 0.015625
2 0.3389423076923077 0.037259615384615384 0.020432692307692308 0.05048076923076923
2 0.24639423076923078 0.17908653846153846 0.021634615384615384 0.014423076923076924
2 0.3076923076923077 0.038461538461538464 0.030048076923076924 0.036057692307692304
8 0.5372596153846154 0.5336538461538461 0.5985576923076923 0.6862980769230769
2 0.42908653846153844 0.22596153846153846 0.016826923076923076 0.016826923076923076
2 0.49278846153846156 0.22956730769230768 0.014423076923076924 0.02283653846153846
2 0.6141826923076923 0.0985576923076923 0.019230769230769232 0.019230769230769232
2 0.7271634615384616 0.015625 0.014423076923076924 0.02403846153846154
2 0.36899038461538464 0.2620192307692308 0.1201923076923077 0.04807692307692308
2 0.49278846153846156 0.09014423076923077 0.016826923076923076 0.016826923076923076
2 0.7668269230769231 0.9819711538461539 0.037259615384615384 0.03485576923076923
2 0.53125 0.21153846153846154 0.010817307692307692 0.019230769230769232
2 0.9519230769230769 0.41346153846153844 0.030048076923076924 0.03365384615384615
2 0.8377403846153846 0.9579326923076923 0.007211538461538462 0.010817307692307692
2 0.15384615384615385 0.07211538461538461 0.06610576923076923 0.12980769230769232
2 0.8918269230769231 0.625 0.21634615384615385 0.3173076923076923
2 0.6598557692307693 0.08052884615384616 0.015625 0.015625
2 0.6129807692307693 0.14543269230769232 0.015625 0.02403846153846154
2 0.8557692307692307 0.42427884615384615 0.009615384615384616 0.016826923076923076
2 0.16706730769230768 0.9411057692307693 0.04807692307692308 0.04927884615384615
2 0.09375 0.03245192307692308 0.021634615384615384 0.020432692307692308
2 0.12860576923076922 0.16346153846153846 0.013221153846153846 0.019230769230769232
2 0.15625 0.8317307692307693 0.14182692307692307 0.1622596153846154
2 0.6754807692307693 0.12860576923076922 0.09254807692307693 0.09615384615384616
2 0.9266826923076923 0.04326923076923077 0.007211538461538462 0.01201923076923077
2 0.546875 0.140625 0.016826923076923076 0.018028846153846152
2 0.8461538461538461 0.014423076923076924 0.05048076923076923 0.028846153846153848
2 0.9927884615384616 0.4567307692307692 0.013221153846153846 0.021634615384615384
2 0.8966346153846154 0.3858173076923077 0.01201923076923077 0.01201923076923077
2 0.9387019230769231 0.026442307692307692 0.01201923076923077 0.015625
2 0.8810096153846154 0.019230769230769232 0.015625 0.020432692307692308
2 0.4050480769230769 0.013221153846153846 0.021634615384615384 0.026442307692307692
2 0.9891826923076923 0.33653846153846156 0.021634615384615384 0.051682692307692304
2 0.9387019230769231 0.8870192307692307 0.12139423076923077 0.20192307692307693
2 0.8713942307692307 0.875 0.021634615384615384 0.021634615384615384
2 0.6466346153846154 0.028846153846153848 0.015625 0.015625
2 0.8425480769230769 0.26802884615384615 0.03245192307692308 0.06009615384615385
2 0.2536057692307692 0.8882211538461539 0.02403846153846154 0.021634615384615384
2 0.8137019230769231 0.8461538461538461 0.052884615384615384 0.10817307692307693
2 0.9519230769230769 0.33653846153846156 0.01201923076923077 0.018028846153846152
2 0.9519230769230769 0.31009615384615385 0.007211538461538462 0.01201923076923077
2 0.3641826923076923 0.9603365384615384 0.055288461538461536 0.07932692307692307
2 0.7944711538461539 0.4495192307692308 0.03485576923076923 0.039663461538461536
2 0.6021634615384616 0.15264423076923078 0.015625 0.019230769230769232
2 0.6478365384615384 0.055288461538461536 0.014423076923076924 0.02403846153846154
2 0.7427884615384616 0.003605769230769231 0.007211538461538462 0.007211538461538462
2 0.9963942307692307 0.036057692307692304 0.007211538461538462 0.01201923076923077
2 0.8798076923076923 0.36778846153846156 0.03245192307692308 0.046875
2 0.8870192307692307 0.24639423076923078 0.014423076923076924 0.025240384615384616
2 0.9747596153846154 0.10697115384615384 0.01201923076923077 0.027644230769230768
2 0.8870192307692307 0.12980769230769232 0.12860576923076922 0.19951923076923078
2 0.49278846153846156 0.18870192307692307 0.020432692307692308 0.03365384615384615
2 0.5805288461538461 0.13701923076923078 0.03245192307692308 0.04326923076923077
2 0.7019230769230769 0.055288461538461536 0.026442307692307692 0.027644230769230768
2 0.8701923076923077 0.4362980769230769 0.016826923076923076 0.028846153846153848
2 0.7764423076923077 0.15144230769230768 0.078125 0.09254807692307693
2 0.7716346153846154 0.06370192307692307 0.10576923076923077 0.08052884615384616
2 0.84375 0.4098557692307692 0.03485576923076923 0.027644230769230768
2 0.8305288461538461 0.359375 0.07451923076923077 0.11057692307692307
2 0.9759615384615384 0.025240384615384616 0.009615384615384616 0.013221153846153846
2 0.9891826923076923 0.008413461538461538 0.021634615384615384 0.016826923076923076
2 0.796875 0.026442307692307692 0.0673076923076923 0.051682692307692304
2 0.6021634615384616 0.18028846153846154 0.036057692307692304 0.051682692307692304
2 0.5276442307692307 0.15625 0.019230769230769232 0.030048076923076924
2 0.8822115384615384 0.28846153846153844 0.021634615384615384 0.028846153846153848
2 0.8149038461538461 0.13581730769230768 0.016826923076923076 0.019230769230769232
2 0.7355769230769231 0.13221153846153846 0.009615384615384616 0.021634615384615384