2 0.08052884615384616 0.19831730769230768 0.015625 0.019230769230769232
2 0.8052884615384616 0.6358173076923077 0.007211538461538462 0.016826923076923076
2 0.7704326923076923 0.6911057692307693 0.016826923076923076 0.026442307692307692
2 0.3641826923076923 0.8245192307692307 0.02403846153846154 0.019230769230769232
2 0.5420673076923077 0.6538461538461539 0.014423076923076924 0.014423076923076924
2 0.7415865384615384 0.5745192307692307 0.01201923076923077 0.01201923076923077
2 0.9663461538461539 0.7139423076923077 0.06610576923076923 0.16826923076923078
2 0.08413461538461539 0.3581730769230769 0.020432692307692308 0.014423076923076924
2 0.7367788461538461 0.6418269230769231 0.016826923076923076 0.018028846153846152
2 0.2980769230769231 0.05048076923076923 0.009615384615384616 0.010817307692307692
2 0.22115384615384615 0.21754807692307693 0.027644230769230768 0.04326923076923077
0 0.6694711538461539 0.8389423076923077 0.08413461538461539 0.32211538461538464
2 0.7668269230769231 0.5997596153846154 0.02283653846153846 0.03125
14 0.5060096153846154 0.5564903846153846 0.9879807692307693 0.49158653846153844
2 0.17307692307692307 0.014423076923076924 0.009615384615384616 0.010817307692307692
0 0.6706730769230769 0.6225961538461539 0.030048076923076924 0.040865384615384616
0 0.22115384615384615 0.5300480769230769 0.4423076923076923 0.4110576923076923
2 0.5192307692307693 0.8497596153846154 0.040865384615384616 0.03485576923076923
2 0.8918269230769231 0.4855769230769231 0.019230769230769232 0.025240384615384616
2 0.7836538461538461 0.5649038461538461 0.02283653846153846 0.027644230769230768
2 0.8762019230769231 0.6370192307692307 0.038461538461538464 0.08173076923076923
2 0.7475961538461539 0.4375 0.008413461538461538 0.01201923076923077
2 0.5180288461538461 0.2956730769230769 0.019230769230769232 0.021634615384615384
2 0.359375 0.2848557692307692 0.008413461538461538 0.019230769230769232
2 0.38341346153846156 0.1310096153846154 0.008413461538461538 0.01201923076923077
2 0.7139423076923077 0.37740384615384615 0.016826923076923076 0.019230769230769232
2 0.7668269230769231 0.5432692307692307 0.019230769230769232 0.027644230769230768
2 0.5637019230769231 0.5853365384615384 0.02403846153846154 0.016826923076923076
2 0.37740384615384615 0.28725961538461536 0.007211538461538462 0.01201923076923077
2 0.390625 0.296875 0.009615384615384616 0.01201923076923077
2 0.7896634615384616 0.5348557692307693 0.014423076923076924 0.020432692307692308
0 0.2512019230769231 0.2692307692307692 0.09254807692307693 0.13581730769230768
2 0.10576923076923077 0.14302884615384615 0.006009615384615385 0.01201923076923077
2 0.7956730769230769 0.6550480769230769 0.019230769230769232 0.019230769230769232
2 0.7536057692307693 0.9314903846153846 0.016826923076923076 0.019230769230769232
2 0.7007211538461539 0.5925480769230769 0.020432692307692308 0.025240384615384616
2 0.234375 0.18990384615384615 0.013221153846153846 0.015625
2 0.09014423076923077 0.9134615384615384 0.03125 0.028846153846153848
2 0.21394230769230768 0.17668269230769232 0.010817307692307692 0.018028846153846152
2 0.19110576923076922 0.5036057692307693 0.026442307692307692 0.026442307692307692
2 0.07451923076923077 0.13341346153846154 0.020432692307692308 0.019230769230769232
2 0.028846153846153848 0.08653846153846154 0.015625 0.019230769230769232
2 0.014423076923076924 0.5612980769230769 0.014423076923076924 0.02283653846153846
2 0.40384615384615385 0.046875 0.018028846153846152 0.016826923076923076
2 0.47596153846153844 0.08413461538461539 0.05889423076923077 0.05889423076923077
2 0.5012019230769231 0.03125 0.019230769230769232 0.019230769230769232
2 0.6057692307692307 0.6706730769230769 0.021634615384615384 0.02403846153846154
2 0.33653846153846156 0.028846153846153848 0.01201923076923077 0.019230769230769232
2 0.140625 0.35216346153846156 0.016826923076923076 0.028846153846153848
2 0.3858173076923077 0.3293269230769231 0.014423076923076924 0.016826923076923076
2 0.40865384615384615 0.007211538461538462 0.009615384615384616 0.010817307692307692
2 0.7644230769230769 0.859375 0.014423076923076924 0.018028846153846152
2 0.6658653846153846 0.16466346153846154 0.013221153846153846 0.016826923076923076
2 0.5204326923076923 0.14423076923076922 0.019230769230769232 0.016826923076923076
2 0.038461538461538464 0.08774038461538461 0.006009615384615385 0.014423076923076924
2 0.8161057692307693 0.31009615384615385 0.036057692307692304 0.03365384615384615
2 0.22956730769230768 0.35697115384615385 0.026442307692307692 0.03125
2 0.5733173076923077 0.14182692307692307 0.015625 0.016826923076923076
2 0.265625 0.9411057692307693 0.04807692307692308 0.06129807692307692
2 0.38221153846153844 0.36538461538461536 0.010817307692307692 0.014423076923076924
2 0.30288461538461536 0.2620192307692308 0.021634615384615384 0.02403846153846154
2 0.6478365384615384 0.2956730769230769 0.027644230769230768 0.028846153846153848
2 0.3701923076923077 0.16706730769230768 0.020432692307692308 0.03485576923076923
2 0.8870192307692307 0.3245192307692308 0.10576923076923077 0.10216346153846154
2 0.4266826923076923 0.2776442307692308 0.016826923076923076 0.03365384615384615
2 0.7127403846153846 0.5300480769230769 0.027644230769230768 0.03365384615384615
2 0.6129807692307693 0.7235576923076923 0.009615384615384616 0.014423076923076924
2 0.26802884615384615 0.08173076923076923 0.02403846153846154 0.02283653846153846
2 0.203125 0.10096153846153846 0.06610576923076923 0.05889423076923077
2 0.2091346153846154 0.4675480769230769 0.01201923076923077 0.014423076923076924
2 0.5552884615384616 0.8076923076923077 0.014423076923076924 0.018028846153846152
2 0.6646634615384616 0.037259615384615384 0.02283653846153846 0.03365384615384615
2 0.8653846153846154 0.5709134615384616 0.009615384615384616 0.019230769230769232
2 0.06850961538461539 0.25721153846153844 0.009615384615384616 0.014423076923076924
0 0.10576923076923077 0.9230769230769231 0.21153846153846154 0.15384615384615385
2 0.4026442307692308 0.20673076923076922 0.010817307692307692 0.009615384615384616
2 0.9603365384615384 0.9050480769230769 0.07692307692307693 0.18990384615384615
2 0.6610576923076923 0.48677884615384615 0.014423076923076924 0.026442307692307692
2 0.5588942307692307 0.5396634615384616 0.016826923076923076 0.02283653846153846
2 0.18629807692307693 0.25 0.014423076923076924 0.019230769230769232
2 0.7271634615384616 0.14423076923076922 0.007211538461538462 0.018028846153846152
2 0.5564903846153846 0.9651442307692307 0.0625 0.06850961538461539
2 0.4543269230769231 0.22115384615384615 0.019230769230769232 0.021634615384615384
2 0.8028846153846154 0.3641826923076923 0.010817307692307692 0.014423076923076924
0 0.12620192307692307 0.24278846153846154 0.09014423076923077 0.12620192307692307
2 0.7716346153846154 0.9423076923076923 0.01201923076923077 0.019230769230769232
2 0.6586538461538461 0.7091346153846154 0.019230769230769232 0.02283653846153846
2 0.0625 0.9711538461538461 0.09735576923076923 0.057692307692307696
2 0.6274038461538461 0.5072115384615384 0.010817307692307692 0.014423076923076924
2 0.5336538461538461 0.5997596153846154 0.006009615384615385 0.01201923076923077
2 0.09014423076923077 0.037259615384615384 0.04807692307692308 0.054086538461538464
2 0.328125 0.203125 0.016826923076923076 0.02283653846153846
2 0.2668269230769231 0.43509615384615385 0.021634615384615384 0.02283653846153846
2 0.7836538461538461 0.14903846153846154 0.07572115384615384 0.2548076923076923
2 0.12740384615384615 0.40384615384615385 0.006009615384615385 0.010817307692307692
2 0.5516826923076923 0.7548076923076923 0.03125 0.051682692307692304
2 0.5637019230769231 0.042067307692307696 0.05889423076923077 0.05048076923076923
2 0.5901442307692307 0.007211538461538462 0.021634615384615384 0.014423076923076924
2 0.8918269230769231 0.140625 0.14182692307692307 0.28125
2 0.609375 0.26322115384615385 0.015625 0.016826923076923076
2 0.640625 0.08173076923076923 0.019230769230769232 0.021634615384615384
2 0.6814903846153846 0.01201923076923077 0.013221153846153846 0.010817307692307692
0 0.2512019230769231 0.8569711538461539 0.4987980769230769 0.2824519230769231