2 0.40625 0.4951923076923077 0.055288461538461536 0.057692307692307696
2 0.8894230769230769 0.40625 0.0673076923076923 0.07451923076923077
2 0.12379807692307693 0.421875 0.24639423076923078 0.84375
2 0.234375 0.6454326923076923 0.3016826923076923 0.30649038461538464
2 0.9182692307692307 0.5348557692307693 0.10336538461538461 0.12860576923076922
2 0.7403846153846154 0.1935096153846154 0.3798076923076923 0.3870192307692308
5 0.9831730769230769 0.7463942307692307 0.03365384615384615 0.15144230769230768
2 0.3016826923076923 0.9254807692307693 0.08413461538461539 0.109375
2 0.9591346153846154 0.042067307692307696 0.08173076923076923 0.08413461538461539
2 0.34134615384615385 0.38341346153846156 0.15985576923076922 0.17427884615384615
2 0.6706730769230769 0.9278846153846154 0.12740384615384615 0.14423076923076922
2 0.5360576923076923 0.7211538461538461 0.12139423076923077 0.22716346153846154
14 0.6189903846153846 0.5 0.7608173076923077 1
2 0.15625 0.9158653846153846 0.21153846153846154 0.16826923076923078