2 0.5432692307692307 0.5504807692307693 0.18389423076923078 0.23557692307692307
2 0.29927884615384615 0.9543269230769231 0.08173076923076923 0.09014423076923077
2 0.7872596153846154 0.6213942307692307 0.1466346153846154 0.14423076923076922
2 0.4567307692307692 0.028846153846153848 0.030048076923076924 0.03245192307692308
2 0.5997596153846154 0.2127403846153846 0.06610576923076923 0.06009615384615385
2 0.014423076923076924 0.6262019230769231 0.027644230769230768 0.09014423076923077
2 0.2439903846153846 0.9495192307692307 0.01201923076923077 0.019230769230769232
2 0.9579326923076923 0.6502403846153846 0.036057692307692304 0.04807692307692308
2 0.5552884615384616 0.22716346153846154 0.04567307692307692 0.07451923076923077
2 0.8930288461538461 0.08413461538461539 0.21394230769230768 0.16826923076923078
2 0.890625 0.6358173076923077 0.05889423076923077 0.07451923076923077
2 0.9314903846153846 0.3004807692307692 0.016826923076923076 0.019230769230769232
2 0.8533653846153846 0.32572115384615385 0.019230769230769232 0.015625
2 0.4254807692307692 0.3942307692307692 0.08413461538461539 0.06610576923076923
2 0.4411057692307692 0.2692307692307692 0.18870192307692307 0.18389423076923078
2 0.6778846153846154 0.2932692307692308 0.15264423076923078 0.24278846153846154
2 0.8545673076923077 0.20192307692307693 0.0985576923076923 0.10817307692307693
2 0.8016826923076923 0.03365384615384615 0.09735576923076923 0.06610576923076923
2 0.9038461538461539 0.9026442307692307 0.19110576923076922 0.1935096153846154
2 0.9663461538461539 0.4807692307692308 0.016826923076923076 0.016826923076923076
2 0.96875 0.30528846153846156 0.0625 0.18269230769230768
2 0.3329326923076923 0.9026442307692307 0.013221153846153846 0.013221153846153846
2 0.4543269230769231 0.9675480769230769 0.07211538461538461 0.06490384615384616
14 0.5 0.7259615384615384 1 0.15985576923076922
2 0.9014423076923077 0.3786057692307692 0.016826923076923076 0.015625
2 0.9134615384615384 0.49158653846153844 0.06490384615384616 0.17548076923076922
2 0.8918269230769231 0.296875 0.02283653846153846 0.028846153846153848
2 0.7764423076923077 0.26802884615384615 0.05889423076923077 0.12379807692307693
2 0.6298076923076923 0.08533653846153846 0.2932692307692308 0.17067307692307693
2 0.9495192307692307 0.5336538461538461 0.07572115384615384 0.06610576923076923
2 0.24278846153846154 0.9747596153846154 0.007211538461538462 0.01201923076923077
2 0.016826923076923076 0.2848557692307692 0.03245192307692308 0.028846153846153848
2 0.7548076923076923 0.17307692307692307 0.014423076923076924 0.015625
2 0.33774038461538464 0.8125 0.01201923076923077 0.013221153846153846
2 0.3545673076923077 0.5961538461538461 0.11778846153846154 0.11778846153846154
3 0.27403846153846156 0.15865384615384615 0.3112980769230769 0.2956730769230769
2 0.21995192307692307 0.07451923076923077 0.1141826923076923 0.14783653846153846
2 0.4266826923076923 0.07932692307692307 0.07211538461538461 0.07211538461538461
2 0.8185096153846154 0.4182692307692308 0.12379807692307693 0.17067307692307693
2 0.43149038461538464 0.8533653846153846 0.021634615384615384 0.025240384615384616
2 0.19230769230769232 0.8401442307692307 0.030048076923076924 0.06009615384615385
2 0.29086538461538464 0.765625 0.016826923076923076 0.025240384615384616
2 0.23918269230769232 0.7788461538461539 0.07211538461538461 0.05889423076923077
2 0.1201923076923077 0.6177884615384616 0.06971153846153846 0.06490384615384616
2 0.05048076923076923 0.6322115384615384 0.04927884615384615 0.09014423076923077
2 0.21754807692307693 0.47716346153846156 0.2620192307692308 0.23557692307692307
2 0.5829326923076923 0.4170673076923077 0.14423076923076922 0.17668269230769232
2 0.04927884615384615 0.8293269230769231 0.04447115384615385 0.0829326923076923
2 0.5709134615384616 0.8978365384615384 0.1310096153846154 0.20432692307692307
2 0.6201923076923077 0.1778846153846154 0.026442307692307692 0.021634615384615384
2 0.10096153846153846 0.9615384615384616 0.07692307692307693 0.07572115384615384
2 0.4050480769230769 0.43028846153846156 0.02403846153846154 0.015625
2 0.9278846153846154 0.3870192307692308 0.016826923076923076 0.02283653846153846
2 0.7728365384615384 0.19230769230769232 0.013221153846153846 0.020432692307692308
2 0.9134615384615384 0.27524038461538464 0.014423076923076924 0.01201923076923077
2 0.4254807692307692 0.01201923076923077 0.038461538461538464 0.02403846153846154
2 0.25721153846153844 0.9471153846153846 0.009615384615384616 0.01201923076923077
2 0.390625 0.15625 0.08173076923076923 0.11538461538461539
5 0.13942307692307693 0.8737980769230769 0.0889423076923077 0.11298076923076923
2 0.8161057692307693 0.3269230769230769 0.027644230769230768 0.025240384615384616
2 0.07932692307692307 0.13701923076923078 0.15745192307692307 0.265625
2 0.036057692307692304 0.9050480769230769 0.07211538461538461 0.18990384615384615
2 0.21153846153846154 0.9290865384615384 0.014423076923076924 0.02403846153846154
2 0.8197115384615384 0.5324519230769231 0.06971153846153846 0.055288461538461536
2 0.3786057692307692 0.9735576923076923 0.07451923076923077 0.051682692307692304
2 0.9663461538461539 0.1658653846153846 0.0673076923076923 0.0625
2 0.38341346153846156 0.8233173076923077 0.038461538461538464 0.05048076923076923
2 0.30528846153846156 0.8137019230769231 0.04326923076923077 0.05889423076923077
2 0.2091346153846154 0.9038461538461539 0.014423076923076924 0.014423076923076924
2 0.15865384615384615 0.7956730769230769 0.08533653846153846 0.06850961538461539
2 0.22956730769230768 0.6117788461538461 0.06490384615384616 0.056490384615384616
2 0.7415865384615384 0.9014423076923077 0.140625 0.1971153846153846
2 0.3858173076923077 0.8858173076923077 0.036057692307692304 0.040865384615384616
2 0.30408653846153844 0.875 0.046875 0.06370192307692307
2 0.6490384615384616 0.8822115384615384 0.021634615384615384 0.03485576923076923
2 0.6622596153846154 0.8413461538461539 0.019230769230769232 0.03125
2 0.6225961538461539 0.8822115384615384 0.046875 0.10576923076923077
2 0.7043269230769231 0.4831730769230769 0.11899038461538461 0.13701923076923078
2 0.21634615384615385 0.9711538461538461 0.008413461538461538 0.016826923076923076
2 0.17427884615384615 0.6117788461538461 0.038461538461538464 0.056490384615384616
2 0.1778846153846154 0.9651442307692307 0.042067307692307696 0.056490384615384616
2 0.1466346153846154 0.9891826923076923 0.013221153846153846 0.020432692307692308
2 0.08413461538461539 0.8834134615384616 0.021634615384615384 0.042067307692307696
2 0.22115384615384615 0.8629807692307693 0.016826923076923076 0.019230769230769232
3 0.21153846153846154 0.4423076923076923 0.4230769230769231 0.2932692307692308