2 0.17067307692307693 0.5 0.051682692307692304 0.06009615384615385
2 0.3161057692307692 0.036057692307692304 0.03125 0.05048076923076923
2 0.8713942307692307 0.14302884615384615 0.21995192307692307 0.203125
2 0.9447115384615384 0.6526442307692307 0.11057692307692307 0.11658653846153846
2 0.27283653846153844 0.5709134615384616 0.026442307692307692 0.03485576923076923
4 0.5036057692307693 0.4543269230769231 0.9927884615384616 0.9086538461538461
2 0.3329326923076923 0.4495192307692308 0.03485576923076923 0.037259615384615384
2 0.6045673076923077 0.4026442307692308 0.025240384615384616 0.038461538461538464
2 0.08173076923076923 0.4254807692307692 0.03365384615384615 0.028846153846153848
2 0.5588942307692307 0.9110576923076923 0.05889423076923077 0.08653846153846154
2 0.4050480769230769 0.5588942307692307 0.05889423076923077 0.06971153846153846
2 0.7668269230769231 0.421875 0.2091346153846154 0.24759615384615385
2 0.49399038461538464 0.8774038461538461 0.06610576923076923 0.0829326923076923
2 0.12860576923076922 0.9759615384615384 0.057692307692307696 0.04807692307692308
2 0.6346153846153846 0.1778846153846154 0.09014423076923077 0.08413461538461539
2 0.33774038461538464 0.7223557692307693 0.03125 0.037259615384615384
2 0.9471153846153846 0.02283653846153846 0.03365384615384615 0.04567307692307692
2 0.33774038461538464 0.5444711538461539 0.021634615384615384 0.040865384615384616
2 0.3870192307692308 0.9435096153846154 0.06370192307692307 0.06490384615384616
2 0.6033653846153846 0.016826923076923076 0.040865384615384616 0.03245192307692308
2 0.39903846153846156 0.2692307692307692 0.06850961538461539 0.06490384615384616
2 0.8100961538461539 0.8497596153846154 0.30528846153846156 0.3004807692307692
2 0.16947115384615385 0.06850961538461539 0.13942307692307693 0.11538461538461539