2 0.34375 0.9338942307692307 0.057692307692307696 0.06009615384615385
2 0.9831730769230769 0.40865384615384615 0.03365384615384615 0.03365384615384615
2 0.8353365384615384 0.5625 0.056490384615384616 0.07451923076923077
2 0.042067307692307696 0.9795673076923077 0.08413461538461539 0.040865384615384616
0 0.48197115384615385 0.02403846153846154 0.051682692307692304 0.046875
2 0.3233173076923077 0.7403846153846154 0.08653846153846154 0.07451923076923077
2 0.7956730769230769 0.20793269230769232 0.01201923076923077 0.014423076923076924
2 0.8221153846153846 0.15865384615384615 0.021634615384615384 0.026442307692307692
2 0.24158653846153846 0.859375 0.019230769230769232 0.042067307692307696
2 0.078125 0.7548076923076923 0.026442307692307692 0.03125
2 0.9435096153846154 0.23197115384615385 0.020432692307692308 0.02283653846153846
2 0.9206730769230769 0.021634615384615384 0.013221153846153846 0.014423076923076924
2 0.11899038461538461 0.8545673076923077 0.028846153846153848 0.03365384615384615
2 0.47115384615384615 0.9579326923076923 0.06610576923076923 0.0673076923076923
2 0.6334134615384616 0.3293269230769231 0.03125 0.027644230769230768
2 0.078125 0.8209134615384616 0.05048076923076923 0.04326923076923077
2 0.037259615384615384 0.9038461538461539 0.025240384615384616 0.02283653846153846
2 0.6742788461538461 0.9074519230769231 0.02403846153846154 0.036057692307692304
2 0.8088942307692307 0.6514423076923077 0.03485576923076923 0.04567307692307692
2 0.328125 0.14182692307692307 0.05889423076923077 0.06850961538461539
2 0.6598557692307693 0.5721153846153846 0.04567307692307692 0.06610576923076923
2 0.46153846153846156 0.828125 0.15264423076923078 0.1814903846153846
2 0.5048076923076923 0.5120192307692307 0.04567307692307692 0.08052884615384616
0 0.39783653846153844 0.08173076923076923 0.08653846153846154 0.0985576923076923
2 0.6213942307692307 0.7728365384615384 0.04927884615384615 0.054086538461538464
2 0.6923076923076923 0.20192307692307693 0.02403846153846154 0.036057692307692304
2 0.039663461538461536 0.6622596153846154 0.06610576923076923 0.08653846153846154
2 0.046875 0.9543269230769231 0.027644230769230768 0.018028846153846152
2 0.8557692307692307 0.27283653846153844 0.018028846153846152 0.03365384615384615
2 0.421875 0.3798076923076923 0.03245192307692308 0.056490384615384616
14 0.49399038461538464 0.5012019230769231 0.9879807692307693 0.9975961538461539
2 0.6069711538461539 0.6598557692307693 0.025240384615384616 0.046875
2 0.8004807692307693 0.4675480769230769 0.04567307692307692 0.04326923076923077
0 0.9290865384615384 0.1466346153846154 0.14182692307692307 0.1935096153846154
2 0.9314903846153846 0.7319711538461539 0.08653846153846154 0.125
2 0.9134615384615384 0.8293269230769231 0.05889423076923077 0.07451923076923077
2 0.8918269230769231 0.6045673076923077 0.030048076923076924 0.055288461538461536
2 0.28125 0.7848557692307693 0.08774038461538461 0.09615384615384616
2 0.47836538461538464 0.65625 0.04567307692307692 0.10336538461538461
2 0.054086538461538464 0.33533653846153844 0.042067307692307696 0.06009615384615385
2 0.8713942307692307 0.47716346153846156 0.03245192307692308 0.08173076923076923
3 0.2980769230769231 0.6514423076923077 0.30288461538461536 0.27163461538461536
2 0.48677884615384615 0.15985576923076922 0.12379807692307693 0.2127403846153846
0 0.6550480769230769 0.06009615384615385 0.19951923076923078 0.1201923076923077
3 0.8497596153846154 0.25721153846153844 0.3004807692307692 0.4567307692307692
2 0.8665865384615384 0.8137019230769231 0.10336538461538461 0.19230769230769232
2 0.7103365384615384 0.703125 0.03245192307692308 0.06129807692307692
2 0.640625 0.14423076923076922 0.09014423076923077 0.1141826923076923
2 0.07451923076923077 0.5276442307692307 0.06009615384615385 0.06490384615384616
2 0.3737980769230769 0.21754807692307693 0.07211538461538461 0.057692307692307696