2 0.003605769230769231 0.20673076923076922 0.007211538461538462 0.019230769230769232
2 0.7572115384615384 0.6574519230769231 0.03365384615384615 0.06971153846153846
2 0.15144230769230768 0.2764423076923077 0.040865384615384616 0.054086538461538464
2 0.171875 0.6189903846153846 0.009615384615384616 0.013221153846153846
2 0.9915865384615384 0.6033653846153846 0.016826923076923076 0.09134615384615384
8 0.43028846153846156 0.5588942307692307 0.5288461538461539 0.5997596153846154
2 0.9423076923076923 0.23197115384615385 0.06009615384615385 0.109375
2 0.052884615384615384 0.16346153846153846 0.014423076923076924 0.018028846153846152
2 0.018028846153846152 0.5516826923076923 0.025240384615384616 0.04447115384615385
2 0.9939903846153846 0.13221153846153846 0.01201923076923077 0.019230769230769232
2 0.3485576923076923 0.12860576923076922 0.06009615384615385 0.05048076923076923
2 0.03485576923076923 0.6802884615384616 0.025240384615384616 0.025240384615384616
2 0.35336538461538464 0.040865384615384616 0.021634615384615384 0.03365384615384615
2 0.5853365384615384 0.15745192307692307 0.037259615384615384 0.037259615384615384
2 0.22235576923076922 0.8689903846153846 0.05889423076923077 0.109375
17 0.10817307692307693 0.0985576923076923 0.04567307692307692 0.07091346153846154
2 0.8305288461538461 0.6634615384615384 0.016826923076923076 0.020432692307692308
2 0.0733173076923077 0.019230769230769232 0.06129807692307692 0.038461538461538464
2 0.8894230769230769 0.8389423076923077 0.22115384615384615 0.3173076923076923
2 0.7848557692307693 0.5901442307692307 0.036057692307692304 0.038461538461538464
2 0.19230769230769232 0.6983173076923077 0.02403846153846154 0.025240384615384616
2 0.18389423076923078 0.027644230769230768 0.01201923076923077 0.027644230769230768
2 0.6646634615384616 0.5084134615384616 0.016826923076923076 0.027644230769230768
2 0.9038461538461539 0.6165865384615384 0.027644230769230768 0.03485576923076923
2 0.15264423076923078 0.5649038461538461 0.04567307692307692 0.06490384615384616
2 0.37740384615384615 0.01201923076923077 0.02283653846153846 0.02403846153846154
2 0.7716346153846154 0.9879807692307693 0.02403846153846154 0.02403846153846154
2 0.5985576923076923 0.8858173076923077 0.27403846153846156 0.2283653846153846
2 0.07211538461538461 0.8149038461538461 0.03245192307692308 0.051682692307692304
2 0.3918269230769231 0.890625 0.04567307692307692 0.06610576923076923
2 0.5420673076923077 0.038461538461538464 0.020432692307692308 0.02283653846153846
2 0.40625 0.24639423076923078 0.1310096153846154 0.10216346153846154
8 0.7572115384615384 0.19471153846153846 0.2980769230769231 0.3870192307692308
2 0.5084134615384616 0.20673076923076922 0.06490384615384616 0.04567307692307692
2 0.9603365384615384 0.040865384615384616 0.027644230769230768 0.04807692307692308
2 0.47836538461538464 0.24759615384615385 0.01201923076923077 0.021634615384615384
2 0.4723557692307692 0.13701923076923078 0.01201923076923077 0.020432692307692308
2 0.7728365384615384 0.43028846153846156 0.12139423076923077 0.1502403846153846
2 0.9567307692307693 0.12980769230769232 0.02403846153846154 0.025240384615384616
2 0.48197115384615385 0.009615384615384616 0.01201923076923077 0.015625
2 0.7235576923076923 0.7475961538461539 0.02283653846153846 0.03245192307692308