2 0.15745192307692307 0.09735576923076923 0.014423076923076924 0.03365384615384615
2 0.9206730769230769 0.14182692307692307 0.12980769230769232 0.11057692307692307
4 0.5 0.24639423076923078 1 0.16466346153846154
2 0.40384615384615385 0.5841346153846154 0.05889423076923077 0.037259615384615384
2 0.25721153846153844 0.5709134615384616 0.019230769230769232 0.03365384615384615
2 0.1875 0.7620192307692307 0.17548076923076922 0.171875
2 0.6358173076923077 0.13581730769230768 0.056490384615384616 0.05889423076923077
2 0.03245192307692308 0.04567307692307692 0.06370192307692307 0.09014423076923077
2 0.0733173076923077 0.5060096153846154 0.03245192307692308 0.042067307692307696
2 0.4699519230769231 0.8365384615384616 0.04927884615384615 0.06610576923076923
2 0.5841346153846154 0.028846153846153848 0.056490384615384616 0.057692307692307696
2 0.03125 0.8341346153846154 0.0625 0.10576923076923077
2 0.3293269230769231 0.7764423076923077 0.10336538461538461 0.16346153846153846
2 0.2247596153846154 0.9158653846153846 0.14423076923076922 0.10096153846153846
2 0.1141826923076923 0.45072115384615385 0.020432692307692308 0.027644230769230768
2 0.5048076923076923 0.02403846153846154 0.028846153846153848 0.036057692307692304
2 0.2247596153846154 0.5492788461538461 0.020432692307692308 0.019230769230769232
2 0.1466346153846154 0.5685096153846154 0.038461538461538464 0.056490384615384616
2 0.21995192307692307 0.6141826923076923 0.025240384615384616 0.038461538461538464
2 0.026442307692307692 0.5108173076923077 0.052884615384615384 0.06009615384615385
2 0.30528846153846156 0.9050480769230769 0.037259615384615384 0.046875
2 0.4423076923076923 0.6694711538461539 0.12139423076923077 0.13822115384615385
2 0.057692307692307696 0.140625 0.037259615384615384 0.019230769230769232
2 0.19110576923076922 0.6454326923076923 0.051682692307692304 0.057692307692307696
2 0.6045673076923077 0.9158653846153846 0.056490384615384616 0.06610576923076923
2 0.015625 0.7247596153846154 0.03125 0.11899038461538461
2 0.3401442307692308 0.37740384615384615 0.2956730769230769 0.2127403846153846
2 0.7704326923076923 0.07451923076923077 0.0625 0.10096153846153846
2 0.8990384615384616 0.040865384615384616 0.03485576923076923 0.039663461538461536
2 0.5492788461538461 0.5240384615384616 0.03485576923076923 0.046875
2 0.7043269230769231 0.8737980769230769 0.10336538461538461 0.15504807692307693
2 0.17067307692307693 0.3786057692307692 0.04447115384615385 0.056490384615384616
2 0.078125 0.4567307692307692 0.025240384615384616 0.027644230769230768
2 0.9014423076923077 0.7199519230769231 0.15264423076923078 0.19230769230769232
2 0.9206730769230769 0.4375 0.08533653846153846 0.13221153846153846
2 0.8918269230769231 0.8629807692307693 0.06610576923076923 0.09254807692307693
2 0.6814903846153846 0.5060096153846154 0.046875 0.0829326923076923
2 0.6189903846153846 0.41346153846153844 0.021634615384615384 0.028846153846153848
2 0.5456730769230769 0.11298076923076923 0.06850961538461539 0.06850961538461539
2 0.421875 0.03245192307692308 0.09735576923076923 0.06490384615384616
2 0.12259615384615384 0.5144230769230769 0.03245192307692308 0.052884615384615384
2 0.39903846153846156 0.8425480769230769 0.04326923076923077 0.08533653846153846
2 0.49038461538461536 0.5516826923076923 0.07932692307692307 0.09735576923076923
2 0.32091346153846156 0.5576923076923077 0.027644230769230768 0.04326923076923077
2 0.7451923076923077 0.9735576923076923 0.042067307692307696 0.052884615384615384
2 0.9831730769230769 0.4206730769230769 0.03365384615384615 0.09134615384615384
2 0.6838942307692307 0.44591346153846156 0.02403846153846154 0.028846153846153848
2 0.7860576923076923 0.5324519230769231 0.027644230769230768 0.04326923076923077
2 0.5228365384615384 0.27163461538461536 0.042067307692307696 0.039663461538461536
2 0.7932692307692307 0.6911057692307693 0.06850961538461539 0.06129807692307692
2 0.9855769230769231 0.5120192307692307 0.028846153846153848 0.07451923076923077
2 0.734375 0.5901442307692307 0.04567307692307692 0.026442307692307692
2 0.5793269230769231 0.7355769230769231 0.028846153846153848 0.03485576923076923
2 0.9543269230769231 0.8990384615384616 0.055288461538461536 0.03485576923076923
2 0.7536057692307693 0.6382211538461539 0.019230769230769232 0.04326923076923077
2 0.8305288461538461 0.38221153846153844 0.04927884615384615 0.07451923076923077
2 0.8557692307692307 0.5612980769230769 0.08413461538461539 0.12259615384615384
2 0.33774038461538464 0.13341346153846154 0.10817307692307693 0.10336538461538461
2 0.6274038461538461 0.6911057692307693 0.08413461538461539 0.06971153846153846
2 0.8209134615384616 0.7379807692307693 0.016826923076923076 0.030048076923076924
2 0.84375 0.4326923076923077 0.027644230769230768 0.03245192307692308
2 0.41346153846153844 0.9158653846153846 0.016826923076923076 0.018028846153846152
2 0.025240384615384616 0.5745192307692307 0.020432692307692308 0.015625
2 0.09975961538461539 0.38341346153846156 0.014423076923076924 0.030048076923076924
2 0.10336538461538461 0.9014423076923077 0.09014423076923077 0.08413461538461539
2 0.036057692307692304 0.4579326923076923 0.046875 0.04326923076923077
2 0.11778846153846154 0.6754807692307693 0.03365384615384615 0.040865384615384616
2 0.028846153846153848 0.953125 0.057692307692307696 0.07451923076923077
2 0.7007211538461539 0.6634615384615384 0.08774038461538461 0.11778846153846154
2 0.7860576923076923 0.9819711538461539 0.028846153846153848 0.036057692307692304