2 0.890625 0.1045673076923077 0.042067307692307696 0.08173076923076923
2 0.9615384615384616 0.010817307692307692 0.016826923076923076 0.020432692307692308
2 0.4879807692307692 0.9579326923076923 0.08173076923076923 0.0829326923076923
2 0.9350961538461539 0.125 0.01201923076923077 0.018028846153846152
2 0.6454326923076923 0.9242788461538461 0.009615384615384616 0.01201923076923077
2 0.6670673076923077 0.3870192307692308 0.040865384615384616 0.05048076923076923
2 0.9627403846153846 0.5817307692307693 0.007211538461538462 0.009615384615384616
2 0.7692307692307693 0.14182692307692307 0.007211538461538462 0.015625
2 0.34975961538461536 0.828125 0.04567307692307692 0.054086538461538464
2 0.7367788461538461 0.02403846153846154 0.003605769230769231 0.006009615384615385
2 0.4098557692307692 0.0733173076923077 0.08413461538461539 0.14543269230769232
2 0.7584134615384616 0.12259615384615384 0.014423076923076924 0.019230769230769232
2 0.6262019230769231 0.09375 0.007211538461538462 0.009615384615384616
2 0.6694711538461539 0.1502403846153846 0.020432692307692308 0.027644230769230768
2 0.06850961538461539 0.0829326923076923 0.014423076923076924 0.020432692307692308
2 0.9266826923076923 0.8605769230769231 0.013221153846153846 0.01201923076923077
2 0.15745192307692307 0.2439903846153846 0.02403846153846154 0.018028846153846152
2 0.030048076923076924 0.046875 0.015625 0.020432692307692308
2 0.9447115384615384 0.013221153846153846 0.01201923076923077 0.010817307692307692
2 0.8545673076923077 0.030048076923076924 0.0625 0.03485576923076923
2 0.9206730769230769 0.1045673076923077 0.009615384615384616 0.006009615384615385
2 0.9182692307692307 0.12139423076923077 0.01201923076923077 0.020432692307692308
2 0.7295673076923077 0.9507211538461539 0.11538461538461539 0.09735576923076923
2 0.7524038461538461 0.265625 0.1466346153846154 0.12259615384615384
2 0.7800480769230769 0.04326923076923077 0.007211538461538462 0.01201923076923077
2 0.7319711538461539 0.05889423076923077 0.01201923076923077 0.008413461538461538
2 0.2439903846153846 0.7704326923076923 0.027644230769230768 0.039663461538461536
2 0.7584134615384616 0.6574519230769231 0.007211538461538462 0.01201923076923077
2 0.8846153846153846 0.5060096153846154 0.11298076923076923 0.203125
2 0.42788461538461536 0.6706730769230769 0.036057692307692304 0.027644230769230768
2 0.25841346153846156 0.6634615384615384 0.03485576923076923 0.08052884615384616
2 0.8449519230769231 0.21033653846153846 0.016826923076923076 0.020432692307692308
2 0.8521634615384616 0.1201923076923077 0.003605769230769231 0.007211538461538462
2 0.8497596153846154 0.23557692307692307 0.015625 0.013221153846153846
2 0.78125 0.47716346153846156 0.014423076923076924 0.014423076923076924
2 0.671875 0.6754807692307693 0.03245192307692308 0.05889423076923077
2 0.9134615384615384 0.9278846153846154 0.018028846153846152 0.030048076923076924
2 0.8425480769230769 0.8125 0.05048076923076923 0.0889423076923077
2 0.8185096153846154 0.7572115384615384 0.016826923076923076 0.037259615384615384
2 0.7295673076923077 0.671875 0.039663461538461536 0.021634615384615384
2 0.6550480769230769 0.7512019230769231 0.010817307692307692 0.013221153846153846
2 0.7908653846153846 0.6117788461538461 0.030048076923076924 0.03245192307692308
2 0.7307692307692307 0.453125 0.014423076923076924 0.02283653846153846
2 0.6358173076923077 0.3269230769230769 0.057692307692307696 0.08173076923076923
2 0.7007211538461539 0.375 0.009615384615384616 0.015625
2 0.5216346153846154 0.19471153846153846 0.11057692307692307 0.10096153846153846
2 0.007211538461538462 0.8004807692307693 0.014423076923076924 0.05048076923076923
2 0.11057692307692307 0.828125 0.03245192307692308 0.030048076923076924
2 0.2980769230769231 0.7620192307692307 0.02403846153846154 0.03485576923076923
2 0.27283653846153844 0.7788461538461539 0.01201923076923077 0.01201923076923077
2 0.21394230769230768 0.7355769230769231 0.014423076923076924 0.014423076923076924
2 0.3701923076923077 0.7548076923076923 0.014423076923076924 0.019230769230769232
2 0.32211538461538464 0.7151442307692307 0.078125 0.125
2 0.27163461538461536 0.7259615384615384 0.019230769230769232 0.019230769230769232
2 0.03365384615384615 0.6526442307692307 0.0673076923076923 0.07932692307692307
2 0.5288461538461539 0.056490384615384616 0.07932692307692307 0.11298076923076923
2 0.8040865384615384 0.10697115384615384 0.01201923076923077 0.010817307692307692
2 0.7427884615384616 0.71875 0.03245192307692308 0.037259615384615384
2 0.71875 0.7680288461538461 0.057692307692307696 0.05048076923076923
2 0.8461538461538461 0.6418269230769231 0.016826923076923076 0.02403846153846154
2 0.8737980769230769 0.6490384615384616 0.009615384615384616 0.014423076923076924
2 0.8317307692307693 0.2283653846153846 0.007211538461538462 0.010817307692307692
2 0.8088942307692307 0.11899038461538461 0.014423076923076924 0.015625
2 0.9855769230769231 0.5144230769230769 0.009615384615384616 0.013221153846153846
2 0.9963942307692307 0.8701923076923077 0.007211538461538462 0.018028846153846152
2 0.6911057692307693 0.06129807692307692 0.007211538461538462 0.010817307692307692
2 0.7199519230769231 0.1502403846153846 0.019230769230769232 0.014423076923076924
2 0.7175480769230769 0.19591346153846154 0.008413461538461538 0.008413461538461538
2 0.8870192307692307 0.6286057692307693 0.007211538461538462 0.008413461538461538
2 0.9867788461538461 0.30408653846153844 0.026442307692307692 0.036057692307692304
2 0.9447115384615384 0.7908653846153846 0.04567307692307692 0.042067307692307696
2 0.7127403846153846 0.0625 0.006009615384615385 0.007211538461538462
3 0.6382211538461539 0.484375 0.30408653846153844 0.33533653846153844
2 0.6502403846153846 0.8870192307692307 0.007211538461538462 0.009615384615384616
2 0.5757211538461539 0.7932692307692307 0.009615384615384616 0.010817307692307692
2 0.6286057692307693 0.6802884615384616 0.018028846153846152 0.13581730769230768
2 0.24879807692307693 0.7211538461538461 0.014423076923076924 0.009615384615384616
2 0.34615384615384615 0.6802884615384616 0.019230769230769232 0.04807692307692308
2 0.04567307692307692 0.8677884615384616 0.09134615384615384 0.11538461538461539
2 0.4266826923076923 0.7295673076923077 0.027644230769230768 0.03125
2 0.9038461538461539 0.6081730769230769 0.006009615384615385 0.007211538461538462
2 0.671875 0.042067307692307696 0.01201923076923077 0.014423076923076924
2 0.25841346153846156 0.7896634615384616 0.007211538461538462 0.008413461538461538
2 0.359375 0.4699519230769231 0.1935096153846154 0.38341346153846156
2 0.3293269230769231 0.11899038461538461 0.020432692307692308 0.021634615384615384
2 0.4519230769230769 0.40625 0.03125 0.06009615384615385
2 0.6213942307692307 0.8737980769230769 0.007211538461538462 0.008413461538461538
2 0.01201923076923077 0.9615384615384616 0.02403846153846154 0.052884615384615384
2 0.1875 0.8401442307692307 0.12259615384615384 0.15865384615384615
2 0.05889423076923077 0.703125 0.014423076923076924 0.016826923076923076
2 0.5240384615384616 0.35697115384615385 0.18509615384615385 0.25721153846153844
2 0.22115384615384615 0.7127403846153846 0.03485576923076923 0.030048076923076924
2 0.33533653846153844 0.8701923076923077 0.01201923076923077 0.016826923076923076
2 0.6875 0.13221153846153846 0.006009615384615385 0.013221153846153846
2 0.6971153846153846 0.6225961538461539 0.04567307692307692 0.04326923076923077
2 0.29447115384615385 0.8641826923076923 0.052884615384615384 0.08173076923076923
2 0.7728365384615384 0.7764423076923077 0.01201923076923077 0.010817307692307692
2 0.41346153846153844 0.8533653846153846 0.13221153846153846 0.1814903846153846
2 0.4963942307692308 0.125 0.046875 0.04326923076923077
2 0.9639423076923077 0.037259615384615384 0.009615384615384616 0.01201923076923077
2 0.8149038461538461 0.042067307692307696 0.009615384615384616 0.010817307692307692
2 0.921875 0.09014423076923077 0.007211538461538462 0.009615384615384616
2 0.9134615384615384 0.09134615384615384 0.003605769230769231 0.007211538461538462
2 0.9411057692307693 0.21634615384615385 0.016826923076923076 0.019230769230769232
2 0.9771634615384616 0.2536057692307692 0.008413461538461538 0.019230769230769232
2 0.09014423076923077 0.7704326923076923 0.07211538461538461 0.08533653846153846
2 0.8317307692307693 0.31490384615384615 0.010817307692307692 0.013221153846153846
2 0.20552884615384615 0.7475961538461539 0.006009615384615385 0.013221153846153846
2 0.042067307692307696 0.9855769230769231 0.03125 0.027644230769230768
2 0.32572115384615385 0.9567307692307693 0.07451923076923077 0.051682692307692304
2 0.11658653846153846 0.8569711538461539 0.01201923076923077 0.01201923076923077
0 0.9086538461538461 0.028846153846153848 0.03485576923076923 0.04447115384615385
2 0.7932692307692307 0.4182692307692308 0.052884615384615384 0.09495192307692307
2 0.9206730769230769 0.6550480769230769 0.007211538461538462 0.004807692307692308
2 0.9050480769230769 0.7259615384615384 0.010817307692307692 0.016826923076923076
2 0.6225961538461539 0.08173076923076923 0.008413461538461538 0.014423076923076924
2 0.375 0.7127403846153846 0.04807692307692308 0.09254807692307693
2 0.2091346153846154 0.23798076923076922 0.01201923076923077 0.018028846153846152
2 0.5985576923076923 0.6021634615384616 0.03485576923076923 0.038461538461538464
2 0.984375 0.6514423076923077 0.03125 0.11057692307692307
2 0.7980769230769231 0.5697115384615384 0.02283653846153846 0.019230769230769232
2 0.9711538461538461 0.2247596153846154 0.020432692307692308 0.018028846153846152
2 0.65625 0.7247596153846154 0.01201923076923077 0.01201923076923077
2 0.7716346153846154 0.8810096153846154 0.020432692307692308 0.046875
2 0.5865384615384616 0.7079326923076923 0.01201923076923077 0.020432692307692308
2 0.8341346153846154 0.1346153846153846 0.03365384615384615 0.05048076923076923
2 0.8569711538461539 0.12740384615384615 0.007211538461538462 0.007211538461538462
2 0.7824519230769231 0.12860576923076922 0.008413461538461538 0.008413461538461538
2 0.7992788461538461 0.13341346153846154 0.004807692307692308 0.004807692307692308
2 0.7211538461538461 0.08774038461538461 0.006009615384615385 0.007211538461538462
2 0.6923076923076923 0.078125 0.009615384615384616 0.016826923076923076
2 0.671875 0.09134615384615384 0.014423076923076924 0.013221153846153846
2 0.7295673076923077 0.20432692307692307 0.01201923076923077 0.013221153846153846
2 0.6478365384615384 0.16947115384615385 0.006009615384615385 0.006009615384615385
2 0.6382211538461539 0.14182692307692307 0.016826923076923076 0.019230769230769232
2 0.9903846153846154 0.59375 0.016826923076923076 0.018028846153846152
2 0.9795673076923077 0.5817307692307693 0.007211538461538462 0.009615384615384616
2 0.9651442307692307 0.6370192307692307 0.006009615384615385 0.008413461538461538
2 0.9879807692307693 0.7235576923076923 0.02403846153846154 0.03485576923076923
2 0.9831730769230769 0.7776442307692307 0.03245192307692308 0.052884615384615384
2 0.9194711538461539 0.8245192307692307 0.009615384615384616 0.008413461538461538
2 0.8509615384615384 0.6754807692307693 0.025240384615384616 0.04326923076923077
2 0.7896634615384616 0.796875 0.01201923076923077 0.02403846153846154
2 0.6105769230769231 0.8653846153846154 0.010817307692307692 0.015625
2 0.5829326923076923 0.5432692307692307 0.078125 0.1141826923076923
2 0.4266826923076923 0.20432692307692307 0.09735576923076923 0.15144230769230768
2 0.9903846153846154 0.39663461538461536 0.019230769230769232 0.04326923076923077
2 0.921875 0.359375 0.009615384615384616 0.025240384615384616
2 0.7932692307692307 0.19110576923076922 0.02403846153846154 0.03485576923076923
2 0.7584134615384616 0.030048076923076924 0.020432692307692308 0.026442307692307692
2 0.6298076923076923 0.055288461538461536 0.037259615384615384 0.037259615384615384
2 0.6514423076923077 0.15745192307692307 0.006009615384615385 0.007211538461538462
2 0.6225961538461539 0.15384615384615385 0.007211538461538462 0.008413461538461538
2 0.8545673076923077 0.3245192307692308 0.007211538461538462 0.008413461538461538
2 0.9903846153846154 0.44711538461538464 0.004807692307692308 0.007211538461538462
2 0.9627403846153846 0.6586538461538461 0.006009615384615385 0.004807692307692308
2 0.9423076923076923 0.7115384615384616 0.052884615384615384 0.11899038461538461
2 0.8882211538461539 0.6682692307692307 0.008413461538461538 0.014423076923076924
2 0.8149038461538461 0.49278846153846156 0.019230769230769232 0.019230769230769232
2 0.8052884615384616 0.6814903846153846 0.07692307692307693 0.11899038461538461
2 0.7548076923076923 0.8822115384615384 0.007211538461538462 0.016826923076923076
2 0.6971153846153846 0.7391826923076923 0.006009615384615385 0.013221153846153846
2 0.5588942307692307 0.7572115384615384 0.021634615384615384 0.025240384615384616
2 0.7079326923076923 0.49759615384615385 0.018028846153846152 0.027644230769230768
2 0.7091346153846154 0.4567307692307692 0.042067307692307696 0.07091346153846154
2 0.6322115384615384 0.4074519230769231 0.016826923076923076 0.05048076923076923
2 0.6670673076923077 0.3425480769230769 0.016826923076923076 0.019230769230769232
2 0.4735576923076923 0.09375 0.030048076923076924 0.028846153846153848
2 0.4651442307692308 0.06009615384615385 0.009615384615384616 0.015625
2 0.5829326923076923 0.9651442307692307 0.009615384615384616 0.014423076923076924
2 0.5360576923076923 0.9663461538461539 0.020432692307692308 0.027644230769230768
2 0.5084134615384616 0.8509615384615384 0.019230769230769232 0.028846153846153848
2 0.2608173076923077 0.8846153846153846 0.014423076923076924 0.018028846153846152
2 0.2127403846153846 0.9435096153846154 0.009615384615384616 0.015625
2 0.4326923076923077 0.6983173076923077 0.014423076923076924 0.020432692307692308
2 0.015625 0.7151442307692307 0.030048076923076924 0.04927884615384615
2 0.09615384615384616 0.6911057692307693 0.013221153846153846 0.01201923076923077
2 0.007211538461538462 0.5228365384615384 0.014423076923076924 0.016826923076923076
2 0.234375 0.3401442307692308 0.008413461538461538 0.009615384615384616
2 0.24879807692307693 0.3317307692307692 0.007211538461538462 0.013221153846153846
2 0.19831730769230768 0.3317307692307692 0.02403846153846154 0.026442307692307692
2 0.21754807692307693 0.296875 0.014423076923076924 0.016826923076923076
2 0.19591346153846154 0.19831730769230768 0.018028846153846152 0.016826923076923076
2 0.5576923076923077 0.6862980769230769 0.014423076923076924 0.01201923076923077
2 0.8341346153846154 0.375 0.004807692307692308 0.006009615384615385
2 0.08173076923076923 0.9879807692307693 0.04567307692307692 0.02403846153846154
2 0.28365384615384615 0.3401442307692308 0.03245192307692308 0.040865384615384616
2 0.9435096153846154 0.23798076923076922 0.01201923076923077 0.013221153846153846
2 0.21875 0.34615384615384615 0.014423076923076924 0.02403846153846154
0 0.6310096153846154 0.5901442307692307 0.04807692307692308 0.037259615384615384
2 0.11298076923076923 0.9110576923076923 0.01201923076923077 0.016826923076923076
2 0.6742788461538461 0.5120192307692307 0.03245192307692308 0.07692307692307693
2 0.6490384615384616 0.8329326923076923 0.008413461538461538 0.008413461538461538
2 0.5396634615384616 0.13701923076923078 0.054086538461538464 0.05048076923076923
2 0.7151442307692307 0.7007211538461539 0.02403846153846154 0.018028846153846152
2 0.6598557692307693 0.6177884615384616 0.007211538461538462 0.008413461538461538
2 0.671875 0.29447115384615385 0.019230769230769232 0.026442307692307692
2 0.609375 0.18389423076923078 0.07572115384615384 0.0829326923076923
2 0.7043269230769231 0.09615384615384616 0.010817307692307692 0.016826923076923076
2 0.4050480769230769 0.9723557692307693 0.04326923076923077 0.054086538461538464
2 0.04927884615384615 0.71875 0.014423076923076924 0.010817307692307692
2 0.9579326923076923 0.5192307692307693 0.013221153846153846 0.01201923076923077
2 0.7091346153846154 0.24639423076923078 0.01201923076923077 0.01201923076923077
2 0.9939903846153846 0.3629807692307692 0.010817307692307692 0.027644230769230768
2 0.8353365384615384 0.33533653846153844 0.01201923076923077 0.019230769230769232
2 0.8425480769230769 0.2644230769230769 0.009615384615384616 0.015625
2 0.7247596153846154 0.18028846153846154 0.016826923076923076 0.018028846153846152
2 0.5180288461538461 0.6057692307692307 0.06490384615384616 0.11057692307692307
2 0.9050480769230769 0.14903846153846154 0.006009615384615385 0.009615384615384616
2 0.9663461538461539 0.0625 0.0673076923076923 0.08173076923076923
2 0.8894230769230769 0.2439903846153846 0.01201923076923077 0.016826923076923076
2 0.5973557692307693 0.07451923076923077 0.008413461538461538 0.009615384615384616
2 0.9483173076923077 0.6334134615384616 0.014423076923076924 0.010817307692307692
2 0.09375 0.7199519230769231 0.016826923076923076 0.014423076923076924
2 0.6201923076923077 0.9026442307692307 0.007211538461538462 0.009615384615384616
2 0.7632211538461539 0.004807692307692308 0.007211538461538462 0.009615384615384616
2 0.6298076923076923 0.9435096153846154 0.016826923076923076 0.01201923076923077
2 0.6502403846153846 0.46274038461538464 0.05889423076923077 0.046875
2 0.5048076923076923 0.46033653846153844 0.06610576923076923 0.1141826923076923
2 0.7103365384615384 0.8485576923076923 0.07572115384615384 0.10216346153846154
2 0.8052884615384616 0.8257211538461539 0.014423076923076924 0.015625
2 0.7524038461538461 0.7644230769230769 0.006009615384615385 0.010817307692307692
2 0.9459134615384616 0.13581730769230768 0.013221153846153846 0.019230769230769232
2 0.003605769230769231 0.6021634615384616 0.006009615384615385 0.03125
2 0.828125 0.08533653846153846 0.025240384615384616 0.04326923076923077
2 0.8341346153846154 0.18629807692307693 0.009615384615384616 0.009615384615384616
2 0.8389423076923077 0.007211538461538462 0.02403846153846154 0.014423076923076924
2 0.22235576923076922 0.18269230769230768 0.016826923076923076 0.02283653846153846
2 0.039663461538461536 0.4963942307692308 0.06490384615384616 0.09735576923076923
2 0.24639423076923078 0.38100961538461536 0.05048076923076923 0.04807692307692308
2 0.921875 0.32572115384615385 0.12259615384615384 0.17908653846153846
2 0.8798076923076923 0.14903846153846154 0.015625 0.019230769230769232
2 0.05048076923076923 0.5901442307692307 0.03485576923076923 0.054086538461538464
2 0.7980769230769231 0.15625 0.014423076923076924 0.01201923076923077
2 0.6850961538461539 0.14903846153846154 0.009615384615384616 0.01201923076923077
2 0.8509615384615384 0.3701923076923077 0.007211538461538462 0.009615384615384616
2 0.9314903846153846 0.9050480769230769 0.009615384615384616 0.019230769230769232
2 0.8557692307692307 0.7536057692307693 0.021634615384615384 0.019230769230769232
2 0.8557692307692307 0.3870192307692308 0.008413461538461538 0.01201923076923077
2 0.8725961538461539 0.6790865384615384 0.01201923076923077 0.016826923076923076
2 0.8798076923076923 0.7151442307692307 0.04567307692307692 0.057692307692307696
2 0.9711538461538461 0.5697115384615384 0.004807692307692308 0.003605769230769231
2 0.9711538461538461 0.7536057692307693 0.01201923076923077 0.018028846153846152
2 0.9447115384615384 0.6117788461538461 0.007211538461538462 0.01201923076923077
2 0.9014423076923077 0.6370192307692307 0.014423076923076924 0.030048076923076924
2 0.6826923076923077 0.18990384615384615 0.014423076923076924 0.021634615384615384
2 0.9507211538461539 0.53125 0.016826923076923076 0.015625
2 0.9951923076923077 0.44471153846153844 0.008413461538461538 0.01201923076923077
2 0.7560096153846154 0.18389423076923078 0.006009615384615385 0.006009615384615385
2 0.7283653846153846 0.10576923076923077 0.007211538461538462 0.021634615384615384
2 0.5901442307692307 0.03245192307692308 0.007211538461538462 0.01201923076923077
2 0.7223557692307693 0.021634615384615384 0.007211538461538462 0.010817307692307692
2 0.8521634615384616 0.0985576923076923 0.015625 0.02283653846153846
2 0.7524038461538461 0.10576923076923077 0.04447115384615385 0.04567307692307692
2 0.7692307692307693 0.05048076923076923 0.010817307692307692 0.015625
2 0.9831730769230769 0.3713942307692308 0.009615384615384616 0.014423076923076924
2 0.8185096153846154 0.016826923076923076 0.007211538461538462 0.007211538461538462
2 0.7139423076923077 0.203125 0.006009615384615385 0.007211538461538462
2 0.8954326923076923 0.7704326923076923 0.06009615384615385 0.06850961538461539
2 0.7596153846153846 0.16947115384615385 0.006009615384615385 0.009615384615384616
2 0.9230769230769231 0.010817307692307692 0.02403846153846154 0.021634615384615384
2 0.6826923076923077 0.06850961538461539 0.003605769230769231 0.006009615384615385
2 0.7475961538461539 0.15504807692307693 0.016826923076923076 0.014423076923076924
2 0.8028846153846154 0.06971153846153846 0.027644230769230768 0.04326923076923077
2 0.6670673076923077 0.9230769230769231 0.021634615384615384 0.020432692307692308
3 0.24158653846153846 0.09014423076923077 0.1346153846153846 0.18028846153846154
2 0.7451923076923077 0.04326923076923077 0.014423076923076924 0.014423076923076924
2 0.8016826923076923 0.171875 0.009615384615384616 0.01201923076923077
2 0.8100961538461539 0.1466346153846154 0.010817307692307692 0.020432692307692308
2 0.7884615384615384 0.13701923076923078 0.007211538461538462 0.010817307692307692
2 0.65625 0.7872596153846154 0.016826923076923076 0.018028846153846152
2 0.5721153846153846 0.6430288461538461 0.037259615384615384 0.038461538461538464
2 0.9158653846153846 0.6129807692307693 0.015625 0.021634615384615384
2 0.33653846153846156 0.2776442307692308 0.04807692307692308 0.057692307692307696
2 0.31850961538461536 0.7896634615384616 0.016826923076923076 0.02283653846153846
2 0.04927884615384615 0.9663461538461539 0.009615384615384616 0.014423076923076924
2 0.21394230769230768 0.3629807692307692 0.014423076923076924 0.016826923076923076
2 0.7223557692307693 0.5552884615384616 0.021634615384615384 0.03245192307692308
2 0.15504807692307693 0.5564903846153846 0.17668269230769232 0.3269230769230769
2 0.07091346153846154 0.14543269230769232 0.015625 0.020432692307692308
2 0.057692307692307696 0.16466346153846154 0.021634615384615384 0.03125
2 0.02403846153846154 0.15745192307692307 0.021634615384615384 0.020432692307692308
2 0.014423076923076924 0.12379807692307693 0.01201923076923077 0.014423076923076924
2 0.014423076923076924 0.0889423076923077 0.01201923076923077 0.018028846153846152
2 0.07211538461538461 0.008413461538461538 0.01201923076923077 0.016826923076923076
2 0.06009615384615385 0.05048076923076923 0.021634615384615384 0.02403846153846154
2 0.02403846153846154 0.026442307692307692 0.046875 0.052884615384615384
2 0.14423076923076922 0.3557692307692308 0.10697115384615384 0.1141826923076923
2 0.10576923076923077 0.2283653846153846 0.11177884615384616 0.13822115384615385
2 0.16947115384615385 0.14302884615384615 0.09254807692307693 0.051682692307692304
2 0.9302884615384616 0.6490384615384616 0.014423076923076924 0.013221153846153846
2 0.2860576923076923 0.04567307692307692 0.014423076923076924 0.02403846153846154
2 0.06370192307692307 0.3004807692307692 0.028846153846153848 0.027644230769230768
2 0.08413461538461539 0.042067307692307696 0.03245192307692308 0.06490384615384616
2 0.34375 0.203125 0.03365384615384615 0.05048076923076923
2 0.2536057692307692 0.5492788461538461 0.05048076923076923 0.09134615384615384
2 0.0829326923076923 0.3317307692307692 0.01201923076923077 0.027644230769230768
2 0.171875 0.27163461538461536 0.046875 0.039663461538461536
2 0.06490384615384616 0.22355769230769232 0.038461538461538464 0.04927884615384615
2 0.02403846153846154 0.0733173076923077 0.019230769230769232 0.019230769230769232
2 0.07692307692307693 0.11899038461538461 0.027644230769230768 0.03365384615384615
2 0.08052884615384616 0.3942307692307692 0.03485576923076923 0.03485576923076923
2 0.003605769230769231 0.15745192307692307 0.007211538461538462 0.014423076923076924
2 0.18028846153846154 0.046875 0.020432692307692308 0.015625
2 0.8653846153846154 0.0985576923076923 0.007211538461538462 0.008413461538461538
2 0.9891826923076923 0.006009615384615385 0.019230769230769232 0.01201923076923077
2 0.025240384615384616 0.19951923076923078 0.05048076923076923 0.05889423076923077
14 0.48197115384615385 0.5 0.30528846153846156 0.9987980769230769
2 0.9795673076923077 0.13822115384615385 0.039663461538461536 0.07692307692307693
2 0.8389423076923077 0.051682692307692304 0.007211538461538462 0.013221153846153846
3 0.23197115384615385 0.9759615384615384 0.21995192307692307 0.046875
2 0.5336538461538461 0.9230769230769231 0.04567307692307692 0.051682692307692304
2 0.5997596153846154 0.11778846153846154 0.015625 0.014423076923076924
2 0.9278846153846154 0.13701923076923078 0.004807692307692308 0.007211538461538462
2 0.9002403846153846 0.18870192307692307 0.06370192307692307 0.0625
2 0.11057692307692307 0.015625 0.015625 0.014423076923076924
2 0.9206730769230769 0.14903846153846154 0.008413461538461538 0.014423076923076924
2 0.9555288461538461 0.9735576923076923 0.0889423076923077 0.052884615384615384
2 0.96875 0.3737980769230769 0.016826923076923076 0.018028846153846152
2 0.9459134615384616 0.4651442307692308 0.056490384615384616 0.10576923076923077
2 0.04927884615384615 0.09014423076923077 0.025240384615384616 0.04807692307692308
2 0.7896634615384616 0.7524038461538461 0.009615384615384616 0.010817307692307692
2 0.9735576923076923 0.5360576923076923 0.018028846153846152 0.019230769230769232
2 0.9627403846153846 0.8810096153846154 0.039663461538461536 0.037259615384615384
2 0.8100961538461539 0.7896634615384616 0.016826923076923076 0.016826923076923076
2 0.9915865384615384 0.13822115384615385 0.008413461538461538 0.016826923076923076
2 0.01201923076923077 0.29447115384615385 0.02403846153846154 0.05048076923076923
2 0.09735576923076923 0.13221153846153846 0.009615384615384616 0.016826923076923076
2 0.3245192307692308 0.036057692307692304 0.01201923076923077 0.014423076923076924
2 0.3088942307692308 0.20192307692307693 0.016826923076923076 0.019230769230769232
2 0.13942307692307693 0.0673076923076923 0.07692307692307693 0.08653846153846154
2 0.9050480769230769 0.002403846153846154 0.008413461538461538 0.004807692307692308