2 0.9639423076923077 0.9146634615384616 0.06971153846153846 0.10576923076923077
2 0.17668269230769232 0.3233173076923077 0.0733173076923077 0.1466346153846154
14 0.039663461538461536 0.05889423076923077 0.07932692307692307 0.11538461538461539
0 0.6370192307692307 0.8221153846153846 0.12980769230769232 0.3473557692307692
2 0.19591346153846154 0.054086538461538464 0.030048076923076924 0.042067307692307696
2 0.8533653846153846 0.5060096153846154 0.027644230769230768 0.03365384615384615
2 0.5865384615384616 0.8245192307692307 0.028846153846153848 0.04447115384615385
0 0.9579326923076923 0.1622596153846154 0.08413461538461539 0.3245192307692308
2 0.14903846153846154 0.019230769230769232 0.028846153846153848 0.036057692307692304
2 0.31850961538461536 0.20673076923076922 0.13221153846153846 0.078125
2 0.12860576923076922 0.33533653846153844 0.040865384615384616 0.06370192307692307
2 0.8173076923076923 0.6057692307692307 0.04326923076923077 0.09375
2 0.8233173076923077 0.037259615384615384 0.03485576923076923 0.04567307692307692
0 0.5348557692307693 0.4963942307692308 0.21754807692307693 0.34375
2 0.03245192307692308 0.20432692307692307 0.040865384615384616 0.0673076923076923
2 0.8653846153846154 0.2283653846153846 0.03365384615384615 0.037259615384615384
2 0.90625 0.7944711538461539 0.027644230769230768 0.03245192307692308
2 0.59375 0.71875 0.06850961538461539 0.12139423076923077
2 0.8689903846153846 0.38822115384615385 0.038461538461538464 0.054086538461538464
2 0.2283653846153846 0.6057692307692307 0.055288461538461536 0.10216346153846154
2 0.8305288461538461 0.2920673076923077 0.018028846153846152 0.028846153846153848
2 0.0985576923076923 0.7572115384615384 0.12379807692307693 0.13581730769230768
0 0.7475961538461539 0.25961538461538464 0.09975961538461539 0.3858173076923077
2 0.8689903846153846 0.17307692307692307 0.018028846153846152 0.040865384615384616
2 0.4375 0.7379807692307693 0.042067307692307696 0.054086538461538464
2 0.9098557692307693 0.6418269230769231 0.038461538461538464 0.055288461538461536
0 0.3942307692307692 0.6634615384615384 0.12740384615384615 0.296875
2 0.2800480769230769 0.5036057692307693 0.04447115384615385 0.09254807692307693
2 0.6189903846153846 0.3293269230769231 0.027644230769230768 0.10697115384615384
2 0.18389423076923078 0.1346153846153846 0.09375 0.06129807692307692
0 0.5540865384615384 0.16466346153846154 0.1778846153846154 0.27403846153846156
2 0.9302884615384616 0.4699519230769231 0.07211538461538461 0.13581730769230768
2 0.8725961538461539 0.7572115384615384 0.038461538461538464 0.04326923076923077
14 0.23798076923076922 0.4987980769230769 0.47475961538461536 0.9963942307692307
0 0.3125 0.8966346153846154 0.15985576923076922 0.19951923076923078
2 0.32572115384615385 0.3473557692307692 0.07932692307692307 0.10576923076923077
2 0.9038461538461539 0.12740384615384615 0.04326923076923077 0.056490384615384616
2 0.2956730769230769 0.04927884615384615 0.08653846153846154 0.09735576923076923
0 0.890625 0.9086538461538461 0.10096153846153846 0.18028846153846154
2 0.953125 0.578125 0.020432692307692308 0.03245192307692308
14 0.7307692307692307 0.4987980769230769 0.2247596153846154 0.9963942307692307
2 0.40625 0.8870192307692307 0.04927884615384615 0.07692307692307693
2 0.7716346153846154 0.4651442307692308 0.09254807692307693 0.09014423076923077
2 0.24759615384615385 0.38221153846153844 0.025240384615384616 0.03245192307692308
2 0.8629807692307693 0.6069711538461539 0.025240384615384616 0.042067307692307696
2 0.5204326923076923 0.8617788461538461 0.08653846153846154 0.08413461538461539
2 0.46875 0.6478365384615384 0.10096153846153846 0.12620192307692307