2 0.7704326923076923 0.6850961538461539 0.04807692307692308 0.04807692307692308
2 0.2824519230769231 0.5072115384615384 0.04927884615384615 0.08653846153846154
2 0.1875 0.20793269230769232 0.2776442307692308 0.21754807692307693
2 0.0829326923076923 0.41947115384615385 0.03485576923076923 0.03485576923076923
2 0.34975961538461536 0.13581730769230768 0.042067307692307696 0.06490384615384616
2 0.953125 0.046875 0.07692307692307693 0.08774038461538461
2 0.6826923076923077 0.359375 0.08052884615384616 0.1814903846153846
2 0.546875 0.35096153846153844 0.22235576923076922 0.3473557692307692
2 0.9194711538461539 0.22235576923076922 0.11177884615384616 0.18389423076923078
2 0.8834134615384616 0.765625 0.17668269230769232 0.3016826923076923
2 0.23317307692307693 0.6574519230769231 0.12860576923076922 0.19110576923076922
2 0.040865384615384616 0.21514423076923078 0.04567307692307692 0.07451923076923077
2 0.23557692307692307 0.35697115384615385 0.09975961538461539 0.14903846153846154
2 0.6322115384615384 0.06971153846153846 0.1141826923076923 0.13701923076923078
2 0.40865384615384615 0.9747596153846154 0.2980769230769231 0.05048076923076923
2 0.5132211538461539 0.1502403846153846 0.06610576923076923 0.09254807692307693
2 0.4495192307692308 0.5901442307692307 0.20552884615384615 0.20793269230769232
2 0.4206730769230769 0.1045673076923077 0.04567307692307692 0.055288461538461536
2 0.8329326923076923 0.28846153846153844 0.04927884615384615 0.05889423076923077
10 0.5 0.6682692307692307 1 0.6610576923076923
2 0.13221153846153846 0.5805288461538461 0.15625 0.3004807692307692
2 0.4266826923076923 0.039663461538461536 0.038461538461538464 0.06009615384615385
2 0.0673076923076923 0.7427884615384616 0.11057692307692307 0.10576923076923077
2 0.390625 0.4579326923076923 0.08533653846153846 0.06129807692307692
2 0.7103365384615384 0.8617788461538461 0.1310096153846154 0.15144230769230768
2 0.08173076923076923 0.07572115384615384 0.14423076923076922 0.15144230769230768
2 0.7884615384615384 0.09495192307692307 0.16947115384615385 0.18870192307692307
2 0.9747596153846154 0.6814903846153846 0.05048076923076923 0.19951923076923078
2 0.0625 0.8677884615384616 0.07692307692307693 0.0985576923076923
2 0.04567307692307692 0.015625 0.09134615384615384 0.030048076923076924
2 0.6346153846153846 0.9266826923076923 0.06971153846153846 0.140625
2 0.4375 0.8894230769230769 0.14903846153846154 0.10576923076923077
2 0.34615384615384615 0.3894230769230769 0.10336538461538461 0.14423076923076922