0 0.013221153846153846 0.2920673076923077 0.026442307692307692 0.06971153846153846
5 0.2512019230769231 0.8052884615384616 0.021634615384615384 0.028846153846153848
5 0.13221153846153846 0.8317307692307693 0.021634615384615384 0.027644230769230768
2 0.06850961538461539 0.5324519230769231 0.02403846153846154 0.021634615384615384
2 0.008413461538461538 0.46153846153846156 0.016826923076923076 0.06370192307692307
0 0.01201923076923077 0.9194711538461539 0.02403846153846154 0.08774038461538461
0 0.037259615384615384 0.8100961538461539 0.04807692307692308 0.109375
2 0.859375 0.46153846153846156 0.016826923076923076 0.030048076923076924
2 0.7692307692307693 0.13942307692307693 0.02283653846153846 0.027644230769230768
2 0.5793269230769231 0.1622596153846154 0.013221153846153846 0.03125
5 0.15264423076923078 0.6057692307692307 0.03245192307692308 0.04447115384615385
5 0.28846153846153844 0.7427884615384616 0.037259615384615384 0.04927884615384615
2 0.08413461538461539 0.04447115384615385 0.04567307692307692 0.03125
2 0.27283653846153844 0.18509615384615385 0.052884615384615384 0.06129807692307692
5 0.07572115384615384 0.7367788461538461 0.03365384615384615 0.036057692307692304
2 0.11538461538461539 0.6875 0.04326923076923077 0.05889423076923077
2 0.5036057692307693 0.14182692307692307 0.02403846153846154 0.021634615384615384
2 0.6754807692307693 0.42788461538461536 0.027644230769230768 0.027644230769230768
2 0.671875 0.984375 0.03125 0.03125
2 0.4963942307692308 0.7740384615384616 0.027644230769230768 0.03485576923076923
2 0.78125 0.921875 0.021634615384615384 0.030048076923076924
2 0.8329326923076923 0.6442307692307693 0.016826923076923076 0.019230769230769232
2 0.8858173076923077 0.5108173076923077 0.021634615384615384 0.04567307692307692
2 0.5841346153846154 0.3401442307692308 0.019230769230769232 0.03245192307692308
2 0.17067307692307693 0.34975961538461536 0.028846153846153848 0.042067307692307696
2 0.8930288461538461 0.3088942307692308 0.019230769230769232 0.040865384615384616
2 0.6201923076923077 0.24519230769230768 0.019230769230769232 0.02283653846153846
2 0.7860576923076923 0.2548076923076923 0.016826923076923076 0.019230769230769232
2 0.9651442307692307 0.8978365384615384 0.02403846153846154 0.046875
2 0.703125 0.3858173076923077 0.020432692307692308 0.027644230769230768
2 0.21514423076923078 0.9146634615384616 0.07692307692307693 0.10216346153846154
5 0.8557692307692307 0.6514423076923077 0.027644230769230768 0.03485576923076923
5 0.18028846153846154 0.5769230769230769 0.03485576923076923 0.04326923076923077
2 0.09014423076923077 0.07451923076923077 0.03125 0.03245192307692308
2 0.08052884615384616 0.6213942307692307 0.02403846153846154 0.02403846153846154
0 0.056490384615384616 0.6189903846153846 0.11298076923076923 0.33413461538461536
5 0.8269230769230769 0.9411057692307693 0.028846153846153848 0.042067307692307696
2 0.3762019230769231 0.22355769230769232 0.016826923076923076 0.019230769230769232
2 0.020432692307692308 0.625 0.027644230769230768 0.042067307692307696
2 0.8858173076923077 0.1622596153846154 0.03485576923076923 0.055288461538461536
2 0.2776442307692308 0.4423076923076923 0.016826923076923076 0.019230769230769232
2 0.8112980769230769 0.109375 0.038461538461538464 0.021634615384615384
2 0.7271634615384616 0.1935096153846154 0.02283653846153846 0.03485576923076923
2 0.6430288461538461 0.31971153846153844 0.0733173076923077 0.055288461538461536
2 0.9411057692307693 0.2860576923076923 0.019230769230769232 0.021634615384615384
5 0.9699519230769231 0.4651442307692308 0.038461538461538464 0.04927884615384615
2 0.109375 0.36658653846153844 0.07211538461538461 0.10576923076923077
2 0.6887019230769231 0.203125 0.016826923076923076 0.027644230769230768
2 0.05048076923076923 0.9519230769230769 0.09495192307692307 0.09375
2 0.027644230769230768 0.515625 0.027644230769230768 0.027644230769230768
3 0.007211538461538462 0.3557692307692308 0.014423076923076924 0.051682692307692304
2 0.009615384615384616 0.6586538461538461 0.019230769230769232 0.028846153846153848
2 0.04807692307692308 0.5793269230769231 0.025240384615384616 0.018028846153846152
2 0.18389423076923078 0.27163461538461536 0.056490384615384616 0.06129807692307692
2 0.8990384615384616 0.0733173076923077 0.021634615384615384 0.03485576923076923
5 0.27403846153846156 0.8004807692307693 0.025240384615384616 0.03245192307692308
2 0.9903846153846154 0.04927884615384615 0.019230769230769232 0.03125
2 0.9711538461538461 0.15504807692307693 0.057692307692307696 0.06971153846153846
2 0.9194711538461539 0.15144230769230768 0.021634615384615384 0.02283653846153846
2 0.9014423076923077 0.2403846153846154 0.02403846153846154 0.02283653846153846
2 0.41947115384615385 0.7596153846153846 0.016826923076923076 0.02283653846153846
2 0.34615384615384615 0.20673076923076922 0.020432692307692308 0.02403846153846154
2 0.22235576923076922 0.06850961538461539 0.02403846153846154 0.027644230769230768
2 0.2439903846153846 0.453125 0.010817307692307692 0.021634615384615384
2 0.4495192307692308 0.640625 0.021634615384615384 0.02283653846153846
2 0.5516826923076923 0.6694711538461539 0.02403846153846154 0.019230769230769232
2 0.9122596153846154 0.390625 0.025240384615384616 0.019230769230769232
2 0.8197115384615384 0.3329326923076923 0.021634615384615384 0.05048076923076923
2 0.875 0.40384615384615385 0.016826923076923076 0.02283653846153846
2 0.59375 0.7151442307692307 0.030048076923076924 0.02403846153846154
2 0.4110576923076923 0.8377403846153846 0.0733173076923077 0.08774038461538461
2 0.7596153846153846 0.7932692307692307 0.04326923076923077 0.06971153846153846
5 0.9170673076923077 0.19471153846153846 0.03365384615384615 0.04447115384615385
14 0.4074519230769231 0.43990384615384615 0.02403846153846154 0.08173076923076923
2 0.040865384615384616 0.7584134615384616 0.03365384615384615 0.07451923076923077
2 0.10216346153846154 0.8557692307692307 0.06009615384615385 0.06971153846153846
2 0.9651442307692307 0.2127403846153846 0.014423076923076924 0.015625
2 0.9338942307692307 0.04447115384615385 0.03245192307692308 0.042067307692307696
2 0.9795673076923077 0.3942307692307692 0.016826923076923076 0.03245192307692308
2 0.6430288461538461 0.8052884615384616 0.019230769230769232 0.019230769230769232
2 0.8353365384615384 0.6983173076923077 0.019230769230769232 0.042067307692307696
2 0.6598557692307693 0.25961538461538464 0.03365384615384615 0.027644230769230768
2 0.90625 0.11658653846153846 0.018028846153846152 0.036057692307692304
2 0.7620192307692307 0.21634615384615385 0.018028846153846152 0.021634615384615384
2 0.5324519230769231 0.08413461538461539 0.021634615384615384 0.038461538461538464
2 0.34975961538461536 0.8581730769230769 0.03485576923076923 0.026442307692307692
2 0.9759615384615384 0.7716346153846154 0.04807692307692308 0.15625
2 0.8473557692307693 0.5961538461538461 0.020432692307692308 0.02283653846153846
2 0.4495192307692308 0.8918269230769231 0.037259615384615384 0.04567307692307692
2 0.47836538461538464 0.6598557692307693 0.028846153846153848 0.05048076923076923
2 0.7139423076923077 0.9182692307692307 0.037259615384615384 0.04927884615384615
2 0.9603365384615384 0.6490384615384616 0.01201923076923077 0.02403846153846154
2 0.9819711538461539 0.6754807692307693 0.028846153846153848 0.04807692307692308
2 0.44591346153846156 0.9375 0.02403846153846154 0.054086538461538464
2 0.9170673076923077 0.859375 0.055288461538461536 0.03485576923076923
2 0.6358173076923077 0.6610576923076923 0.019230769230769232 0.03485576923076923
2 0.30528846153846156 0.8677884615384616 0.036057692307692304 0.06610576923076923
2 0.39903846153846156 0.8954326923076923 0.021634615384615384 0.03125
2 0.6033653846153846 0.7992788461538461 0.028846153846153848 0.027644230769230768
2 0.009615384615384616 0.8197115384615384 0.019230769230769232 0.038461538461538464
2 0.16826923076923078 0.6478365384615384 0.055288461538461536 0.09375
2 0.35096153846153844 0.890625 0.025240384615384616 0.027644230769230768
2 0.5036057692307693 0.9783653846153846 0.03125 0.03485576923076923
2 0.5649038461538461 0.8918269230769231 0.037259615384615384 0.0733173076923077
2 0.9146634615384616 0.8966346153846154 0.016826923076923076 0.027644230769230768
2 0.8737980769230769 0.9098557692307693 0.06971153846153846 0.054086538461538464
2 0.6442307692307693 0.5408653846153846 0.014423076923076924 0.018028846153846152
2 0.5625 0.5600961538461539 0.021634615384615384 0.036057692307692304
2 0.8185096153846154 0.5408653846153846 0.0625 0.10576923076923077
5 0.25 0.8353365384615384 0.027644230769230768 0.03365384615384615
2 0.8197115384615384 0.4230769230769231 0.036057692307692304 0.04927884615384615
2 0.9314903846153846 0.6923076923076923 0.03245192307692308 0.04447115384615385
2 0.46153846153846156 0.8257211538461539 0.019230769230769232 0.028846153846153848
2 0.7896634615384616 0.9903846153846154 0.020432692307692308 0.018028846153846152
2 0.734375 0.5036057692307693 0.052884615384615384 0.07451923076923077
2 0.1466346153846154 0.9759615384615384 0.02403846153846154 0.03125
2 0.47475961538461536 0.9362980769230769 0.021634615384615384 0.027644230769230768
2 0.4831730769230769 0.8966346153846154 0.027644230769230768 0.040865384615384616
2 0.5132211538461539 0.9278846153846154 0.02403846153846154 0.02403846153846154
2 0.7860576923076923 0.7043269230769231 0.01201923076923077 0.021634615384615384
2 0.6382211538461539 0.37740384615384615 0.03485576923076923 0.04326923076923077
2 0.9314903846153846 0.5997596153846154 0.016826923076923076 0.021634615384615384
2 0.5396634615384616 0.9459134615384616 0.02403846153846154 0.019230769230769232
2 0.1466346153846154 0.7451923076923077 0.03485576923076923 0.054086538461538464
2 0.36899038461538464 0.7079326923076923 0.037259615384615384 0.05889423076923077
2 0.9459134615384616 0.53125 0.02403846153846154 0.030048076923076924
2 0.7367788461538461 0.6646634615384616 0.027644230769230768 0.026442307692307692
5 0.7379807692307693 0.7512019230769231 0.016826923076923076 0.028846153846153848
2 0.34134615384615385 0.9723557692307693 0.13581730769230768 0.04807692307692308
2 0.16826923076923078 0.890625 0.02403846153846154 0.030048076923076924
2 0.9831730769230769 0.5456730769230769 0.03365384615384615 0.027644230769230768
2 0.1778846153846154 0.9615384615384616 0.03365384615384615 0.04927884615384615
2 0.5564903846153846 0.24759615384615385 0.016826923076923076 0.026442307692307692
0 0.10576923076923077 0.9471153846153846 0.057692307692307696 0.10576923076923077
2 0.20192307692307693 0.3798076923076923 0.013221153846153846 0.014423076923076924
3 0.6165865384615384 0.06129807692307692 0.0733173076923077 0.1201923076923077
5 0.45913461538461536 0.6153846153846154 0.021634615384615384 0.03365384615384615
2 0.15504807692307693 0.30528846153846156 0.030048076923076924 0.03365384615384615
2 0.765625 0.09735576923076923 0.018028846153846152 0.027644230769230768
2 0.35096153846153844 0.8149038461538461 0.013221153846153846 0.021634615384615384
2 0.4951923076923077 0.21634615384615385 0.027644230769230768 0.05048076923076923
2 0.7295673076923077 0.7043269230769231 0.009615384615384616 0.013221153846153846
2 0.5288461538461539 0.8774038461538461 0.021634615384615384 0.03245192307692308
5 0.265625 0.6105769230769231 0.03245192307692308 0.038461538461538464
3 0.13221153846153846 0.7932692307692307 0.09375 0.057692307692307696
2 0.8449519230769231 0.3245192307692308 0.014423076923076924 0.025240384615384616
0 0.006009615384615385 0.7752403846153846 0.01201923076923077 0.054086538461538464
2 0.42427884615384615 0.21153846153846154 0.014423076923076924 0.019230769230769232
2 0.625 0.5072115384615384 0.013221153846153846 0.03245192307692308
2 0.17067307692307693 0.5048076923076923 0.009615384615384616 0.014423076923076924