2 0.6622596153846154 0.0625 0.013221153846153846 0.02283653846153846
2 0.15985576923076922 0.14423076923076922 0.06850961538461539 0.09375
2 0.46033653846153844 0.7391826923076923 0.03485576923076923 0.04927884615384615
2 0.8269230769230769 0.9423076923076923 0.06610576923076923 0.1141826923076923
2 0.5120192307692307 0.7427884615384616 0.1201923076923077 0.18509615384615385
2 0.6322115384615384 0.4807692307692308 0.08173076923076923 0.051682692307692304
2 0.3233173076923077 0.15144230769230768 0.025240384615384616 0.038461538461538464
2 0.265625 0.7355769230769231 0.016826923076923076 0.038461538461538464
2 0.32091346153846156 0.390625 0.02403846153846154 0.02283653846153846
2 0.47596153846153844 0.4579326923076923 0.03485576923076923 0.06370192307692307
2 0.8485576923076923 0.65625 0.014423076923076924 0.04447115384615385
2 0.6947115384615384 0.8076923076923077 0.04927884615384615 0.03365384615384615
2 0.41586538461538464 0.18389423076923078 0.019230769230769232 0.021634615384615384
2 0.2127403846153846 0.7704326923076923 0.02403846153846154 0.07692307692307693
2 0.08173076923076923 0.25240384615384615 0.021634615384615384 0.037259615384615384
2 0.019230769230769232 0.25841346153846156 0.019230769230769232 0.025240384615384616
2 0.18509615384615385 0.390625 0.014423076923076924 0.02283653846153846
2 0.021634615384615384 0.10096153846153846 0.019230769230769232 0.019230769230769232
2 0.6658653846153846 0.19110576923076922 0.021634615384615384 0.03125
2 0.03485576923076923 0.3161057692307692 0.028846153846153848 0.05889423076923077
2 0.5769230769230769 0.1045673076923077 0.028846153846153848 0.04927884615384615
2 0.5396634615384616 0.5 0.038461538461538464 0.036057692307692304
14 0.640625 0.5649038461538461 0.16826923076923078 0.7548076923076923
2 0.7103365384615384 0.5841346153846154 0.014423076923076924 0.02283653846153846
2 0.4951923076923077 0.27283653846153844 0.016826923076923076 0.021634615384615384
2 0.40865384615384615 0.054086538461538464 0.03245192307692308 0.04326923076923077
2 0.046875 0.20793269230769232 0.014423076923076924 0.02283653846153846
2 0.052884615384615384 0.8798076923076923 0.028846153846153848 0.04807692307692308
2 0.7620192307692307 0.18389423076923078 0.04807692307692308 0.051682692307692304
2 0.6141826923076923 0.16466346153846154 0.028846153846153848 0.028846153846153848
2 0.1045673076923077 0.16466346153846154 0.016826923076923076 0.02283653846153846
2 0.7115384615384616 0.6334134615384616 0.10336538461538461 0.055288461538461536
2 0.019230769230769232 0.20072115384615385 0.013221153846153846 0.027644230769230768
2 0.12860576923076922 0.5240384615384616 0.01201923076923077 0.015625
2 0.9086538461538461 0.6045673076923077 0.018028846153846152 0.030048076923076924
2 0.8317307692307693 0.13942307692307693 0.025240384615384616 0.02403846153846154
2 0.9615384615384616 0.3112980769230769 0.014423076923076924 0.026442307692307692
2 0.5072115384615384 0.06370192307692307 0.02403846153846154 0.03485576923076923
2 0.953125 0.17908653846153846 0.03485576923076923 0.06129807692307692
2 0.22596153846153846 0.15985576923076922 0.026442307692307692 0.03485576923076923
2 0.7463942307692307 0.49278846153846156 0.06850961538461539 0.05889423076923077
2 0.2536057692307692 0.36658653846153844 0.027644230769230768 0.038461538461538464
2 0.7427884615384616 0.9699519230769231 0.11778846153846154 0.06009615384615385
2 0.38221153846153844 0.890625 0.021634615384615384 0.03125
2 0.4519230769230769 0.640625 0.037259615384615384 0.03365384615384615
2 0.9302884615384616 0.7572115384615384 0.13942307692307693 0.09014423076923077
2 0.40024038461538464 0.2824519230769231 0.03485576923076923 0.028846153846153848
2 0.84375 0.4423076923076923 0.12139423076923077 0.04447115384615385
2 0.9290865384615384 0.5456730769230769 0.027644230769230768 0.05048076923076923
2 0.6694711538461539 0.2620192307692308 0.021634615384615384 0.03485576923076923
2 0.7848557692307693 0.7043269230769231 0.018028846153846152 0.03125
2 0.3317307692307692 0.23798076923076922 0.027644230769230768 0.040865384615384616
2 0.4230769230769231 0.41466346153846156 0.03245192307692308 0.03245192307692308
2 0.08774038461538461 0.4807692307692308 0.026442307692307692 0.037259615384615384
2 0.11298076923076923 0.03485576923076923 0.025240384615384616 0.03125
2 0.4375 0.2776442307692308 0.020432692307692308 0.02403846153846154
2 0.8161057692307693 0.24158653846153846 0.014423076923076924 0.027644230769230768
2 0.3798076923076923 0.7680288461538461 0.027644230769230768 0.03365384615384615
2 0.13942307692307693 0.296875 0.027644230769230768 0.039663461538461536
2 0.35216346153846156 0.2980769230769231 0.027644230769230768 0.03245192307692308
2 0.03485576923076923 0.7223557692307693 0.06971153846153846 0.453125
2 0.4362980769230769 0.3858173076923077 0.021634615384615384 0.015625
2 0.4254807692307692 0.3173076923076923 0.016826923076923076 0.021634615384615384
2 0.48197115384615385 0.5192307692307693 0.16947115384615385 0.11899038461538461
2 0.31971153846153844 0.5324519230769231 0.038461538461538464 0.06009615384615385
2 0.6502403846153846 0.6694711538461539 0.037259615384615384 0.04567307692307692
2 0.7211538461538461 0.46153846153846156 0.010817307692307692 0.018028846153846152
2 0.5564903846153846 0.9807692307692307 0.030048076923076924 0.03365384615384615
2 0.5 0.33052884615384615 0.027644230769230768 0.03485576923076923
2 0.5012019230769231 0.22355769230769232 0.051682692307692304 0.042067307692307696
2 0.6911057692307693 0.4675480769230769 0.020432692307692308 0.026442307692307692
2 0.3786057692307692 0.5348557692307693 0.014423076923076924 0.026442307692307692
2 0.6141826923076923 0.21514423076923078 0.036057692307692304 0.056490384615384616
2 0.6394230769230769 0.44711538461538464 0.03245192307692308 0.042067307692307696
2 0.4891826923076923 0.3870192307692308 0.056490384615384616 0.04447115384615385
2 0.039663461538461536 0.13221153846153846 0.016826923076923076 0.021634615384615384
2 0.47716346153846156 0.9411057692307693 0.04447115384615385 0.06610576923076923
2 0.1935096153846154 0.20072115384615385 0.03365384615384615 0.04447115384615385
2 0.9639423076923077 0.037259615384615384 0.030048076923076924 0.03485576923076923
2 0.9447115384615384 0.6706730769230769 0.03485576923076923 0.040865384615384616
2 0.4098557692307692 0.23557692307692307 0.036057692307692304 0.05048076923076923
2 0.140625 0.8028846153846154 0.03245192307692308 0.04326923076923077
2 0.53125 0.8473557692307693 0.021634615384615384 0.026442307692307692