2 0.6586538461538461 0.17548076923076922 0.027644230769230768 0.046875
2 0.48197115384615385 0.7872596153846154 0.027644230769230768 0.038461538461538464
2 0.027644230769230768 0.6165865384615384 0.03485576923076923 0.07932692307692307
14 0.8389423076923077 0.5 0.32211538461538464 0.9987980769230769
2 0.6045673076923077 0.2091346153846154 0.038461538461538464 0.042067307692307696
2 0.7223557692307693 0.40625 0.014423076923076924 0.028846153846153848
2 0.7163461538461539 0.6009615384615384 0.04567307692307692 0.057692307692307696
2 0.671875 0.5276442307692307 0.020432692307692308 0.03125
2 0.8822115384615384 0.8834134615384616 0.019230769230769232 0.03365384615384615
2 0.7271634615384616 0.8822115384615384 0.037259615384615384 0.04447115384615385
3 0.07451923076923077 0.9519230769230769 0.14903846153846154 0.08774038461538461
2 0.59375 0.44350961538461536 0.027644230769230768 0.05048076923076923
2 0.7980769230769231 0.7007211538461539 0.026442307692307692 0.036057692307692304
2 0.6923076923076923 0.21875 0.030048076923076924 0.03125
2 0.4567307692307692 0.5216346153846154 0.038461538461538464 0.054086538461538464
2 0.45072115384615385 0.12379807692307693 0.038461538461538464 0.05048076923076923
2 0.9399038461538461 0.3016826923076923 0.025240384615384616 0.027644230769230768
2 0.9014423076923077 0.8413461538461539 0.016826923076923076 0.027644230769230768
2 0.8641826923076923 0.25841346153846156 0.036057692307692304 0.04807692307692308
2 0.6971153846153846 0.2956730769230769 0.03485576923076923 0.036057692307692304
3 0.07211538461538461 0.1346153846153846 0.14423076923076922 0.2692307692307692
2 0.78125 0.40024038461538464 0.03485576923076923 0.042067307692307696
9 0.8545673076923077 0.9603365384615384 0.07211538461538461 0.036057692307692304
2 0.9098557692307693 0.9375 0.027644230769230768 0.04326923076923077
2 0.5793269230769231 0.7632211538461539 0.021634615384615384 0.03245192307692308
2 0.7824519230769231 0.3137019230769231 0.021634615384615384 0.027644230769230768
2 0.4074519230769231 0.06370192307692307 0.04807692307692308 0.07932692307692307
2 0.6141826923076923 0.6754807692307693 0.027644230769230768 0.046875
2 0.39302884615384615 0.4026442307692308 0.03485576923076923 0.06009615384615385
2 0.5180288461538461 0.6129807692307693 0.02403846153846154 0.03125
2 0.2860576923076923 0.5216346153846154 0.12860576923076922 0.12860576923076922
2 0.28365384615384615 0.8052884615384616 0.030048076923076924 0.04567307692307692
2 0.5673076923076923 0.15264423076923078 0.026442307692307692 0.05889423076923077
2 0.8569711538461539 0.859375 0.027644230769230768 0.04807692307692308
2 0.7620192307692307 0.8954326923076923 0.030048076923076924 0.03485576923076923
2 0.6838942307692307 0.7860576923076923 0.02283653846153846 0.02283653846153846
2 0.7055288461538461 0.6766826923076923 0.02283653846153846 0.026442307692307692
2 0.953125 0.6021634615384616 0.02403846153846154 0.030048076923076924
2 0.8497596153846154 0.3713942307692308 0.026442307692307692 0.038461538461538464
2 0.8317307692307693 0.12860576923076922 0.03125 0.03485576923076923
2 0.47475961538461536 0.05048076923076923 0.016826923076923076 0.03125
2 0.7572115384615384 0.4411057692307692 0.03125 0.07692307692307693
2 0.6622596153846154 0.9338942307692307 0.03485576923076923 0.040865384615384616
2 0.9495192307692307 0.3737980769230769 0.027644230769230768 0.028846153846153848
2 0.5408653846153846 0.4723557692307692 0.028846153846153848 0.026442307692307692
2 0.6754807692307693 0.25600961538461536 0.025240384615384616 0.036057692307692304
2 0.5168269230769231 0.15504807692307693 0.03485576923076923 0.04567307692307692
2 0.3629807692307692 0.6490384615384616 0.027644230769230768 0.037259615384615384
3 0.8605769230769231 0.055288461538461536 0.2764423076923077 0.10697115384615384
2 0.8341346153846154 0.6838942307692307 0.040865384615384616 0.05048076923076923
2 0.296875 0.046875 0.03245192307692308 0.05048076923076923
2 0.109375 0.9002403846153846 0.040865384615384616 0.054086538461538464
2 0.28125 0.7331730769230769 0.02403846153846154 0.036057692307692304
2 0.71875 0.4519230769230769 0.030048076923076924 0.040865384615384616
2 0.2403846153846154 0.21514423076923078 0.03245192307692308 0.051682692307692304
2 0.3786057692307692 0.4579326923076923 0.026442307692307692 0.03245192307692308
2 0.0829326923076923 0.43149038461538464 0.036057692307692304 0.04567307692307692
2 0.4423076923076923 0.46153846153846156 0.016826923076923076 0.02283653846153846
2 0.6394230769230769 0.953125 0.020432692307692308 0.03485576923076923
2 0.4543269230769231 0.921875 0.04567307692307692 0.04447115384615385
2 0.25721153846153844 0.9435096153846154 0.016826923076923076 0.028846153846153848
2 0.30528846153846156 0.6971153846153846 0.03485576923076923 0.046875
2 0.2548076923076923 0.6802884615384616 0.018028846153846152 0.026442307692307692
2 0.25721153846153844 0.640625 0.055288461538461536 0.03245192307692308
2 0.07211538461538461 0.375 0.04807692307692308 0.06850961538461539
2 0.3004807692307692 0.22716346153846154 0.04567307692307692 0.054086538461538464
2 0.7175480769230769 0.1622596153846154 0.018028846153846152 0.026442307692307692
2 0.22956730769230768 0.3954326923076923 0.07572115384615384 0.12139423076923077
2 0.38221153846153844 0.8713942307692307 0.018028846153846152 0.02283653846153846
2 0.26322115384615385 0.7896634615384616 0.009615384615384616 0.016826923076923076
2 0.06009615384615385 0.5384615384615384 0.021634615384615384 0.018028846153846152
2 0.47475961538461536 0.17548076923076922 0.025240384615384616 0.03245192307692308
2 0.03245192307692308 0.22355769230769232 0.021634615384615384 0.028846153846153848
2 0.6430288461538461 0.5997596153846154 0.052884615384615384 0.051682692307692304
2 0.026442307692307692 0.5276442307692307 0.052884615384615384 0.08774038461538461
2 0.5721153846153846 0.8569711538461539 0.02403846153846154 0.028846153846153848
2 0.6021634615384616 0.8834134615384616 0.016826923076923076 0.020432692307692308
2 0.23197115384615385 0.06971153846153846 0.038461538461538464 0.05889423076923077
2 0.40024038461538464 0.9783653846153846 0.019230769230769232 0.027644230769230768
2 0.3894230769230769 0.13822115384615385 0.04326923076923077 0.039663461538461536
2 0.5 0.6887019230769231 0.040865384615384616 0.0673076923076923
2 0.16706730769230768 0.2403846153846154 0.016826923076923076 0.025240384615384616
2 0.3870192307692308 0.27403846153846156 0.026442307692307692 0.028846153846153848
2 0.4338942307692308 0.2956730769230769 0.021634615384615384 0.030048076923076924
2 0.5793269230769231 0.5144230769230769 0.016826923076923076 0.025240384615384616
2 0.25721153846153844 0.8581730769230769 0.04326923076923077 0.036057692307692304
2 0.4254807692307692 0.5709134615384616 0.027644230769230768 0.039663461538461536
2 0.4543269230769231 0.8629807692307693 0.030048076923076924 0.042067307692307696
2 0.38221153846153844 0.5576923076923077 0.04807692307692308 0.06850961538461539
2 0.828125 0.8653846153846154 0.016826923076923076 0.03245192307692308
2 0.765625 0.7151442307692307 0.019230769230769232 0.027644230769230768
2 0.7800480769230769 0.5492788461538461 0.02403846153846154 0.03125
2 0.7295673076923077 0.27283653846153844 0.015625 0.019230769230769232
2 0.5817307692307693 0.3245192307692308 0.026442307692307692 0.039663461538461536
2 0.6057692307692307 0.9122596153846154 0.03245192307692308 0.03245192307692308
2 0.28966346153846156 0.9711538461538461 0.040865384615384616 0.057692307692307696
2 0.054086538461538464 0.7608173076923077 0.020432692307692308 0.03125
2 0.14543269230769232 0.8052884615384616 0.015625 0.02283653846153846
2 0.4495192307692308 0.5793269230769231 0.02403846153846154 0.026442307692307692
2 0.43028846153846156 0.23677884615384615 0.026442307692307692 0.03485576923076923
2 0.40384615384615385 0.018028846153846152 0.025240384615384616 0.03125
2 0.8016826923076923 0.6129807692307693 0.014423076923076924 0.027644230769230768
2 0.5625 0.3629807692307692 0.02403846153846154 0.042067307692307696
2 0.11298076923076923 0.7884615384615384 0.04807692307692308 0.046875
2 0.48677884615384615 0.9831730769230769 0.03125 0.03365384615384615
2 0.8834134615384616 0.796875 0.02283653846153846 0.02283653846153846
2 0.17427884615384615 0.4074519230769231 0.021634615384615384 0.040865384615384616
3 0.9146634615384616 0.19471153846153846 0.17067307692307693 0.125
2 0.7944711538461539 0.9399038461538461 0.051682692307692304 0.06009615384615385
2 0.3293269230769231 0.8629807692307693 0.03485576923076923 0.04447115384615385
2 0.12620192307692307 0.5252403846153846 0.06971153846153846 0.08052884615384616
2 0.3701923076923077 0.9375 0.040865384615384616 0.05048076923076923
2 0.0673076923076923 0.6045673076923077 0.02403846153846154 0.03125
2 0.5252403846153846 0.018028846153846152 0.030048076923076924 0.03365384615384615
2 0.34375 0.2536057692307692 0.028846153846153848 0.046875
2 0.43990384615384615 0.8173076923076923 0.02403846153846154 0.03365384615384615