2 0.057692307692307696 0.8677884615384616 0.021634615384615384 0.019230769230769232
2 0.9447115384615384 0.6694711538461539 0.028846153846153848 0.02403846153846154
3 0.3425480769230769 0.5096153846153846 0.07692307692307693 0.0889423076923077
2 0.4807692307692308 0.29086538461538464 0.038461538461538464 0.055288461538461536
2 0.05889423076923077 0.7271634615384616 0.014423076923076924 0.019230769230769232
2 0.03485576923076923 0.009615384615384616 0.021634615384615384 0.018028846153846152
2 0.3076923076923077 0.025240384615384616 0.01201923076923077 0.015625
2 0.06610576923076923 0.8377403846153846 0.021634615384615384 0.026442307692307692
2 0.09495192307692307 0.6225961538461539 0.016826923076923076 0.027644230769230768
2 0.15985576923076922 0.5805288461538461 0.027644230769230768 0.027644230769230768
2 0.09254807692307693 0.6790865384615384 0.04567307692307692 0.06971153846153846
2 0.040865384615384616 0.2091346153846154 0.020432692307692308 0.036057692307692304
2 0.03365384615384615 0.07451923076923077 0.027644230769230768 0.036057692307692304
2 0.8713942307692307 0.7139423076923077 0.042067307692307696 0.04807692307692308
2 0.32091346153846156 0.04447115384615385 0.015625 0.026442307692307692
0 0.39663461538461536 0.7079326923076923 0.17548076923076922 0.203125
0 0.19591346153846154 0.3858173076923077 0.038461538461538464 0.06971153846153846
2 0.9831730769230769 0.8665865384615384 0.03365384615384615 0.12259615384615384
2 0.8341346153846154 0.4891826923076923 0.042067307692307696 0.11899038461538461
2 0.9771634615384616 0.1310096153846154 0.04447115384615385 0.12860576923076922
2 0.8497596153846154 0.8413461538461539 0.021634615384615384 0.028846153846153848
2 0.8629807692307693 0.22355769230769232 0.027644230769230768 0.03365384615384615
2 0.8545673076923077 0.75 0.02403846153846154 0.03485576923076923
2 0.7211538461538461 0.4519230769230769 0.040865384615384616 0.019230769230769232
2 0.6225961538461539 0.8245192307692307 0.019230769230769232 0.020432692307692308
2 0.6550480769230769 0.5588942307692307 0.013221153846153846 0.036057692307692304
2 0.703125 0.796875 0.02283653846153846 0.014423076923076924
2 0.6658653846153846 0.5120192307692307 0.013221153846153846 0.030048076923076924
2 0.6706730769230769 0.7427884615384616 0.010817307692307692 0.014423076923076924
2 0.9615384615384616 0.8317307692307693 0.010817307692307692 0.014423076923076924
2 0.8774038461538461 0.8161057692307693 0.03245192307692308 0.025240384615384616
2 0.22115384615384615 0.4206730769230769 0.015625 0.013221153846153846
2 0.13221153846153846 0.171875 0.015625 0.016826923076923076
2 0.25841346153846156 0.34375 0.015625 0.015625
2 0.9627403846153846 0.02403846153846154 0.0733173076923077 0.04807692307692308
2 0.7692307692307693 0.6298076923076923 0.018028846153846152 0.02403846153846154
2 0.9014423076923077 0.6766826923076923 0.009615384615384616 0.019230769230769232
2 0.8545673076923077 0.3245192307692308 0.013221153846153846 0.013221153846153846
2 0.7487980769230769 0.9555288461538461 0.01201923076923077 0.019230769230769232
2 0.75 0.9747596153846154 0.007211538461538462 0.009615384615384616
0 0.5721153846153846 0.9927884615384616 0.019230769230769232 0.013221153846153846
2 0.40625 0.4639423076923077 0.01201923076923077 0.018028846153846152
2 0.44591346153846156 0.5300480769230769 0.016826923076923076 0.02403846153846154
2 0.20793269230769232 0.6225961538461539 0.014423076923076924 0.019230769230769232
2 0.2800480769230769 0.8978365384615384 0.01201923076923077 0.018028846153846152
2 0.2692307692307692 0.9735576923076923 0.025240384615384616 0.03365384615384615
2 0.15985576923076922 0.2283653846153846 0.019230769230769232 0.019230769230769232
2 0.10576923076923077 0.47596153846153844 0.018028846153846152 0.027644230769230768
2 0.23076923076923078 0.28125 0.025240384615384616 0.018028846153846152
2 0.1045673076923077 0.9507211538461539 0.040865384615384616 0.051682692307692304
2 0.0625 0.8028846153846154 0.0829326923076923 0.046875
2 0.265625 0.3870192307692308 0.018028846153846152 0.019230769230769232
2 0.5709134615384616 0.28846153846153844 0.030048076923076924 0.027644230769230768
2 0.5865384615384616 0.39903846153846156 0.02403846153846154 0.036057692307692304
16 0.6105769230769231 0.23798076923076922 0.33774038461538464 0.4206730769230769
2 0.4266826923076923 0.40625 0.016826923076923076 0.009615384615384616
2 0.12740384615384615 0.6526442307692307 0.009615384615384616 0.014423076923076924
2 0.1971153846153846 0.5889423076923077 0.013221153846153846 0.013221153846153846
2 0.018028846153846152 0.6442307692307693 0.027644230769230768 0.019230769230769232
2 0.21634615384615385 0.8786057692307693 0.04567307692307692 0.055288461538461536
2 0.46033653846153844 0.9927884615384616 0.03485576923076923 0.014423076923076924
2 0.19230769230769232 0.4699519230769231 0.030048076923076924 0.02403846153846154
2 0.10096153846153846 0.9879807692307693 0.03365384615384615 0.019230769230769232
2 0.4026442307692308 0.5216346153846154 0.026442307692307692 0.036057692307692304
0 0.4411057692307692 0.9074519230769231 0.23798076923076922 0.18389423076923078
2 0.4723557692307692 0.5793269230769231 0.042067307692307696 0.04807692307692308
2 0.4338942307692308 0.17548076923076922 0.025240384615384616 0.05048076923076923
2 0.7764423076923077 0.6634615384615384 0.052884615384615384 0.03365384615384615
2 0.5516826923076923 0.3485576923076923 0.014423076923076924 0.03125
2 0.21153846153846154 0.9711538461538461 0.03365384615384615 0.057692307692307696
2 0.5180288461538461 0.4891826923076923 0.03485576923076923 0.028846153846153848
2 0.46875 0.5096153846153846 0.030048076923076924 0.018028846153846152
2 0.3737980769230769 0.42908653846153844 0.0625 0.054086538461538464
2 0.30288461538461536 0.9855769230769231 0.025240384615384616 0.028846153846153848
2 0.4014423076923077 0.3449519230769231 0.03125 0.051682692307692304
2 0.18028846153846154 0.27403846153846156 0.013221153846153846 0.021634615384615384
2 0.7139423076923077 0.5889423076923077 0.014423076923076924 0.016826923076923076
0 0.2848557692307692 0.36177884615384615 0.027644230769230768 0.06009615384615385
0 0.24158653846153846 0.4879807692307692 0.025240384615384616 0.037259615384615384
0 0.4254807692307692 0.015625 0.026442307692307692 0.03125
0 0.4543269230769231 0.037259615384615384 0.04567307692307692 0.06490384615384616
2 0.5685096153846154 0.42908653846153844 0.014423076923076924 0.028846153846153848
2 0.359375 0.5961538461538461 0.027644230769230768 0.055288461538461536
2 0.12139423076923077 0.6322115384615384 0.009615384615384616 0.014423076923076924
2 0.04807692307692308 0.7884615384615384 0.010817307692307692 0.014423076923076924
2 0.359375 0.9591346153846154 0.016826923076923076 0.027644230769230768
2 0.24879807692307693 0.8725961538461539 0.009615384615384616 0.018028846153846152
2 0.3401442307692308 0.8040865384615384 0.015625 0.015625
2 0.4206730769230769 0.9891826923076923 0.02403846153846154 0.020432692307692308
2 0.47836538461538464 0.96875 0.018028846153846152 0.019230769230769232
2 0.671875 0.8389423076923077 0.013221153846153846 0.019230769230769232
2 0.9699519230769231 0.34375 0.03485576923076923 0.02403846153846154
2 0.8858173076923077 0.9783653846153846 0.09134615384615384 0.03485576923076923
2 0.3870192307692308 0.13701923076923078 0.02403846153846154 0.03365384615384615
0 0.890625 0.6057692307692307 0.014423076923076924 0.014423076923076924
0 0.4543269230769231 0.7800480769230769 0.037259615384615384 0.04567307692307692
2 0.026442307692307692 0.49278846153846156 0.052884615384615384 0.07451923076923077
2 0.8377403846153846 0.4098557692307692 0.03365384615384615 0.04447115384615385
2 0.9302884615384616 0.9098557692307693 0.0625 0.056490384615384616
2 0.8858173076923077 0.7836538461538461 0.040865384615384616 0.06490384615384616
0 0.14783653846153846 0.7427884615384616 0.03125 0.054086538461538464
2 0.008413461538461538 0.5625 0.016826923076923076 0.02283653846153846
2 0.039663461538461536 0.4230769230769231 0.019230769230769232 0.027644230769230768
0 0.15985576923076922 0.8425480769230769 0.31009615384615385 0.31009615384615385
2 0.5504807692307693 0.7728365384615384 0.01201923076923077 0.021634615384615384
2 0.7560096153846154 0.8713942307692307 0.019230769230769232 0.027644230769230768
2 0.7295673076923077 0.6574519230769231 0.019230769230769232 0.026442307692307692
2 0.9591346153846154 0.9555288461538461 0.037259615384615384 0.03365384615384615
2 0.8365384615384616 0.9651442307692307 0.021634615384615384 0.018028846153846152
2 0.14903846153846154 0.5 0.020432692307692308 0.027644230769230768
2 0.20673076923076922 0.43509615384615385 0.01201923076923077 0.015625
2 0.0889423076923077 0.43990384615384615 0.007211538461538462 0.010817307692307692
2 0.8858173076923077 0.020432692307692308 0.03125 0.040865384615384616
2 0.8317307692307693 0.3786057692307692 0.010817307692307692 0.013221153846153846
2 0.7151442307692307 0.5120192307692307 0.014423076923076924 0.013221153846153846
2 0.051682692307692304 0.027644230769230768 0.014423076923076924 0.04326923076923077
2 0.125 0.04927884615384615 0.040865384615384616 0.039663461538461536
2 0.1201923076923077 0.2920673076923077 0.025240384615384616 0.021634615384615384
2 0.21634615384615385 0.6526442307692307 0.018028846153846152 0.027644230769230768
2 0.11298076923076923 0.78125 0.027644230769230768 0.051682692307692304
2 0.021634615384615384 0.8617788461538461 0.019230769230769232 0.038461538461538464
2 0.5769230769230769 0.32211538461538464 0.025240384615384616 0.03125
2 0.6574519230769231 0.47716346153846156 0.026442307692307692 0.028846153846153848
2 0.6442307692307693 0.4567307692307692 0.020432692307692308 0.009615384615384616
2 0.14302884615384615 0.7860576923076923 0.014423076923076924 0.036057692307692304
2 0.03245192307692308 0.7896634615384616 0.015625 0.020432692307692308
2 0.03245192307692308 0.8990384615384616 0.01201923076923077 0.020432692307692308
2 0.018028846153846152 0.8918269230769231 0.009615384615384616 0.014423076923076924
2 0.23918269230769232 0.7367788461538461 0.009615384615384616 0.010817307692307692
2 0.36538461538461536 0.9086538461538461 0.026442307692307692 0.03365384615384615
2 0.3858173076923077 0.9134615384615384 0.009615384615384616 0.01201923076923077
2 0.7860576923076923 0.4579326923076923 0.016826923076923076 0.019230769230769232
2 0.17908653846153846 0.5973557692307693 0.020432692307692308 0.03125
2 0.09014423076923077 0.2776442307692308 0.018028846153846152 0.026442307692307692
2 0.16947115384615385 0.7740384615384616 0.013221153846153846 0.018028846153846152
2 0.41466346153846156 0.38341346153846156 0.02283653846153846 0.03365384615384615
2 0.11538461538461539 0.5 0.01201923076923077 0.027644230769230768
2 0.09615384615384616 0.7584134615384616 0.016826923076923076 0.028846153846153848
2 0.6911057692307693 0.7043269230769231 0.06850961538461539 0.06370192307692307
2 0.43028846153846156 0.296875 0.02403846153846154 0.037259615384615384
2 0.8954326923076923 0.18629807692307693 0.019230769230769232 0.016826923076923076
2 0.9795673076923077 0.27524038461538464 0.013221153846153846 0.025240384615384616
2 0.008413461538461538 0.8353365384615384 0.016826923076923076 0.036057692307692304
2 0.06971153846153846 0.140625 0.007211538461538462 0.007211538461538462
0 0.5216346153846154 0.8569711538461539 0.019230769230769232 0.038461538461538464
2 0.16947115384615385 0.8233173076923077 0.015625 0.021634615384615384
2 0.6141826923076923 0.47716346153846156 0.014423076923076924 0.014423076923076924
0 0.18389423076923078 0.5372596153846154 0.07451923076923077 0.05048076923076923
2 0.8209134615384616 0.8918269230769231 0.020432692307692308 0.019230769230769232
2 0.46274038461538464 0.5420673076923077 0.01201923076923077 0.013221153846153846
5 0.8798076923076923 0.3245192307692308 0.030048076923076924 0.03365384615384615
2 0.43028846153846156 0.46274038461538464 0.008413461538461538 0.01201923076923077
0 0.8918269230769231 0.09735576923076923 0.042067307692307696 0.06370192307692307
2 0.12379807692307693 0.19471153846153846 0.014423076923076924 0.02403846153846154
2 0.15144230769230768 0.2860576923076923 0.02283653846153846 0.03245192307692308
2 0.05889423076923077 0.27403846153846156 0.028846153846153848 0.040865384615384616
2 0.3701923076923077 0.5709134615384616 0.013221153846153846 0.013221153846153846
2 0.28125 0.5036057692307693 0.018028846153846152 0.04567307692307692
2 0.10336538461538461 0.8245192307692307 0.018028846153846152 0.01201923076923077
2 0.4206730769230769 0.5745192307692307 0.03245192307692308 0.027644230769230768
2 0.12379807692307693 0.3786057692307692 0.03125 0.042067307692307696
2 0.046875 0.7668269230769231 0.01201923076923077 0.009615384615384616
2 0.8317307692307693 0.7824519230769231 0.020432692307692308 0.020432692307692308
2 0.23918269230769232 0.6598557692307693 0.016826923076923076 0.01201923076923077
2 0.013221153846153846 0.11177884615384616 0.021634615384615384 0.038461538461538464
2 0.14302884615384615 0.6826923076923077 0.009615384615384616 0.019230769230769232
2 0.24639423076923078 0.4411057692307692 0.03485576923076923 0.040865384615384616
2 0.8701923076923077 0.1814903846153846 0.016826923076923076 0.02403846153846154
2 0.640625 0.9627403846153846 0.040865384615384616 0.03125
2 0.4891826923076923 0.3389423076923077 0.016826923076923076 0.01201923076923077
2 0.9350961538461539 0.1346153846153846 0.015625 0.018028846153846152
2 0.051682692307692304 0.3894230769230769 0.021634615384615384 0.03485576923076923
2 0.006009615384615385 0.3786057692307692 0.01201923076923077 0.019230769230769232
2 0.08173076923076923 0.35216346153846156 0.027644230769230768 0.03485576923076923
2 0.9903846153846154 0.7776442307692307 0.016826923076923076 0.03485576923076923
2 0.08052884615384616 0.4074519230769231 0.007211538461538462 0.014423076923076924
2 0.24158653846153846 0.36538461538461536 0.013221153846153846 0.018028846153846152
2 0.41586538461538464 0.06129807692307692 0.02403846153846154 0.01201923076923077
2 0.9519230769230769 0.22235576923076922 0.021634615384615384 0.015625
2 0.9194711538461539 0.040865384615384616 0.008413461538461538 0.015625
2 0.9266826923076923 0.07572115384615384 0.02403846153846154 0.03125
2 0.9447115384615384 0.051682692307692304 0.014423076923076924 0.021634615384615384
2 0.5985576923076923 0.5769230769230769 0.026442307692307692 0.02403846153846154
2 0.5576923076923077 0.38341346153846156 0.02403846153846154 0.026442307692307692
2 0.5084134615384616 0.41947115384615385 0.014423076923076924 0.021634615384615384
2 0.8569711538461539 0.12860576923076922 0.027644230769230768 0.038461538461538464
2 0.7836538461538461 0.6370192307692307 0.01201923076923077 0.013221153846153846
2 0.8100961538461539 0.6850961538461539 0.020432692307692308 0.015625
2 0.7920673076923077 0.6225961538461539 0.016826923076923076 0.018028846153846152
2 0.5180288461538461 0.27884615384615385 0.016826923076923076 0.019230769230769232
2 0.9915865384615384 0.9783653846153846 0.016826923076923076 0.02403846153846154
2 0.8149038461538461 0.7019230769230769 0.019230769230769232 0.02283653846153846
2 0.078125 0.24639423076923078 0.02403846153846154 0.028846153846153848
2 0.1201923076923077 0.21995192307692307 0.016826923076923076 0.02403846153846154
2 0.13701923076923078 0.23197115384615385 0.026442307692307692 0.040865384615384616
2 0.12980769230769232 0.33774038461538464 0.03365384615384615 0.037259615384615384
2 0.16466346153846154 0.44350961538461536 0.027644230769230768 0.056490384615384616
2 0.13221153846153846 0.5973557692307693 0.04807692307692308 0.06490384615384616
2 0.08173076923076923 0.6550480769230769 0.02403846153846154 0.046875
2 0.421875 0.4951923076923077 0.037259615384615384 0.03245192307692308
2 0.46875 0.42908653846153844 0.025240384615384616 0.036057692307692304
2 0.5048076923076923 0.8858173076923077 0.008413461538461538 0.019230769230769232
2 0.515625 0.5913461538461539 0.016826923076923076 0.018028846153846152
2 0.5396634615384616 0.7307692307692307 0.016826923076923076 0.02403846153846154
2 0.6911057692307693 0.8605769230769231 0.027644230769230768 0.026442307692307692
2 0.7896634615384616 0.9182692307692307 0.014423076923076924 0.019230769230769232
2 0.59375 0.9555288461538461 0.036057692307692304 0.038461538461538464
2 0.7451923076923077 0.046875 0.07451923076923077 0.08653846153846154
2 0.9242788461538461 0.4206730769230769 0.03485576923076923 0.040865384615384616
2 0.8894230769230769 0.5540865384615384 0.018028846153846152 0.026442307692307692
2 0.6935096153846154 0.5661057692307693 0.020432692307692308 0.021634615384615384
2 0.17427884615384615 0.13822115384615385 0.01201923076923077 0.019230769230769232
2 0.6213942307692307 0.5276442307692307 0.026442307692307692 0.027644230769230768
2 0.23197115384615385 0.5697115384615384 0.027644230769230768 0.042067307692307696
2 0.040865384615384616 0.12980769230769232 0.025240384615384616 0.036057692307692304
2 0.9867788461538461 0.2548076923076923 0.025240384615384616 0.02283653846153846
5 0.11177884615384616 0.5396634615384616 0.027644230769230768 0.03485576923076923
2 0.7884615384615384 0.11298076923076923 0.030048076923076924 0.039663461538461536
3 0.9543269230769231 0.7151442307692307 0.09134615384615384 0.06610576923076923
3 0.9783653846153846 0.5901442307692307 0.042067307692307696 0.23076923076923078
5 0.23798076923076922 0.3954326923076923 0.02403846153846154 0.027644230769230768
2 0.015625 0.2536057692307692 0.03125 0.04567307692307692
2 0.2548076923076923 0.09014423076923077 0.021634615384615384 0.030048076923076924
2 0.9038461538461539 0.3245192307692308 0.038461538461538464 0.1141826923076923
2 0.7512019230769231 0.921875 0.02403846153846154 0.06610576923076923
2 0.8954326923076923 0.8725961538461539 0.04807692307692308 0.05048076923076923
3 0.23557692307692307 0.19831730769230768 0.08413461538461539 0.05048076923076923
2 0.8581730769230769 0.6346153846153846 0.021634615384615384 0.02403846153846154
2 0.10096153846153846 0.36658653846153844 0.007211538461538462 0.013221153846153846
2 0.7608173076923077 0.7379807692307693 0.05889423076923077 0.05048076923076923
3 0.31971153846153844 0.8064903846153846 0.040865384615384616 0.2536057692307692
2 0.08173076923076923 0.4567307692307692 0.014423076923076924 0.013221153846153846
3 0.36658653846153844 0.11177884615384616 0.34615384615384615 0.22235576923076922
2 0.8305288461538461 0.7596153846153846 0.016826923076923076 0.014423076923076924
2 0.5673076923076923 0.7752403846153846 0.01201923076923077 0.01201923076923077
2 0.6129807692307693 0.9098557692307693 0.03245192307692308 0.03245192307692308
2 0.6286057692307693 0.7475961538461539 0.026442307692307692 0.06370192307692307
2 0.9927884615384616 0.3088942307692308 0.014423076923076924 0.042067307692307696
2 0.9158653846153846 0.22956730769230768 0.02403846153846154 0.03125
2 0.5745192307692307 0.5288461538461539 0.055288461538461536 0.07451923076923077
2 0.3918269230769231 0.0829326923076923 0.04326923076923077 0.040865384615384616
2 0.7584134615384616 0.8245192307692307 0.03485576923076923 0.036057692307692304
2 0.765625 0.30528846153846156 0.016826923076923076 0.027644230769230768
2 0.9182692307692307 0.6466346153846154 0.03365384615384615 0.037259615384615384
2 0.75 0.6322115384615384 0.016826923076923076 0.027644230769230768
2 0.5084134615384616 0.5348557692307693 0.042067307692307696 0.046875
2 0.7223557692307693 0.8377403846153846 0.0625 0.05048076923076923
2 0.5961538461538461 0.7548076923076923 0.037259615384615384 0.04447115384615385
2 0.7536057692307693 0.5420673076923077 0.06850961538461539 0.09134615384615384
2 0.75 0.7740384615384616 0.038461538461538464 0.036057692307692304
2 0.2608173076923077 0.2536057692307692 0.021634615384615384 0.021634615384615384
2 0.9326923076923077 0.2764423076923077 0.04927884615384615 0.055288461538461536
2 0.8209134615384616 0.828125 0.021634615384615384 0.03125
2 0.6826923076923077 0.9447115384615384 0.07692307692307693 0.038461538461538464
4 0.27403846153846156 0.6923076923076923 0.042067307692307696 0.33653846153846156
2 0.6526442307692307 0.8173076923076923 0.019230769230769232 0.016826923076923076
2 0.9519230769230769 0.8629807692307693 0.009615384615384616 0.01201923076923077
2 0.06971153846153846 0.4423076923076923 0.013221153846153846 0.014423076923076924
2 0.3701923076923077 0.18990384615384615 0.009615384615384616 0.015625
2 0.9326923076923077 0.19230769230769232 0.010817307692307692 0.013221153846153846
2 0.9182692307692307 0.007211538461538462 0.039663461538461536 0.013221153846153846
2 0.06971153846153846 0.15625 0.007211538461538462 0.009615384615384616
2 0.12259615384615384 0.46875 0.014423076923076924 0.013221153846153846
2 0.9086538461538461 0.828125 0.02283653846153846 0.021634615384615384
2 0.3545673076923077 0.12379807692307693 0.015625 0.013221153846153846
2 0.2860576923076923 0.21153846153846154 0.009615384615384616 0.013221153846153846
2 0.8449519230769231 0.24639423076923078 0.019230769230769232 0.027644230769230768
2 0.6850961538461539 0.6201923076923077 0.040865384615384616 0.078125
2 0.7524038461538461 0.33533653846153844 0.019230769230769232 0.02403846153846154
2 0.7836538461538461 0.2536057692307692 0.037259615384615384 0.03245192307692308
2 0.8173076923076923 0.05889423076923077 0.08653846153846154 0.11057692307692307
2 0.8185096153846154 0.2536057692307692 0.02403846153846154 0.03245192307692308
2 0.7307692307692307 0.6286057692307693 0.021634615384615384 0.021634615384615384
2 0.35096153846153844 0.2127403846153846 0.036057692307692304 0.030048076923076924
2 0.9495192307692307 0.46274038461538464 0.037259615384615384 0.046875