14 0.5 0.5 1 0.8942307692307693
2 0.30528846153846156 0.8365384615384616 0.021634615384615384 0.030048076923076924
2 0.14783653846153846 0.6550480769230769 0.02403846153846154 0.016826923076923076
2 0.07572115384615384 0.47475961538461536 0.016826923076923076 0.020432692307692308
2 0.019230769230769232 0.6466346153846154 0.025240384615384616 0.02403846153846154
2 0.34375 0.9254807692307693 0.01201923076923077 0.018028846153846152
2 0.1201923076923077 0.7932692307692307 0.010817307692307692 0.018028846153846152
2 0.030048076923076924 0.703125 0.027644230769230768 0.03485576923076923
2 0.11057692307692307 0.9627403846153846 0.03125 0.056490384615384616
2 0.4206730769230769 0.9879807692307693 0.03485576923076923 0.02403846153846154
2 0.49399038461538464 0.6850961538461539 0.02283653846153846 0.03485576923076923
2 0.6310096153846154 0.640625 0.013221153846153846 0.020432692307692308
0 0.23317307692307693 0.3713942307692308 0.040865384615384616 0.056490384615384616
0 0.9651442307692307 0.3473557692307692 0.020432692307692308 0.019230769230769232
2 0.9867788461538461 0.2704326923076923 0.006009615384615385 0.010817307692307692
2 0.8197115384615384 0.8016826923076923 0.014423076923076924 0.02283653846153846
2 0.6887019230769231 0.9615384615384616 0.01201923076923077 0.013221153846153846
2 0.3317307692307692 0.8365384615384616 0.01201923076923077 0.013221153846153846
2 0.5036057692307693 0.3713942307692308 0.019230769230769232 0.027644230769230768
2 0.7427884615384616 0.6923076923076923 0.01201923076923077 0.020432692307692308
2 0.45072115384615385 0.25 0.018028846153846152 0.04447115384615385
2 0.4579326923076923 0.6995192307692307 0.03245192307692308 0.03365384615384615
2 0.8004807692307693 0.9879807692307693 0.019230769230769232 0.02403846153846154
2 0.6502403846153846 0.8894230769230769 0.021634615384615384 0.03365384615384615
2 0.44591346153846156 0.8461538461538461 0.003605769230769231 0.007211538461538462
2 0.38461538461538464 0.8629807692307693 0.006009615384615385 0.006009615384615385
2 0.2956730769230769 0.8076923076923077 0.007211538461538462 0.01201923076923077
2 0.11538461538461539 0.019230769230769232 0.019230769230769232 0.018028846153846152
2 0.22235576923076922 0.07451923076923077 0.016826923076923076 0.03245192307692308
2 0.7043269230769231 0.49759615384615385 0.03485576923076923 0.037259615384615384
2 0.5216346153846154 0.27283653846153844 0.025240384615384616 0.021634615384615384
2 0.3629807692307692 0.4831730769230769 0.03245192307692308 0.054086538461538464
2 0.6346153846153846 0.24519230769230768 0.02403846153846154 0.027644230769230768
2 0.7127403846153846 0.20432692307692307 0.01201923076923077 0.013221153846153846
2 0.7872596153846154 0.5697115384615384 0.019230769230769232 0.027644230769230768
2 0.9411057692307693 0.5060096153846154 0.007211538461538462 0.014423076923076924
2 0.9963942307692307 0.4543269230769231 0.007211538461538462 0.038461538461538464
2 0.9411057692307693 0.8737980769230769 0.021634615384615384 0.027644230769230768
2 0.28966346153846156 0.734375 0.02403846153846154 0.051682692307692304
2 0.3329326923076923 0.8161057692307693 0.01201923076923077 0.019230769230769232
2 0.4098557692307692 0.890625 0.014423076923076924 0.03365384615384615
2 0.4699519230769231 0.2127403846153846 0.04326923076923077 0.03365384615384615
2 0.46875 0.39903846153846156 0.013221153846153846 0.019230769230769232
2 0.4182692307692308 0.3641826923076923 0.01201923076923077 0.009615384615384616
2 0.9459134615384616 0.6310096153846154 0.009615384615384616 0.008413461538461538
0 0.34375 0.5384615384615384 0.04567307692307692 0.055288461538461536
2 0.4014423076923077 0.5432692307692307 0.03125 0.037259615384615384
2 0.5168269230769231 0.32211538461538464 0.030048076923076924 0.06850961538461539
2 0.7223557692307693 0.96875 0.016826923076923076 0.026442307692307692
2 0.36538461538461536 0.8822115384615384 0.006009615384615385 0.009615384615384616
2 0.27403846153846156 0.8317307692307693 0.006009615384615385 0.007211538461538462
2 0.3401442307692308 0.7932692307692307 0.025240384615384616 0.02283653846153846
2 0.9927884615384616 0.5865384615384616 0.01201923076923077 0.013221153846153846
2 0.9375 0.3016826923076923 0.018028846153846152 0.027644230769230768
2 0.9122596153846154 0.31490384615384615 0.016826923076923076 0.027644230769230768
2 0.5661057692307693 0.734375 0.016826923076923076 0.02283653846153846
2 0.06850961538461539 0.057692307692307696 0.02403846153846154 0.027644230769230768
2 0.7415865384615384 0.3581730769230769 0.052884615384615384 0.054086538461538464
2 0.6826923076923077 0.27163461538461536 0.018028846153846152 0.019230769230769232
2 0.6670673076923077 0.18990384615384615 0.028846153846153848 0.027644230769230768
2 0.6009615384615384 0.32211538461538464 0.020432692307692308 0.025240384615384616
2 0.38221153846153844 0.4050480769230769 0.014423076923076924 0.019230769230769232
2 0.328125 0.38822115384615385 0.01201923076923077 0.01201923076923077
2 0.42427884615384615 0.8713942307692307 0.018028846153846152 0.021634615384615384
2 0.7752403846153846 0.9795673076923077 0.01201923076923077 0.014423076923076924
2 0.5625 0.20552884615384615 0.04567307692307692 0.10336538461538461
2 0.5168269230769231 0.5432692307692307 0.013221153846153846 0.019230769230769232
2 0.4651442307692308 0.15865384615384615 0.02403846153846154 0.02403846153846154
2 0.9615384615384616 0.7475961538461539 0.03125 0.042067307692307696
2 0.4254807692307692 0.7992788461538461 0.02403846153846154 0.021634615384615384
2 0.17548076923076922 0.234375 0.019230769230769232 0.02403846153846154
2 0.6069711538461539 0.12259615384615384 0.06850961538461539 0.03365384615384615
2 0.6045673076923077 0.054086538461538464 0.04567307692307692 0.05048076923076923
2 0.27163461538461536 0.41466346153846156 0.014423076923076924 0.018028846153846152
2 0.8185096153846154 0.7487980769230769 0.010817307692307692 0.015625
2 0.8581730769230769 0.7283653846153846 0.025240384615384616 0.037259615384615384
2 0.11298076923076923 0.09254807692307693 0.02403846153846154 0.057692307692307696
2 0.6598557692307693 0.7079326923076923 0.018028846153846152 0.027644230769230768
2 0.06971153846153846 0.22596153846153846 0.020432692307692308 0.03125
2 0.23076923076923078 0.7896634615384616 0.07692307692307693 0.078125
2 0.7740384615384616 0.21033653846153846 0.021634615384615384 0.03125
2 0.5516826923076923 0.4639423076923077 0.037259615384615384 0.04807692307692308
2 0.6814903846153846 0.3245192307692308 0.019230769230769232 0.021634615384615384
2 0.38100961538461536 0.31490384615384615 0.030048076923076924 0.046875
2 0.9326923076923077 0.46274038461538464 0.014423076923076924 0.014423076923076924
2 0.8990384615384616 0.4387019230769231 0.016826923076923076 0.020432692307692308
2 0.8545673076923077 0.8701923076923077 0.018028846153846152 0.014423076923076924
2 0.07211538461538461 0.09014423076923077 0.016826923076923076 0.030048076923076924
2 0.8245192307692307 0.9783653846153846 0.009615384615384616 0.01201923076923077
2 0.8834134615384616 0.3942307692307692 0.01201923076923077 0.01201923076923077
2 0.5985576923076923 0.5408653846153846 0.026442307692307692 0.040865384615384616
2 0.8990384615384616 0.5985576923076923 0.009615384615384616 0.01201923076923077
2 0.31009615384615385 0.0733173076923077 0.019230769230769232 0.028846153846153848
2 0.8918269230769231 0.6646634615384616 0.02403846153846154 0.03365384615384615
2 0.6899038461538461 0.9278846153846154 0.038461538461538464 0.046875
2 0.33052884615384615 0.6971153846153846 0.026442307692307692 0.020432692307692308
2 0.4795673076923077 0.84375 0.021634615384615384 0.019230769230769232
2 0.4326923076923077 0.8990384615384616 0.014423076923076924 0.013221153846153846
2 0.9170673076923077 0.9951923076923077 0.007211538461538462 0.009615384615384616
2 0.5288461538461539 0.9134615384615384 0.003605769230769231 0.009615384615384616
2 0.4266826923076923 0.4795673076923077 0.027644230769230768 0.04326923076923077
2 0.6358173076923077 0.21514423076923078 0.03485576923076923 0.038461538461538464
2 0.3004807692307692 0.8786057692307693 0.010817307692307692 0.018028846153846152
2 0.2824519230769231 0.3125 0.01201923076923077 0.018028846153846152
2 0.6213942307692307 0.8978365384615384 0.016826923076923076 0.019230769230769232
2 0.703125 0.7536057692307693 0.026442307692307692 0.020432692307692308
2 0.7463942307692307 0.09615384615384616 0.042067307692307696 0.03365384615384615
2 0.9242788461538461 0.2668269230769231 0.027644230769230768 0.03245192307692308
2 0.8413461538461539 0.265625 0.021634615384615384 0.027644230769230768
2 0.3870192307692308 0.36658653846153844 0.016826923076923076 0.026442307692307692
0 0.25721153846153844 0.7536057692307693 0.055288461538461536 0.06971153846153846
2 0.6286057692307693 0.5276442307692307 0.02403846153846154 0.027644230769230768
2 0.5252403846153846 0.43990384615384615 0.014423076923076924 0.02283653846153846
2 0.38461538461538464 0.21033653846153846 0.030048076923076924 0.039663461538461536
2 0.06850961538461539 0.9615384615384616 0.040865384615384616 0.06610576923076923
2 0.5276442307692307 0.38461538461538464 0.021634615384615384 0.05889423076923077
2 0.8918269230769231 0.8040865384615384 0.021634615384615384 0.02403846153846154
2 0.578125 0.35336538461538464 0.02403846153846154 0.03485576923076923
2 0.46033653846153844 0.34615384615384615 0.030048076923076924 0.04447115384615385
2 0.7295673076923077 0.22115384615384615 0.010817307692307692 0.014423076923076924
2 0.8978365384615384 0.7572115384615384 0.018028846153846152 0.037259615384615384
2 0.44471153846153844 0.5625 0.014423076923076924 0.027644230769230768
2 0.8798076923076923 0.44350961538461536 0.02283653846153846 0.040865384615384616
2 0.21033653846153846 0.6742788461538461 0.014423076923076924 0.019230769230769232
2 0.7103365384615384 0.4254807692307692 0.016826923076923076 0.03245192307692308
2 0.14903846153846154 0.08774038461538461 0.03245192307692308 0.04326923076923077
2 0.006009615384615385 0.18990384615384615 0.01201923076923077 0.09735576923076923
2 0.19951923076923078 0.8954326923076923 0.021634615384615384 0.02283653846153846
2 0.5829326923076923 0.38461538461538464 0.01201923076923077 0.02403846153846154
2 0.8810096153846154 0.5564903846153846 0.021634615384615384 0.03245192307692308
2 0.4879807692307692 0.8786057692307693 0.021634615384615384 0.016826923076923076
2 0.8197115384615384 0.9939903846153846 0.013221153846153846 0.01201923076923077
2 0.38100961538461536 0.9579326923076923 0.036057692307692304 0.019230769230769232
2 0.33774038461538464 0.8858173076923077 0.021634615384615384 0.019230769230769232
2 0.38461538461538464 0.7752403846153846 0.02403846153846154 0.052884615384615384
2 0.6514423076923077 0.5384615384615384 0.01201923076923077 0.016826923076923076
2 0.5949519230769231 0.4651442307692308 0.02403846153846154 0.052884615384615384
2 0.29086538461538464 0.38100961538461536 0.02283653846153846 0.020432692307692308
2 0.4879807692307692 0.13341346153846154 0.038461538461538464 0.026442307692307692
2 0.4891826923076923 0.2620192307692308 0.038461538461538464 0.05889423076923077
2 0.4411057692307692 0.43149038461538464 0.014423076923076924 0.014423076923076924
2 0.49278846153846156 0.10576923076923077 0.020432692307692308 0.020432692307692308
2 0.9495192307692307 0.5348557692307693 0.01201923076923077 0.01201923076923077
2 0.4723557692307692 0.8197115384615384 0.027644230769230768 0.03125
2 0.30288461538461536 0.3293269230769231 0.019230769230769232 0.03485576923076923
2 0.8701923076923077 0.01201923076923077 0.02403846153846154 0.018028846153846152
2 0.6430288461538461 0.8557692307692307 0.016826923076923076 0.03365384615384615
2 0.5240384615384616 0.7836538461538461 0.03125 0.028846153846153848
2 0.5012019230769231 0.484375 0.014423076923076924 0.02403846153846154
2 0.7247596153846154 0.9447115384615384 0.01201923076923077 0.018028846153846152
2 0.8269230769230769 0.15504807692307693 0.07572115384615384 0.037259615384615384
2 0.5432692307692307 0.4110576923076923 0.021634615384615384 0.04326923076923077
2 0.1310096153846154 0.17548076923076922 0.021634615384615384 0.03365384615384615
2 0.34134615384615385 0.7439903846153846 0.014423076923076924 0.020432692307692308
2 0.2800480769230769 0.8858173076923077 0.019230769230769232 0.04326923076923077
2 0.3918269230769231 0.8076923076923077 0.016826923076923076 0.016826923076923076
2 0.2692307692307692 0.6959134615384616 0.028846153846153848 0.025240384615384616
2 0.37740384615384615 0.8894230769230769 0.016826923076923076 0.021634615384615384
2 0.4519230769230769 0.8533653846153846 0.006009615384615385 0.009615384615384616
2 0.35336538461538464 0.9435096153846154 0.008413461538461538 0.01201923076923077
2 0.6153846153846154 0.49278846153846156 0.020432692307692308 0.027644230769230768
2 0.7463942307692307 0.4098557692307692 0.03245192307692308 0.027644230769230768
2 0.9663461538461539 0.5048076923076923 0.007211538461538462 0.01201923076923077
2 0.8076923076923077 0.6334134615384616 0.016826923076923076 0.020432692307692308
2 0.42427884615384615 0.5192307692307693 0.016826923076923076 0.02403846153846154
2 0.6947115384615384 0.2956730769230769 0.025240384615384616 0.019230769230769232
0 0.41225961538461536 0.7115384615384616 0.057692307692307696 0.07091346153846154
2 0.6875 0.14182692307692307 0.051682692307692304 0.051682692307692304
2 0.96875 0.21754807692307693 0.0625 0.04447115384615385
2 0.5324519230769231 0.84375 0.019230769230769232 0.015625
2 0.42788461538461536 0.9254807692307693 0.004807692307692308 0.006009615384615385
2 0.5516826923076923 0.890625 0.007211538461538462 0.009615384615384616
2 0.46634615384615385 0.8942307692307693 0.019230769230769232 0.02283653846153846
2 0.36658653846153844 0.9338942307692307 0.008413461538461538 0.02283653846153846
2 0.3137019230769231 0.7560096153846154 0.018028846153846152 0.019230769230769232
2 0.6382211538461539 0.6117788461538461 0.01201923076923077 0.01201923076923077
2 0.18990384615384615 0.11658653846153846 0.027644230769230768 0.025240384615384616
2 0.43509615384615385 0.13221153846153846 0.03125 0.03125
2 0.8016826923076923 0.8317307692307693 0.027644230769230768 0.040865384615384616
2 0.8052884615384616 0.42908653846153844 0.021634615384615384 0.02283653846153846
2 0.36177884615384615 0.8125 0.016826923076923076 0.027644230769230768
2 0.27403846153846156 0.8473557692307693 0.016826923076923076 0.015625
2 0.8209134615384616 0.6706730769230769 0.016826923076923076 0.021634615384615384
2 0.039663461538461536 0.2920673076923077 0.015625 0.03485576923076923
2 0.15384615384615385 0.16466346153846154 0.02283653846153846 0.05889423076923077
2 0.7199519230769231 0.5348557692307693 0.021634615384615384 0.018028846153846152
2 0.8713942307692307 0.53125 0.010817307692307692 0.014423076923076924
2 0.6310096153846154 0.41947115384615385 0.037259615384615384 0.06129807692307692
2 0.019230769230769232 0.24639423076923078 0.019230769230769232 0.021634615384615384
2 0.20072115384615385 0.16826923076923078 0.025240384615384616 0.036057692307692304
2 0.04927884615384615 0.24278846153846154 0.013221153846153846 0.025240384615384616
2 0.10216346153846154 0.23798076923076922 0.019230769230769232 0.027644230769230768
2 0.7175480769230769 0.5769230769230769 0.018028846153846152 0.027644230769230768
2 0.7884615384615384 0.03485576923076923 0.016826923076923076 0.018028846153846152
2 0.14423076923076922 0.36658653846153844 0.014423076923076924 0.046875
2 0.08413461538461539 0.13822115384615385 0.025240384615384616 0.03485576923076923
2 0.15985576923076922 0.25 0.046875 0.04927884615384615
2 0.9038461538461539 0.21153846153846154 0.01201923076923077 0.013221153846153846
2 0.6586538461538461 0.40625 0.03125 0.051682692307692304
2 0.22235576923076922 0.2536057692307692 0.020432692307692308 0.025240384615384616
2 0.10336538461538461 0.2800480769230769 0.03245192307692308 0.05889423076923077
2 0.8209134615384616 0.20192307692307693 0.03125 0.03365384615384615
2 0.28365384615384615 0.046875 0.016826923076923076 0.021634615384615384
2 0.030048076923076924 0.20432692307692307 0.026442307692307692 0.052884615384615384
2 0.08653846153846154 0.6634615384615384 0.019230769230769232 0.015625
2 0.026442307692307692 0.6021634615384616 0.019230769230769232 0.02403846153846154
2 0.20673076923076922 0.8689903846153846 0.038461538461538464 0.019230769230769232
2 0.04567307692307692 0.8894230769230769 0.010817307692307692 0.015625
2 0.24759615384615385 0.96875 0.03125 0.037259615384615384
2 0.75 0.7776442307692307 0.02403846153846154 0.03485576923076923
2 0.45913461538461536 0.6598557692307693 0.014423076923076924 0.015625
2 0.014423076923076924 0.5348557692307693 0.028846153846153848 0.05048076923076923
2 0.015625 0.9326923076923077 0.03125 0.03365384615384615
2 0.056490384615384616 0.8389423076923077 0.008413461538461538 0.01201923076923077
2 0.7860576923076923 0.6466346153846154 0.021634615384615384 0.03365384615384615
2 0.23317307692307693 0.875 0.016826923076923076 0.019230769230769232
2 0.5204326923076923 0.7043269230769231 0.027644230769230768 0.027644230769230768
2 0.16466346153846154 0.8617788461538461 0.013221153846153846 0.019230769230769232
2 0.1045673076923077 0.6490384615384616 0.016826923076923076 0.018028846153846152
2 0.23317307692307693 0.6129807692307693 0.015625 0.016826923076923076
2 0.6899038461538461 0.6502403846153846 0.03245192307692308 0.03485576923076923
2 0.17908653846153846 0.7079326923076923 0.04326923076923077 0.054086538461538464
2 0.054086538461538464 0.9026442307692307 0.014423076923076924 0.018028846153846152
2 0.4831730769230769 0.9855769230769231 0.028846153846153848 0.027644230769230768
2 0.03245192307692308 0.7427884615384616 0.019230769230769232 0.036057692307692304
2 0.7620192307692307 0.8389423076923077 0.025240384615384616 0.038461538461538464
2 0.5600961538461539 0.5036057692307693 0.016826923076923076 0.027644230769230768
2 0.05889423076923077 0.7079326923076923 0.027644230769230768 0.027644230769230768
2 0.36538461538461536 0.41346153846153844 0.014423076923076924 0.019230769230769232
2 0.9939903846153846 0.5252403846153846 0.010817307692307692 0.02283653846153846
2 0.15264423076923078 0.014423076923076924 0.027644230769230768 0.021634615384615384
2 0.25240384615384615 0.5901442307692307 0.018028846153846152 0.026442307692307692
2 0.08173076923076923 0.5288461538461539 0.038461538461538464 0.05048076923076923
2 0.16346153846153846 0.8221153846153846 0.021634615384615384 0.026442307692307692
2 0.05048076923076923 0.8701923076923077 0.019230769230769232 0.02403846153846154
2 0.020432692307692308 0.9927884615384616 0.021634615384615384 0.013221153846153846
2 0.003605769230769231 0.9939903846153846 0.007211538461538462 0.01201923076923077
2 0.546875 0.7704326923076923 0.014423076923076924 0.03125
2 0.7115384615384616 0.71875 0.020432692307692308 0.019230769230769232
2 0.7824519230769231 0.8485576923076923 0.013221153846153846 0.013221153846153846
2 0.8629807692307693 0.6875 0.021634615384615384 0.02403846153846154
2 0.12860576923076922 0.5661057692307693 0.037259615384615384 0.03365384615384615
2 0.19110576923076922 0.5360576923076923 0.025240384615384616 0.046875
2 0.026442307692307692 0.8978365384615384 0.014423076923076924 0.016826923076923076
2 0.28725961538461536 0.9939903846153846 0.03125 0.01201923076923077
2 0.31850961538461536 0.9807692307692307 0.008413461538461538 0.009615384615384616
2 0.4170673076923077 0.6274038461538461 0.020432692307692308 0.020432692307692308
2 0.7644230769230769 0.625 0.016826923076923076 0.02403846153846154
2 0.8786057692307693 0.7139423076923077 0.009615384615384616 0.016826923076923076
2 0.4014423076923077 0.6370192307692307 0.009615384615384616 0.01201923076923077
2 0.010817307692307692 0.7283653846153846 0.016826923076923076 0.019230769230769232
2 0.19471153846153846 0.6105769230769231 0.01201923076923077 0.015625
2 0.13942307692307693 0.8569711538461539 0.016826923076923076 0.021634615384615384
2 0.06850961538461539 0.6875 0.018028846153846152 0.016826923076923076