14 0.453125 0.49759615384615385 0.90625 0.9939903846153846
14 0.18870192307692307 0.2704326923076923 0.37740384615384615 0.5408653846153846
2 0.15144230769230768 0.8449519230769231 0.15865384615384615 0.26802884615384615
0 0.515625 0.3605769230769231 0.43990384615384615 0.71875
2 0.9110576923076923 0.7355769230769231 0.1778846153846154 0.24158653846153846
2 0.35096153846153844 0.8581730769230769 0.13221153846153846 0.12259615384615384
0 0.020432692307692308 0.19110576923076922 0.040865384615384616 0.13341346153846154
2 0.40625 0.9459134615384616 0.10697115384615384 0.0985576923076923
2 0.578125 0.9314903846153846 0.12259615384615384 0.11298076923076923
2 0.8978365384615384 0.5336538461538461 0.10817307692307693 0.15144230769230768
0 0.17548076923076922 0.5144230769230769 0.0733173076923077 0.09254807692307693