14 0.5 0.4675480769230769 1 0.33653846153846156
2 0.4831730769230769 0.8100961538461539 0.12980769230769232 0.17668269230769232
2 0.057692307692307696 0.0889423076923077 0.09014423076923077 0.171875
2 0.22355769230769232 0.16947115384615385 0.027644230769230768 0.10576923076923077
2 0.6129807692307693 0.9387019230769231 0.04807692307692308 0.08774038461538461
0 0.9038461538461539 0.8197115384615384 0.19110576923076922 0.35216346153846156
2 0.7487980769230769 0.026442307692307692 0.042067307692307696 0.04567307692307692
14 0.02403846153846154 0.7475961538461539 0.04807692307692308 0.4987980769230769
2 0.4375 0.25961538461538464 0.040865384615384616 0.05889423076923077
14 0.5 0.5180288461538461 1 0.23677884615384615
0 0.03485576923076923 0.2536057692307692 0.06971153846153846 0.08774038461538461
2 0.5865384615384616 0.054086538461538464 0.09134615384615384 0.09735576923076923
2 0.4651442307692308 0.03245192307692308 0.06850961538461539 0.06490384615384616
2 0.9627403846153846 0.055288461538461536 0.06009615384615385 0.11057692307692307
2 0.8028846153846154 0.04326923076923077 0.052884615384615384 0.05048076923076923
2 0.5132211538461539 0.18990384615384615 0.13701923076923078 0.1201923076923077
2 0.16466346153846154 0.875 0.06370192307692307 0.1310096153846154
2 0.36899038461538464 0.06129807692307692 0.025240384615384616 0.042067307692307696
0 0.08413461538461539 0.6694711538461539 0.11899038461538461 0.1622596153846154
2 0.19591346153846154 0.08173076923076923 0.07451923076923077 0.08774038461538461
2 0.6850961538461539 0.08774038461538461 0.09615384615384616 0.07451923076923077
2 0.5072115384615384 0.1141826923076923 0.04807692307692308 0.05889423076923077
2 0.23197115384615385 0.8713942307692307 0.09254807692307693 0.0829326923076923
2 0.42788461538461536 0.9375 0.040865384615384616 0.11538461538461539
2 0.12740384615384615 0.07692307692307693 0.040865384615384616 0.13942307692307693
2 0.10576923076923077 0.9206730769230769 0.04927884615384615 0.08653846153846154
14 0.8701923076923077 0.6802884615384616 0.25961538461538464 0.6358173076923077
2 0.8052884615384616 0.5540865384615384 0.3581730769230769 0.8870192307692307
2 0.38221153846153844 0.875 0.04567307692307692 0.07692307692307693
2 0.6141826923076923 0.8173076923076923 0.042067307692307696 0.0985576923076923
0 0.4951923076923077 0.6213942307692307 0.5576923076923077 0.19110576923076922
2 0.28966346153846156 0.12860576923076922 0.0625 0.10336538461538461
2 0.21995192307692307 0.7367788461538461 0.04567307692307692 0.04807692307692308
2 0.24879807692307693 0.9423076923076923 0.026442307692307692 0.03365384615384615
2 0.27403846153846156 0.039663461538461536 0.03485576923076923 0.0733173076923077
2 0.6947115384615384 0.1971153846153846 0.08774038461538461 0.0985576923076923
2 0.8629807692307693 0.07692307692307693 0.038461538461538464 0.07692307692307693
2 0.14783653846153846 0.17668269230769232 0.04807692307692308 0.06370192307692307
2 0.296875 0.828125 0.06971153846153846 0.09375
2 0.3762019230769231 0.11298076923076923 0.07211538461538461 0.056490384615384616
0 0.1658653846153846 0.44711538461538464 0.3125 0.13942307692307693
0 0.5661057692307693 0.2704326923076923 0.6189903846153846 0.17908653846153846
14 0.5 0.640625 1 0.6995192307692307