2 0.8377403846153846 0.8052884615384616 0.02403846153846154 0.03485576923076923
2 0.5204326923076923 0.3713942307692308 0.013221153846153846 0.013221153846153846
2 0.4338942307692308 0.3329326923076923 0.01201923076923077 0.02283653846153846
2 0.42908653846153844 0.41346153846153844 0.021634615384615384 0.025240384615384616
2 0.2536057692307692 0.3605769230769231 0.019230769230769232 0.03485576923076923
2 0.08653846153846154 0.203125 0.021634615384615384 0.021634615384615384
2 0.021634615384615384 0.2536057692307692 0.042067307692307696 0.07932692307692307
2 0.02283653846153846 0.7932692307692307 0.04567307692307692 0.057692307692307696
2 0.43149038461538464 0.3798076923076923 0.009615384615384616 0.01201923076923077
2 0.34375 0.59375 0.016826923076923076 0.02403846153846154
2 0.45552884615384615 0.38822115384615385 0.016826923076923076 0.019230769230769232
2 0.4110576923076923 0.07572115384615384 0.11298076923076923 0.15144230769230768
2 0.32572115384615385 0.453125 0.01201923076923077 0.016826923076923076
2 0.4495192307692308 0.5793269230769231 0.027644230769230768 0.054086538461538464
2 0.2620192307692308 0.7536057692307693 0.018028846153846152 0.019230769230769232
2 0.036057692307692304 0.9338942307692307 0.07091346153846154 0.1310096153846154
2 0.1346153846153846 0.7836538461538461 0.05889423076923077 0.10336538461538461
9 0.2620192307692308 0.03365384615384615 0.040865384615384616 0.0673076923076923
2 0.07211538461538461 0.15504807692307693 0.038461538461538464 0.06129807692307692
2 0.12259615384615384 0.17548076923076922 0.015625 0.036057692307692304
2 0.3016826923076923 0.009615384615384616 0.009615384615384616 0.013221153846153846
2 0.4110576923076923 0.5745192307692307 0.019230769230769232 0.019230769230769232
2 0.7487980769230769 0.3016826923076923 0.03125 0.026442307692307692
2 0.20432692307692307 0.7752403846153846 0.057692307692307696 0.04807692307692308
9 0.46274038461538464 0.04326923076923077 0.056490384615384616 0.08413461538461539
2 0.17548076923076922 0.34134615384615385 0.09975961538461539 0.0829326923076923
2 0.7451923076923077 0.33413461538461536 0.021634615384615384 0.016826923076923076
9 0.7139423076923077 0.5276442307692307 0.056490384615384616 0.08413461538461539
2 0.28725961538461536 0.23076923076923078 0.057692307692307696 0.09014423076923077
2 0.3786057692307692 0.23918269230769232 0.014423076923076924 0.030048076923076924
4 0.7908653846153846 0.046875 0.4170673076923077 0.09254807692307693
2 0.7307692307692307 0.38461538461538464 0.021634615384615384 0.027644230769230768
2 0.8004807692307693 0.36658653846153844 0.054086538461538464 0.06490384615384616
2 0.8028846153846154 0.7644230769230769 0.02403846153846154 0.027644230769230768
2 0.9699519230769231 0.7259615384615384 0.040865384615384616 0.03485576923076923
2 0.28846153846153844 0.6586538461538461 0.039663461538461536 0.0673076923076923
2 0.055288461538461536 0.6346153846153846 0.109375 0.16105769230769232
2 0.054086538461538464 0.3485576923076923 0.10697115384615384 0.10336538461538461
2 0.4651442307692308 0.19951923076923078 0.06490384615384616 0.09975961538461539
2 0.34134615384615385 0.20432692307692307 0.04447115384615385 0.078125
2 0.1814903846153846 0.6177884615384616 0.05889423076923077 0.11778846153846154
2 0.16706730769230768 0.9831730769230769 0.06490384615384616 0.03365384615384615
2 0.9795673076923077 0.5588942307692307 0.025240384615384616 0.03485576923076923
2 0.27403846153846156 0.7956730769230769 0.020432692307692308 0.019230769230769232
2 0.14783653846153846 0.46153846153846156 0.17307692307692307 0.109375
2 0.359375 0.4338942307692308 0.019230769230769232 0.02283653846153846
2 0.26322115384615385 0.8125 0.021634615384615384 0.019230769230769232
2 0.4963942307692308 0.5721153846153846 0.015625 0.019230769230769232
2 0.06490384615384616 0.7776442307692307 0.07211538461538461 0.10576923076923077
2 0.5060096153846154 0.4026442307692308 0.010817307692307692 0.025240384615384616
2 0.29927884615384615 0.27884615384615385 0.02283653846153846 0.016826923076923076
2 0.1935096153846154 0.07932692307692307 0.06129807692307692 0.07572115384615384
2 0.9759615384615384 0.5240384615384616 0.014423076923076924 0.037259615384615384
9 0.6526442307692307 0.9483173076923077 0.040865384615384616 0.042067307692307696
2 0.3401442307692308 0.7896634615384616 0.09735576923076923 0.12379807692307693
2 0.12379807692307693 0.02283653846153846 0.04326923076923077 0.04447115384615385
2 0.8617788461538461 0.7271634615384616 0.038461538461538464 0.04927884615384615
2 0.9879807692307693 0.2536057692307692 0.015625 0.04567307692307692
2 0.9278846153846154 0.9459134615384616 0.02403846153846154 0.015625
9 0.9411057692307693 0.15144230769230768 0.014423076923076924 0.038461538461538464
9 0.6742788461538461 0.9807692307692307 0.02403846153846154 0.03365384615384615
2 0.8052884615384616 0.6105769230769231 0.036057692307692304 0.06850961538461539
2 0.9026442307692307 0.7211538461538461 0.018028846153846152 0.027644230769230768
2 0.32572115384615385 0.9591346153846154 0.08653846153846154 0.08173076923076923
9 0.5721153846153846 0.7836538461538461 0.04807692307692308 0.056490384615384616
2 0.9783653846153846 0.8533653846153846 0.016826923076923076 0.02403846153846154
9 0.8341346153846154 0.6298076923076923 0.025240384615384616 0.07451923076923077
9 0.7524038461538461 0.21033653846153846 0.03485576923076923 0.02403846153846154
9 0.5757211538461539 0.9471153846153846 0.014423076923076924 0.10216346153846154
2 0.03365384615384615 0.5096153846153846 0.06610576923076923 0.10216346153846154
2 0.12860576923076922 0.23918269230769232 0.038461538461538464 0.04927884615384615
2 0.016826923076923076 0.8389423076923077 0.03365384615384615 0.04807692307692308
2 0.2548076923076923 0.2824519230769231 0.02403846153846154 0.038461538461538464
2 0.7151442307692307 0.26802884615384615 0.03245192307692308 0.038461538461538464
2 0.9495192307692307 0.9855769230769231 0.039663461538461536 0.027644230769230768
2 0.9675480769230769 0.23317307692307693 0.016826923076923076 0.028846153846153848
2 0.3293269230769231 0.01201923076923077 0.021634615384615384 0.02283653846153846
2 0.3485576923076923 0.09735576923076923 0.06009615384615385 0.06850961538461539
2 0.7632211538461539 0.9375 0.11538461538461539 0.11057692307692307
2 0.13701923076923078 0.9194711538461539 0.08653846153846154 0.11057692307692307
2 0.3389423076923077 0.5228365384615384 0.04567307692307692 0.054086538461538464
2 0.16947115384615385 0.2127403846153846 0.07692307692307693 0.10336538461538461
2 0.5132211538461539 0.3293269230769231 0.014423076923076924 0.02283653846153846
2 0.3858173076923077 0.2776442307692308 0.021634615384615384 0.036057692307692304
2 0.3293269230769231 0.6730769230769231 0.057692307692307696 0.06610576923076923
2 0.8401442307692307 0.33052884615384615 0.052884615384615384 0.10576923076923077
2 0.15264423076923078 0.5997596153846154 0.03485576923076923 0.04927884615384615
2 0.7716346153846154 0.2764423076923077 0.036057692307692304 0.03245192307692308
2 0.3798076923076923 0.16346153846153846 0.030048076923076924 0.06009615384615385
9 0.5769230769230769 0.875 0.036057692307692304 0.06370192307692307
9 0.9194711538461539 0.44711538461538464 0.014423076923076924 0.04447115384615385
9 0.9903846153846154 0.45913461538461536 0.019230769230769232 0.019230769230769232
9 0.8689903846153846 0.6310096153846154 0.06971153846153846 0.13822115384615385
2 0.33413461538461536 0.36177884615384615 0.09615384615384616 0.140625
2 0.32091346153846156 0.5961538461538461 0.026442307692307692 0.036057692307692304
2 0.14783653846153846 0.390625 0.021634615384615384 0.021634615384615384
2 0.7379807692307693 0.8677884615384616 0.07211538461538461 0.07692307692307693
2 0.7872596153846154 0.7932692307692307 0.020432692307692308 0.03125
9 0.4387019230769231 0.9002403846153846 0.109375 0.12379807692307693
2 0.875 0.9182692307692307 0.026442307692307692 0.037259615384615384
2 0.8858173076923077 0.7536057692307693 0.019230769230769232 0.026442307692307692
2 0.6081730769230769 0.2776442307692308 0.02403846153846154 0.10216346153846154
9 0.22596153846153846 0.021634615384615384 0.04807692307692308 0.027644230769230768
2 0.24158653846153846 0.609375 0.05048076923076923 0.11899038461538461
2 0.9615384615384616 0.6766826923076923 0.02403846153846154 0.03365384615384615
2 0.6658653846153846 0.2692307692307692 0.05889423076923077 0.0829326923076923
2 0.7307692307692307 0.6682692307692307 0.04326923076923077 0.046875
2 0.8665865384615384 0.4230769230769231 0.016826923076923076 0.028846153846153848
2 0.6658653846153846 0.4266826923076923 0.046875 0.09975961538461539
9 0.25841346153846156 0.09014423076923077 0.04567307692307692 0.04326923076923077
2 0.23197115384615385 0.9278846153846154 0.10336538461538461 0.10576923076923077
9 0.7668269230769231 0.13341346153846154 0.037259615384615384 0.07091346153846154
2 0.7848557692307693 0.47836538461538464 0.007211538461538462 0.010817307692307692
2 0.12740384615384615 0.6622596153846154 0.07692307692307693 0.05889423076923077
2 0.9242788461538461 0.2283653846153846 0.036057692307692304 0.04326923076923077
2 0.828125 0.8665865384615384 0.016826923076923076 0.06610576923076923
2 0.2704326923076923 0.13942307692307693 0.1201923076923077 0.056490384615384616
2 0.8942307692307693 0.14182692307692307 0.04567307692307692 0.051682692307692304
2 0.9134615384615384 0.875 0.037259615384615384 0.046875
2 0.16826923076923078 0.7596153846153846 0.021634615384615384 0.03245192307692308
2 0.5564903846153846 0.45072115384615385 0.020432692307692308 0.027644230769230768
2 0.25721153846153844 0.5108173076923077 0.02403846153846154 0.03485576923076923
2 0.05889423076923077 0.24278846153846154 0.027644230769230768 0.03125
2 0.025240384615384616 0.12860576923076922 0.01201923076923077 0.019230769230769232
2 0.03245192307692308 0.05889423076923077 0.02283653846153846 0.03245192307692308
2 0.30288461538461536 0.07451923076923077 0.037259615384615384 0.04326923076923077
2 0.9927884615384616 0.5180288461538461 0.014423076923076924 0.042067307692307696
2 0.7079326923076923 0.20552884615384615 0.02403846153846154 0.051682692307692304
2 0.06490384615384616 0.0889423076923077 0.038461538461538464 0.0889423076923077
2 0.5408653846153846 0.6478365384615384 0.051682692307692304 0.07932692307692307
9 0.96875 0.3557692307692308 0.0625 0.12620192307692307
2 0.9495192307692307 0.6021634615384616 0.030048076923076924 0.05889423076923077
2 0.734375 0.7247596153846154 0.02403846153846154 0.036057692307692304
2 0.6670673076923077 0.6298076923076923 0.042067307692307696 0.0733173076923077
2 0.5060096153846154 0.5360576923076923 0.020432692307692308 0.028846153846153848
2 0.5901442307692307 0.13581730769230768 0.0829326923076923 0.15264423076923078
4 0.5889423076923077 0.4326923076923077 0.21153846153846154 0.8617788461538461
2 0.7403846153846154 0.7848557692307693 0.027644230769230768 0.03485576923076923
2 0.96875 0.7524038461538461 0.030048076923076924 0.039663461538461536
2 0.3245192307692308 0.8954326923076923 0.06850961538461539 0.08173076923076923
2 0.7620192307692307 0.6117788461538461 0.019230769230769232 0.027644230769230768