2 0.0985576923076923 0.29447115384615385 0.09375 0.17908653846153846
0 0.09375 0.6875 0.08653846153846154 0.07451923076923077
2 0.8353365384615384 0.671875 0.02403846153846154 0.046875
2 0.7271634615384616 0.09975961538461539 0.17548076923076922 0.19951923076923078
2 0.7115384615384616 0.5901442307692307 0.038461538461538464 0.05889423076923077
2 0.042067307692307696 0.3401442307692308 0.021634615384615384 0.026442307692307692
2 0.328125 0.39783653846153844 0.037259615384615384 0.04567307692307692
2 0.015625 0.9146634615384616 0.03125 0.0733173076923077
2 0.4362980769230769 0.004807692307692308 0.021634615384615384 0.009615384615384616
0 0.3701923076923077 0.7944711538461539 0.5997596153846154 0.40384615384615385
0 0.6009615384615384 0.46033653846153844 0.11177884615384616 0.296875
2 0.015625 0.4483173076923077 0.03125 0.06971153846153846
2 0.11057692307692307 0.4579326923076923 0.08413461538461539 0.14423076923076922
2 0.3016826923076923 0.14423076923076922 0.0625 0.08173076923076923
2 0.042067307692307696 0.49399038461538464 0.03245192307692308 0.07091346153846154
2 0.37740384615384615 0.5757211538461539 0.020432692307692308 0.06370192307692307
2 0.49399038461538464 0.10216346153846154 0.027644230769230768 0.04567307692307692
2 0.8449519230769231 0.08533653846153846 0.052884615384615384 0.056490384615384616
0 0.4651442307692308 0.2980769230769231 0.23317307692307693 0.27403846153846156
0 0.7295673076923077 0.3894230769230769 0.08173076923076923 0.17548076923076922
2 0.22355769230769232 0.4879807692307692 0.04447115384615385 0.0733173076923077
2 0.010817307692307692 0.3125 0.021634615384615384 0.08653846153846154
2 0.8846153846153846 0.1466346153846154 0.019230769230769232 0.027644230769230768
2 0.640625 0.2403846153846154 0.06490384615384616 0.06971153846153846
2 0.7019230769230769 0.1778846153846154 0.06971153846153846 0.06610576923076923
2 0.9519230769230769 0.796875 0.021634615384615384 0.021634615384615384
2 0.8665865384615384 0.71875 0.020432692307692308 0.018028846153846152
4 0.5649038461538461 0.5612980769230769 0.2403846153846154 0.3858173076923077
0 0.7848557692307693 0.625 0.037259615384615384 0.06490384615384616
0 0.8677884615384616 0.25240384615384615 0.040865384615384616 0.05889423076923077
0 0.5348557692307693 0.036057692307692304 0.06009615384615385 0.07211538461538461
16 0.11057692307692307 0.10697115384615384 0.22115384615384615 0.20793269230769232
2 0.8341346153846154 0.7620192307692307 0.042067307692307696 0.027644230769230768
2 0.8137019230769231 0.5276442307692307 0.02403846153846154 0.03245192307692308
2 0.9014423076923077 0.5216346153846154 0.06129807692307692 0.10576923076923077
2 0.14783653846153846 0.47115384615384615 0.030048076923076924 0.05048076923076923
2 0.21394230769230768 0.6069711538461539 0.056490384615384616 0.04447115384615385
2 0.42788461538461536 0.4963942307692308 0.07692307692307693 0.10697115384615384
2 0.14783653846153846 0.35697115384615385 0.040865384615384616 0.037259615384615384
0 0.2800480769230769 0.33774038461538464 0.027644230769230768 0.037259615384615384
2 0.18990384615384615 0.5192307692307693 0.010817307692307692 0.019230769230769232
2 0.47475961538461536 0.010817307692307692 0.025240384615384616 0.021634615384615384
2 0.7175480769230769 0.9879807692307693 0.04807692307692308 0.02283653846153846
2 0.5120192307692307 0.14783653846153846 0.03245192307692308 0.04567307692307692
2 0.6045673076923077 0.16947115384615385 0.06490384615384616 0.056490384615384616
0 0.3581730769230769 0.11778846153846154 0.03365384615384615 0.040865384615384616
3 0.2283653846153846 0.9098557692307693 0.32572115384615385 0.171875
0 0.28125 0.5108173076923077 0.042067307692307696 0.056490384615384616