0 0.039663461538461536 0.36177884615384615 0.07932692307692307 0.15144230769230768
2 0.515625 0.7379807692307693 0.06610576923076923 0.08413461538461539
0 0.15625 0.4326923076923077 0.14182692307692307 0.21394230769230768
2 0.78125 0.30528846153846156 0.09615384615384616 0.16706730769230768
2 0.8605769230769231 0.6923076923076923 0.055288461538461536 0.08052884615384616
0 0.5228365384615384 0.5144230769230769 0.36778846153846156 0.18990384615384615
2 0.6141826923076923 0.7139423076923077 0.0985576923076923 0.0829326923076923
14 0.9242788461538461 0.3293269230769231 0.15144230769230768 0.6586538461538461
2 0.38822115384615385 0.234375 0.04927884615384615 0.06129807692307692
2 0.6971153846153846 0.21153846153846154 0.16105769230769232 0.24639423076923078
2 0.07572115384615384 0.6153846153846154 0.0889423076923077 0.07451923076923077
2 0.5709134615384616 0.8125 0.055288461538461536 0.06610576923076923
2 0.3004807692307692 0.7127403846153846 0.2536057692307692 0.33774038461538464
2 0.40625 0.875 0.12740384615384615 0.09134615384615384
2 0.5324519230769231 0.06490384615384616 0.12379807692307693 0.10576923076923077
14 0.5 0.3545673076923077 1 0.4639423076923077
0 0.28125 0.4807692307692308 0.10336538461538461 0.1935096153846154