2 0.3545673076923077 0.5168269230769231 0.08774038461538461 0.14302884615384615
2 0.9387019230769231 0.10096153846153846 0.026442307692307692 0.05889423076923077
2 0.5300480769230769 0.9807692307692307 0.056490384615384616 0.037259615384615384
2 0.9867788461538461 0.2704326923076923 0.026442307692307692 0.09134615384615384
2 0.036057692307692304 0.5300480769230769 0.038461538461538464 0.057692307692307696
2 0.09254807692307693 0.6862980769230769 0.030048076923076924 0.028846153846153848
2 0.4795673076923077 0.14903846153846154 0.25721153846153844 0.2920673076923077
2 0.009615384615384616 0.24879807692307693 0.019230769230769232 0.0829326923076923
2 0.33653846153846156 0.15384615384615385 0.027644230769230768 0.1814903846153846
2 0.026442307692307692 0.15865384615384615 0.04447115384615385 0.09735576923076923
2 0.05048076923076923 0.7223557692307693 0.019230769230769232 0.026442307692307692
2 0.7824519230769231 0.8425480769230769 0.12259615384615384 0.10096153846153846
2 0.3401442307692308 0.859375 0.021634615384615384 0.026442307692307692
2 0.4543269230769231 0.9014423076923077 0.06610576923076923 0.08173076923076923
2 0.13942307692307693 0.7572115384615384 0.028846153846153848 0.06129807692307692
2 0.7932692307692307 0.53125 0.019230769230769232 0.019230769230769232
2 0.8125 0.6141826923076923 0.04807692307692308 0.06009615384615385
2 0.37740384615384615 0.4206730769230769 0.15144230769230768 0.05048076923076923
2 0.40024038461538464 0.9278846153846154 0.04326923076923077 0.04326923076923077
2 0.40384615384615385 0.9747596153846154 0.052884615384615384 0.042067307692307696
2 0.0733173076923077 0.5096153846153846 0.03125 0.04807692307692308
2 0.12139423076923077 0.020432692307692308 0.020432692307692308 0.026442307692307692
2 0.25 0.7704326923076923 0.019230769230769232 0.021634615384615384
2 0.2704326923076923 0.6694711538461539 0.04927884615384615 0.046875
2 0.18028846153846154 0.7620192307692307 0.025240384615384616 0.018028846153846152
2 0.17548076923076922 0.4807692307692308 0.016826923076923076 0.026442307692307692
2 0.036057692307692304 0.8834134615384616 0.06009615384615385 0.039663461538461536
2 0.3088942307692308 0.7620192307692307 0.020432692307692308 0.027644230769230768
2 0.3317307692307692 0.9495192307692307 0.015625 0.018028846153846152
14 0.3894230769230769 0.4987980769230769 0.7512019230769231 0.9963942307692307
2 0.2824519230769231 0.8461538461538461 0.05889423076923077 0.10817307692307693
2 0.17908653846153846 0.6081730769230769 0.026442307692307692 0.027644230769230768
2 0.4855769230769231 0.9795673076923077 0.013221153846153846 0.021634615384615384
2 0.19951923076923078 0.7079326923076923 0.039663461538461536 0.06490384615384616
2 0.1971153846153846 0.2764423076923077 0.05889423076923077 0.10576923076923077
2 0.6346153846153846 0.7319711538461539 0.052884615384615384 0.10216346153846154
2 0.8641826923076923 0.4206730769230769 0.03365384615384615 0.04326923076923077
2 0.5264423076923077 0.796875 0.04567307692307692 0.06610576923076923
2 0.7463942307692307 0.7548076923076923 0.014423076923076924 0.030048076923076924
2 0.8401442307692307 0.1778846153846154 0.055288461538461536 0.07692307692307693
2 0.6394230769230769 0.04326923076923077 0.02403846153846154 0.03365384615384615
2 0.7067307692307693 0.6923076923076923 0.04567307692307692 0.125
2 0.9747596153846154 0.9711538461538461 0.05048076923076923 0.057692307692307696
2 0.40865384615384615 0.6322115384615384 0.055288461538461536 0.08774038461538461
2 0.040865384615384616 0.6286057692307693 0.06129807692307692 0.10216346153846154
2 0.6622596153846154 0.6225961538461539 0.06971153846153846 0.13221153846153846
2 0.5288461538461539 0.35096153846153844 0.07692307692307693 0.07692307692307693
2 0.08774038461538461 0.7860576923076923 0.08052884615384616 0.09975961538461539
2 0.5384615384615384 0.5625 0.04326923076923077 0.06009615384615385
2 0.8990384615384616 0.5697115384615384 0.036057692307692304 0.06610576923076923
2 0.7475961538461539 0.3918269230769231 0.02403846153846154 0.026442307692307692
2 0.9134615384615384 0.7331730769230769 0.08774038461538461 0.057692307692307696
2 0.3942307692307692 0.3425480769230769 0.17307692307692307 0.13341346153846154
2 0.9206730769230769 0.6490384615384616 0.06129807692307692 0.07692307692307693
2 0.49278846153846156 0.671875 0.09975961538461539 0.12379807692307693
2 0.036057692307692304 0.9507211538461539 0.07211538461538461 0.09014423076923077
2 0.5877403846153846 0.7896634615384616 0.08653846153846154 0.11177884615384616
2 0.7704326923076923 0.7079326923076923 0.030048076923076924 0.0673076923076923
2 0.9519230769230769 0.25841346153846156 0.040865384615384616 0.051682692307692304
2 0.9014423076923077 0.3449519230769231 0.09495192307692307 0.09375
2 0.1658653846153846 0.8689903846153846 0.1346153846153846 0.09014423076923077
2 0.15985576923076922 0.4495192307692308 0.026442307692307692 0.04447115384615385
2 0.796875 0.9543269230769231 0.1346153846153846 0.08653846153846154
2 0.26802884615384615 0.3269230769230769 0.08413461538461539 0.16346153846153846
2 0.953125 0.5516826923076923 0.09375 0.11298076923076923
2 0.8725961538461539 0.4807692307692308 0.10576923076923077 0.10697115384615384
2 0.8653846153846154 0.7860576923076923 0.06370192307692307 0.09975961538461539
2 0.7884615384615384 0.49158653846153844 0.056490384615384616 0.05889423076923077
2 0.9338942307692307 0.8822115384615384 0.13221153846153846 0.10216346153846154
2 0.6814903846153846 0.39663461538461536 0.016826923076923076 0.025240384615384616
2 0.8329326923076923 0.07692307692307693 0.06370192307692307 0.109375
2 0.7139423076923077 0.4411057692307692 0.040865384615384616 0.07572115384615384
2 0.9891826923076923 0.08653846153846154 0.021634615384615384 0.0673076923076923
2 0.24158653846153846 0.11778846153846154 0.17307692307692307 0.2283653846153846
2 0.6935096153846154 0.15745192307692307 0.19471153846153846 0.21875
2 0.18990384615384615 0.9639423076923077 0.21875 0.06490384615384616
2 0.9783653846153846 0.02403846153846154 0.042067307692307696 0.040865384615384616
2 0.578125 0.6646634615384616 0.06490384615384616 0.12259615384615384
2 0.4675480769230769 0.5649038461538461 0.05048076923076923 0.17067307692307693
2 0.11298076923076923 0.5612980769230769 0.03125 0.046875
2 0.6646634615384616 0.8449519230769231 0.0889423076923077 0.13701923076923078
2 0.84375 0.6911057692307693 0.046875 0.07451923076923077
2 0.578125 0.5336538461538461 0.05889423076923077 0.10216346153846154
2 0.9278846153846154 0.7860576923076923 0.055288461538461536 0.054086538461538464
2 0.8076923076923077 0.3713942307692308 0.0889423076923077 0.18629807692307693
2 0.6682692307692307 0.453125 0.040865384615384616 0.046875
2 0.8942307692307693 0.10096153846153846 0.03245192307692308 0.046875
2 0.9014423076923077 0.20793269230769232 0.05048076923076923 0.09375
2 0.054086538461538464 0.35697115384615385 0.10817307692307693 0.12980769230769232
2 0.6887019230769231 0.5024038461538461 0.11057692307692307 0.06850961538461539
2 0.5168269230769231 0.4375 0.11057692307692307 0.11778846153846154
2 0.6442307692307693 0.3701923076923077 0.055288461538461536 0.06370192307692307
2 0.9879807692307693 0.17427884615384615 0.02403846153846154 0.039663461538461536
2 0.9699519230769231 0.4098557692307692 0.05889423076923077 0.18269230769230768