2 0.03245192307692308 0.6742788461538461 0.06490384615384616 0.11057692307692307
2 0.38461538461538464 0.01201923076923077 0.040865384615384616 0.02403846153846154
2 0.015625 0.33774038461538464 0.03125 0.038461538461538464
2 0.6923076923076923 0.33413461538461536 0.07932692307692307 0.16105769230769232
2 0.32572115384615385 0.039663461538461536 0.09014423076923077 0.0733173076923077
5 0.6141826923076923 0.12860576923076922 0.11778846153846154 0.15865384615384615
2 0.2403846153846154 0.4254807692307692 0.055288461538461536 0.04326923076923077
2 0.6442307692307693 0.8401442307692307 0.07572115384615384 0.056490384615384616
2 0.8233173076923077 0.16346153846153846 0.07451923076923077 0.07451923076923077
2 0.7524038461538461 0.6045673076923077 0.04567307692307692 0.0673076923076923
2 0.43028846153846156 0.8569711538461539 0.03485576923076923 0.08173076923076923
2 0.026442307692307692 0.36778846153846156 0.019230769230769232 0.026442307692307692
2 0.2283653846153846 0.09254807692307693 0.16706730769230768 0.1814903846153846
2 0.019230769230769232 0.07091346153846154 0.016826923076923076 0.021634615384615384
2 0.8725961538461539 0.8473557692307693 0.03485576923076923 0.056490384615384616
2 0.9591346153846154 0.8930288461538461 0.06610576923076923 0.09615384615384616
2 0.7151442307692307 0.17427884615384615 0.036057692307692304 0.055288461538461536
2 0.3473557692307692 0.11177884615384616 0.030048076923076924 0.04326923076923077
2 0.8930288461538461 0.15625 0.014423076923076924 0.027644230769230768
4 0.7151442307692307 0.4987980769230769 0.5528846153846154 0.9951923076923077
2 0.054086538461538464 0.9711538461538461 0.10817307692307693 0.051682692307692304
2 0.42908653846153844 0.7175480769230769 0.07932692307692307 0.13822115384615385
2 0.7151442307692307 0.2247596153846154 0.038461538461538464 0.046875
2 0.5913461538461539 0.2548076923076923 0.055288461538461536 0.08173076923076923
2 0.4254807692307692 0.5793269230769231 0.03485576923076923 0.09134615384615384
2 0.030048076923076924 0.16706730769230768 0.03485576923076923 0.056490384615384616
2 0.9927884615384616 0.6610576923076923 0.013221153846153846 0.0673076923076923
5 0.9663461538461539 0.9603365384615384 0.06610576923076923 0.046875
2 0.8786057692307693 0.3125 0.06490384615384616 0.10576923076923077
2 0.06129807692307692 0.546875 0.07692307692307693 0.10096153846153846
2 0.46875 0.28725961538461536 0.07932692307692307 0.0829326923076923
2 0.7163461538461539 0.6117788461538461 0.019230769230769232 0.027644230769230768
2 0.296875 0.21875 0.03485576923076923 0.037259615384615384
2 0.5252403846153846 0.4362980769230769 0.06009615384615385 0.06370192307692307
2 0.6538461538461539 0.6009615384615384 0.06009615384615385 0.10096153846153846
2 0.3449519230769231 0.7944711538461539 0.07692307692307693 0.14423076923076922
2 0.96875 0.7884615384615384 0.04326923076923077 0.027644230769230768
2 0.7704326923076923 0.9579326923076923 0.06971153846153846 0.07451923076923077
2 0.3088942307692308 0.8329326923076923 0.028846153846153848 0.03125
2 0.7584134615384616 0.04807692307692308 0.027644230769230768 0.040865384615384616
2 0.020432692307692308 0.4387019230769231 0.040865384615384616 0.03365384615384615
2 0.21754807692307693 0.2920673076923077 0.0733173076923077 0.04326923076923077
2 0.5673076923076923 0.4362980769230769 0.021634615384615384 0.042067307692307696
2 0.234375 0.5084134615384616 0.01201923076923077 0.020432692307692308
2 0.0829326923076923 0.6322115384615384 0.016826923076923076 0.027644230769230768
2 0.1502403846153846 0.43149038461538464 0.01201923076923077 0.01201923076923077
2 0.765625 0.19230769230769232 0.014423076923076924 0.018028846153846152
2 0.84375 0.6069711538461539 0.036057692307692304 0.057692307692307696
2 0.25 0.9771634615384616 0.03485576923076923 0.04567307692307692
2 0.49158653846153844 0.9543269230769231 0.016826923076923076 0.015625
2 0.18629807692307693 0.7475961538461539 0.030048076923076924 0.04567307692307692
2 0.47716346153846156 0.38822115384615385 0.038461538461538464 0.042067307692307696
2 0.7439903846153846 0.65625 0.03485576923076923 0.04807692307692308
2 0.6574519230769231 0.42908653846153844 0.027644230769230768 0.03245192307692308
2 0.203125 0.5492788461538461 0.021634615384615384 0.019230769230769232
2 0.8401442307692307 0.5012019230769231 0.07451923076923077 0.08173076923076923
2 0.35336538461538464 0.4254807692307692 0.01201923076923077 0.01201923076923077
2 0.3016826923076923 0.40625 0.026442307692307692 0.046875
2 0.7956730769230769 0.2247596153846154 0.01201923076923077 0.02283653846153846
2 0.5925480769230769 0.3473557692307692 0.03485576923076923 0.04807692307692308
2 0.3858173076923077 0.5697115384615384 0.026442307692307692 0.02403846153846154
2 0.3737980769230769 0.6370192307692307 0.016826923076923076 0.025240384615384616
2 0.14783653846153846 0.3870192307692308 0.02403846153846154 0.036057692307692304
2 0.2548076923076923 0.2620192307692308 0.027644230769230768 0.052884615384615384
2 0.12860576923076922 0.9819711538461539 0.036057692307692304 0.036057692307692304
2 0.27163461538461536 0.35096153846153844 0.014423076923076924 0.019230769230769232
2 0.8004807692307693 0.6117788461538461 0.008413461538461538 0.016826923076923076
2 0.16466346153846154 0.9927884615384616 0.021634615384615384 0.013221153846153846
2 0.8521634615384616 0.2403846153846154 0.055288461538461536 0.07211538461538461
2 0.8100961538461539 0.7127403846153846 0.016826923076923076 0.02283653846153846
2 0.21394230769230768 0.45552884615384615 0.040865384615384616 0.051682692307692304
2 0.31009615384615385 0.3473557692307692 0.040865384615384616 0.030048076923076924
2 0.36538461538461536 0.6165865384615384 0.010817307692307692 0.016826923076923076
2 0.36658653846153844 0.9783653846153846 0.016826923076923076 0.027644230769230768
2 0.27524038461538464 0.49038461538461536 0.04567307692307692 0.04927884615384615
2 0.21153846153846154 0.84375 0.052884615384615384 0.05889423076923077
2 0.49038461538461536 0.49038461538461536 0.01201923076923077 0.021634615384615384
2 0.5204326923076923 0.8737980769230769 0.037259615384615384 0.054086538461538464
2 0.6730769230769231 0.6814903846153846 0.018028846153846152 0.019230769230769232
2 0.3076923076923077 0.5444711538461539 0.040865384615384616 0.027644230769230768
2 0.12139423076923077 0.28966346153846156 0.055288461538461536 0.06129807692307692
2 0.09735576923076923 0.6971153846153846 0.03485576923076923 0.057692307692307696
2 0.7475961538461539 0.015625 0.057692307692307696 0.03125
2 0.7379807692307693 0.484375 0.009615384615384616 0.016826923076923076
2 0.6442307692307693 0.3737980769230769 0.051682692307692304 0.06971153846153846
2 0.5372596153846154 0.9338942307692307 0.025240384615384616 0.03245192307692308
2 0.4254807692307692 0.45552884615384615 0.009615384615384616 0.016826923076923076
2 0.9302884615384616 0.40384615384615385 0.016826923076923076 0.02283653846153846
2 0.7439903846153846 0.7824519230769231 0.06129807692307692 0.09975961538461539
2 0.46274038461538464 0.8942307692307693 0.01201923076923077 0.020432692307692308
2 0.43990384615384615 0.49278846153846156 0.02283653846153846 0.030048076923076924
2 0.9074519230769231 0.8052884615384616 0.026442307692307692 0.03125
2 0.6322115384615384 0.5036057692307693 0.07451923076923077 0.11298076923076923
2 0.9567307692307693 0.6742788461538461 0.03245192307692308 0.05889423076923077
2 0.3918269230769231 0.9615384615384616 0.020432692307692308 0.03365384615384615
2 0.6286057692307693 0.03125 0.15745192307692307 0.056490384615384616
2 0.7175480769230769 0.6598557692307693 0.016826923076923076 0.019230769230769232
2 0.9278846153846154 0.25721153846153844 0.03485576923076923 0.036057692307692304
2 0.5276442307692307 0.28125 0.04567307692307692 0.07451923076923077
2 0.35096153846153844 0.48197115384615385 0.026442307692307692 0.05048076923076923
2 0.12860576923076922 0.6598557692307693 0.037259615384615384 0.04567307692307692
2 0.8497596153846154 0.9158653846153846 0.1045673076923077 0.07692307692307693
2 0.5192307692307693 0.3581730769230769 0.037259615384615384 0.04807692307692308
2 0.7536057692307693 0.41947115384615385 0.016826923076923076 0.018028846153846152
2 0.7740384615384616 0.546875 0.016826923076923076 0.016826923076923076
2 0.35336538461538464 0.9098557692307693 0.038461538461538464 0.040865384615384616
2 0.44711538461538464 0.8064903846153846 0.06370192307692307 0.03485576923076923
2 0.4831730769230769 0.5697115384615384 0.05889423076923077 0.09375
2 0.8233173076923077 0.40625 0.1141826923076923 0.12139423076923077
2 0.8954326923076923 0.7512019230769231 0.03485576923076923 0.038461538461538464
2 0.8834134615384616 0.08052884615384616 0.05889423076923077 0.10336538461538461
2 0.7067307692307693 0.09375 0.04567307692307692 0.046875
2 0.3425480769230769 0.3004807692307692 0.014423076923076924 0.018028846153846152
2 0.4026442307692308 0.4639423076923077 0.03245192307692308 0.07932692307692307
3 0.24278846153846154 0.8125 0.10336538461538461 0.36658653846153844
2 0.039663461538461536 0.24759615384615385 0.06850961538461539 0.09615384615384616
2 0.39903846153846156 0.28125 0.06129807692307692 0.08774038461538461
2 0.109375 0.3894230769230769 0.05048076923076923 0.04807692307692308
2 0.578125 0.7992788461538461 0.036057692307692304 0.03125
2 0.4639423076923077 0.1502403846153846 0.18389423076923078 0.17908653846153846
2 0.47596153846153844 0.7331730769230769 0.027644230769230768 0.036057692307692304
2 0.8810096153846154 0.5012019230769231 0.009615384615384616 0.018028846153846152
2 0.7884615384615384 0.7620192307692307 0.013221153846153846 0.027644230769230768
2 0.46875 0.8509615384615384 0.03365384615384615 0.055288461538461536
2 0.17067307692307693 0.5961538461538461 0.09014423076923077 0.06850961538461539
2 0.8497596153846154 0.6586538461538461 0.01201923076923077 0.02283653846153846
2 0.30528846153846156 0.9182692307692307 0.04567307692307692 0.08052884615384616
2 0.33774038461538464 0.9879807692307693 0.013221153846153846 0.02283653846153846
2 0.28125 0.5901442307692307 0.06850961538461539 0.06971153846153846
2 0.7091346153846154 0.8341346153846154 0.009615384615384616 0.02283653846153846
2 0.15264423076923078 0.9146634615384616 0.026442307692307692 0.04326923076923077
2 0.4098557692307692 0.36177884615384615 0.04326923076923077 0.0829326923076923
2 0.11298076923076923 0.12740384615384615 0.14903846153846154 0.18509615384615385
2 0.5817307692307693 0.640625 0.013221153846153846 0.018028846153846152
2 0.3786057692307692 0.9302884615384616 0.006009615384615385 0.006009615384615385
2 0.6466346153846154 0.7451923076923077 0.04567307692307692 0.056490384615384616
2 0.796875 0.6766826923076923 0.03365384615384615 0.042067307692307696
2 0.5793269230769231 0.53125 0.01201923076923077 0.010817307692307692
2 0.8088942307692307 0.5637019230769231 0.037259615384615384 0.03125