2 0.5024038461538461 0.5973557692307693 0.052884615384615384 0.046875
2 0.1466346153846154 0.5685096153846154 0.08052884615384616 0.1346153846153846
2 0.028846153846153848 0.49038461538461536 0.04326923076923077 0.06490384615384616
2 0.09735576923076923 0.18509615384615385 0.11298076923076923 0.1622596153846154
2 0.42908653846153844 0.5 0.02403846153846154 0.03125
2 0.9050480769230769 0.23918269230769232 0.06850961538461539 0.11298076923076923
2 0.7908653846153846 0.30408653846153844 0.06610576923076923 0.10096153846153846
2 0.9771634615384616 0.5829326923076923 0.04567307692307692 0.057692307692307696
2 0.20192307692307693 0.4963942307692308 0.027644230769230768 0.03125
2 0.08173076923076923 0.53125 0.09735576923076923 0.10576923076923077
2 0.3762019230769231 0.35336538461538464 0.03485576923076923 0.04927884615384615
2 0.8822115384615384 0.3389423076923077 0.06129807692307692 0.13822115384615385
2 0.23798076923076922 0.6646634615384616 0.03125 0.04447115384615385
2 0.8185096153846154 0.37259615384615385 0.04807692307692308 0.06490384615384616
2 0.4639423076923077 0.8052884615384616 0.04807692307692308 0.07091346153846154
2 0.5396634615384616 0.9399038461538461 0.038461538461538464 0.051682692307692304
0 0.7139423076923077 0.8882211538461539 0.5721153846153846 0.21754807692307693
14 0.39783653846153844 0.5 0.7956730769230769 0.9975961538461539
2 0.375 0.9098557692307693 0.02403846153846154 0.04447115384615385
2 0.31009615384615385 0.3858173076923077 0.06370192307692307 0.05889423076923077
2 0.3317307692307692 0.9675480769230769 0.021634615384615384 0.027644230769230768
2 0.13822115384615385 0.6826923076923077 0.07211538461538461 0.08052884615384616
2 0.30288461538461536 0.9170673076923077 0.06490384615384616 0.04567307692307692
2 0.5769230769230769 0.5132211538461539 0.025240384615384616 0.056490384615384616
0 0.2283653846153846 0.21153846153846154 0.4567307692307692 0.4206730769230769
2 0.5877403846153846 0.5829326923076923 0.04447115384615385 0.055288461538461536
2 0.5588942307692307 0.25 0.03245192307692308 0.046875
2 0.9699519230769231 0.3605769230769231 0.06009615384615385 0.12620192307692307
2 0.35096153846153844 0.47716346153846156 0.0733173076923077 0.06971153846153846
2 0.7223557692307693 0.42908653846153844 0.12980769230769232 0.11298076923076923
2 0.28846153846153844 0.6165865384615384 0.0829326923076923 0.06850961538461539
2 0.6129807692307693 0.7223557692307693 0.07211538461538461 0.06490384615384616
2 0.06370192307692307 0.3894230769230769 0.052884615384615384 0.11298076923076923
15 0.3629807692307692 0.1141826923076923 0.28125 0.22596153846153846
2 0.9230769230769231 0.4411057692307692 0.056490384615384616 0.09254807692307693
2 0.9254807692307693 0.6850961538461539 0.021634615384615384 0.027644230769230768
2 0.35096153846153844 0.5973557692307693 0.016826923076923076 0.03485576923076923
2 0.36658653846153844 0.7644230769230769 0.030048076923076924 0.06610576923076923
2 0.7163461538461539 0.6911057692307693 0.040865384615384616 0.026442307692307692
2 0.6959134615384616 0.5757211538461539 0.018028846153846152 0.028846153846153848
2 0.8485576923076923 0.19471153846153846 0.0625 0.0733173076923077
2 0.07932692307692307 0.6310096153846154 0.04807692307692308 0.09014423076923077
2 0.19591346153846154 0.6442307692307693 0.04326923076923077 0.051682692307692304
2 0.9110576923076923 0.8197115384615384 0.17307692307692307 0.0889423076923077
2 0.021634615384615384 0.35697115384615385 0.016826923076923076 0.028846153846153848
0 0.040865384615384616 0.8401442307692307 0.08173076923076923 0.18629807692307693
2 0.8725961538461539 0.04326923076923077 0.08052884615384616 0.078125
2 0.17908653846153846 0.9639423076923077 0.025240384615384616 0.037259615384615384
2 0.9603365384615384 0.21875 0.07932692307692307 0.14423076923076922
2 0.8665865384615384 0.7163461538461539 0.03365384615384615 0.054086538461538464
15 0.703125 0.09495192307692307 0.20432692307692307 0.18990384615384615
2 0.030048076923076924 0.43149038461538464 0.05889423076923077 0.06490384615384616
2 0.6911057692307693 0.6105769230769231 0.04326923076923077 0.046875
2 0.9158653846153846 0.6454326923076923 0.013221153846153846 0.027644230769230768
2 0.32091346153846156 0.23677884615384615 0.030048076923076924 0.057692307692307696
2 0.4543269230769231 0.6995192307692307 0.08774038461538461 0.055288461538461536