14 0.055288461538461536 0.06971153846153846 0.11057692307692307 0.13581730769230768
2 0.8677884615384616 0.7223557692307693 0.055288461538461536 0.09735576923076923
2 0.4170673076923077 0.10697115384615384 0.08413461538461539 0.07451923076923077
2 0.42427884615384615 0.8713942307692307 0.09014423076923077 0.11538461538461539
2 0.7439903846153846 0.7139423076923077 0.04447115384615385 0.08173076923076923
2 0.2956730769230769 0.9278846153846154 0.12379807692307693 0.12379807692307693
2 0.4723557692307692 0.6826923076923077 0.15264423076923078 0.18870192307692307
2 0.16466346153846154 0.5288461538461539 0.06971153846153846 0.09615384615384616
14 0.2956730769230769 0.5 0.5901442307692307 0.9963942307692307
2 0.7956730769230769 0.052884615384615384 0.056490384615384616 0.05889423076923077
2 0.6538461538461539 0.5444711538461539 0.04567307692307692 0.09735576923076923
2 0.26802884615384615 0.31971153846153844 0.14903846153846154 0.12620192307692307
14 0.7067307692307693 0.43149038461538464 0.24639423076923078 0.8605769230769231
2 0.109375 0.8533653846153846 0.037259615384615384 0.05889423076923077
2 0.6394230769230769 0.2512019230769231 0.04326923076923077 0.05889423076923077