2 0.038461538461538464 0.5685096153846154 0.07692307692307693 0.05889423076923077
2 0.27884615384615385 0.6153846153846154 0.09014423076923077 0.08413461538461539
2 0.7944711538461539 0.046875 0.03365384615384615 0.037259615384615384
2 0.5300480769230769 0.11177884615384616 0.037259615384615384 0.046875
2 0.21153846153846154 0.5120192307692307 0.03125 0.042067307692307696
2 0.5564903846153846 0.3389423076923077 0.027644230769230768 0.03485576923076923
2 0.296875 0.7548076923076923 0.04567307692307692 0.04807692307692308
2 0.6706730769230769 0.8786057692307693 0.027644230769230768 0.03365384615384615
2 0.8942307692307693 0.8125 0.026442307692307692 0.04326923076923077
2 0.84375 0.4182692307692308 0.037259615384615384 0.07091346153846154
2 0.8052884615384616 0.8221153846153846 0.016826923076923076 0.030048076923076924
2 0.6081730769230769 0.7632211538461539 0.09495192307692307 0.06129807692307692
2 0.765625 0.6177884615384616 0.11899038461538461 0.17548076923076922
2 0.9158653846153846 0.28846153846153844 0.052884615384615384 0.08052884615384616
2 0.8822115384615384 0.15144230769230768 0.04567307692307692 0.06490384615384616
2 0.9086538461538461 0.20552884615384615 0.07692307692307693 0.07451923076923077
2 0.28125 0.9302884615384616 0.06129807692307692 0.046875
2 0.7427884615384616 0.1622596153846154 0.03485576923076923 0.03245192307692308
2 0.14423076923076922 0.18990384615384615 0.03125 0.03245192307692308
14 0.5 0.5324519230769231 1 0.41586538461538464
2 0.9735576923076923 0.04927884615384615 0.03125 0.037259615384615384
2 0.6358173076923077 0.05048076923076923 0.13581730769230768 0.09375
2 0.14302884615384615 0.7415865384615384 0.10817307692307693 0.14903846153846154
2 0.2644230769230769 0.09014423076923077 0.052884615384615384 0.06610576923076923
2 0.4831730769230769 0.8641826923076923 0.16826923076923078 0.18269230769230768
2 0.6081730769230769 0.21514423076923078 0.037259615384615384 0.05048076923076923
2 0.27283653846153844 0.30408653846153844 0.06850961538461539 0.06850961538461539
2 0.4182692307692308 0.7055288461538461 0.0625 0.0673076923076923
2 0.4338942307692308 0.10336538461538461 0.038461538461538464 0.04326923076923077
2 0.45552884615384615 0.5793269230769231 0.05048076923076923 0.055288461538461536
2 0.21754807692307693 0.8497596153846154 0.03125 0.03245192307692308
2 0.20673076923076922 0.9098557692307693 0.03485576923076923 0.042067307692307696
2 0.33413461538461536 0.8076923076923077 0.038461538461538464 0.07451923076923077
2 0.0889423076923077 0.9014423076923077 0.026442307692307692 0.036057692307692304
2 0.01201923076923077 0.08413461538461539 0.02403846153846154 0.06610576923076923
2 0.006009615384615385 0.21514423076923078 0.010817307692307692 0.06370192307692307
2 0.4855769230769231 0.1310096153846154 0.04326923076923077 0.03365384615384615
2 0.6286057692307693 0.6502403846153846 0.10096153846153846 0.09735576923076923
2 0.0625 0.7536057692307693 0.03485576923076923 0.03485576923076923
2 0.010817307692307692 0.390625 0.021634615384615384 0.0733173076923077
2 0.7199519230769231 0.9098557692307693 0.027644230769230768 0.03245192307692308
2 0.6454326923076923 0.15985576923076922 0.04927884615384615 0.06129807692307692
2 0.44591346153846156 0.1971153846153846 0.02403846153846154 0.026442307692307692