2 0.7475961538461539 0.6117788461538461 0.09254807692307693 0.125
2 0.26322115384615385 0.859375 0.021634615384615384 0.039663461538461536
2 0.054086538461538464 0.16826923076923078 0.030048076923076924 0.03245192307692308
2 0.921875 0.19471153846153846 0.027644230769230768 0.03245192307692308
2 0.9086538461538461 0.046875 0.021634615384615384 0.04807692307692308
2 0.7475961538461539 0.14543269230769232 0.020432692307692308 0.02403846153846154
2 0.5745192307692307 0.5745192307692307 0.020432692307692308 0.021634615384615384
2 0.11899038461538461 0.08173076923076923 0.016826923076923076 0.019230769230769232
2 0.5997596153846154 0.44591346153846156 0.021634615384615384 0.030048076923076924
2 0.23317307692307693 0.8978365384615384 0.025240384615384616 0.03485576923076923
2 0.9891826923076923 0.6129807692307693 0.021634615384615384 0.10096153846153846
2 0.47716346153846156 0.03125 0.027644230769230768 0.037259615384615384
2 0.5528846153846154 0.9326923076923077 0.15144230769230768 0.09254807692307693
2 0.3581730769230769 0.3329326923076923 0.03485576923076923 0.04447115384615385
2 0.2091346153846154 0.9302884615384616 0.019230769230769232 0.027644230769230768
2 0.4675480769230769 0.8317307692307693 0.057692307692307696 0.05048076923076923
2 0.10336538461538461 0.18389423076923078 0.025240384615384616 0.03125
2 0.052884615384615384 0.8954326923076923 0.025240384615384616 0.030048076923076924
2 0.28846153846153844 0.47716346153846156 0.05889423076923077 0.051682692307692304
2 0.1971153846153846 0.8052884615384616 0.06370192307692307 0.09375
2 0.02283653846153846 0.71875 0.04447115384615385 0.08052884615384616
2 0.921875 0.5372596153846154 0.08052884615384616 0.0889423076923077
2 0.6514423076923077 0.7740384615384616 0.037259615384615384 0.05889423076923077
2 0.036057692307692304 0.11538461538461539 0.06971153846153846 0.06610576923076923
2 0.7752403846153846 0.921875 0.07692307692307693 0.13581730769230768
2 0.36658653846153844 0.609375 0.03365384615384615 0.055288461538461536
2 0.10336538461538461 0.6382211538461539 0.03125 0.037259615384615384
2 0.8641826923076923 0.13581730769230768 0.06971153846153846 0.09735576923076923
2 0.8076923076923077 0.04447115384615385 0.07692307692307693 0.0889423076923077
2 0.8257211538461539 0.7800480769230769 0.025240384615384616 0.027644230769230768
2 0.23918269230769232 0.9795673076923077 0.028846153846153848 0.03365384615384615
2 0.33653846153846156 0.6959134615384616 0.14903846153846154 0.12139423076923077
2 0.28365384615384615 0.9507211538461539 0.037259615384615384 0.042067307692307696
2 0.18389423076923078 0.36177884615384615 0.021634615384615384 0.03245192307692308
2 0.4483173076923077 0.4651442307692308 0.05048076923076923 0.042067307692307696
2 0.2932692307692308 0.25 0.025240384615384616 0.042067307692307696
2 0.057692307692307696 0.027644230769230768 0.030048076923076924 0.038461538461538464
2 0.3329326923076923 0.8125 0.14302884615384615 0.08413461538461539
2 0.84375 0.6213942307692307 0.09975961538461539 0.07932692307692307
2 0.9699519230769231 0.057692307692307696 0.06009615384615385 0.09254807692307693
2 0.3401442307692308 0.21754807692307693 0.01201923076923077 0.018028846153846152
2 0.4543269230769231 0.1875 0.014423076923076924 0.027644230769230768
2 0.4891826923076923 0.6213942307692307 0.025240384615384616 0.02283653846153846
2 0.234375 0.04807692307692308 0.030048076923076924 0.02403846153846154
2 0.3016826923076923 0.15625 0.025240384615384616 0.054086538461538464
2 0.6935096153846154 0.7043269230769231 0.019230769230769232 0.019230769230769232
2 0.9495192307692307 0.6105769230769231 0.038461538461538464 0.038461538461538464
2 0.7103365384615384 0.09254807692307693 0.03365384615384615 0.051682692307692304
2 0.8762019230769231 0.953125 0.055288461538461536 0.054086538461538464
2 0.3545673076923077 0.22956730769230768 0.014423076923076924 0.019230769230769232
2 0.42427884615384615 0.7644230769230769 0.03365384615384615 0.04326923076923077
2 0.5300480769230769 0.16105769230769232 0.014423076923076924 0.015625
2 0.9771634615384616 0.4675480769230769 0.04567307692307692 0.06850961538461539
2 0.8786057692307693 0.6983173076923077 0.014423076923076924 0.025240384615384616
2 0.14903846153846154 0.8870192307692307 0.14182692307692307 0.08653846153846154
2 0.10576923076923077 0.02403846153846154 0.0625 0.04807692307692308
2 0.9086538461538461 0.90625 0.03485576923076923 0.06850961538461539
2 0.6766826923076923 0.12379807692307693 0.05048076923076923 0.06370192307692307
2 0.22596153846153846 0.3137019230769231 0.038461538461538464 0.07451923076923077
2 0.5408653846153846 0.8257211538461539 0.10096153846153846 0.12139423076923077
2 0.6574519230769231 0.9338942307692307 0.04447115384615385 0.0733173076923077
2 0.5829326923076923 0.4110576923076923 0.030048076923076924 0.04567307692307692
2 0.7584134615384616 0.6862980769230769 0.019230769230769232 0.027644230769230768
2 0.6959134615384616 0.7848557692307693 0.040865384615384616 0.08052884615384616
2 0.5877403846153846 0.23557692307692307 0.021634615384615384 0.03365384615384615
2 0.3269230769230769 0.09254807692307693 0.027644230769230768 0.042067307692307696
2 0.45072115384615385 0.2620192307692308 0.030048076923076924 0.05889423076923077
2 0.33533653846153844 0.06009615384615385 0.027644230769230768 0.027644230769230768
2 0.31009615384615385 0.01201923076923077 0.021634615384615384 0.02403846153846154
2 0.953125 0.7067307692307693 0.02403846153846154 0.02283653846153846
2 0.6382211538461539 0.6057692307692307 0.040865384615384616 0.030048076923076924
2 0.7151442307692307 0.47596153846153844 0.021634615384615384 0.027644230769230768
2 0.9891826923076923 0.8786057692307693 0.021634615384615384 0.028846153846153848
4 0.5 0.5264423076923077 1 0.6574519230769231
2 0.7115384615384616 0.03365384615384615 0.09735576923076923 0.06490384615384616
2 0.8064903846153846 0.11778846153846154 0.03245192307692308 0.046875
2 0.5564903846153846 0.5216346153846154 0.014423076923076924 0.019230769230769232
2 0.13822115384615385 0.38341346153846156 0.01201923076923077 0.018028846153846152
2 0.5372596153846154 0.609375 0.02403846153846154 0.025240384615384616
2 0.5204326923076923 0.038461538461538464 0.02283653846153846 0.027644230769230768
2 0.3798076923076923 0.22956730769230768 0.01201923076923077 0.020432692307692308
2 0.5276442307692307 0.34615384615384615 0.03245192307692308 0.042067307692307696
2 0.3317307692307692 0.9471153846153846 0.030048076923076924 0.051682692307692304
2 0.5396634615384616 0.48677884615384615 0.038461538461538464 0.05889423076923077
2 0.5528846153846154 0.6850961538461539 0.052884615384615384 0.09735576923076923
2 0.484375 0.7620192307692307 0.021634615384615384 0.027644230769230768
2 0.6490384615384616 0.5240384615384616 0.02403846153846154 0.02403846153846154
2 0.453125 0.7319711538461539 0.020432692307692308 0.03365384615384615
2 0.7331730769230769 0.5144230769230769 0.019230769230769232 0.027644230769230768
2 0.4579326923076923 0.5637019230769231 0.030048076923076924 0.06850961538461539
2 0.6454326923076923 0.875 0.039663461538461536 0.036057692307692304
2 0.6346153846153846 0.1141826923076923 0.040865384615384616 0.07211538461538461
2 0.5793269230769231 0.13942307692307693 0.019230769230769232 0.021634615384615384
2 0.6334134615384616 0.203125 0.05889423076923077 0.04927884615384615
2 0.6009615384615384 0.5733173076923077 0.030048076923076924 0.030048076923076924
2 0.3786057692307692 0.03365384615384615 0.06971153846153846 0.056490384615384616
2 0.9242788461538461 0.4266826923076923 0.07451923076923077 0.0985576923076923
2 0.6706730769230769 0.40384615384615385 0.09615384615384616 0.08774038461538461
2 0.8064903846153846 0.33774038461538464 0.06610576923076923 0.06610576923076923
2 0.6646634615384616 0.29927884615384615 0.07692307692307693 0.03485576923076923
2 0.5060096153846154 0.4230769230769231 0.055288461538461536 0.04567307692307692