2 0.8822115384615384 0.6838942307692307 0.016826923076923076 0.028846153846153848
2 0.75 0.5384615384615384 0.016826923076923076 0.019230769230769232
2 0.7427884615384616 0.7692307692307693 0.013221153846153846 0.028846153846153848
2 0.6947115384615384 0.9254807692307693 0.021634615384615384 0.046875
2 0.6310096153846154 0.7127403846153846 0.016826923076923076 0.03245192307692308
2 0.7944711538461539 0.4050480769230769 0.021634615384615384 0.027644230769230768
0 0.375 0.8942307692307693 0.04807692307692308 0.06490384615384616
2 0.9855769230769231 0.8701923076923077 0.026442307692307692 0.04807692307692308
0 0.19110576923076922 0.35096153846153844 0.021634615384615384 0.028846153846153848
2 0.9326923076923077 0.46153846153846156 0.025240384615384616 0.027644230769230768
14 0.42788461538461536 0.6646634615384616 0.3942307692307692 0.24158653846153846
2 0.09375 0.28966346153846156 0.021634615384615384 0.03365384615384615
0 0.06009615384615385 0.5348557692307693 0.040865384615384616 0.055288461538461536
2 0.6838942307692307 0.8449519230769231 0.016826923076923076 0.03245192307692308
2 0.7584134615384616 0.703125 0.016826923076923076 0.027644230769230768
2 0.78125 0.5276442307692307 0.018028846153846152 0.019230769230769232
2 0.45552884615384615 0.23798076923076922 0.016826923076923076 0.02403846153846154
2 0.8713942307692307 0.5480769230769231 0.026442307692307692 0.04326923076923077
2 0.3605769230769231 0.6682692307692307 0.021634615384615384 0.03245192307692308
2 0.4026442307692308 0.7451923076923077 0.019230769230769232 0.038461538461538464
2 0.6177884615384616 0.7680288461538461 0.016826923076923076 0.026442307692307692
2 0.125 0.265625 0.014423076923076924 0.02403846153846154
2 0.9735576923076923 0.453125 0.04447115384615385 0.054086538461538464
2 0.6490384615384616 0.15384615384615385 0.02403846153846154 0.027644230769230768
0 0.2764423076923077 0.013221153846153846 0.12980769230769232 0.026442307692307692
2 0.7079326923076923 0.8052884615384616 0.014423076923076924 0.019230769230769232
2 0.8533653846153846 0.5300480769230769 0.016826923076923076 0.021634615384615384
2 0.4411057692307692 0.5733173076923077 0.013221153846153846 0.02283653846153846
2 0.953125 0.9735576923076923 0.018028846153846152 0.019230769230769232
2 0.2127403846153846 0.5877403846153846 0.02403846153846154 0.021634615384615384
2 0.48197115384615385 0.6298076923076923 0.020432692307692308 0.04807692307692308
2 0.40865384615384615 0.28725961538461536 0.016826923076923076 0.016826923076923076
2 0.5853365384615384 0.8161057692307693 0.016826923076923076 0.027644230769230768
2 0.7259615384615384 0.9855769230769231 0.016826923076923076 0.026442307692307692
2 0.06490384615384616 0.29927884615384615 0.021634615384615384 0.026442307692307692
0 0.09375 0.78125 0.013221153846153846 0.019230769230769232
2 0.8197115384615384 0.7043269230769231 0.01201923076923077 0.021634615384615384
0 0.26802884615384615 0.33533653846153844 0.027644230769230768 0.03125
2 0.5336538461538461 0.06009615384615385 0.013221153846153846 0.021634615384615384
0 0.31009615384615385 0.640625 0.14182692307692307 0.16105769230769232
2 0.8209134615384616 0.08533653846153846 0.038461538461538464 0.037259615384615384
2 0.5588942307692307 0.30408653846153844 0.014423076923076924 0.026442307692307692
2 0.8245192307692307 0.7608173076923077 0.03365384615384615 0.03245192307692308
2 0.5012019230769231 0.6670673076923077 0.030048076923076924 0.03125
2 0.6213942307692307 0.4338942307692308 0.02403846153846154 0.037259615384615384
2 0.7920673076923077 0.9615384615384616 0.020432692307692308 0.021634615384615384
2 0.5060096153846154 0.8701923076923077 0.018028846153846152 0.027644230769230768
2 0.15865384615384615 0.3894230769230769 0.019230769230769232 0.026442307692307692
2 0.640625 0.009615384615384616 0.025240384615384616 0.019230769230769232
2 0.8798076923076923 0.21875 0.037259615384615384 0.03365384615384615
2 0.2536057692307692 0.37259615384615385 0.030048076923076924 0.027644230769230768
0 0.6502403846153846 0.8930288461538461 0.0673076923076923 0.07451923076923077
2 0.3245192307692308 0.6875 0.027644230769230768 0.037259615384615384
2 0.9663461538461539 0.020432692307692308 0.037259615384615384 0.03485576923076923
2 0.359375 0.22596153846153846 0.02283653846153846 0.03125
2 0.6971153846153846 0.7572115384615384 0.018028846153846152 0.019230769230769232
2 0.9074519230769231 0.5252403846153846 0.014423076923076924 0.018028846153846152
2 0.6778846153846154 0.09014423076923077 0.016826923076923076 0.02283653846153846
2 0.6610576923076923 0.578125 0.03125 0.028846153846153848
2 0.7692307692307693 0.03125 0.018028846153846152 0.02403846153846154
2 0.8173076923076923 0.9266826923076923 0.014423076923076924 0.02283653846153846
2 0.453125 0.04927884615384615 0.020432692307692308 0.03365384615384615
2 0.10336538461538461 0.18389423076923078 0.025240384615384616 0.03245192307692308
2 0.7091346153846154 0.09254807692307693 0.02403846153846154 0.03365384615384615
2 0.9603365384615384 0.12740384615384615 0.03485576923076923 0.04447115384615385
2 0.21875 0.9579326923076923 0.02403846153846154 0.021634615384615384
2 0.3701923076923077 0.2668269230769231 0.025240384615384616 0.016826923076923076
2 0.9134615384615384 0.014423076923076924 0.025240384615384616 0.028846153846153848
2 0.1466346153846154 0.14302884615384615 0.028846153846153848 0.04326923076923077
2 0.042067307692307696 0.7475961538461539 0.020432692307692308 0.02403846153846154
0 0.4182692307692308 0.6586538461538461 0.6009615384615384 0.5829326923076923
2 0.9074519230769231 0.2512019230769231 0.025240384615384616 0.037259615384615384
2 0.6478365384615384 0.22956730769230768 0.02403846153846154 0.02403846153846154
2 0.8786057692307693 0.34975961538461536 0.013221153846153846 0.019230769230769232
2 0.06009615384615385 0.859375 0.027644230769230768 0.030048076923076924
2 0.7536057692307693 0.9399038461538461 0.016826923076923076 0.021634615384615384
2 0.9735576923076923 0.26322115384615385 0.021634615384615384 0.021634615384615384
2 0.96875 0.23197115384615385 0.010817307692307692 0.021634615384615384
2 0.17427884615384615 0.9242788461538461 0.019230769230769232 0.02403846153846154
2 0.6622596153846154 0.8185096153846154 0.018028846153846152 0.02403846153846154
2 0.8004807692307693 0.8100961538461539 0.016826923076923076 0.027644230769230768
2 0.9483173076923077 0.4735576923076923 0.014423076923076924 0.019230769230769232
2 0.09495192307692307 0.49038461538461536 0.02403846153846154 0.027644230769230768
2 0.8786057692307693 0.4375 0.021634615384615384 0.02283653846153846
2 0.6947115384615384 0.019230769230769232 0.014423076923076924 0.021634615384615384
2 0.9651442307692307 0.0673076923076923 0.027644230769230768 0.018028846153846152
0 0.6574519230769231 0.5504807692307693 0.014423076923076924 0.02403846153846154
2 0.8137019230769231 0.8377403846153846 0.016826923076923076 0.026442307692307692
2 0.5721153846153846 0.6177884615384616 0.021634615384615384 0.03365384615384615
2 0.34615384615384615 0.3293269230769231 0.014423076923076924 0.03245192307692308
2 0.984375 0.15144230769230768 0.020432692307692308 0.021634615384615384
2 0.8100961538461539 0.30408653846153844 0.02403846153846154 0.014423076923076924
2 0.8401442307692307 0.6850961538461539 0.02403846153846154 0.03365384615384615
2 0.4074519230769231 0.37259615384615385 0.02403846153846154 0.03245192307692308
2 0.6454326923076923 0.8377403846153846 0.02403846153846154 0.026442307692307692
2 0.09735576923076923 0.9014423076923077 0.026442307692307692 0.027644230769230768
2 0.9891826923076923 0.9302884615384616 0.021634615384615384 0.028846153846153848
2 0.7319711538461539 0.15985576923076922 0.020432692307692308 0.036057692307692304
2 0.7620192307692307 0.9819711538461539 0.014423076923076924 0.02283653846153846
2 0.3389423076923077 0.16346153846153846 0.009615384615384616 0.030048076923076924
2 0.8413461538461539 0.3173076923076923 0.014423076923076924 0.019230769230769232
2 0.046875 0.2668269230769231 0.016826923076923076 0.016826923076923076