2 0.7247596153846154 0.046875 0.09495192307692307 0.07451923076923077
2 0.7512019230769231 0.9615384615384616 0.09134615384615384 0.05889423076923077
14 0.5 0.2980769230769231 1 0.59375
2 0.6838942307692307 0.7980769230769231 0.055288461538461536 0.0673076923076923
2 0.8052884615384616 0.7367788461538461 0.10096153846153846 0.09375
2 0.0733173076923077 0.5096153846153846 0.08413461538461539 0.08173076923076923
2 0.125 0.203125 0.08413461538461539 0.09014423076923077
2 0.5288461538461539 0.890625 0.04927884615384615 0.06850961538461539
2 0.6670673076923077 0.9098557692307693 0.10817307692307693 0.09735576923076923
2 0.765625 0.5432692307692307 0.14423076923076922 0.16706730769230768
2 0.6442307692307693 0.6189903846153846 0.04326923076923077 0.07451923076923077
2 0.5805288461538461 0.1201923076923077 0.06490384615384616 0.1201923076923077
0 0.27163461538461536 0.8016826923076923 0.5420673076923077 0.39663461538461536