2 0.2932692307692308 0.5817307692307693 0.03125 0.04447115384615385
2 0.7103365384615384 0.5252403846153846 0.021634615384615384 0.027644230769230768
2 0.5060096153846154 0.9579326923076923 0.055288461538461536 0.042067307692307696
2 0.3112980769230769 0.9338942307692307 0.025240384615384616 0.027644230769230768
2 0.6262019230769231 0.5576923076923077 0.05889423076923077 0.08052884615384616
2 0.09254807692307693 0.6021634615384616 0.06971153846153846 0.056490384615384616
4 0.5 0.5432692307692307 1 0.3016826923076923
2 0.2548076923076923 0.5576923076923077 0.03245192307692308 0.04567307692307692
2 0.9050480769230769 0.7115384615384616 0.040865384615384616 0.08413461538461539
2 0.875 0.22956730769230768 0.021634615384615384 0.03245192307692308
2 0.7632211538461539 0.08533653846153846 0.05889423076923077 0.06370192307692307
2 0.6838942307692307 0.18990384615384615 0.03485576923076923 0.056490384615384616
2 0.7079326923076923 0.9170673076923077 0.08173076923076923 0.07692307692307693
2 0.6658653846153846 0.7007211538461539 0.016826923076923076 0.03365384615384615
2 0.078125 0.25961538461538464 0.03485576923076923 0.054086538461538464
2 0.5612980769230769 0.5709134615384616 0.038461538461538464 0.04326923076923077
2 0.9254807692307693 0.4723557692307692 0.021634615384615384 0.028846153846153848
2 0.06009615384615385 0.8798076923076923 0.02403846153846154 0.039663461538461536
2 0.5516826923076923 0.078125 0.018028846153846152 0.02403846153846154
2 0.06610576923076923 0.030048076923076924 0.037259615384615384 0.026442307692307692
2 0.5877403846153846 0.9387019230769231 0.019230769230769232 0.042067307692307696
2 0.8930288461538461 0.4098557692307692 0.028846153846153848 0.027644230769230768
2 0.6586538461538461 0.3605769230769231 0.03485576923076923 0.0673076923076923
2 0.4699519230769231 0.46153846153846156 0.014423076923076924 0.03245192307692308
2 0.1778846153846154 0.3137019230769231 0.05048076923076923 0.055288461538461536
2 0.016826923076923076 0.5817307692307693 0.03365384615384615 0.054086538461538464
2 0.46153846153846156 0.5697115384615384 0.02403846153846154 0.03125
2 0.3858173076923077 0.6418269230769231 0.056490384615384616 0.042067307692307696
2 0.29447115384615385 0.48197115384615385 0.06490384615384616 0.07451923076923077
2 0.9915865384615384 0.3473557692307692 0.016826923076923076 0.06129807692307692
2 0.8149038461538461 0.6947115384615384 0.037259615384615384 0.042067307692307696
2 0.09014423076923077 0.31850961538461536 0.021634615384615384 0.03245192307692308
2 0.8353365384615384 0.13221153846153846 0.03485576923076923 0.03125
2 0.39663461538461536 0.3449519230769231 0.028846153846153848 0.056490384615384616
2 0.7776442307692307 0.5889423076923077 0.11298076923076923 0.10576923076923077
2 0.36899038461538464 0.30288461538461536 0.04807692307692308 0.054086538461538464
2 0.9194711538461539 0.3762019230769231 0.03485576923076923 0.037259615384615384
2 0.171875 0.17548076923076922 0.037259615384615384 0.040865384615384616
2 0.5612980769230769 0.42788461538461536 0.021634615384615384 0.027644230769230768
2 0.23677884615384615 0.6286057692307693 0.021634615384615384 0.036057692307692304
2 0.46153846153846156 0.5324519230769231 0.021634615384615384 0.03125
2 0.9891826923076923 0.014423076923076924 0.021634615384615384 0.027644230769230768
2 0.84375 0.7884615384615384 0.04447115384615385 0.04567307692307692
2 0.03365384615384615 0.17548076923076922 0.0673076923076923 0.06850961538461539
2 0.2127403846153846 0.5600961538461539 0.04927884615384615 0.04326923076923077
2 0.8737980769230769 0.9627403846153846 0.06009615384615385 0.055288461538461536