0 0.2764423076923077 0.734375 0.057692307692307696 0.09735576923076923
2 0.8064903846153846 0.9182692307692307 0.02403846153846154 0.039663461538461536
4 0.5685096153846154 0.5805288461538461 0.2776442307692308 0.8377403846153846
2 0.9639423076923077 0.5588942307692307 0.07211538461538461 0.09375
2 0.2644230769230769 0.0829326923076923 0.06850961538461539 0.1141826923076923
2 0.20793269230769232 0.8353365384615384 0.08052884615384616 0.15745192307692307
2 0.10336538461538461 0.15264423076923078 0.056490384615384616 0.09375
2 0.7379807692307693 0.15625 0.13942307692307693 0.2283653846153846
3 0.4375 0.39903846153846156 0.3269230769230769 0.7980769230769231
2 0.390625 0.46875 0.1346153846153846 0.15985576923076922
2 0.8882211538461539 0.9002403846153846 0.054086538461538464 0.0829326923076923
2 0.18870192307692307 0.3425480769230769 0.17067307692307693 0.20192307692307693
2 0.42908653846153844 0.13942307692307693 0.052884615384615384 0.054086538461538464
2 0.06490384615384616 0.7415865384615384 0.1045673076923077 0.140625
2 0.8942307692307693 0.4543269230769231 0.06370192307692307 0.0829326923076923
2 0.20673076923076922 0.5144230769230769 0.08173076923076923 0.08173076923076923
2 0.5420673076923077 0.8028846153846154 0.06129807692307692 0.05889423076923077
2 0.39903846153846156 0.8870192307692307 0.056490384615384616 0.06850961538461539
2 0.16826923076923078 0.24158653846153846 0.0889423076923077 0.08173076923076923
2 0.9399038461538461 0.8882211538461539 0.04326923076923077 0.09254807692307693
2 0.10576923076923077 0.9050480769230769 0.09014423076923077 0.08653846153846154
2 0.41346153846153844 0.6983173076923077 0.03485576923076923 0.06850961538461539
2 0.9338942307692307 0.7752403846153846 0.052884615384615384 0.0733173076923077
2 0.3473557692307692 0.9182692307692307 0.021634615384615384 0.027644230769230768
2 0.8389423076923077 0.027644230769230768 0.057692307692307696 0.05048076923076923
2 0.5721153846153846 0.8966346153846154 0.06129807692307692 0.036057692307692304
2 0.8713942307692307 0.8245192307692307 0.04807692307692308 0.07692307692307693
2 0.04447115384615385 0.04807692307692308 0.057692307692307696 0.08413461538461539
2 0.38341346153846156 0.16706730769230768 0.030048076923076924 0.0673076923076923
2 0.8197115384615384 0.6598557692307693 0.11057692307692307 0.12259615384615384
2 0.734375 0.8149038461538461 0.10336538461538461 0.16466346153846154
2 0.3641826923076923 0.9831730769230769 0.06370192307692307 0.03125
2 0.11658653846153846 0.6370192307692307 0.14543269230769232 0.2403846153846154
2 0.7379807692307693 0.3605769230769231 0.04447115384615385 0.05048076923076923
3 0.8004807692307693 0.5072115384615384 0.39903846153846156 0.9783653846153846
2 0.9807692307692307 0.7451923076923077 0.027644230769230768 0.027644230769230768
2 0.27524038461538464 0.33052884615384615 0.11899038461538461 0.109375
0 0.49158653846153844 0.021634615384615384 0.07211538461538461 0.04326923076923077