2 0.13341346153846154 0.3798076923076923 0.14423076923076922 0.25961538461538464
2 0.2608173076923077 0.8569711538461539 0.03485576923076923 0.12620192307692307
0 0.71875 0.8870192307692307 0.18629807692307693 0.22235576923076922
0 0.9134615384615384 0.36778846153846156 0.04927884615384615 0.05048076923076923
2 0.9795673076923077 0.4026442307692308 0.03245192307692308 0.05889423076923077
2 0.5072115384615384 0.5120192307692307 0.038461538461538464 0.05048076923076923
2 0.9350961538461539 0.29927884615384615 0.06009615384615385 0.05889423076923077
2 0.34375 0.054086538461538464 0.09375 0.09615384615384616
2 0.6358173076923077 0.2704326923076923 0.04567307692307692 0.04326923076923077
2 0.9014423076923077 0.7992788461538461 0.04447115384615385 0.16826923076923078
2 0.6899038461538461 0.48197115384615385 0.055288461538461536 0.12379807692307693
2 0.8834134615384616 0.53125 0.040865384615384616 0.057692307692307696
0 0.38341346153846156 0.4807692307692308 0.09254807692307693 0.3016826923076923
2 0.4182692307692308 0.9038461538461539 0.04807692307692308 0.18629807692307693
2 0.6790865384615384 0.23677884615384615 0.03125 0.05048076923076923
2 0.4795673076923077 0.18509615384615385 0.04567307692307692 0.036057692307692304
2 0.2800480769230769 0.1778846153846154 0.03485576923076923 0.042067307692307696
2 0.26802884615384615 0.2764423076923077 0.125 0.16826923076923078
2 0.14903846153846154 0.3088942307692308 0.040865384615384616 0.051682692307692304
2 0.7475961538461539 0.6057692307692307 0.052884615384615384 0.1814903846153846
2 0.41947115384615385 0.6550480769230769 0.07692307692307693 0.10336538461538461
2 0.8064903846153846 0.6971153846153846 0.07692307692307693 0.10576923076923077
0 0.7884615384615384 0.45913461538461536 0.1310096153846154 0.17067307692307693
2 0.11899038461538461 0.7668269230769231 0.06971153846153846 0.05048076923076923
2 0.9615384615384616 0.6875 0.06129807692307692 0.10576923076923077
8 0.29927884615384615 0.5228365384615384 0.11538461538461539 0.23197115384615385
0 0.7055288461538461 0.4987980769230769 0.5336538461538461 0.9963942307692307
2 0.8401442307692307 0.8161057692307693 0.04567307692307692 0.07091346153846154
2 0.042067307692307696 0.24278846153846154 0.08413461538461539 0.09375
0 0.11658653846153846 0.9254807692307693 0.23317307692307693 0.14302884615384615
0 0.22716346153846154 0.515625 0.04567307692307692 0.08173076923076923
2 0.6322115384615384 0.17427884615384615 0.025240384615384616 0.037259615384615384
2 0.6574519230769231 0.609375 0.11298076923076923 0.12860576923076922
2 0.21153846153846154 0.7103365384615384 0.10817307692307693 0.17307692307692307