2 0.8353365384615384 0.33052884615384615 0.11538461538461539 0.1814903846153846
2 0.10096153846153846 0.06490384615384616 0.03245192307692308 0.0673076923076923
2 0.03365384615384615 0.8954326923076923 0.0673076923076923 0.20552884615384615
2 0.6502403846153846 0.14543269230769232 0.10096153846153846 0.19110576923076922
2 0.9447115384615384 0.49278846153846156 0.025240384615384616 0.026442307692307692
2 0.11899038461538461 0.015625 0.03365384615384615 0.027644230769230768
2 0.21754807692307693 0.109375 0.10576923076923077 0.20432692307692307
2 0.9615384615384616 0.125 0.07692307692307693 0.14903846153846154
2 0.75 0.109375 0.019230769230769232 0.030048076923076924
2 0.7487980769230769 0.5264423076923077 0.13221153846153846 0.15745192307692307
2 0.8942307692307693 0.25721153846153844 0.03485576923076923 0.054086538461538464
2 0.078125 0.8088942307692307 0.055288461538461536 0.0829326923076923
2 0.057692307692307696 0.6478365384615384 0.06370192307692307 0.12980769230769232
2 0.03485576923076923 0.14182692307692307 0.026442307692307692 0.019230769230769232
2 0.44591346153846156 0.8605769230769231 0.6418269230769231 0.2764423076923077
2 0.171875 0.20793269230769232 0.027644230769230768 0.037259615384615384
2 0.11778846153846154 0.671875 0.02403846153846154 0.05048076923076923
2 0.9134615384615384 0.8617788461538461 0.16826923076923078 0.23677884615384615
2 0.0673076923076923 0.2704326923076923 0.040865384615384616 0.15264423076923078
2 0.8269230769230769 0.07451923076923077 0.025240384615384616 0.027644230769230768
2 0.6153846153846154 0.36778846153846156 0.11778846153846154 0.08173076923076923
2 0.13341346153846154 0.3425480769230769 0.1346153846153846 0.17908653846153846
2 0.15504807692307693 0.8701923076923077 0.04447115384615385 0.09615384615384616
2 0.03485576923076923 0.04326923076923077 0.06129807692307692 0.07692307692307693
2 0.7283653846153846 0.6310096153846154 0.13221153846153846 0.051682692307692304
2 0.48197115384615385 0.11778846153846154 0.06129807692307692 0.08052884615384616
2 0.5853365384615384 0.16947115384615385 0.03365384615384615 0.04567307692307692
2 0.2920673076923077 0.04927884615384615 0.03485576923076923 0.0985576923076923
3 0.7584134615384616 0.8677884615384616 0.12980769230769232 0.2620192307692308
2 0.23918269230769232 0.03485576923076923 0.07451923076923077 0.06971153846153846
2 0.8942307692307693 0.11298076923076923 0.0625 0.0889423076923077
2 0.5564903846153846 0.22355769230769232 0.016826923076923076 0.018028846153846152
2 0.7151442307692307 0.6923076923076923 0.14543269230769232 0.09254807692307693
2 0.10216346153846154 0.4807692307692308 0.12860576923076922 0.109375
14 0.5120192307692307 0.37259615384615385 0.22596153846153846 0.734375
2 0.8870192307692307 0.7283653846153846 0.03365384615384615 0.030048076923076924
2 0.8485576923076923 0.578125 0.04567307692307692 0.057692307692307696
2 0.8653846153846154 0.03485576923076923 0.057692307692307696 0.06971153846153846
2 0.8112980769230769 0.20552884615384615 0.06610576923076923 0.0889423076923077
2 0.8557692307692307 0.46033653846153844 0.03485576923076923 0.056490384615384616
2 0.3293269230769231 0.484375 0.3894230769230769 0.6213942307692307
2 0.01201923076923077 0.109375 0.02403846153846154 0.036057692307692304