2 0.7536057692307693 0.23197115384615385 0.26322115384615385 0.2764423076923077
2 0.0829326923076923 0.5048076923076923 0.06850961538461539 0.13581730769230768
2 0.18389423076923078 0.9675480769230769 0.027644230769230768 0.05889423076923077
2 0.13221153846153846 0.7536057692307693 0.04326923076923077 0.05889423076923077
2 0.6598557692307693 0.9819711538461539 0.056490384615384616 0.03245192307692308
5 0.9254807692307693 0.3870192307692308 0.08533653846153846 0.10697115384615384
2 0.5408653846153846 0.38221153846153844 0.11538461538461539 0.11057692307692307
5 0.3858173076923077 0.3161057692307692 0.02403846153846154 0.036057692307692304
2 0.8064903846153846 0.028846153846153848 0.055288461538461536 0.051682692307692304
5 0.7127403846153846 0.014423076923076924 0.07932692307692307 0.027644230769230768
2 0.43990384615384615 0.8197115384615384 0.09254807692307693 0.09735576923076923
2 0.5901442307692307 0.6634615384615384 0.056490384615384616 0.078125
2 0.4951923076923077 0.20793269230769232 0.1466346153846154 0.171875
2 0.38822115384615385 0.7475961538461539 0.06971153846153846 0.06129807692307692
2 0.9795673076923077 0.40024038461538464 0.03245192307692308 0.04447115384615385
2 0.27283653846153844 0.7944711538461539 0.11538461538461539 0.27283653846153844
2 0.17307692307692307 0.8004807692307693 0.04807692307692308 0.04447115384615385
2 0.23076923076923078 0.15625 0.3786057692307692 0.3076923076923077
2 0.546875 0.4987980769230769 0.07572115384615384 0.10697115384615384
2 0.6129807692307693 0.1778846153846154 0.05889423076923077 0.06129807692307692
2 0.6790865384615384 0.35697115384615385 0.09375 0.051682692307692304
2 0.9399038461538461 0.027644230769230768 0.040865384615384616 0.04807692307692308
5 0.014423076923076924 0.48197115384615385 0.028846153846153848 0.07932692307692307
2 0.9807692307692307 0.3425480769230769 0.038461538461538464 0.078125
2 0.9639423076923077 0.09975961538461539 0.07211538461538461 0.19951923076923078
14 0.7007211538461539 0.4735576923076923 0.5973557692307693 0.49038461538461536
5 0.9891826923076923 0.44711538461538464 0.021634615384615384 0.06971153846153846
2 0.41466346153846156 0.4675480769230769 0.06009615384615385 0.06971153846153846
2 0.4423076923076923 0.9795673076923077 0.06850961538461539 0.028846153846153848
2 0.16826923076923078 0.3798076923076923 0.14423076923076922 0.21394230769230768
2 0.030048076923076924 0.35216346153846156 0.06009615384615385 0.057692307692307696
2 0.18028846153846154 0.7199519230769231 0.06129807692307692 0.0889423076923077
2 0.8954326923076923 0.6370192307692307 0.07932692307692307 0.06610576923076923
2 0.7764423076923077 0.09375 0.04567307692307692 0.07932692307692307
2 0.734375 0.6370192307692307 0.10697115384615384 0.07932692307692307
2 0.039663461538461536 0.6971153846153846 0.04927884615384615 0.08413461538461539
2 0.8161057692307693 0.8112980769230769 0.05048076923076923 0.04447115384615385
2 0.19230769230769232 0.8858173076923077 0.05889423076923077 0.09735576923076923
2 0.3557692307692308 0.4963942307692308 0.052884615384615384 0.07451923076923077
2 0.8653846153846154 0.921875 0.051682692307692304 0.08173076923076923
2 0.3629807692307692 0.9302884615384616 0.0733173076923077 0.1346153846153846
2 0.6730769230769231 0.8016826923076923 0.08052884615384616 0.13341346153846154
2 0.8521634615384616 0.03365384615384615 0.03125 0.05889423076923077
2 0.5588942307692307 0.9182692307692307 0.14182692307692307 0.15745192307692307
5 0.9699519230769231 0.5048076923076923 0.052884615384615384 0.07451923076923077
2 0.5913461538461539 0.28846153846153844 0.07572115384615384 0.109375
2 0.8052884615384616 0.8930288461538461 0.040865384615384616 0.04807692307692308
5 0.02403846153846154 0.5661057692307693 0.04807692307692308 0.0889423076923077
2 0.5733173076923077 0.06610576923076923 0.18629807692307693 0.12259615384615384
2 0.6490384615384616 0.4074519230769231 0.04807692307692308 0.037259615384615384
2 0.8930288461538461 0.0625 0.040865384615384616 0.046875
2 0.44471153846153844 0.5576923076923077 0.06370192307692307 0.109375
5 0.578125 0.8125 0.06370192307692307 0.08413461538461539
5 0.21514423076923078 0.6730769230769231 0.04567307692307692 0.051682692307692304
2 0.25 0.41586538461538464 0.037259615384615384 0.051682692307692304
2 0.07091346153846154 0.8918269230769231 0.14182692307692307 0.18028846153846154
2 0.03485576923076923 0.4338942307692308 0.055288461538461536 0.04807692307692308
5 0.5853365384615384 0.9807692307692307 0.03245192307692308 0.036057692307692304
2 0.4699519230769231 0.34375 0.05048076923076923 0.12620192307692307
2 0.7632211538461539 0.42427884615384615 0.11298076923076923 0.11298076923076923
2 0.9014423076923077 0.546875 0.0733173076923077 0.07451923076923077
5 0.3016826923076923 0.3329326923076923 0.040865384615384616 0.056490384615384616
2 0.7644230769230769 0.9651442307692307 0.14182692307692307 0.06850961538461539
2 0.7403846153846154 0.8209134615384616 0.06971153846153846 0.18269230769230768
5 0.3112980769230769 0.71875 0.04927884615384615 0.07451923076923077
5 0.6995192307692307 0.22115384615384615 0.10096153846153846 0.08413461538461539
2 0.5096153846153846 0.6875 0.15985576923076922 0.17668269230769232
2 0.37740384615384615 0.38100961538461536 0.051682692307692304 0.051682692307692304
2 0.42908653846153844 0.015625 0.04807692307692308 0.027644230769230768
5 0.7884615384615384 0.7451923076923077 0.04807692307692308 0.07211538461538461
2 0.8617788461538461 0.8377403846153846 0.06129807692307692 0.0673076923076923
2 0.9038461538461539 0.12980769230769232 0.03485576923076923 0.055288461538461536
2 0.9483173076923077 0.08052884615384616 0.028846153846153848 0.04567307692307692
5 0.06971153846153846 0.18389423076923078 0.05889423076923077 0.07451923076923077
2 0.453125 0.9134615384615384 0.0625 0.0673076923076923
2 0.6418269230769231 0.5024038461538461 0.05048076923076923 0.08653846153846154
2 0.25721153846153844 0.5973557692307693 0.33413461538461536 0.24519230769230768
2 0.7367788461538461 0.5733173076923077 0.04567307692307692 0.046875
2 0.9459134615384616 0.8798076923076923 0.10817307692307693 0.2403846153846154
2 0.9375 0.14423076923076922 0.027644230769230768 0.03125