2 0.40024038461538464 0.875 0.08413461538461539 0.10336538461538461
2 0.9314903846153846 0.036057692307692304 0.13701923076923078 0.06971153846153846
0 0.7151442307692307 0.21875 0.3401442307692308 0.4362980769230769
2 0.12980769230769232 0.11538461538461539 0.14302884615384615 0.22596153846153846
2 0.14182692307692307 0.8221153846153846 0.12740384615384615 0.0733173076923077
2 0.6177884615384616 0.0625 0.05889423076923077 0.08052884615384616
2 0.04807692307692308 0.8822115384615384 0.030048076923076924 0.05048076923076923
2 0.9603365384615384 0.3701923076923077 0.057692307692307696 0.09014423076923077
2 0.96875 0.48197115384615385 0.0625 0.08173076923076923
2 0.7620192307692307 0.5252403846153846 0.11298076923076923 0.13942307692307693
2 0.8377403846153846 0.24759615384615385 0.051682692307692304 0.0733173076923077
2 0.12860576923076922 0.9507211538461539 0.04447115384615385 0.08774038461538461
2 0.21514423076923078 0.5 0.042067307692307696 0.05048076923076923
2 0.8930288461538461 0.5697115384615384 0.07211538461538461 0.08653846153846154
2 0.016826923076923076 0.5036057692307693 0.02403846153846154 0.06971153846153846
2 0.6790865384615384 0.9519230769230769 0.03485576923076923 0.07692307692307693
0 0.06850961538461539 0.36658653846153844 0.13701923076923078 0.19951923076923078
2 0.8137019230769231 0.6322115384615384 0.052884615384615384 0.07932692307692307
2 0.021634615384615384 0.9699519230769231 0.042067307692307696 0.056490384615384616
2 0.2536057692307692 0.9891826923076923 0.020432692307692308 0.021634615384615384
0 0.04447115384615385 0.7091346153846154 0.0889423076923077 0.2920673076923077
2 0.5625 0.9783653846153846 0.08774038461538461 0.040865384615384616
2 0.44471153846153844 0.7620192307692307 0.1141826923076923 0.18629807692307693
2 0.8713942307692307 0.22235576923076922 0.016826923076923076 0.03245192307692308
2 0.19591346153846154 0.027644230769230768 0.052884615384615384 0.055288461538461536
2 0.8377403846153846 0.7331730769230769 0.057692307692307696 0.05048076923076923
2 0.7920673076923077 0.052884615384615384 0.08052884615384616 0.10216346153846154
2 0.31009615384615385 0.875 0.0625 0.09975961538461539
2 0.6730769230769231 0.8701923076923077 0.03125 0.036057692307692304
2 0.16706730769230768 0.32572115384615385 0.027644230769230768 0.04326923076923077
2 0.21875 0.19110576923076922 0.025240384615384616 0.039663461538461536
2 0.16346153846153846 0.7620192307692307 0.08413461538461539 0.06370192307692307
2 0.1466346153846154 0.7019230769230769 0.030048076923076924 0.036057692307692304
2 0.8930288461538461 0.6658653846153846 0.051682692307692304 0.07451923076923077
2 0.59375 0.16346153846153846 0.03485576923076923 0.051682692307692304
2 0.6923076923076923 0.36538461538461536 0.018028846153846152 0.027644230769230768
2 0.38822115384615385 0.6574519230769231 0.06610576923076923 0.078125
2 0.5841346153846154 0.8677884615384616 0.0829326923076923 0.16346153846153846
2 0.08774038461538461 0.8605769230769231 0.038461538461538464 0.055288461538461536
2 0.7620192307692307 0.9867788461538461 0.030048076923076924 0.018028846153846152
0 0.890625 0.7151442307692307 0.21875 0.5637019230769231
2 0.9567307692307693 0.8064903846153846 0.08653846153846154 0.16947115384615385
2 0.18509615384615385 0.2536057692307692 0.038461538461538464 0.056490384615384616
2 0.9038461538461539 0.7223557692307693 0.037259615384615384 0.038461538461538464
2 0.7632211538461539 0.7848557692307693 0.09014423076923077 0.13581730769230768
2 0.3942307692307692 0.1622596153846154 0.29927884615384615 0.2536057692307692
2 0.30528846153846156 0.31850961538461536 0.06610576923076923 0.09134615384615384
2 0.030048076923076924 0.08173076923076923 0.06009615384615385 0.16105769230769232
0 0.9459134615384616 0.9639423076923077 0.10697115384615384 0.06971153846153846
2 0.6766826923076923 0.28125 0.0829326923076923 0.06009615384615385
2 0.9194711538461539 0.24639423076923078 0.04807692307692308 0.05889423076923077
2 0.14783653846153846 0.4951923076923077 0.06971153846153846 0.125
2 0.23076923076923078 0.9471153846153846 0.04326923076923077 0.04326923076923077
2 0.21514423076923078 0.09014423076923077 0.018028846153846152 0.026442307692307692
2 0.49759615384615385 0.042067307692307696 0.08774038461538461 0.0829326923076923
2 0.5841346153846154 0.35336538461538464 0.06971153846153846 0.1346153846153846
8 0.5060096153846154 0.5901442307692307 0.5360576923076923 0.3701923076923077
2 0.6766826923076923 0.10336538461538461 0.06490384615384616 0.056490384615384616
2 0.9615384615384616 0.21995192307692307 0.07572115384615384 0.15865384615384615
2 0.8918269230769231 0.28365384615384615 0.030048076923076924 0.027644230769230768
2 0.18389423076923078 0.6442307692307693 0.14903846153846154 0.14783653846153846
2 0.3317307692307692 0.8100961538461539 0.02283653846153846 0.037259615384615384
2 0.5637019230769231 0.24639423076923078 0.038461538461538464 0.05889423076923077
2 0.875 0.7800480769230769 0.02403846153846154 0.03125
2 0.22235576923076922 0.8786057692307693 0.04927884615384615 0.03245192307692308
2 0.41586538461538464 0.3401442307692308 0.16346153846153846 0.16346153846153846
2 0.453125 0.9723557692307693 0.016826923076923076 0.02403846153846154
2 0.9026442307692307 0.14903846153846154 0.027644230769230768 0.03125