16 0.9014423076923077 0.3701923076923077 0.1971153846153846 0.7403846153846154
2 0.8088942307692307 0.17668269230769232 0.05889423076923077 0.06850961538461539
2 0.8329326923076923 0.9615384615384616 0.027644230769230768 0.056490384615384616
2 0.8173076923076923 0.36177884615384615 0.030048076923076924 0.042067307692307696
2 0.7079326923076923 0.9266826923076923 0.03485576923076923 0.055288461538461536
2 0.02283653846153846 0.33413461538461536 0.027644230769230768 0.04447115384615385
2 0.609375 0.5204326923076923 0.02283653846153846 0.026442307692307692
2 0.7584134615384616 0.25721153846153844 0.08653846153846154 0.06490384615384616
2 0.28125 0.16826923076923078 0.040865384615384616 0.054086538461538464
2 0.7584134615384616 0.3401442307692308 0.026442307692307692 0.019230769230769232
2 0.19591346153846154 0.06370192307692307 0.018028846153846152 0.042067307692307696
2 0.5817307692307693 0.5384615384615384 0.037259615384615384 0.054086538461538464
2 0.4230769230769231 0.6129807692307693 0.03485576923076923 0.06009615384615385
2 0.3942307692307692 0.5024038461538461 0.027644230769230768 0.03485576923076923
2 0.019230769230769232 0.14302884615384615 0.038461538461538464 0.0673076923076923
2 0.7019230769230769 0.1141826923076923 0.11298076923076923 0.15264423076923078
2 0.08774038461538461 0.1622596153846154 0.038461538461538464 0.07211538461538461
2 0.18870192307692307 0.10336538461538461 0.019230769230769232 0.021634615384615384
2 0.4879807692307692 0.8269230769230769 0.08173076923076923 0.055288461538461536
2 0.27884615384615385 0.6778846153846154 0.025240384615384616 0.04567307692307692
10 0.5036057692307693 0.4987980769230769 0.3894230769230769 0.9963942307692307
2 0.6911057692307693 0.4230769230769231 0.11778846153846154 0.12379807692307693
2 0.24278846153846154 0.6141826923076923 0.04567307692307692 0.054086538461538464
2 0.28725961538461536 0.4855769230769231 0.05048076923076923 0.10096153846153846
0 0.5108173076923077 0.06971153846153846 0.11538461538461539 0.13822115384615385
2 0.2692307692307692 0.2956730769230769 0.03365384615384615 0.037259615384615384
2 0.5913461538461539 0.39663461538461536 0.04326923076923077 0.08173076923076923
2 0.9483173076923077 0.7680288461538461 0.03485576923076923 0.056490384615384616
2 0.39783653846153844 0.6598557692307693 0.027644230769230768 0.046875
2 0.28966346153846156 0.9158653846153846 0.042067307692307696 0.1201923076923077
2 0.21875 0.7776442307692307 0.028846153846153848 0.03365384615384615
2 0.40865384615384615 0.9807692307692307 0.027644230769230768 0.028846153846153848
2 0.2536057692307692 0.2439903846153846 0.04567307692307692 0.04447115384615385
2 0.12259615384615384 0.6899038461538461 0.020432692307692308 0.027644230769230768
2 0.02403846153846154 0.5697115384615384 0.040865384615384616 0.04567307692307692
2 0.1814903846153846 0.4579326923076923 0.16947115384615385 0.12379807692307693
2 0.8076923076923077 0.6009615384615384 0.1346153846153846 0.21514423076923078
2 0.5216346153846154 0.171875 0.03365384615384615 0.036057692307692304
2 0.31490384615384615 0.5456730769230769 0.040865384615384616 0.056490384615384616
2 0.21033653846153846 0.6490384615384616 0.03485576923076923 0.05048076923076923
2 0.09254807692307693 0.3401442307692308 0.05889423076923077 0.11899038461538461
2 0.3449519230769231 0.43990384615384615 0.06009615384615385 0.06971153846153846
2 0.07091346153846154 0.6117788461538461 0.04807692307692308 0.10216346153846154
2 0.38822115384615385 0.3449519230769231 0.026442307692307692 0.042067307692307696
2 0.35336538461538464 0.7800480769230769 0.036057692307692304 0.04567307692307692
2 0.7091346153846154 0.6490384615384616 0.04567307692307692 0.06129807692307692
2 0.3389423076923077 0.640625 0.025240384615384616 0.04326923076923077
2 0.7980769230769231 0.8161057692307693 0.03365384615384615 0.05889423076923077
2 0.9230769230769231 0.875 0.12860576923076922 0.1346153846153846