2 0.34375 0.46274038461538464 0.025240384615384616 0.051682692307692304
2 0.4963942307692308 0.43028846153846156 0.016826923076923076 0.03365384615384615
2 0.20192307692307693 0.953125 0.019230769230769232 0.021634615384615384
2 0.47115384615384615 0.515625 0.020432692307692308 0.03125
2 0.65625 0.006009615384615385 0.014423076923076924 0.01201923076923077
2 0.5096153846153846 0.45072115384615385 0.01201923076923077 0.01201923076923077
2 0.9939903846153846 0.9507211538461539 0.010817307692307692 0.08413461538461539
2 0.07692307692307693 0.07451923076923077 0.021634615384615384 0.03365384615384615
2 0.9158653846153846 0.7223557692307693 0.016826923076923076 0.016826923076923076
2 0.12980769230769232 0.0829326923076923 0.040865384615384616 0.03365384615384615
2 0.6586538461538461 0.25841346153846156 0.021634615384615384 0.03365384615384615
2 0.6670673076923077 0.3137019230769231 0.014423076923076924 0.02283653846153846
2 0.8449519230769231 0.06610576923076923 0.04447115384615385 0.042067307692307696
2 0.2668269230769231 0.296875 0.021634615384615384 0.03125
16 0.5552884615384616 0.6911057692307693 0.4891826923076923 0.6057692307692307
2 0.4014423076923077 0.35096153846153844 0.019230769230769232 0.027644230769230768
2 0.23798076923076922 0.23677884615384615 0.016826923076923076 0.02283653846153846
2 0.44711538461538464 0.08653846153846154 0.020432692307692308 0.02403846153846154
2 0.14903846153846154 0.9471153846153846 0.014423076923076924 0.02403846153846154
2 0.4326923076923077 0.39663461538461536 0.027644230769230768 0.02403846153846154
4 0.4375 0.44471153846153844 0.055288461538461536 0.05889423076923077
2 0.5745192307692307 0.2848557692307692 0.01201923076923077 0.027644230769230768
2 0.17427884615384615 0.07451923076923077 0.016826923076923076 0.026442307692307692
2 0.6370192307692307 0.30288461538461536 0.016826923076923076 0.02403846153846154
2 0.2932692307692308 0.203125 0.014423076923076924 0.028846153846153848
2 0.7319711538461539 0.051682692307692304 0.013221153846153846 0.026442307692307692
2 0.46875 0.296875 0.021634615384615384 0.019230769230769232
2 0.9915865384615384 0.5588942307692307 0.016826923076923076 0.036057692307692304
2 0.9350961538461539 0.125 0.03245192307692308 0.03245192307692308
2 0.16947115384615385 0.9723557692307693 0.014423076923076924 0.02283653846153846
2 0.5877403846153846 0.18028846153846154 0.055288461538461536 0.06490384615384616
2 0.24278846153846154 0.30288461538461536 0.02403846153846154 0.036057692307692304
2 0.34975961538461536 0.09495192307692307 0.026442307692307692 0.026442307692307692
2 0.9014423076923077 0.10216346153846154 0.021634615384615384 0.038461538461538464
2 0.5709134615384616 0.5264423076923077 0.020432692307692308 0.03365384615384615
2 0.9603365384615384 0.5204326923076923 0.018028846153846152 0.02403846153846154
2 0.9819711538461539 0.6009615384615384 0.013221153846153846 0.027644230769230768
2 0.23798076923076922 0.9867788461538461 0.040865384615384616 0.02403846153846154
2 0.5600961538461539 0.49158653846153844 0.02403846153846154 0.027644230769230768
2 0.14182692307692307 0.9050480769230769 0.027644230769230768 0.027644230769230768
2 0.47596153846153844 0.003605769230769231 0.019230769230769232 0.007211538461538462
2 0.2512019230769231 0.7824519230769231 0.020432692307692308 0.019230769230769232
2 0.35216346153846156 0.018028846153846152 0.037259615384615384 0.03485576923076923
2 0.5348557692307693 0.46274038461538464 0.027644230769230768 0.03365384615384615
2 0.46274038461538464 0.375 0.016826923076923076 0.026442307692307692
2 0.7259615384615384 0.234375 0.02403846153846154 0.046875
2 0.8028846153846154 0.3389423076923077 0.020432692307692308 0.02283653846153846
2 0.21514423076923078 0.11177884615384616 0.028846153846153848 0.021634615384615384
2 0.018028846153846152 0.8617788461538461 0.027644230769230768 0.03365384615384615
2 0.5324519230769231 0.36778846153846156 0.02403846153846154 0.04447115384615385
2 0.3245192307692308 0.5673076923076923 0.02403846153846154 0.03485576923076923
2 0.37740384615384615 0.051682692307692304 0.018028846153846152 0.02283653846153846
2 0.09615384615384616 0.8125 0.02403846153846154 0.03125
16 0.15504807692307693 0.546875 0.31009615384615385 0.5540865384615384
2 0.40865384615384615 0.6153846153846154 0.027644230769230768 0.03245192307692308
2 0.6346153846153846 0.17427884615384615 0.018028846153846152 0.015625
2 0.3401442307692308 0.3786057692307692 0.009615384615384616 0.01201923076923077
2 0.8052884615384616 0.06009615384615385 0.016826923076923076 0.03245192307692308
2 0.9495192307692307 0.16826923076923078 0.03365384615384615 0.03245192307692308