9 0.02283653846153846 0.7019230769230769 0.04567307692307692 0.056490384615384616
9 0.11298076923076923 0.27403846153846156 0.22596153846153846 0.16346153846153846
0 0.6237980769230769 0.40625 0.15865384615384615 0.27884615384615385
9 0.7584134615384616 0.9146634615384616 0.12740384615384615 0.15144230769230768
0 0.11298076923076923 0.9519230769230769 0.03365384615384615 0.056490384615384616
9 0.7548076923076923 0.06009615384615385 0.042067307692307696 0.11658653846153846
9 0.5733173076923077 0.0625 0.051682692307692304 0.12139423076923077
9 0.4807692307692308 0.6298076923076923 0.19831730769230768 0.7355769230769231
2 0.23317307692307693 0.6622596153846154 0.11899038461538461 0.1935096153846154
9 0.9122596153846154 0.3545673076923077 0.0829326923076923 0.0829326923076923
9 0.5072115384615384 0.8557692307692307 0.17908653846153846 0.28365384615384615
9 0.9495192307692307 0.13221153846153846 0.06610576923076923 0.027644230769230768
9 0.07211538461538461 0.11538461538461539 0.14423076923076922 0.07451923076923077
9 0.04326923076923077 0.609375 0.08653846153846154 0.1201923076923077
9 0.11899038461538461 0.5492788461538461 0.19110576923076922 0.71875
9 0.9194711538461539 0.42427884615384615 0.051682692307692304 0.026442307692307692
2 0.22716346153846154 0.3954326923076923 0.037259615384615384 0.040865384615384616
9 0.84375 0.5877403846153846 0.30528846153846156 0.21514423076923078
9 0.8209134615384616 0.6538461538461539 0.030048076923076924 0.125
2 0.04447115384615385 0.9483173076923077 0.0889423076923077 0.10336538461538461
9 0.7211538461538461 0.05889423076923077 0.018028846153846152 0.1141826923076923
2 0.8365384615384616 0.5084134615384616 0.06129807692307692 0.07451923076923077
9 0.9086538461538461 0.25961538461538464 0.09495192307692307 0.07932692307692307
9 0.71875 0.23677884615384615 0.2127403846153846 0.0889423076923077
9 0.8245192307692307 0.35697115384615385 0.11538461538461539 0.15865384615384615
9 0.46153846153846156 0.5084134615384616 0.20793269230769232 0.15504807692307693
9 0.14302884615384615 0.04567307692307692 0.19831730769230768 0.09134615384615384
9 0.8293269230769231 0.08653846153846154 0.19831730769230768 0.171875
9 0.2091346153846154 0.17908653846153846 0.019230769230769232 0.04326923076923077
0 0.984375 0.33052884615384615 0.030048076923076924 0.35336538461538464
9 0.5661057692307693 0.16466346153846154 0.057692307692307696 0.027644230769230768
0 0.3329326923076923 0.8533653846153846 0.2668269230769231 0.2848557692307692
9 0.08052884615384616 0.8581730769230769 0.16105769230769232 0.08173076923076923
9 0.13942307692307693 0.59375 0.15985576923076922 0.13341346153846154
9 0.051682692307692304 0.4254807692307692 0.10336538461538461 0.11538461538461539
0 0.3449519230769231 0.18870192307692307 0.20432692307692307 0.33052884615384615
2 0.44711538461538464 0.8341346153846154 0.08653846153846154 0.07451923076923077
9 0.9350961538461539 0.18269230769230768 0.04927884615384615 0.03125
9 0.18990384615384615 0.15985576923076922 0.14903846153846154 0.12379807692307693
9 0.8882211538461539 0.18509615384615385 0.0625 0.24519230769230768
9 0.38100961538461536 0.2824519230769231 0.2403846153846154 0.2860576923076923
0 0.01201923076923077 0.828125 0.02403846153846154 0.055288461538461536
9 0.09134615384615384 0.21033653846153846 0.03125 0.046875
4 0.6586538461538461 0.4699519230769231 0.6814903846153846 0.9387019230769231