2 0.9723557692307693 0.9338942307692307 0.02403846153846154 0.03485576923076923
1 0.3858173076923077 0.6610576923076923 0.7716346153846154 0.6754807692307693
2 0.9603365384615384 0.7944711538461539 0.03485576923076923 0.05048076923076923
2 0.054086538461538464 0.0673076923076923 0.030048076923076924 0.06129807692307692
2 0.34375 0.30288461538461536 0.026442307692307692 0.03485576923076923
2 0.3605769230769231 0.8425480769230769 0.03485576923076923 0.037259615384615384
2 0.4639423076923077 0.06490384615384616 0.08173076923076923 0.09254807692307693
2 0.3076923076923077 0.2091346153846154 0.03245192307692308 0.038461538461538464
2 0.9050480769230769 0.15504807692307693 0.027644230769230768 0.03485576923076923
2 0.7283653846153846 0.5444711538461539 0.03485576923076923 0.042067307692307696
2 0.296875 0.4230769230769231 0.037259615384615384 0.03485576923076923
2 0.6286057692307693 0.3942307692307692 0.027644230769230768 0.03245192307692308
2 0.39302884615384615 0.2848557692307692 0.03485576923076923 0.027644230769230768
2 0.2848557692307692 0.3713942307692308 0.03245192307692308 0.037259615384615384
2 0.6802884615384616 0.4014423076923077 0.07211538461538461 0.07932692307692307
2 0.7367788461538461 0.17548076923076922 0.021634615384615384 0.037259615384615384
2 0.9290865384615384 0.5625 0.04807692307692308 0.04927884615384615
2 0.6430288461538461 0.4675480769230769 0.030048076923076924 0.037259615384615384
2 0.6754807692307693 0.7884615384615384 0.027644230769230768 0.02283653846153846
2 0.8473557692307693 0.6117788461538461 0.04927884615384615 0.05048076923076923
2 0.6418269230769231 0.06610576923076923 0.040865384615384616 0.06490384615384616
2 0.7776442307692307 0.05889423076923077 0.027644230769230768 0.037259615384615384
2 0.7331730769230769 0.47716346153846156 0.09014423076923077 0.05048076923076923
2 0.5432692307692307 0.042067307692307696 0.03485576923076923 0.06009615384615385
2 0.9098557692307693 0.8774038461538461 0.020432692307692308 0.02283653846153846
2 0.09375 0.8677884615384616 0.028846153846153848 0.042067307692307696
2 0.20552884615384615 0.33413461538461536 0.06490384615384616 0.08413461538461539
2 0.8786057692307693 0.5048076923076923 0.03125 0.04567307692307692
2 0.5492788461538461 0.17908653846153846 0.0625 0.07692307692307693
2 0.7944711538461539 0.8149038461538461 0.02403846153846154 0.028846153846153848
2 0.33653846153846156 0.47836538461538464 0.051682692307692304 0.056490384615384616
2 0.8737980769230769 0.7199519230769231 0.05889423076923077 0.08173076923076923
2 0.08413461538461539 0.11899038461538461 0.03245192307692308 0.026442307692307692
2 0.9663461538461539 0.33052884615384615 0.038461538461538464 0.05048076923076923
2 0.027644230769230768 0.3125 0.030048076923076924 0.03125
2 0.75 0.078125 0.014423076923076924 0.018028846153846152
2 0.21153846153846154 0.9651442307692307 0.03485576923076923 0.06370192307692307