2 0.19591346153846154 0.8497596153846154 0.015625 0.026442307692307692
2 0.8425480769230769 0.14903846153846154 0.014423076923076924 0.028846153846153848
2 0.7584134615384616 0.11298076923076923 0.021634615384615384 0.02283653846153846
2 0.19110576923076922 0.8978365384615384 0.03365384615384615 0.052884615384615384
2 0.05048076923076923 0.7043269230769231 0.02283653846153846 0.02283653846153846
2 0.02283653846153846 0.9507211538461539 0.014423076923076924 0.015625
2 0.23918269230769232 0.04807692307692308 0.03485576923076923 0.046875
2 0.7247596153846154 0.37259615384615385 0.05048076923076923 0.07451923076923077
2 0.8004807692307693 0.11057692307692307 0.030048076923076924 0.03365384615384615
2 0.7872596153846154 0.03485576923076923 0.02403846153846154 0.020432692307692308
2 0.21514423076923078 0.5588942307692307 0.15745192307692307 0.18870192307692307
2 0.7680288461538461 0.6706730769230769 0.028846153846153848 0.028846153846153848
2 0.4735576923076923 0.21875 0.037259615384615384 0.057692307692307696
2 0.10096153846153846 0.36177884615384615 0.09134615384615384 0.08774038461538461
2 0.7247596153846154 0.4387019230769231 0.027644230769230768 0.04326923076923077
2 0.3125 0.12740384615384615 0.06129807692307692 0.078125
2 0.8822115384615384 0.8125 0.028846153846153848 0.037259615384615384
2 0.22596153846153846 0.22716346153846154 0.05889423076923077 0.07932692307692307
2 0.47596153846153844 0.8377403846153846 0.016826923076923076 0.019230769230769232
2 0.8112980769230769 0.78125 0.037259615384615384 0.0625
2 0.9903846153846154 0.421875 0.019230769230769232 0.06610576923076923
17 0.96875 0.22716346153846154 0.018028846153846152 0.026442307692307692
2 0.08173076923076923 0.13221153846153846 0.04567307692307692 0.0673076923076923
2 0.421875 0.1466346153846154 0.06610576923076923 0.078125
2 0.9819711538461539 0.6490384615384616 0.01201923076923077 0.014423076923076924
2 0.8713942307692307 0.7391826923076923 0.03125 0.03485576923076923
2 0.45552884615384615 0.025240384615384616 0.038461538461538464 0.05048076923076923
2 0.021634615384615384 0.35336538461538464 0.042067307692307696 0.06610576923076923
2 0.9495192307692307 0.8810096153846154 0.030048076923076924 0.040865384615384616
2 0.7055288461538461 0.25240384615384615 0.037259615384615384 0.056490384615384616
2 0.41225961538461536 0.8040865384615384 0.027644230769230768 0.03125
2 0.04927884615384615 0.25961538461538464 0.05889423076923077 0.0889423076923077
2 0.984375 0.002403846153846154 0.014423076923076924 0.004807692307692308
2 0.09375 0.7596153846153846 0.014423076923076924 0.02283653846153846
2 0.43028846153846156 0.3401442307692308 0.020432692307692308 0.03125
2 0.7764423076923077 0.5072115384615384 0.028846153846153848 0.025240384615384616
2 0.29927884615384615 0.9807692307692307 0.014423076923076924 0.019230769230769232
2 0.7451923076923077 0.2932692307692308 0.02403846153846154 0.027644230769230768
2 0.8413461538461539 0.013221153846153846 0.019230769230769232 0.026442307692307692
2 0.7716346153846154 0.8377403846153846 0.051682692307692304 0.07572115384615384
2 0.828125 0.4987980769230769 0.010817307692307692 0.020432692307692308
2 0.7103365384615384 0.04807692307692308 0.025240384615384616 0.037259615384615384
2 0.7211538461538461 0.010817307692307692 0.021634615384615384 0.018028846153846152
2 0.8918269230769231 0.1935096153846154 0.02283653846153846 0.037259615384615384
17 0.9206730769230769 0.14182692307692307 0.02283653846153846 0.02283653846153846
2 0.8149038461538461 0.33533653846153844 0.03245192307692308 0.02283653846153846
2 0.8509615384615384 0.8137019230769231 0.025240384615384616 0.03485576923076923
2 0.7307692307692307 0.7115384615384616 0.030048076923076924 0.039663461538461536
2 0.625 0.31971153846153844 0.028846153846153848 0.030048076923076924
2 0.7524038461538461 0.4651442307692308 0.03365384615384615 0.04447115384615385
2 0.09134615384615384 0.5048076923076923 0.014423076923076924 0.018028846153846152
2 0.6838942307692307 0.8341346153846154 0.07211538461538461 0.17668269230769232
2 0.1622596153846154 0.14302884615384615 0.025240384615384616 0.042067307692307696
2 0.9783653846153846 0.515625 0.04326923076923077 0.06610576923076923
2 0.78125 0.7463942307692307 0.042067307692307696 0.06971153846153846
2 0.6694711538461539 0.9783653846153846 0.03245192307692308 0.04326923076923077
2 0.5528846153846154 0.12259615384615384 0.038461538461538464 0.028846153846153848
2 0.953125 0.5757211538461539 0.0733173076923077 0.09615384615384616
17 0.9651442307692307 0.21033653846153846 0.016826923076923076 0.019230769230769232
2 0.7944711538461539 0.36899038461538464 0.018028846153846152 0.026442307692307692
2 0.5997596153846154 0.16346153846153846 0.046875 0.06009615384615385
2 0.9254807692307693 0.08653846153846154 0.006009615384615385 0.01201923076923077
2 0.9915865384615384 0.21033653846153846 0.016826923076923076 0.07451923076923077
2 0.8425480769230769 0.07211538461538461 0.03245192307692308 0.020432692307692308
2 0.12860576923076922 0.18990384615384615 0.03245192307692308 0.04807692307692308
2 0.9447115384615384 0.625 0.009615384615384616 0.019230769230769232
17 0.9026442307692307 0.11057692307692307 0.020432692307692308 0.026442307692307692
2 0.7572115384615384 0.5949519230769231 0.016826923076923076 0.014423076923076924
2 0.9591346153846154 0.40625 0.016826923076923076 0.027644230769230768
2 0.8293269230769231 0.6670673076923077 0.019230769230769232 0.020432692307692308
2 0.31971153846153844 0.8197115384615384 0.052884615384615384 0.09735576923076923
2 0.6358173076923077 0.34375 0.019230769230769232 0.018028846153846152
2 0.8473557692307693 0.9338942307692307 0.02283653846153846 0.040865384615384616
2 0.8112980769230769 0.003605769230769231 0.010817307692307692 0.006009615384615385
2 0.057692307692307696 0.9819711538461539 0.05048076923076923 0.03485576923076923
2 0.5600961538461539 0.5913461538461539 0.09375 0.07211538461538461
2 0.38221153846153844 0.0889423076923077 0.037259615384615384 0.046875
2 0.6514423076923077 0.7091346153846154 0.04447115384615385 0.09495192307692307
2 0.14423076923076922 0.9098557692307693 0.07211538461538461 0.10697115384615384
8 0.38100961538461536 0.625 0.23798076923076922 0.3112980769230769
2 0.12620192307692307 0.7980769230769231 0.026442307692307692 0.02403846153846154
2 0.49278846153846156 0.9915865384615384 0.04326923076923077 0.016826923076923076
2 0.6790865384615384 0.5540865384615384 0.07692307692307693 0.15264423076923078
2 0.9266826923076923 0.7944711538461539 0.036057692307692304 0.046875
2 0.5877403846153846 0.9723557692307693 0.025240384615384616 0.03125
2 0.9254807692307693 0.17427884615384615 0.051682692307692304 0.03485576923076923
2 0.0985576923076923 0.44471153846153844 0.07692307692307693 0.0829326923076923
2 0.9050480769230769 0.39903846153846156 0.03485576923076923 0.028846153846153848
2 0.5 0.018028846153846152 0.052884615384615384 0.03485576923076923
17 0.8725961538461539 0.06610576923076923 0.018028846153846152 0.021634615384615384
2 0.9002403846153846 0.07451923076923077 0.02283653846153846 0.025240384615384616
2 0.9507211538461539 0.13221153846153846 0.01201923076923077 0.018028846153846152
2 0.35216346153846156 0.9338942307692307 0.014423076923076924 0.018028846153846152
17 0.8822115384615384 0.07692307692307693 0.01201923076923077 0.016826923076923076
2 0.9951923076923077 0.7932692307692307 0.009615384615384616 0.019230769230769232
2 0.13942307692307693 0.2247596153846154 0.019230769230769232 0.02283653846153846
2 0.23798076923076922 0.9615384615384616 0.025240384615384616 0.021634615384615384
2 0.15625 0.7115384615384616 0.038461538461538464 0.057692307692307696
2 0.9459134615384616 0.6658653846153846 0.04807692307692308 0.046875
2 0.7584134615384616 0.9579326923076923 0.04447115384615385 0.030048076923076924
2 0.6706730769230769 0.39663461538461536 0.05048076923076923 0.06009615384615385
0 0.078125 0.6286057692307693 0.10817307692307693 0.13341346153846154
2 0.4230769230769231 0.8942307692307693 0.02283653846153846 0.04326923076923077
2 0.5408653846153846 0.8930288461538461 0.025240384615384616 0.037259615384615384
2 0.5420673076923077 0.046875 0.01201923076923077 0.026442307692307692
2 0.6947115384615384 0.07451923076923077 0.015625 0.019230769230769232
2 0.03245192307692308 0.052884615384615384 0.06490384615384616 0.10096153846153846
17 0.890625 0.0889423076923077 0.016826923076923076 0.02283653846153846
2 0.8629807692307693 0.36658653846153844 0.018028846153846152 0.016826923076923076
17 0.8557692307692307 0.04447115384615385 0.019230769230769232 0.02403846153846154
2 0.6177884615384616 0.4206730769230769 0.019230769230769232 0.02403846153846154
2 0.9278846153846154 0.02403846153846154 0.02283653846153846 0.026442307692307692
2 0.5336538461538461 0.2704326923076923 0.09254807692307693 0.12860576923076922
2 0.734375 0.5637019230769231 0.010817307692307692 0.016826923076923076
2 0.5036057692307693 0.07932692307692307 0.056490384615384616 0.0673076923076923
2 0.23557692307692307 0.3473557692307692 0.010817307692307692 0.008413461538461538
17 0.8846153846153846 0.0625 0.01201923076923077 0.018028846153846152
2 0.16346153846153846 0.06370192307692307 0.052884615384615384 0.04807692307692308
2 0.7572115384615384 0.625 0.028846153846153848 0.04326923076923077
2 0.5372596153846154 0.46875 0.040865384615384616 0.05048076923076923