2 0.7355769230769231 0.7079326923076923 0.027644230769230768 0.04807692307692308
2 0.8125 0.48677884615384615 0.0985576923076923 0.1141826923076923
2 0.8497596153846154 0.8185096153846154 0.18389423076923078 0.3557692307692308
2 0.5661057692307693 0.6682692307692307 0.06971153846153846 0.051682692307692304
2 0.6310096153846154 0.5721153846153846 0.07692307692307693 0.09134615384615384
2 0.7836538461538461 0.5492788461538461 0.027644230769230768 0.055288461538461536
2 0.8557692307692307 0.5588942307692307 0.06610576923076923 0.09014423076923077
2 0.11538461538461539 0.9326923076923077 0.23076923076923078 0.1346153846153846
2 0.9579326923076923 0.8497596153846154 0.08413461538461539 0.12860576923076922
2 0.6274038461538461 0.4651442307692308 0.10697115384615384 0.09134615384615384
2 0.3112980769230769 0.038461538461538464 0.18389423076923078 0.06490384615384616
2 0.6610576923076923 0.027644230769230768 0.08052884615384616 0.05048076923076923
2 0.609375 0.9230769230769231 0.055288461538461536 0.14783653846153846
8 0.29927884615384615 0.4987980769230769 0.5108173076923077 0.8569711538461539
2 0.09735576923076923 0.33774038461538464 0.19471153846153846 0.6622596153846154
2 0.9699519230769231 0.6838942307692307 0.05889423076923077 0.06370192307692307
2 0.8353365384615384 0.21514423076923078 0.24278846153846154 0.4254807692307692
2 0.609375 0.8125 0.06490384615384616 0.06490384615384616
2 0.6081730769230769 0.22235576923076922 0.18629807692307693 0.24519230769230768
2 0.9591346153846154 0.31971153846153844 0.08173076923076923 0.22716346153846154
2 0.7211538461538461 0.8028846153846154 0.15504807692307693 0.14783653846153846