2 0.6538461538461539 0.6730769230769231 0.06971153846153846 0.109375
2 0.028846153846153848 0.5420673076923077 0.057692307692307696 0.0985576923076923
2 0.9759615384615384 0.7355769230769231 0.04807692307692308 0.08774038461538461
2 0.016826923076923076 0.3112980769230769 0.03365384615384615 0.06490384615384616
2 0.43990384615384615 0.6658653846153846 0.03485576923076923 0.05048076923076923
2 0.17548076923076922 0.53125 0.052884615384615384 0.05889423076923077
2 0.8942307692307693 0.8221153846153846 0.02403846153846154 0.042067307692307696
2 0.3870192307692308 0.3581730769230769 0.037259615384615384 0.046875
14 0.4795673076923077 0.5 0.28846153846153844 0.9963942307692307
2 0.6418269230769231 0.09254807692307693 0.042067307692307696 0.07932692307692307
2 0.453125 0.7860576923076923 0.03485576923076923 0.04326923076923077
2 0.07692307692307693 0.3798076923076923 0.042067307692307696 0.046875
2 0.7211538461538461 0.8846153846153846 0.06971153846153846 0.10096153846153846
2 0.5420673076923077 0.23918269230769232 0.04447115384615385 0.0985576923076923
2 0.16466346153846154 0.36538461538461536 0.11538461538461539 0.25721153846153844
2 0.8040865384615384 0.9302884615384616 0.055288461538461536 0.07451923076923077
2 0.8485576923076923 0.6478365384615384 0.04807692307692308 0.0733173076923077
2 0.36538461538461536 0.15264423076923078 0.09735576923076923 0.12860576923076922
2 0.15264423076923078 0.9302884615384616 0.10096153846153846 0.12620192307692307
2 0.41586538461538464 0.4326923076923077 0.038461538461538464 0.04927884615384615
2 0.953125 0.9819711538461539 0.03245192307692308 0.027644230769230768
2 0.33052884615384615 0.9278846153846154 0.11298076923076923 0.12980769230769232
2 0.23197115384615385 0.8317307692307693 0.052884615384615384 0.05889423076923077
2 0.8725961538461539 0.5649038461538461 0.09735576923076923 0.1622596153846154
2 0.22355769230769232 0.15264423076923078 0.037259615384615384 0.07451923076923077
2 0.3798076923076923 0.27163461538461536 0.04807692307692308 0.056490384615384616
2 0.07091346153846154 0.30528846153846156 0.038461538461538464 0.04807692307692308
2 0.2668269230769231 0.13822115384615385 0.040865384615384616 0.054086538461538464
2 0.10096153846153846 0.5745192307692307 0.03125 0.038461538461538464
2 0.6538461538461539 0.20793269230769232 0.026442307692307692 0.028846153846153848
2 0.484375 0.28725961538461536 0.04807692307692308 0.06490384615384616
2 0.7115384615384616 0.28125 0.06850961538461539 0.08774038461538461
2 0.71875 0.16105769230769232 0.04927884615384615 0.04807692307692308
2 0.3557692307692308 0.42908653846153844 0.0733173076923077 0.06971153846153846
2 0.8870192307692307 0.7211538461538461 0.02283653846153846 0.026442307692307692
2 0.2800480769230769 0.30528846153846156 0.051682692307692304 0.078125
2 0.16466346153846154 0.09975961538461539 0.042067307692307696 0.04326923076923077
2 0.8786057692307693 0.8786057692307693 0.021634615384615384 0.03485576923076923
2 0.28966346153846156 0.6646634615384616 0.0829326923076923 0.08413461538461539
2 0.8329326923076923 0.40024038461538464 0.04447115384615385 0.055288461538461536
2 0.4807692307692308 0.4170673076923077 0.03485576923076923 0.11298076923076923
2 0.13581730769230768 0.6947115384615384 0.04567307692307692 0.042067307692307696
2 0.7235576923076923 0.08413461538461539 0.10096153846153846 0.078125
2 0.7103365384615384 0.6117788461538461 0.03245192307692308 0.027644230769230768
2 0.07451923076923077 0.21875 0.0673076923076923 0.13581730769230768
2 0.2608173076923077 0.5745192307692307 0.04807692307692308 0.06490384615384616
2 0.39663461538461536 0.03485576923076923 0.14182692307692307 0.06370192307692307
2 0.6766826923076923 0.019230769230769232 0.020432692307692308 0.03365384615384615
2 0.23197115384615385 0.9314903846153846 0.052884615384615384 0.07451923076923077
2 0.9831730769230769 0.2920673076923077 0.03365384615384615 0.12259615384615384
2 0.4987980769230769 0.6153846153846154 0.038461538461538464 0.03485576923076923