2 0.08052884615384616 0.12620192307692307 0.16105769230769232 0.24639423076923078
5 0.22115384615384615 0.4230769230769231 0.018028846153846152 0.027644230769230768
2 0.9182692307692307 0.6346153846153846 0.16346153846153846 0.3329326923076923
2 0.9771634615384616 0.09975961538461539 0.04567307692307692 0.07451923076923077
2 0.22115384615384615 0.027644230769230768 0.10576923076923077 0.055288461538461536
2 0.22235576923076922 0.4855769230769231 0.042067307692307696 0.09615384615384616
2 0.5024038461538461 0.6899038461538461 0.04447115384615385 0.06490384615384616
2 0.33413461538461536 0.4387019230769231 0.056490384615384616 0.09254807692307693
2 0.5829326923076923 0.44471153846153844 0.051682692307692304 0.06850961538461539
2 0.8990384615384616 0.015625 0.04326923076923077 0.030048076923076924
2 0.8329326923076923 0.9002403846153846 0.1466346153846154 0.1971153846153846
2 0.8629807692307693 0.20673076923076922 0.09014423076923077 0.12860576923076922
2 0.5949519230769231 0.5745192307692307 0.008413461538461538 0.01201923076923077
2 0.02403846153846154 0.38100961538461536 0.04807692307692308 0.0985576923076923
2 0.10336538461538461 0.5120192307692307 0.09134615384615384 0.20673076923076922
2 0.9675480769230769 0.22716346153846154 0.025240384615384616 0.027644230769230768
2 0.12740384615384615 0.2247596153846154 0.027644230769230768 0.046875
2 0.4423076923076923 0.5769230769230769 0.038461538461538464 0.021634615384615384
2 0.055288461538461536 0.421875 0.021634615384615384 0.04807692307692308
5 0.9723557692307693 0.9002403846153846 0.027644230769230768 0.03365384615384615
2 0.5240384615384616 0.8389423076923077 0.11658653846153846 0.14302884615384615
2 0.5324519230769231 0.49278846153846156 0.019230769230769232 0.036057692307692304
2 0.9050480769230769 0.12620192307692307 0.05889423076923077 0.078125
2 0.41586538461538464 0.4879807692307692 0.1346153846153846 0.08052884615384616
5 0.9182692307692307 0.8293269230769231 0.021634615384615384 0.027644230769230768
2 0.265625 0.71875 0.20552884615384615 0.36538461538461536
2 0.6514423076923077 0.8209134615384616 0.20072115384615385 0.3557692307692308
2 0.1935096153846154 0.4567307692307692 0.028846153846153848 0.042067307692307696
2 0.5096153846153846 0.6105769230769231 0.06129807692307692 0.0673076923076923
2 0.10336538461538461 0.8016826923076923 0.019230769230769232 0.03125
2 0.4675480769230769 0.09735576923076923 0.016826923076923076 0.019230769230769232
2 0.4807692307692308 0.39663461538461536 0.025240384615384616 0.04927884615384615
2 0.06610576923076923 0.6995192307692307 0.036057692307692304 0.057692307692307696
2 0.08653846153846154 0.9627403846153846 0.06971153846153846 0.06971153846153846
2 0.020432692307692308 0.7572115384615384 0.040865384615384616 0.06129807692307692
2 0.038461538461538464 0.2776442307692308 0.07572115384615384 0.09254807692307693
2 0.45072115384615385 0.07932692307692307 0.013221153846153846 0.016826923076923076
5 0.2776442307692308 0.25961538461538464 0.02403846153846154 0.021634615384615384
2 0.37259615384615385 0.3293269230769231 0.14903846153846154 0.13942307692307693
2 0.2704326923076923 0.46033653846153844 0.07932692307692307 0.06850961538461539
2 0.3737980769230769 0.7427884615384616 0.042067307692307696 0.05048076923076923
2 0.6009615384615384 0.13581730769230768 0.11778846153846154 0.09735576923076923
2 0.5036057692307693 0.2127403846153846 0.03125 0.03485576923076923
2 0.07451923076923077 0.019230769230769232 0.056490384615384616 0.038461538461538464
5 0.5324519230769231 0.8473557692307693 0.030048076923076924 0.03485576923076923
2 0.2980769230769231 0.90625 0.08774038461538461 0.109375
2 0.8161057692307693 0.6370192307692307 0.03125 0.05048076923076923
2 0.9230769230769231 0.3713942307692308 0.025240384615384616 0.03125
2 0.6694711538461539 0.09014423076923077 0.06850961538461539 0.11177884615384616
2 0.16105769230769232 0.7427884615384616 0.08052884615384616 0.07451923076923077
2 0.984375 0.9471153846153846 0.03125 0.027644230769230768
2 0.15625 0.4026442307692308 0.038461538461538464 0.11298076923076923
2 0.9110576923076923 0.9362980769230769 0.052884615384615384 0.1201923076923077
2 0.44350961538461536 0.37740384615384615 0.021634615384615384 0.03245192307692308
2 0.15985576923076922 0.296875 0.04567307692307692 0.0829326923076923
2 0.6057692307692307 0.5504807692307693 0.019230769230769232 0.03125
2 0.859375 0.007211538461538462 0.02283653846153846 0.013221153846153846
2 0.171875 0.8798076923076923 0.11538461538461539 0.23076923076923078
2 0.46153846153846156 0.6598557692307693 0.038461538461538464 0.12379807692307693
2 0.7620192307692307 0.5204326923076923 0.02403846153846154 0.037259615384615384
11 0.5240384615384616 0.234375 0.8197115384615384 0.4675480769230769
2 0.8605769230769231 0.4423076923076923 0.027644230769230768 0.04567307692307692
2 0.35336538461538464 0.2283653846153846 0.11057692307692307 0.06129807692307692
2 0.6021634615384616 0.055288461538461536 0.2283653846153846 0.11057692307692307
2 0.2860576923076923 0.28365384615384615 0.056490384615384616 0.027644230769230768
2 0.2403846153846154 0.10697115384615384 0.1658653846153846 0.13822115384615385
2 0.4254807692307692 0.8425480769230769 0.10817307692307693 0.17668269230769232
2 0.3713942307692308 0.796875 0.03485576923076923 0.054086538461538464
2 0.5012019230769231 0.296875 0.06370192307692307 0.055288461538461536
2 0.9927884615384616 0.7439903846153846 0.014423076923076924 0.07091346153846154
5 0.28966346153846156 0.4050480769230769 0.02283653846153846 0.02283653846153846
5 0.5456730769230769 0.5552884615384616 0.026442307692307692 0.03245192307692308
2 0.5192307692307693 0.14423076923076922 0.03125 0.03365384615384615
2 0.027644230769230768 0.10096153846153846 0.055288461538461536 0.08653846153846154
2 0.8545673076923077 0.11298076923076923 0.040865384615384616 0.055288461538461536
2 0.9639423076923077 0.9651442307692307 0.07211538461538461 0.06370192307692307
2 0.10216346153846154 0.3581730769230769 0.09375 0.09014423076923077
2 0.9411057692307693 0.2776442307692308 0.07932692307692307 0.09375
2 0.10216346153846154 0.6850961538461539 0.04326923076923077 0.07451923076923077
2 0.8137019230769231 0.33774038461538464 0.0733173076923077 0.12860576923076922
2 0.6694711538461539 0.6322115384615384 0.12139423076923077 0.15985576923076922
2 0.7463942307692307 0.9555288461538461 0.02403846153846154 0.027644230769230768
2 0.25240384615384615 0.22716346153846154 0.028846153846153848 0.07692307692307693
2 0.7548076923076923 0.09495192307692307 0.04447115384615385 0.06009615384615385
2 0.021634615384615384 0.5192307692307693 0.04326923076923077 0.06129807692307692
2 0.9050480769230769 0.4375 0.026442307692307692 0.054086538461538464
2 0.028846153846153848 0.4675480769230769 0.009615384615384616 0.013221153846153846
2 0.03485576923076923 0.8882211538461539 0.06850961538461539 0.17908653846153846
5 0.3269230769230769 0.0829326923076923 0.019230769230769232 0.027644230769230768
5 0.9387019230769231 0.8677884615384616 0.03125 0.04567307692307692
2 0.7403846153846154 0.4855769230769231 0.028846153846153848 0.036057692307692304
2 0.4699519230769231 0.3389423076923077 0.01201923076923077 0.019230769230769232
2 0.8004807692307693 0.7752403846153846 0.07692307692307693 0.203125
2 0.10336538461538461 0.21995192307692307 0.009615384615384616 0.019230769230769232
2 0.9915865384615384 0.24158653846153846 0.016826923076923076 0.040865384615384616
2 0.051682692307692304 0.46634615384615385 0.021634615384615384 0.021634615384615384
2 0.4375 0.18389423076923078 0.08653846153846154 0.14182692307692307
2 0.4699519230769231 0.43149038461538464 0.13581730769230768 0.03485576923076923
2 0.7728365384615384 0.6069711538461539 0.038461538461538464 0.0733173076923077
2 0.039663461538461536 0.5913461538461539 0.07932692307692307 0.0829326923076923
2 0.28725961538461536 0.20673076923076922 0.02403846153846154 0.05048076923076923
2 0.8088942307692307 0.05889423076923077 0.055288461538461536 0.051682692307692304
2 0.6418269230769231 0.3581730769230769 0.20432692307692307 0.3425480769230769
2 0.7824519230769231 0.1346153846153846 0.040865384615384616 0.05048076923076923
2 0.7223557692307693 0.055288461538461536 0.020432692307692308 0.038461538461538464
2 0.07091346153846154 0.8329326923076923 0.030048076923076924 0.04567307692307692
2 0.9711538461538461 0.3954326923076923 0.057692307692307696 0.19951923076923078
2 0.171875 0.5865384615384616 0.038461538461538464 0.06610576923076923
5 0.22115384615384615 0.65625 0.03365384615384615 0.04567307692307692
2 0.21394230769230768 0.30408653846153844 0.056490384615384616 0.08173076923076923
2 0.7560096153846154 0.21634615384615385 0.02403846153846154 0.03245192307692308
2 0.7211538461538461 0.125 0.014423076923076924 0.02283653846153846
2 0.06850961538461539 0.6514423076923077 0.021634615384615384 0.03365384615384615
2 0.5036057692307693 0.9423076923076923 0.11778846153846154 0.11298076923076923
2 0.4375 0.30408653846153844 0.06129807692307692 0.04567307692307692
2 0.9507211538461539 0.9110576923076923 0.03125 0.04326923076923077
2 0.36177884615384615 0.055288461538461536 0.06971153846153846 0.11057692307692307
2 0.5625 0.6033653846153846 0.010817307692307692 0.019230769230769232
2 0.7764423076923077 0.453125 0.10336538461538461 0.12980769230769232
2 0.9122596153846154 0.3389423076923077 0.01201923076923077 0.028846153846153848
2 0.4963942307692308 0.34975961538461536 0.02403846153846154 0.030048076923076924
2 0.1658653846153846 0.49158653846153844 0.038461538461538464 0.07451923076923077
2 0.5564903846153846 0.75 0.05889423076923077 0.08173076923076923
2 0.004807692307692308 0.4723557692307692 0.009615384615384616 0.028846153846153848
2 0.9375 0.18389423076923078 0.051682692307692304 0.05048076923076923
5 0.38221153846153844 0.39302884615384615 0.02403846153846154 0.028846153846153848
2 0.3870192307692308 0.9807692307692307 0.06490384615384616 0.03245192307692308
2 0.41466346153846156 0.055288461538461536 0.03125 0.04326923076923077
5 0.3137019230769231 0.8834134615384616 0.026442307692307692 0.03365384615384615
5 0.36778846153846156 0.5673076923076923 0.028846153846153848 0.03485576923076923
2 0.24158653846153846 0.9543269230769231 0.10336538461538461 0.0889423076923077
5 0.5336538461538461 0.6538461538461539 0.009615384615384616 0.03125
2 0.8088942307692307 0.109375 0.030048076923076924 0.03365384615384615
5 0.6298076923076923 0.4951923076923077 0.02283653846153846 0.028846153846153848
2 0.40865384615384615 0.5264423076923077 0.027644230769230768 0.03245192307692308
2 0.09254807692307693 0.8786057692307693 0.03365384615384615 0.06850961538461539
2 0.3870192307692308 0.6394230769230769 0.09254807692307693 0.11177884615384616
2 0.9603365384615384 0.042067307692307696 0.040865384615384616 0.04807692307692308
2 0.21754807692307693 0.17307692307692307 0.07932692307692307 0.0829326923076923