9 0.5709134615384616 0.3581730769230769 0.04447115384615385 0.06850961538461539
2 0.7536057692307693 0.2127403846153846 0.05889423076923077 0.06971153846153846
9 0.6322115384615384 0.4170673076923077 0.15985576923076922 0.4579326923076923
9 0.8461538461538461 0.45072115384615385 0.16105769230769232 0.30649038461538464
9 0.7596153846153846 0.8581730769230769 0.08413461538461539 0.28125
9 0.7776442307692307 0.3016826923076923 0.05889423076923077 0.4026442307692308
2 0.6322115384615384 0.8689903846153846 0.06610576923076923 0.08173076923076923
9 0.4110576923076923 0.3954326923076923 0.15264423076923078 0.7776442307692307
2 0.22716346153846154 0.038461538461538464 0.052884615384615384 0.06490384615384616
9 0.0985576923076923 0.08413461538461539 0.08533653846153846 0.1658653846153846
9 0.7067307692307693 0.2403846153846154 0.40625 0.47716346153846156
2 0.4807692307692308 0.9350961538461539 0.12860576923076922 0.1201923076923077
2 0.9627403846153846 0.16706730769230768 0.04807692307692308 0.06009615384615385
9 0.6995192307692307 0.29447115384615385 0.11778846153846154 0.5805288461538461
9 0.052884615384615384 0.47716346153846156 0.07932692307692307 0.038461538461538464
14 0.5 0.734375 1 0.5216346153846154
2 0.10216346153846154 0.6790865384615384 0.10817307692307693 0.24639423076923078
9 0.43149038461538464 0.13701923076923078 0.15625 0.26802884615384615
9 0.6334134615384616 0.5048076923076923 0.03125 0.20673076923076922
2 0.2283653846153846 0.2608173076923077 0.02403846153846154 0.04567307692307692
2 0.039663461538461536 0.22596153846153846 0.07572115384615384 0.08413461538461539
9 0.42788461538461536 0.609375 0.025240384615384616 0.109375
2 0.3161057692307692 0.11057692307692307 0.1658653846153846 0.22115384615384615
2 0.24158653846153846 0.38822115384615385 0.07451923076923077 0.054086538461538464
9 0.5625 0.9158653846153846 0.06610576923076923 0.1658653846153846
9 0.4338942307692308 0.7199519230769231 0.03485576923076923 0.1658653846153846
2 0.042067307692307696 0.5084134615384616 0.037259615384615384 0.038461538461538464
9 0.9387019230769231 0.03245192307692308 0.030048076923076924 0.06009615384615385
2 0.5144230769230769 0.28966346153846156 0.06971153846153846 0.07451923076923077