2 0.9242788461538461 0.49278846153846156 0.15144230769230768 0.3473557692307692
2 0.7055288461538461 0.8725961538461539 0.28846153846153844 0.2512019230769231
2 0.8665865384615384 0.78125 0.027644230769230768 0.08653846153846154
2 0.016826923076923076 0.6971153846153846 0.03365384615384615 0.20673076923076922
2 0.03125 0.9182692307692307 0.019230769230769232 0.05889423076923077
2 0.6995192307692307 0.6153846153846154 0.038461538461538464 0.037259615384615384
2 0.17668269230769232 0.08052884615384616 0.20192307692307693 0.15625
2 0.9098557692307693 0.9338942307692307 0.18028846153846154 0.12620192307692307
2 0.055288461538461536 0.5961538461538461 0.040865384615384616 0.057692307692307696
2 0.9362980769230769 0.7223557692307693 0.038461538461538464 0.046875
14 0.33774038461538464 0.3798076923076923 0.5552884615384616 0.5348557692307693
2 0.9399038461538461 0.33653846153846156 0.0889423076923077 0.11057692307692307
2 0.5324519230769231 0.10336538461538461 0.18028846153846154 0.20432692307692307
2 0.8689903846153846 0.2620192307692308 0.07211538461538461 0.17307692307692307
2 0.6189903846153846 0.4326923076923077 0.1935096153846154 0.2536057692307692
2 0.32211538461538464 0.17427884615384615 0.2283653846153846 0.24879807692307693
2 0.6274038461538461 0.6069711538461539 0.08653846153846154 0.11057692307692307
2 0.028846153846153848 0.5 0.057692307692307696 0.11057692307692307
2 0.36778846153846156 0.8713942307692307 0.026442307692307692 0.038461538461538464
2 0.28725961538461536 0.4567307692307692 0.17067307692307693 0.16105769230769232
2 0.1141826923076923 0.2403846153846154 0.2283653846153846 0.20673076923076922
2 0.9411057692307693 0.8317307692307693 0.11778846153846154 0.13581730769230768
2 0.36177884615384615 0.6274038461538461 0.2776442307692308 0.34134615384615385
2 0.8966346153846154 0.13942307692307693 0.20673076923076922 0.27884615384615385
2 0.47716346153846156 0.8473557692307693 0.21754807692307693 0.3004807692307692
2 0.1141826923076923 0.7644230769230769 0.19110576923076922 0.29086538461538464
2 0.5084134615384616 0.6454326923076923 0.13942307692307693 0.14182692307692307
2 0.3894230769230769 0.39783653846153844 0.04567307692307692 0.10336538461538461
2 0.33533653846153844 0.026442307692307692 0.25 0.051682692307692304
2 0.7091346153846154 0.04326923076923077 0.17067307692307693 0.08413461538461539
2 0.3293269230769231 0.3786057692307692 0.0733173076923077 0.09615384615384616
2 0.5721153846153846 0.7427884615384616 0.08173076923076923 0.1622596153846154
2 0.29927884615384615 0.8353365384615384 0.06490384615384616 0.09014423076923077
2 0.03485576923076923 0.3954326923076923 0.06971153846153846 0.1201923076923077
2 0.1875 0.5204326923076923 0.125 0.19831730769230768
2 0.42427884615384615 0.4831730769230769 0.018028846153846152 0.026442307692307692
2 0.16346153846153846 0.8569711538461539 0.018028846153846152 0.04326923076923077
2 0.48197115384615385 0.296875 0.1310096153846154 0.10336538461538461
2 0.4723557692307692 0.4182692307692308 0.12139423076923077 0.18269230769230768
2 0.22355769230769232 0.9387019230769231 0.3269230769230769 0.11658653846153846
5 0.5973557692307693 0.5456730769230769 0.026442307692307692 0.03485576923076923
2 0.6971153846153846 0.25240384615384615 0.33413461538461536 0.35096153846153844
2 0.13942307692307693 0.3954326923076923 0.052884615384615384 0.0673076923076923
2 0.9759615384615384 0.7463942307692307 0.04807692307692308 0.12379807692307693
2 0.20673076923076922 0.8365384615384616 0.040865384615384616 0.05889423076923077
2 0.7788461538461539 0.5901442307692307 0.28125 0.3485576923076923
2 0.10336538461538461 0.5072115384615384 0.07572115384615384 0.0733173076923077
2 0.052884615384615384 0.07572115384615384 0.10576923076923077 0.15144230769230768
2 0.22596153846153846 0.3581730769230769 0.12379807692307693 0.10096153846153846
2 0.01201923076923077 0.9711538461538461 0.02403846153846154 0.051682692307692304